kind,etag,id,snippet,replies,authorChannelId,publishedAt,textOriginal,nextPageToken,extraction_date
youtube#commentThread,pTHQ9AnzNZ5YnTXoKYIBOOrcKd4,UgwvQBK3yin81DRaKoR4AaABAg,"{'videoId': 'MW29izpWypU', 'topLevelComment': {'kind': 'youtube#comment', 'etag': 'fHFnWni68SPbE4xxwoDtFw9VmF0', 'id': 'UgwvQBK3yin81DRaKoR4AaABAg', 'snippet': {'videoId': 'MW29izpWypU', 'textDisplay': 'Liberdade de expressão é uma coisa  hipocresia criminal  é outra totalmente diferente', 'textOriginal': 'Liberdade de expressão é uma coisa  hipocresia criminal  é outra totalmente diferente', 'authorDisplayName': 'Francisca jacinta', 'authorProfileImageUrl': 'https://yt3.ggpht.com/3M4K48uS_EFKmRXUCZUtcMx88_STQRvSy8IsaSD8eXS2CF4FHgH1DOck_75pDVhsR68dsFgU4A=s48-c-k-c0x00ffffff-no-rj', 'authorChannelUrl': 'http://www.youtube.com/channel/UCsFPtoqO447nOz20XDlsYCA', 'authorChannelId': {'value': 'UCsFPtoqO447nOz20XDlsYCA'}, 'canRate': True, 'viewerRating': 'none', 'likeCount': 0, 'publishedAt': '2022-10-19T00:35:54Z', 'updatedAt': '2022-10-19T00:35:54Z'}}, 'canReply': True, 'totalReplyCount': 0, 'isPublic': True}",,UCsFPtoqO447nOz20XDlsYCA,2022-10-19T00:35:54Z,Liberdade de expressão é uma coisa  hipocresia criminal  é outra totalmente diferente,QURTSl9pMUdnTFI2RlV4U3lEZ2k0emx1MnpCVUN2akFSOWJDZ1RnenFUOF8zY25Vak9MLU5UaFdKaEFScWhmNHhFNW4wOTZ1MUYwcGwzVQ==,2023-06-08 15:42:11.681091
youtube#commentThread,xG64kn1ThkIfl_GBOMt6pPKs2e4,UgyknVGwMJ7b3wCQUiB4AaABAg,"{'videoId': '_lHFT2_Dygo', 'topLevelComment': {'kind': 'youtube#comment', 'etag': '-zSR0OF4khTYcMzGziaI4Hcs97s', 'id': 'UgyknVGwMJ7b3wCQUiB4AaABAg', 'snippet': {'videoId': '_lHFT2_Dygo', 'textDisplay': 'Haddad foi o pior prefeito de São Paulo como governador não vai ser diferente <a href=""http://www.youtube.com/results?search_query=%23fechadocomtarcisio"">#FechadoComTarcisio</a>', 'textOriginal': 'Haddad foi o pior prefeito de São Paulo como governador não vai ser diferente #FechadoComTarcisio', 'authorDisplayName': 'Francisca jacinta', 'authorProfileImageUrl': 'https://yt3.ggpht.com/3M4K48uS_EFKmRXUCZUtcMx88_STQRvSy8IsaSD8eXS2CF4FHgH1DOck_75pDVhsR68dsFgU4A=s48-c-k-c0x00ffffff-no-rj', 'authorChannelUrl': 'http://www.youtube.com/channel/UCsFPtoqO447nOz20XDlsYCA', 'authorChannelId': {'value': 'UCsFPtoqO447nOz20XDlsYCA'}, 'canRate': True, 'viewerRating': 'none', 'likeCount': 0, 'publishedAt': '2022-10-18T15:14:36Z', 'updatedAt': '2022-10-18T15:14:36Z'}}, 'canReply': True, 'totalReplyCount': 0, 'isPublic': True}",,UCsFPtoqO447nOz20XDlsYCA,2022-10-18T15:14:36Z,Haddad foi o pior prefeito de São Paulo como governador não vai ser diferente #FechadoComTarcisio,QURTSl9pMC03bDQwS3pmaWFOX1VVcjNiSWgxMnY0ZWRuTkVjRFg5aUZ1STFtXzJYbE9VMHhhLXlFMXM0Y05US3NWaHh1S2lZc1dRUzYtRQ==,2023-06-08 15:44:21.889264
youtube#commentThread,diNV528vHRxsZuPkluw6x7w_iXY,UgxdzeAs55yiuegn-GZ4AaABAg,"{'videoId': 'x35cyO4jLKs', 'topLevelComment': {'kind': 'youtube#comment', 'etag': 'f-avdbl09CtBxhzREBXm6sxJU0Q', 'id': 'UgxdzeAs55yiuegn-GZ4AaABAg', 'snippet': {'videoId': 'x35cyO4jLKs', 'textDisplay': 'O recado seria vc não é bem vindo aqui nos temos um lado', 'textOriginal': 'O recado seria vc não é bem vindo aqui nos temos um lado', 'authorDisplayName': 'Francisca jacinta', 'authorProfileImageUrl': 'https://yt3.ggpht.com/3M4K48uS_EFKmRXUCZUtcMx88_STQRvSy8IsaSD8eXS2CF4FHgH1DOck_75pDVhsR68dsFgU4A=s48-c-k-c0x00ffffff-no-rj', 'authorChannelUrl': 'http://www.youtube.com/channel/UCsFPtoqO447nOz20XDlsYCA', 'authorChannelId': {'value': 'UCsFPtoqO447nOz20XDlsYCA'}, 'canRate': True, 'viewerRating': 'none', 'likeCount': 0, 'publishedAt': '2022-10-18T15:25:29Z', 'updatedAt': '2022-10-18T15:25:29Z'}}, 'canReply': True, 'totalReplyCount': 0, 'isPublic': True}",,UCsFPtoqO447nOz20XDlsYCA,2022-10-18T15:25:29Z,O recado seria vc não é bem vindo aqui nos temos um lado,QURTSl9pMmU5SFhwV3p2c04xSEQtdXJjMzgwT0hGQ2lKZlU0RFBEVncxZFdpbHJORWVvRlVUcUJVT2F5b1RaTFRLX3RpbThmQ01uZVBGOA==,2023-06-08 15:45:33.286588
youtube#commentThread,fHnaK9RNhhs7CNefxfZIcaF6DNk,UgyibwyVBpxT28BSjxd4AaABAg,"{'videoId': 'x35cyO4jLKs', 'topLevelComment': {'kind': 'youtube#comment', 'etag': 'Jey6ZBU48ExPxVgGPhq5AeqRMKk', 'id': 'UgyibwyVBpxT28BSjxd4AaABAg', 'snippet': {'videoId': 'x35cyO4jLKs', 'textDisplay': 'O crime organizado ganhou força no Brasil graça ao governo PT que tem o supremo federal como aliado beneficiando presos com saidinha', 'textOriginal': 'O crime organizado ganhou força no Brasil graça ao governo PT que tem o supremo federal como aliado beneficiando presos com saidinha', 'authorDisplayName': 'Francisca jacinta', 'authorProfileImageUrl': 'https://yt3.ggpht.com/3M4K48uS_EFKmRXUCZUtcMx88_STQRvSy8IsaSD8eXS2CF4FHgH1DOck_75pDVhsR68dsFgU4A=s48-c-k-c0x00ffffff-no-rj', 'authorChannelUrl': 'http://www.youtube.com/channel/UCsFPtoqO447nOz20XDlsYCA', 'authorChannelId': {'value': 'UCsFPtoqO447nOz20XDlsYCA'}, 'canRate': True, 'viewerRating': 'none', 'likeCount': 0, 'publishedAt': '2022-10-18T15:24:03Z', 'updatedAt': '2022-10-18T15:24:03Z'}}, 'canReply': True, 'totalReplyCount': 0, 'isPublic': True}",,UCsFPtoqO447nOz20XDlsYCA,2022-10-18T15:24:03Z,O crime organizado ganhou força no Brasil graça ao governo PT que tem o supremo federal como aliado beneficiando presos com saidinha,QURTSl9pMmU5SFhwV3p2c04xSEQtdXJjMzgwT0hGQ2lKZlU0RFBEVncxZFdpbHJORWVvRlVUcUJVT2F5b1RaTFRLX3RpbThmQ01uZVBGOA==,2023-06-08 15:45:33.286588
youtube#commentThread,cOaSklpzZEKz1PIVd4U4VNuhb4A,UgxD1E4qLFQBVQNg2W94AaABAg,"{'videoId': 'wkoEkUxqo1k', 'topLevelComment': {'kind': 'youtube#comment', 'etag': 'WnWuS7-aSfYbssVqzlOlQssWePw', 'id': 'UgxD1E4qLFQBVQNg2W94AaABAg', 'snippet': {'videoId': 'wkoEkUxqo1k', 'textDisplay': 'Parabéns Tarciso pelas palavras positivas estou torcendo por sua vitoria', 'textOriginal': 'Parabéns Tarciso pelas palavras positivas estou torcendo por sua vitoria', 'authorDisplayName': 'Francisca jacinta', 'authorProfileImageUrl': 'https://yt3.ggpht.com/3M4K48uS_EFKmRXUCZUtcMx88_STQRvSy8IsaSD8eXS2CF4FHgH1DOck_75pDVhsR68dsFgU4A=s48-c-k-c0x00ffffff-no-rj', 'authorChannelUrl': 'http://www.youtube.com/channel/UCsFPtoqO447nOz20XDlsYCA', 'authorChannelId': {'value': 'UCsFPtoqO447nOz20XDlsYCA'}, 'canRate': True, 'viewerRating': 'none', 'likeCount': 0, 'publishedAt': '2022-10-17T20:49:15Z', 'updatedAt': '2022-10-17T20:49:15Z'}}, 'canReply': True, 'totalReplyCount': 0, 'isPublic': True}",,UCsFPtoqO447nOz20XDlsYCA,2022-10-17T20:49:15Z,Parabéns Tarciso pelas palavras positivas estou torcendo por sua vitoria,QURTSl9pMHI3NlFIajlRM3BTbWF4WUtqbHZ0bktRaFZZOWFGcnJPR1JHeDhFSnQ2dm4xeFZUYW03MVRrX0JWR3hBeURWRmttbXFTZEJ2TQ==,2023-06-08 15:47:08.096795
youtube#commentThread,PpKOHvRiZYtdq94FRauV4n9zZxk,UgwNgvuHlubLyral2Hl4AaABAg,"{'videoId': 'wkoEkUxqo1k', 'topLevelComment': {'kind': 'youtube#comment', 'etag': 'Fzs9HNNx6Cug-zeBRxtrJikbiHI', 'id': 'UgwNgvuHlubLyral2Hl4AaABAg', 'snippet': {'videoId': 'wkoEkUxqo1k', 'textDisplay': 'Estado governado pelo PT o crime avança é o caso do Ceará', 'textOriginal': 'Estado governado pelo PT o crime avança é o caso do Ceará', 'authorDisplayName': 'Francisca jacinta', 'authorProfileImageUrl': 'https://yt3.ggpht.com/3M4K48uS_EFKmRXUCZUtcMx88_STQRvSy8IsaSD8eXS2CF4FHgH1DOck_75pDVhsR68dsFgU4A=s48-c-k-c0x00ffffff-no-rj', 'authorChannelUrl': 'http://www.youtube.com/channel/UCsFPtoqO447nOz20XDlsYCA', 'authorChannelId': {'value': 'UCsFPtoqO447nOz20XDlsYCA'}, 'canRate': True, 'viewerRating': 'none', 'likeCount': 0, 'publishedAt': '2022-10-17T20:48:33Z', 'updatedAt': '2022-10-17T20:48:33Z'}}, 'canReply': True, 'totalReplyCount': 0, 'isPublic': True}",,UCsFPtoqO447nOz20XDlsYCA,2022-10-17T20:48:33Z,Estado governado pelo PT o crime avança é o caso do Ceará,QURTSl9pMHI3NlFIajlRM3BTbWF4WUtqbHZ0bktRaFZZOWFGcnJPR1JHeDhFSnQ2dm4xeFZUYW03MVRrX0JWR3hBeURWRmttbXFTZEJ2TQ==,2023-06-08 15:47:08.096795
youtube#commentThread,BWC3XlIfW-xzGlkjTMOSC0kSfMg,UgxSwji-ZJvR7bqQ_oV4AaABAg,"{'videoId': 'wkoEkUxqo1k', 'topLevelComment': {'kind': 'youtube#comment', 'etag': '8RvMBRxbTnP_LbFj2gBrRyteGf0', 'id': 'UgxSwji-ZJvR7bqQ_oV4AaABAg', 'snippet': {'videoId': 'wkoEkUxqo1k', 'textDisplay': 'Lula se considera o único candidato que tem diálogo com traficantes foi exatamente essa mensagem que o crime organizado passou vc não é bem vindo aqui temos o nosso lado', 'textOriginal': 'Lula se considera o único candidato que tem diálogo com traficantes foi exatamente essa mensagem que o crime organizado passou vc não é bem vindo aqui temos o nosso lado', 'authorDisplayName': 'Francisca jacinta', 'authorProfileImageUrl': 'https://yt3.ggpht.com/3M4K48uS_EFKmRXUCZUtcMx88_STQRvSy8IsaSD8eXS2CF4FHgH1DOck_75pDVhsR68dsFgU4A=s48-c-k-c0x00ffffff-no-rj', 'authorChannelUrl': 'http://www.youtube.com/channel/UCsFPtoqO447nOz20XDlsYCA', 'authorChannelId': {'value': 'UCsFPtoqO447nOz20XDlsYCA'}, 'canRate': True, 'viewerRating': 'none', 'likeCount': 0, 'publishedAt': '2022-10-17T20:38:25Z', 'updatedAt': '2022-10-17T20:38:25Z'}}, 'canReply': True, 'totalReplyCount': 0, 'isPublic': True}",,UCsFPtoqO447nOz20XDlsYCA,2022-10-17T20:38:25Z,Lula se considera o único candidato que tem diálogo com traficantes foi exatamente essa mensagem que o crime organizado passou vc não é bem vindo aqui temos o nosso lado,QURTSl9pMnM5aUtIS1lOaGJpNk5NV0dWRmxYZjA4M0lMVTNYWm9fblk1TWlKUXE0N2hhNzlYeGVhQ1g3WWkzRlU3UUZPVmFQWVl1azRZNA==,2023-06-08 15:47:09.766612
youtube#commentThread,WQqtrHieNjGZecG_jKvxtdVT8Ms,UgwWeJx3ehjSXmQoyA94AaABAg,"{'videoId': 'dh-IgXyxihM', 'topLevelComment': {'kind': 'youtube#comment', 'etag': '7nKA_qvXTAFX1vH7V_tR0CRAAKU', 'id': 'UgwWeJx3ehjSXmQoyA94AaABAg', 'snippet': {'videoId': 'dh-IgXyxihM', 'textDisplay': 'A onde tem PT tem corrupção e crime <a href=""http://www.youtube.com/results?search_query=%23foraptdaroubalheira"">#ForaPTDaRoubalheira</a>', 'textOriginal': 'A onde tem PT tem corrupção e crime #ForaPTDaRoubalheira', 'authorDisplayName': 'Francisca jacinta', 'authorProfileImageUrl': 'https://yt3.ggpht.com/3M4K48uS_EFKmRXUCZUtcMx88_STQRvSy8IsaSD8eXS2CF4FHgH1DOck_75pDVhsR68dsFgU4A=s48-c-k-c0x00ffffff-no-rj', 'authorChannelUrl': 'http://www.youtube.com/channel/UCsFPtoqO447nOz20XDlsYCA', 'authorChannelId': {'value': 'UCsFPtoqO447nOz20XDlsYCA'}, 'canRate': True, 'viewerRating': 'none', 'likeCount': 0, 'publishedAt': '2022-10-17T20:59:42Z', 'updatedAt': '2022-10-17T20:59:42Z'}}, 'canReply': True, 'totalReplyCount': 0, 'isPublic': True}",,UCsFPtoqO447nOz20XDlsYCA,2022-10-17T20:59:42Z,A onde tem PT tem corrupção e crime #ForaPTDaRoubalheira,QURTSl9pM1NKbjk0aEtRd3AwU055eE9PT0J1RW54TG9iYjcwbTZqcGdiWlVDZVhDOWhwOHJ0TmMwdzg3UkFNdHlBZ1YtLURsZ3pSUy02VQ==,2023-06-08 15:47:33.578872
youtube#commentThread,qq9EGjsrcSj0nlC3EY56x8oXL9U,UgzuvNrD560r8M9DsUN4AaABAg,"{'videoId': 'dh-IgXyxihM', 'topLevelComment': {'kind': 'youtube#comment', 'etag': 'IlIB3PdKDUAcoBevk3SMiTw3VDU', 'id': 'UgzuvNrD560r8M9DsUN4AaABAg', 'snippet': {'videoId': 'dh-IgXyxihM', 'textDisplay': 'No meio ponto de vista tem dedo podri do Lula no meio essa inda do Lula no morro tá me cheirando mau', 'textOriginal': 'No meio ponto de vista tem dedo podri do Lula no meio essa inda do Lula no morro tá me cheirando mau', 'authorDisplayName': 'Francisca jacinta', 'authorProfileImageUrl': 'https://yt3.ggpht.com/3M4K48uS_EFKmRXUCZUtcMx88_STQRvSy8IsaSD8eXS2CF4FHgH1DOck_75pDVhsR68dsFgU4A=s48-c-k-c0x00ffffff-no-rj', 'authorChannelUrl': 'http://www.youtube.com/channel/UCsFPtoqO447nOz20XDlsYCA', 'authorChannelId': {'value': 'UCsFPtoqO447nOz20XDlsYCA'}, 'canRate': True, 'viewerRating': 'none', 'likeCount': 0, 'publishedAt': '2022-10-17T20:59:15Z', 'updatedAt': '2022-10-17T20:59:15Z'}}, 'canReply': True, 'totalReplyCount': 0, 'isPublic': True}",,UCsFPtoqO447nOz20XDlsYCA,2022-10-17T20:59:15Z,No meio ponto de vista tem dedo podri do Lula no meio essa inda do Lula no morro tá me cheirando mau,QURTSl9pM1NKbjk0aEtRd3AwU055eE9PT0J1RW54TG9iYjcwbTZqcGdiWlVDZVhDOWhwOHJ0TmMwdzg3UkFNdHlBZ1YtLURsZ3pSUy02VQ==,2023-06-08 15:47:33.578872
youtube#commentThread,2MKTJPcdXV5Nq6PyayGq2Rpr0d8,Ugy_DIeXU4rOhWo-IL14AaABAg,"{'videoId': 'kM3s9hPjwmY', 'topLevelComment': {'kind': 'youtube#comment', 'etag': 'qqMnkJU2igIhRrGWfOL3-6lCMtM', 'id': 'Ugy_DIeXU4rOhWo-IL14AaABAg', 'snippet': {'videoId': 'kM3s9hPjwmY', 'textDisplay': 'Querem tirar o foco do debate vamos focar no debate PT é uma organização criminosa ainda mais sendo aliado do PCC', 'textOriginal': 'Querem tirar o foco do debate vamos focar no debate PT é uma organização criminosa ainda mais sendo aliado do PCC', 'authorDisplayName': 'Francisca jacinta', 'authorProfileImageUrl': 'https://yt3.ggpht.com/3M4K48uS_EFKmRXUCZUtcMx88_STQRvSy8IsaSD8eXS2CF4FHgH1DOck_75pDVhsR68dsFgU4A=s48-c-k-c0x00ffffff-no-rj', 'authorChannelUrl': 'http://www.youtube.com/channel/UCsFPtoqO447nOz20XDlsYCA', 'authorChannelId': {'value': 'UCsFPtoqO447nOz20XDlsYCA'}, 'canRate': True, 'viewerRating': 'none', 'likeCount': 0, 'publishedAt': '2022-10-17T16:49:52Z', 'updatedAt': '2022-10-17T16:49:52Z'}}, 'canReply': True, 'totalReplyCount': 0, 'isPublic': True}",,UCsFPtoqO447nOz20XDlsYCA,2022-10-17T16:49:52Z,Querem tirar o foco do debate vamos focar no debate PT é uma organização criminosa ainda mais sendo aliado do PCC,QURTSl9pMVY3blJlWGtWa2RHSW0xekU5WURZWFV3cFpkZzhVTS1yMkVudTEzWmQzeTZzeGtuQVpMXzNpYl9kYTRGT2VZSTBkazBFbUZxZw==,2023-06-08 15:48:06.299667
youtube#commentThread,VPQ8bjBsYesLFCZrYlMPFWJDltM,UgwmUcqa_0KevyBntAN4AaABAg,"{'videoId': 'kM3s9hPjwmY', 'topLevelComment': {'kind': 'youtube#comment', 'etag': 'VAWvyhvyarHDDAmENDEDqAIx13U', 'id': 'UgwmUcqa_0KevyBntAN4AaABAg', 'snippet': {'videoId': 'kM3s9hPjwmY', 'textDisplay': 'Os bandidos agindo a pedido do Lula que tem interesse no governo de São Paulo', 'textOriginal': 'Os bandidos agindo a pedido do Lula que tem interesse no governo de São Paulo', 'authorDisplayName': 'Francisca jacinta', 'authorProfileImageUrl': 'https://yt3.ggpht.com/3M4K48uS_EFKmRXUCZUtcMx88_STQRvSy8IsaSD8eXS2CF4FHgH1DOck_75pDVhsR68dsFgU4A=s48-c-k-c0x00ffffff-no-rj', 'authorChannelUrl': 'http://www.youtube.com/channel/UCsFPtoqO447nOz20XDlsYCA', 'authorChannelId': {'value': 'UCsFPtoqO447nOz20XDlsYCA'}, 'canRate': True, 'viewerRating': 'none', 'likeCount': 0, 'publishedAt': '2022-10-17T16:48:57Z', 'updatedAt': '2022-10-17T16:48:57Z'}}, 'canReply': True, 'totalReplyCount': 0, 'isPublic': True}",,UCsFPtoqO447nOz20XDlsYCA,2022-10-17T16:48:57Z,Os bandidos agindo a pedido do Lula que tem interesse no governo de São Paulo,QURTSl9pMVY3blJlWGtWa2RHSW0xekU5WURZWFV3cFpkZzhVTS1yMkVudTEzWmQzeTZzeGtuQVpMXzNpYl9kYTRGT2VZSTBkazBFbUZxZw==,2023-06-08 15:48:06.299667
youtube#commentThread,OA3Q_TMG0WzPJ0msZk_0Axa8RIc,Ugxiwl64iLd3E1zhL0x4AaABAg,"{'videoId': 'BFywP8beyss', 'topLevelComment': {'kind': 'youtube#comment', 'etag': 'AM4nZOMsOSFzx8Sir1L2M_7IMmw', 'id': 'Ugxiwl64iLd3E1zhL0x4AaABAg', 'snippet': {'videoId': 'BFywP8beyss', 'textDisplay': 'Simone Tebet morreu politicamente ao declarar apoio ao ex presidiário ela que vinha se mostrando muito certinha acabou se vendendo em troca de apoio', 'textOriginal': 'Simone Tebet morreu politicamente ao declarar apoio ao ex presidiário ela que vinha se mostrando muito certinha acabou se vendendo em troca de apoio', 'authorDisplayName': 'Francisca jacinta', 'authorProfileImageUrl': 'https://yt3.ggpht.com/3M4K48uS_EFKmRXUCZUtcMx88_STQRvSy8IsaSD8eXS2CF4FHgH1DOck_75pDVhsR68dsFgU4A=s48-c-k-c0x00ffffff-no-rj', 'authorChannelUrl': 'http://www.youtube.com/channel/UCsFPtoqO447nOz20XDlsYCA', 'authorChannelId': {'value': 'UCsFPtoqO447nOz20XDlsYCA'}, 'canRate': True, 'viewerRating': 'none', 'likeCount': 0, 'publishedAt': '2022-10-16T18:28:49Z', 'updatedAt': '2022-10-16T18:28:49Z'}}, 'canReply': True, 'totalReplyCount': 0, 'isPublic': True}",,UCsFPtoqO447nOz20XDlsYCA,2022-10-16T18:28:49Z,Simone Tebet morreu politicamente ao declarar apoio ao ex presidiário ela que vinha se mostrando muito certinha acabou se vendendo em troca de apoio,QURTSl9pMDdId1Q4cGVJOG9neHNCNVBtdjA3MnhfeDhxZ0t6R0xVNHRMOWh2MVc3RDMzNUNZLUVmdGhRdXpfZHNKTHBZZ2hNVUdqR2ZPbw==,2023-06-08 15:50:46.102515
youtube#commentThread,IDEUTuhwI8wx_cdInR73qG3ORLA,UgyWM6LWycdNrP98MGd4AaABAg,"{'videoId': 'uXl-n6Xuuu0', 'topLevelComment': {'kind': 'youtube#comment', 'etag': 'zqqsjzi2i7jtpIExZcN-w1U9aME', 'id': 'UgyWM6LWycdNrP98MGd4AaABAg', 'snippet': {'videoId': 'uXl-n6Xuuu0', 'textDisplay': 'Que Deus dê sabedoria e proteção ao presidente Bolsonaro porque se trata de um filho das trevas com quem ele vai debater', 'textOriginal': 'Que Deus dê sabedoria e proteção ao presidente Bolsonaro porque se trata de um filho das trevas com quem ele vai debater', 'authorDisplayName': 'Francisca jacinta', 'authorProfileImageUrl': 'https://yt3.ggpht.com/3M4K48uS_EFKmRXUCZUtcMx88_STQRvSy8IsaSD8eXS2CF4FHgH1DOck_75pDVhsR68dsFgU4A=s48-c-k-c0x00ffffff-no-rj', 'authorChannelUrl': 'http://www.youtube.com/channel/UCsFPtoqO447nOz20XDlsYCA', 'authorChannelId': {'value': 'UCsFPtoqO447nOz20XDlsYCA'}, 'canRate': True, 'viewerRating': 'none', 'likeCount': 0, 'publishedAt': '2022-10-16T16:06:28Z', 'updatedAt': '2022-10-16T16:06:28Z'}}, 'canReply': True, 'totalReplyCount': 0, 'isPublic': True}",,UCsFPtoqO447nOz20XDlsYCA,2022-10-16T16:06:28Z,Que Deus dê sabedoria e proteção ao presidente Bolsonaro porque se trata de um filho das trevas com quem ele vai debater,QURTSl9pMHN1OGNWTFdYalh6eFdRNmhubVpBRERtd0lXQU9rZDR5eXVla1pvV1hRYWlaSmNTcklPaWFMWGVURzBMQXhUQjRYVklianl5UQ==,2023-06-08 15:50:57.834606
youtube#commentThread,gecOXVfqQ-PkvfA2Y2gGl4lmsZ0,UgzaND7a21udJNi_GS14AaABAg,"{'videoId': 'uXl-n6Xuuu0', 'topLevelComment': {'kind': 'youtube#comment', 'etag': 'KBf1N7AwcZA-MilpYqPLRncqRKs', 'id': 'UgzaND7a21udJNi_GS14AaABAg', 'snippet': {'videoId': 'uXl-n6Xuuu0', 'textDisplay': 'Com certeza o sistema corrupto já treinou o ex presidiário por inúmeras vezes pra ele se sair o herói no debate até aparelhos disfarçados no ouvido ele vai usar pra ouvir o sistema corrupto do outro lado durante o debate', 'textOriginal': 'Com certeza o sistema corrupto já treinou o ex presidiário por inúmeras vezes pra ele se sair o herói no debate até aparelhos disfarçados no ouvido ele vai usar pra ouvir o sistema corrupto do outro lado durante o debate', 'authorDisplayName': 'Francisca jacinta', 'authorProfileImageUrl': 'https://yt3.ggpht.com/3M4K48uS_EFKmRXUCZUtcMx88_STQRvSy8IsaSD8eXS2CF4FHgH1DOck_75pDVhsR68dsFgU4A=s48-c-k-c0x00ffffff-no-rj', 'authorChannelUrl': 'http://www.youtube.com/channel/UCsFPtoqO447nOz20XDlsYCA', 'authorChannelId': {'value': 'UCsFPtoqO447nOz20XDlsYCA'}, 'canRate': True, 'viewerRating': 'none', 'likeCount': 0, 'publishedAt': '2022-10-16T16:05:03Z', 'updatedAt': '2022-10-16T16:05:03Z'}}, 'canReply': True, 'totalReplyCount': 0, 'isPublic': True}",,UCsFPtoqO447nOz20XDlsYCA,2022-10-16T16:05:03Z,Com certeza o sistema corrupto já treinou o ex presidiário por inúmeras vezes pra ele se sair o herói no debate até aparelhos disfarçados no ouvido ele vai usar pra ouvir o sistema corrupto do outro lado durante o debate,QURTSl9pMHN1OGNWTFdYalh6eFdRNmhubVpBRERtd0lXQU9rZDR5eXVla1pvV1hRYWlaSmNTcklPaWFMWGVURzBMQXhUQjRYVklianl5UQ==,2023-06-08 15:50:57.834606
youtube#commentThread,7_kXqJc1NDukbjCItQjk2Y7u0pM,UgyE3ubqjxufGs7j3Tl4AaABAg,"{'videoId': 'i5AQvlXWK4U', 'topLevelComment': {'kind': 'youtube#comment', 'etag': '2cfevMwGOPkCe3zDwcy9d3zXg6E', 'id': 'UgyE3ubqjxufGs7j3Tl4AaABAg', 'snippet': {'videoId': 'i5AQvlXWK4U', 'textDisplay': 'Haddad foi o pior prefeito de São Paulo como governador não vai ser diferente <a href=""http://www.youtube.com/results?search_query=%23fechadocomtarciso"">#FechadoComTarciso</a>', 'textOriginal': 'Haddad foi o pior prefeito de São Paulo como governador não vai ser diferente #FechadoComTarciso', 'authorDisplayName': 'Francisca jacinta', 'authorProfileImageUrl': 'https://yt3.ggpht.com/3M4K48uS_EFKmRXUCZUtcMx88_STQRvSy8IsaSD8eXS2CF4FHgH1DOck_75pDVhsR68dsFgU4A=s48-c-k-c0x00ffffff-no-rj', 'authorChannelUrl': 'http://www.youtube.com/channel/UCsFPtoqO447nOz20XDlsYCA', 'authorChannelId': {'value': 'UCsFPtoqO447nOz20XDlsYCA'}, 'canRate': True, 'viewerRating': 'none', 'likeCount': 0, 'publishedAt': '2022-10-16T16:07:44Z', 'updatedAt': '2022-10-16T16:07:44Z'}}, 'canReply': True, 'totalReplyCount': 0, 'isPublic': True}",,UCsFPtoqO447nOz20XDlsYCA,2022-10-16T16:07:44Z,Haddad foi o pior prefeito de São Paulo como governador não vai ser diferente #FechadoComTarciso,QURTSl9pMkI1eXgtX2l1M0NDWm92aHNyRUZrcHQ4Zi0tYldHa3hiVXdBMWswQWxWN1h3YXFFTE92dWdNSUh5THpGdW5zS0hMTUxqVy1HMA==,2023-06-08 15:51:09.904040
youtube#commentThread,ZNmIYqYtkrolsuDngk99Ol8_V_w,Ugz_6HPplqtfCPv2NKV4AaABAg,"{'videoId': '7fI53_AlkaU', 'topLevelComment': {'kind': 'youtube#comment', 'etag': 'dsp6RDkJ4MgPrxMPkXP7PG70wrY', 'id': 'Ugz_6HPplqtfCPv2NKV4AaABAg', 'snippet': {'videoId': '7fI53_AlkaU', 'textDisplay': 'Onde tem PT tem corrupção e crime <a href=""http://www.youtube.com/results?search_query=%23foraptdaroubalheira"">#ForaPTDaRoubalheira</a>', 'textOriginal': 'Onde tem PT tem corrupção e crime #ForaPTDaRoubalheira', 'authorDisplayName': 'Francisca jacinta', 'authorProfileImageUrl': 'https://yt3.ggpht.com/3M4K48uS_EFKmRXUCZUtcMx88_STQRvSy8IsaSD8eXS2CF4FHgH1DOck_75pDVhsR68dsFgU4A=s48-c-k-c0x00ffffff-no-rj', 'authorChannelUrl': 'http://www.youtube.com/channel/UCsFPtoqO447nOz20XDlsYCA', 'authorChannelId': {'value': 'UCsFPtoqO447nOz20XDlsYCA'}, 'canRate': True, 'viewerRating': 'none', 'likeCount': 0, 'publishedAt': '2022-10-15T17:52:54Z', 'updatedAt': '2022-10-15T17:52:54Z'}}, 'canReply': True, 'totalReplyCount': 0, 'isPublic': True}",,UCsFPtoqO447nOz20XDlsYCA,2022-10-15T17:52:54Z,Onde tem PT tem corrupção e crime #ForaPTDaRoubalheira,QURTSl9pMjkyWmxtUWJPTTdZT3ExdHdIUXIyRm8xNjEySFpsZzNXelZmZXUtTmxBclJDaEFyN3ZXaHlBRmpqRUNaUGFpa25vc2hBcF9JVQ==,2023-06-08 18:00:57.791698
youtube#commentThread,jn78OwKC0nW9YR7pt_sd3ITD8cQ,UgwgfndZ8hNATsVdGwd4AaABAg,"{'videoId': '2B08vk5J59I', 'topLevelComment': {'kind': 'youtube#comment', 'etag': 'w1AOQHxnl2E9Hi54eoIP78WnYr4', 'id': 'UgwgfndZ8hNATsVdGwd4AaABAg', 'snippet': {'videoId': '2B08vk5J59I', 'textDisplay': 'A onde tem PT tem corrupção e crime <a href=""http://www.youtube.com/results?search_query=%23foraptdaroubalheira"">#ForaPTDaRoubalheira</a> de', 'textOriginal': 'A onde tem PT tem corrupção e crime #ForaPTDaRoubalheira de', 'authorDisplayName': 'Francisca jacinta', 'authorProfileImageUrl': 'https://yt3.ggpht.com/3M4K48uS_EFKmRXUCZUtcMx88_STQRvSy8IsaSD8eXS2CF4FHgH1DOck_75pDVhsR68dsFgU4A=s48-c-k-c0x00ffffff-no-rj', 'authorChannelUrl': 'http://www.youtube.com/channel/UCsFPtoqO447nOz20XDlsYCA', 'authorChannelId': {'value': 'UCsFPtoqO447nOz20XDlsYCA'}, 'canRate': True, 'viewerRating': 'none', 'likeCount': 0, 'publishedAt': '2022-10-14T16:27:53Z', 'updatedAt': '2022-10-14T16:27:53Z'}}, 'canReply': True, 'totalReplyCount': 0, 'isPublic': True}",,UCsFPtoqO447nOz20XDlsYCA,2022-10-14T16:27:53Z,A onde tem PT tem corrupção e crime #ForaPTDaRoubalheira de,,2023-06-08 18:05:53.385903
youtube#commentThread,QajUzjWy0NV3Unj9KL58cqnGWEU,Ugx9rOjZdI4S3rxcSdx4AaABAg,"{'videoId': 'j4pT_ng0FH8', 'topLevelComment': {'kind': 'youtube#comment', 'etag': 'fVAFc21eCo8JOMjoY9ggnN29VLg', 'id': 'Ugx9rOjZdI4S3rxcSdx4AaABAg', 'snippet': {'videoId': 'j4pT_ng0FH8', 'textDisplay': 'Um absurdo as urnas já vem com voto favorável pro ex presidiário como a esquerda vinha afirmando eleições não se ganha se toma', 'textOriginal': 'Um absurdo as urnas já vem com voto favorável pro ex presidiário como a esquerda vinha afirmando eleições não se ganha se toma', 'authorDisplayName': 'Francisca jacinta', 'authorProfileImageUrl': 'https://yt3.ggpht.com/3M4K48uS_EFKmRXUCZUtcMx88_STQRvSy8IsaSD8eXS2CF4FHgH1DOck_75pDVhsR68dsFgU4A=s48-c-k-c0x00ffffff-no-rj', 'authorChannelUrl': 'http://www.youtube.com/channel/UCsFPtoqO447nOz20XDlsYCA', 'authorChannelId': {'value': 'UCsFPtoqO447nOz20XDlsYCA'}, 'canRate': True, 'viewerRating': 'none', 'likeCount': 0, 'publishedAt': '2022-10-30T14:39:53Z', 'updatedAt': '2022-10-30T14:39:53Z'}}, 'canReply': True, 'totalReplyCount': 0, 'isPublic': True}",,UCsFPtoqO447nOz20XDlsYCA,2022-10-30T14:39:53Z,Um absurdo as urnas já vem com voto favorável pro ex presidiário como a esquerda vinha afirmando eleições não se ganha se toma,QURTSl9pM3lSTVYydUtzQ2lYVlhFRTZyRUlpYnAzUWFOODZtZFdGSTNyTmg2d0JQakJVcDVvaW9rZTVWWExzOV9JN2ZxeW9GY3VEaGhqbw==,2023-06-08 14:13:03.010853
youtube#commentThread,vZOZ3bHsO-Tt-zvwoQp55OqZHtA,UgxTEFIeRzSWS9b7UU54AaABAg,"{'videoId': 'kBQFO4P70Mk', 'topLevelComment': {'kind': 'youtube#comment', 'etag': 'g30UlBKSH_LzyERg9Ye6lNFHK84', 'id': 'UgxTEFIeRzSWS9b7UU54AaABAg', 'snippet': {'videoId': 'kBQFO4P70Mk', 'textDisplay': 'A vendida essa mulher envergonha a nação brasileira essa morreu politicamente', 'textOriginal': 'A vendida essa mulher envergonha a nação brasileira essa morreu politicamente', 'authorDisplayName': 'Francisca jacinta', 'authorProfileImageUrl': 'https://yt3.ggpht.com/3M4K48uS_EFKmRXUCZUtcMx88_STQRvSy8IsaSD8eXS2CF4FHgH1DOck_75pDVhsR68dsFgU4A=s48-c-k-c0x00ffffff-no-rj', 'authorChannelUrl': 'http://www.youtube.com/channel/UCsFPtoqO447nOz20XDlsYCA', 'authorChannelId': {'value': 'UCsFPtoqO447nOz20XDlsYCA'}, 'canRate': True, 'viewerRating': 'none', 'likeCount': 0, 'publishedAt': '2022-10-30T14:57:03Z', 'updatedAt': '2022-10-30T14:57:03Z'}}, 'canReply': True, 'totalReplyCount': 0, 'isPublic': True}",,UCsFPtoqO447nOz20XDlsYCA,2022-10-30T14:57:03Z,A vendida essa mulher envergonha a nação brasileira essa morreu politicamente,QURTSl9pMUtuek5OZzdzS0xabnZIZV9HWU96UXpYWGdTTVhjcjNtQ2xWcmJ0MUtZQ1NuUl9NMHJ5YWwzRXZIZXlnTzVjbDNoZUZlQl8ycw==,2023-06-08 14:13:10.459491
youtube#commentThread,Tv83vrOLLev0gGQRA74E21YW-tY,Ugw69gPG4wQrOW5z6lR4AaABAg,"{'videoId': 'mSMbtrbEKQE', 'topLevelComment': {'kind': 'youtube#comment', 'etag': 'ExAEwcwa1foUEXFCQMwJNXgmahk', 'id': 'Ugw69gPG4wQrOW5z6lR4AaABAg', 'snippet': {'videoId': 'mSMbtrbEKQE', 'textDisplay': 'Como sempre o cabo de campanha do ex presidiário Alexandre de Moraes impedindo o trabalho da polícia federal', 'textOriginal': 'Como sempre o cabo de campanha do ex presidiário Alexandre de Moraes impedindo o trabalho da polícia federal', 'authorDisplayName': 'Francisca jacinta', 'authorProfileImageUrl': 'https://yt3.ggpht.com/3M4K48uS_EFKmRXUCZUtcMx88_STQRvSy8IsaSD8eXS2CF4FHgH1DOck_75pDVhsR68dsFgU4A=s48-c-k-c0x00ffffff-no-rj', 'authorChannelUrl': 'http://www.youtube.com/channel/UCsFPtoqO447nOz20XDlsYCA', 'authorChannelId': {'value': 'UCsFPtoqO447nOz20XDlsYCA'}, 'canRate': True, 'viewerRating': 'none', 'likeCount': 0, 'publishedAt': '2022-10-30T15:51:13Z', 'updatedAt': '2022-10-30T15:51:13Z'}}, 'canReply': True, 'totalReplyCount': 0, 'isPublic': True}",,UCsFPtoqO447nOz20XDlsYCA,2022-10-30T15:51:13Z,Como sempre o cabo de campanha do ex presidiário Alexandre de Moraes impedindo o trabalho da polícia federal,QURTSl9pM0dia29TV0hkOGdZRzA4aXlnMDBjRHFNTGZnQjZkYUNkczExaG5ybndpOVhLbC1TNWJBUXVCNFpHeGxWRjlFczB4RThLNlhmVQ==,2023-06-08 14:13:20.303226
youtube#commentThread,TbaPRbZxVzXbprJ17g0aa2VOLJA,Ugz1n4TaBJsjgVWu_G14AaABAg,"{'videoId': 'zMJKa64BLeE', 'topLevelComment': {'kind': 'youtube#comment', 'etag': 'WYrzKF0-AlbMYS43HsqX-TY7BTM', 'id': 'Ugz1n4TaBJsjgVWu_G14AaABAg', 'snippet': {'videoId': 'zMJKa64BLeE', 'textDisplay': 'Esse foi comprado pelo partido comunista', 'textOriginal': 'Esse foi comprado pelo partido comunista', 'authorDisplayName': 'Francisca jacinta', 'authorProfileImageUrl': 'https://yt3.ggpht.com/3M4K48uS_EFKmRXUCZUtcMx88_STQRvSy8IsaSD8eXS2CF4FHgH1DOck_75pDVhsR68dsFgU4A=s48-c-k-c0x00ffffff-no-rj', 'authorChannelUrl': 'http://www.youtube.com/channel/UCsFPtoqO447nOz20XDlsYCA', 'authorChannelId': {'value': 'UCsFPtoqO447nOz20XDlsYCA'}, 'canRate': True, 'viewerRating': 'none', 'likeCount': 0, 'publishedAt': '2022-10-12T18:55:03Z', 'updatedAt': '2022-10-12T18:55:03Z'}}, 'canReply': True, 'totalReplyCount': 0, 'isPublic': True}",,UCsFPtoqO447nOz20XDlsYCA,2022-10-12T18:55:03Z,Esse foi comprado pelo partido comunista,QURTSl9pM1FqS2JLeGtFSElDQ0ZoR3B3SVNVMmozTGJwTzUzQVliYTZoQ1Q5aXlKX2x1QU1UeElUN2E4Z2otZk5KQUM2RlBydkhkY0J0Zw==,2023-06-08 18:13:29.836820
youtube#commentThread,qvZTxSiAGiX4eT1FNwFqUvZPo0s,Ugyx4TvX3fC7-DvR6n94AaABAg,"{'videoId': 'zMJKa64BLeE', 'topLevelComment': {'kind': 'youtube#comment', 'etag': 'E-pd1zT1Pw6Zy7R8pIgot7iSk1c', 'id': 'Ugyx4TvX3fC7-DvR6n94AaABAg', 'snippet': {'videoId': 'zMJKa64BLeE', 'textDisplay': 'Esse é comunista', 'textOriginal': 'Esse é comunista', 'authorDisplayName': 'Francisca jacinta', 'authorProfileImageUrl': 'https://yt3.ggpht.com/3M4K48uS_EFKmRXUCZUtcMx88_STQRvSy8IsaSD8eXS2CF4FHgH1DOck_75pDVhsR68dsFgU4A=s48-c-k-c0x00ffffff-no-rj', 'authorChannelUrl': 'http://www.youtube.com/channel/UCsFPtoqO447nOz20XDlsYCA', 'authorChannelId': {'value': 'UCsFPtoqO447nOz20XDlsYCA'}, 'canRate': True, 'viewerRating': 'none', 'likeCount': 2, 'publishedAt': '2022-10-12T18:54:14Z', 'updatedAt': '2022-10-12T18:54:14Z'}}, 'canReply': True, 'totalReplyCount': 0, 'isPublic': True}",,UCsFPtoqO447nOz20XDlsYCA,2022-10-12T18:54:14Z,Esse é comunista,QURTSl9pM1FqS2JLeGtFSElDQ0ZoR3B3SVNVMmozTGJwTzUzQVliYTZoQ1Q5aXlKX2x1QU1UeElUN2E4Z2otZk5KQUM2RlBydkhkY0J0Zw==,2023-06-08 18:13:29.836820
youtube#commentThread,kxpuEU3OWRpA2xW_bT45MOea51k,UgzVrP-aCxc226oY56p4AaABAg,"{'videoId': 'fcAMNIrOLFM', 'topLevelComment': {'kind': 'youtube#comment', 'etag': 'DIt3mzEjl1OtJMxfx9jGRBVYn6Q', 'id': 'UgzVrP-aCxc226oY56p4AaABAg', 'snippet': {'videoId': 'fcAMNIrOLFM', 'textDisplay': 'Como afirmou Diceu um dos aliados do Lula nós vamos incendiar o Brasil e tomar o poder', 'textOriginal': 'Como afirmou Diceu um dos aliados do Lula nós vamos incendiar o Brasil e tomar o poder', 'authorDisplayName': 'Francisca jacinta', 'authorProfileImageUrl': 'https://yt3.ggpht.com/3M4K48uS_EFKmRXUCZUtcMx88_STQRvSy8IsaSD8eXS2CF4FHgH1DOck_75pDVhsR68dsFgU4A=s48-c-k-c0x00ffffff-no-rj', 'authorChannelUrl': 'http://www.youtube.com/channel/UCsFPtoqO447nOz20XDlsYCA', 'authorChannelId': {'value': 'UCsFPtoqO447nOz20XDlsYCA'}, 'canRate': True, 'viewerRating': 'none', 'likeCount': 0, 'publishedAt': '2022-10-12T11:54:27Z', 'updatedAt': '2022-10-12T11:54:27Z'}}, 'canReply': True, 'totalReplyCount': 0, 'isPublic': True}",,UCsFPtoqO447nOz20XDlsYCA,2022-10-12T11:54:27Z,Como afirmou Diceu um dos aliados do Lula nós vamos incendiar o Brasil e tomar o poder,,2023-06-08 18:14:50.012033
youtube#commentThread,-uJzTJRw6eJUyxwMk07eK1YBILc,UgxWIv_hPnDO3X4K_oB4AaABAg,"{'videoId': 'P-DDEPh_cJA', 'topLevelComment': {'kind': 'youtube#comment', 'etag': 'FiwtXT864S7BdrbUcyrxnT-OXL0', 'id': 'UgxWIv_hPnDO3X4K_oB4AaABAg', 'snippet': {'videoId': 'P-DDEPh_cJA', 'textDisplay': 'Pra mim esse Lira tbm tem algo sujo escondido', 'textOriginal': 'Pra mim esse Lira tbm tem algo sujo escondido', 'authorDisplayName': 'Francisca jacinta', 'authorProfileImageUrl': 'https://yt3.ggpht.com/3M4K48uS_EFKmRXUCZUtcMx88_STQRvSy8IsaSD8eXS2CF4FHgH1DOck_75pDVhsR68dsFgU4A=s48-c-k-c0x00ffffff-no-rj', 'authorChannelUrl': 'http://www.youtube.com/channel/UCsFPtoqO447nOz20XDlsYCA', 'authorChannelId': {'value': 'UCsFPtoqO447nOz20XDlsYCA'}, 'canRate': True, 'viewerRating': 'none', 'likeCount': 0, 'publishedAt': '2022-10-12T12:10:39Z', 'updatedAt': '2022-10-12T12:10:39Z'}}, 'canReply': True, 'totalReplyCount': 0, 'isPublic': True}",,UCsFPtoqO447nOz20XDlsYCA,2022-10-12T12:10:39Z,Pra mim esse Lira tbm tem algo sujo escondido,QURTSl9pMGxVR0lLdkxXT0g0QWI4UmxyR092Ymg2eWFRbWNQQ2daSTkxT2lWV0tsXzZXYkxId2VEM1hBa3pBQ1dLeGM2eHMtWTFQRzVwcw==,2023-06-08 18:14:57.528497
youtube#commentThread,poafcZ26CbHJZ2V4p2RraaGBf-s,UgyNA9xZLHHy6dw7lLR4AaABAg,"{'videoId': 'hyGYKFyNVAo', 'topLevelComment': {'kind': 'youtube#comment', 'etag': '2ZyKYNfuFvzcEILGCn4KWpfiiPY', 'id': 'UgyNA9xZLHHy6dw7lLR4AaABAg', 'snippet': {'videoId': 'hyGYKFyNVAo', 'textDisplay': 'PSDB está preocupado é com cargo coisa que o Bolsonaro não oferece em seu governo em troca de apoio <a href=""http://www.youtube.com/results?search_query=%23psdbaliadodoladr%C3%A3odolula"">#PSDBAliadoDoLadrãoDoLula</a>', 'textOriginal': 'PSDB está preocupado é com cargo coisa que o Bolsonaro não oferece em seu governo em troca de apoio #PSDBAliadoDoLadrãoDoLula', 'authorDisplayName': 'Francisca jacinta', 'authorProfileImageUrl': 'https://yt3.ggpht.com/3M4K48uS_EFKmRXUCZUtcMx88_STQRvSy8IsaSD8eXS2CF4FHgH1DOck_75pDVhsR68dsFgU4A=s48-c-k-c0x00ffffff-no-rj', 'authorChannelUrl': 'http://www.youtube.com/channel/UCsFPtoqO447nOz20XDlsYCA', 'authorChannelId': {'value': 'UCsFPtoqO447nOz20XDlsYCA'}, 'canRate': True, 'viewerRating': 'none', 'likeCount': 0, 'publishedAt': '2022-10-11T15:47:38Z', 'updatedAt': '2022-10-11T15:47:38Z'}}, 'canReply': True, 'totalReplyCount': 0, 'isPublic': True}",,UCsFPtoqO447nOz20XDlsYCA,2022-10-11T15:47:38Z,PSDB está preocupado é com cargo coisa que o Bolsonaro não oferece em seu governo em troca de apoio #PSDBAliadoDoLadrãoDoLula,,2023-06-08 18:17:18.145551
youtube#commentThread,vHYvUAKxxbDm61hn0EwzmnX1D_E,UgzEWhi1o-JUFuYCUU54AaABAg,"{'videoId': 'U0QXq18YwVk', 'topLevelComment': {'kind': 'youtube#comment', 'etag': 'WkRZKH7emPJdKGTcsDPcGakXQk0', 'id': 'UgzEWhi1o-JUFuYCUU54AaABAg', 'snippet': {'videoId': 'U0QXq18YwVk', 'textDisplay': 'Nas eleições do primeiro turno PT chegou a usar foto do Zema com Lula passando a imagem pra população de Minas que Zema estava com Lula agora fica o ex presidiário fazendo ameaças o Zema', 'textOriginal': 'Nas eleições do primeiro turno PT chegou a usar foto do Zema com Lula passando a imagem pra população de Minas que Zema estava com Lula agora fica o ex presidiário fazendo ameaças o Zema', 'authorDisplayName': 'Francisca jacinta', 'authorProfileImageUrl': 'https://yt3.ggpht.com/3M4K48uS_EFKmRXUCZUtcMx88_STQRvSy8IsaSD8eXS2CF4FHgH1DOck_75pDVhsR68dsFgU4A=s48-c-k-c0x00ffffff-no-rj', 'authorChannelUrl': 'http://www.youtube.com/channel/UCsFPtoqO447nOz20XDlsYCA', 'authorChannelId': {'value': 'UCsFPtoqO447nOz20XDlsYCA'}, 'canRate': True, 'viewerRating': 'none', 'likeCount': 0, 'publishedAt': '2022-10-10T19:32:54Z', 'updatedAt': '2022-10-10T19:33:18Z'}}, 'canReply': True, 'totalReplyCount': 0, 'isPublic': True}",,UCsFPtoqO447nOz20XDlsYCA,2022-10-10T19:32:54Z,Nas eleições do primeiro turno PT chegou a usar foto do Zema com Lula passando a imagem pra população de Minas que Zema estava com Lula agora fica o ex presidiário fazendo ameaças o Zema,QURTSl9pM1d1WFRpU3k5ZnFJSUs3WWMtaXpGZy16Qm5ET01FTmFKakd2M1piSmZVMHJlNHVPV09VZzk3RkJVbTJncUhPcGI0cDBIWmRhZw==,2023-06-08 18:21:36.622731
youtube#commentThread,J8aEXu0fK_k7zoi0qmRKb2D4GKI,UgyttOiQrRZVL4CjibR4AaABAg,"{'videoId': '8S1vKwvRS64', 'topLevelComment': {'kind': 'youtube#comment', 'etag': 'J0onZskpXLd4B1Beoe34S6_BcPc', 'id': 'UgyttOiQrRZVL4CjibR4AaABAg', 'snippet': {'videoId': '8S1vKwvRS64', 'textDisplay': 'Vc que recebe o auxílio Brasil que vai votar no Lula pensa bem ante de fazer o empréstimo', 'textOriginal': 'Vc que recebe o auxílio Brasil que vai votar no Lula pensa bem ante de fazer o empréstimo', 'authorDisplayName': 'Francisca jacinta', 'authorProfileImageUrl': 'https://yt3.ggpht.com/3M4K48uS_EFKmRXUCZUtcMx88_STQRvSy8IsaSD8eXS2CF4FHgH1DOck_75pDVhsR68dsFgU4A=s48-c-k-c0x00ffffff-no-rj', 'authorChannelUrl': 'http://www.youtube.com/channel/UCsFPtoqO447nOz20XDlsYCA', 'authorChannelId': {'value': 'UCsFPtoqO447nOz20XDlsYCA'}, 'canRate': True, 'viewerRating': 'none', 'likeCount': 27, 'publishedAt': '2022-10-10T11:37:23Z', 'updatedAt': '2022-10-10T11:37:23Z'}}, 'canReply': True, 'totalReplyCount': 27, 'isPublic': True}","{'comments': [{'kind': 'youtube#comment', 'etag': 'wP4-ugDCFxOqBalOgpIvF3yMqDQ', 'id': 'UgyttOiQrRZVL4CjibR4AaABAg.9h-Y1h506L59h5baZyjhMq', 'snippet': {'videoId': '8S1vKwvRS64', 'textDisplay': '@Rickgior sai daeeh bolsonarista...e 13 mermão', 'textOriginal': '@Rickgior sai daeeh bolsonarista...e 13 mermão', 'parentId': 'UgyttOiQrRZVL4CjibR4AaABAg', 'authorDisplayName': 'Tecnologia Do seu Dia', 'authorProfileImageUrl': 'https://yt3.ggpht.com/ytc/AGIKgqPktxTNW8EVT8V0zvF87LIQL21670WNV01O3wNMbA=s48-c-k-c0x00ffffff-no-rj', 'authorChannelUrl': 'http://www.youtube.com/channel/UCe2dZEMr_HzILeMYB-UcxvQ', 'authorChannelId': {'value': 'UCe2dZEMr_HzILeMYB-UcxvQ'}, 'canRate': True, 'viewerRating': 'none', 'likeCount': 0, 'publishedAt': '2022-10-12T20:12:40Z', 'updatedAt': '2022-10-12T20:12:40Z'}}, {'kind': 'youtube#comment', 'etag': 'AqM-h_IOAOAnmC4w4SDpE_zwCf4', 'id': 'UgyttOiQrRZVL4CjibR4AaABAg.9h-Y1h506L59h3BL9_YUnn', 'snippet': {'videoId': '8S1vKwvRS64', 'textDisplay': '13 neles. Chora mais b4ndida kkkk', 'textOriginal': '13 neles. Chora mais b4ndida kkkk', 'parentId': 'UgyttOiQrRZVL4CjibR4AaABAg', 'authorDisplayName': 'Academia Caseira. Garras de um lutador!', 'authorProfileImageUrl': 'https://yt3.ggpht.com/ytc/AGIKgqO1taps7KAcyNZVaokzLui3nw3EutfuQFUe9j62Zg=s48-c-k-c0x00ffffff-no-rj', 'authorChannelUrl': 'http://www.youtube.com/channel/UCt-tM0LuJPAMnCc7vvW1frQ', 'authorChannelId': {'value': 'UCt-tM0LuJPAMnCc7vvW1frQ'}, 'canRate': True, 'viewerRating': 'none', 'likeCount': 1, 'publishedAt': '2022-10-11T21:36:01Z', 'updatedAt': '2022-10-11T21:36:01Z'}}, {'kind': 'youtube#comment', 'etag': '4PAt6aNiJ97cCrU2cExIAVj_fzU', 'id': 'UgyttOiQrRZVL4CjibR4AaABAg.9h-Y1h506L59h1B6HkwLG9', 'snippet': {'videoId': '8S1vKwvRS64', 'textDisplay': '@Leila Nunes confia kkkkkkkkkkk', 'textOriginal': '@Leila Nunes confia kkkkkkkkkkk', 'parentId': 'UgyttOiQrRZVL4CjibR4AaABAg', 'authorDisplayName': 'amo sou luna', 'authorProfileImageUrl': 'https://yt3.ggpht.com/ytc/AGIKgqPPYmWFduknTbPWrZhVxRujsWS87rB_KNOgXA=s48-c-k-c0x00ffffff-no-rj', 'authorChannelUrl': 'http://www.youtube.com/channel/UCwb1vFc3a4q6SB5mWRsfqLA', 'authorChannelId': {'value': 'UCwb1vFc3a4q6SB5mWRsfqLA'}, 'canRate': True, 'viewerRating': 'none', 'likeCount': 0, 'publishedAt': '2022-10-11T02:55:31Z', 'updatedAt': '2022-10-11T02:55:31Z'}}, {'kind': 'youtube#comment', 'etag': '5Adg9_J0ZgFDp0Hv7tZXK5ZEvEI', 'id': 'UgyttOiQrRZVL4CjibR4AaABAg.9h-Y1h506L59h0U9OKaRVC', 'snippet': {'videoId': '8S1vKwvRS64', 'textDisplay': 'Kkkkk cada uma ❤️⭐', 'textOriginal': 'Kkkkk cada uma ❤️⭐', 'parentId': 'UgyttOiQrRZVL4CjibR4AaABAg', 'authorDisplayName': 'Ketryn Daniele', 'authorProfileImageUrl': 'https://yt3.ggpht.com/ytc/AGIKgqNNYPGM2khNkl0FVEiTGPijU28XuKOFuqNbJW97qjQ=s48-c-k-c0x00ffffff-no-rj', 'authorChannelUrl': 'http://www.youtube.com/channel/UCYPs63nKN4OcnY0YO-XJItQ', 'authorChannelId': {'value': 'UCYPs63nKN4OcnY0YO-XJItQ'}, 'canRate': True, 'viewerRating': 'none', 'likeCount': 0, 'publishedAt': '2022-10-10T20:22:43Z', 'updatedAt': '2022-10-10T20:22:53Z'}}, {'kind': 'youtube#comment', 'etag': 'Y5ilaAST_DvLfnMJ171qWEMwjUQ', 'id': 'UgyttOiQrRZVL4CjibR4AaABAg.9h-Y1h506L59h0FTBdm68l', 'snippet': {'videoId': '8S1vKwvRS64', 'textDisplay': '@Leila Nunes Alguns deputados e senadores que acabaram de ser eleitos pelo partido alinhado ao Bolsonaro estão se pronunciando no sentido de que, eles por serem a maioria congressista já em 2023 não apoiarão Lula, caso eleito, ou seja não darão base pra ele governar e o Auxílio Brasil corre o risco de acabar, já que a sua continuidade depende de aprovação legislativa.', 'textOriginal': '@Leila Nunes Alguns deputados e senadores que acabaram de ser eleitos pelo partido alinhado ao Bolsonaro estão se pronunciando no sentido de que, eles por serem a maioria congressista já em 2023 não apoiarão Lula, caso eleito, ou seja não darão base pra ele governar e o Auxílio Brasil corre o risco de acabar, já que a sua continuidade depende de aprovação legislativa.', 'parentId': 'UgyttOiQrRZVL4CjibR4AaABAg', 'authorDisplayName': 'Rickgior', 'authorProfileImageUrl': 'https://yt3.ggpht.com/ytc/AGIKgqOfecNp20bU4183usNS1Edg0zaFf3AqKmEbgMVi=s48-c-k-c0x00ffffff-no-rj', 'authorChannelUrl': 'http://www.youtube.com/channel/UCI0fH7MYCzDMfQJN3zTpsUQ', 'authorChannelId': {'value': 'UCI0fH7MYCzDMfQJN3zTpsUQ'}, 'canRate': True, 'viewerRating': 'none', 'likeCount': 0, 'publishedAt': '2022-10-10T18:14:21Z', 'updatedAt': '2022-10-10T18:14:21Z'}}]}",UCsFPtoqO447nOz20XDlsYCA,2022-10-10T11:37:23Z,Vc que recebe o auxílio Brasil que vai votar no Lula pensa bem ante de fazer o empréstimo,,2023-06-08 18:23:04.500937
youtube#commentThread,olFNLFB4GjALmrGyeHJ6d-NYbTE,UgzXvryk_YrpD1oO1oV4AaABAg,"{'videoId': 'QSeMKPvDXbE', 'topLevelComment': {'kind': 'youtube#comment', 'etag': 'z3VRlzNvBiHqmduL9jxxyqRh1JE', 'id': 'UgzXvryk_YrpD1oO1oV4AaABAg', 'snippet': {'videoId': 'QSeMKPvDXbE', 'textDisplay': 'A justiça paralela sempre a serviço do Lula', 'textOriginal': 'A justiça paralela sempre a serviço do Lula', 'authorDisplayName': 'Francisca jacinta', 'authorProfileImageUrl': 'https://yt3.ggpht.com/3M4K48uS_EFKmRXUCZUtcMx88_STQRvSy8IsaSD8eXS2CF4FHgH1DOck_75pDVhsR68dsFgU4A=s48-c-k-c0x00ffffff-no-rj', 'authorChannelUrl': 'http://www.youtube.com/channel/UCsFPtoqO447nOz20XDlsYCA', 'authorChannelId': {'value': 'UCsFPtoqO447nOz20XDlsYCA'}, 'canRate': True, 'viewerRating': 'none', 'likeCount': 5, 'publishedAt': '2022-10-10T11:28:31Z', 'updatedAt': '2022-10-10T11:28:31Z'}}, 'canReply': True, 'totalReplyCount': 0, 'isPublic': True}",,UCsFPtoqO447nOz20XDlsYCA,2022-10-10T11:28:31Z,A justiça paralela sempre a serviço do Lula,,2023-06-08 18:23:30.906692
youtube#commentThread,HnqRjcnbEP0H64663xRqTfRQNWI,UgxhMrF7kKo--T807ll4AaABAg,"{'videoId': 'ePy6H6ZC9-I', 'topLevelComment': {'kind': 'youtube#comment', 'etag': '3trpEV36VGPfUkfFl9Uz_DqPp0g', 'id': 'UgxhMrF7kKo--T807ll4AaABAg', 'snippet': {'videoId': 'ePy6H6ZC9-I', 'textDisplay': 'Usa usa os pobres pra ganhar votos', 'textOriginal': 'Usa usa os pobres pra ganhar votos', 'authorDisplayName': 'Francisca jacinta', 'authorProfileImageUrl': 'https://yt3.ggpht.com/3M4K48uS_EFKmRXUCZUtcMx88_STQRvSy8IsaSD8eXS2CF4FHgH1DOck_75pDVhsR68dsFgU4A=s48-c-k-c0x00ffffff-no-rj', 'authorChannelUrl': 'http://www.youtube.com/channel/UCsFPtoqO447nOz20XDlsYCA', 'authorChannelId': {'value': 'UCsFPtoqO447nOz20XDlsYCA'}, 'canRate': True, 'viewerRating': 'none', 'likeCount': 0, 'publishedAt': '2022-10-07T19:31:43Z', 'updatedAt': '2022-10-07T19:31:43Z'}}, 'canReply': True, 'totalReplyCount': 0, 'isPublic': True}",,UCsFPtoqO447nOz20XDlsYCA,2022-10-07T19:31:43Z,Usa usa os pobres pra ganhar votos,QURTSl9pMnBaclhXOFVkTkhxWXdVdk5Na3loV0RvcGs5X1JzWmRmUy1HUTNzcDFXN2JORnJrTldnaThXSXNyOUc0aTU2bUUyQXdOS0xNZw==,2023-06-08 18:29:16.465916
youtube#commentThread,ZLoxjjJ0FAmhfknaNnIscnKhD74,UgxcXT3WCc1lemnUtW14AaABAg,"{'videoId': 'ePy6H6ZC9-I', 'topLevelComment': {'kind': 'youtube#comment', 'etag': 'EnY0BftRG6Y3IH0EVGq9LpnEyvs', 'id': 'UgxcXT3WCc1lemnUtW14AaABAg', 'snippet': {'videoId': 'ePy6H6ZC9-I', 'textDisplay': 'Lula usa os pobres pra fazer política', 'textOriginal': 'Lula usa os pobres pra fazer política', 'authorDisplayName': 'Francisca jacinta', 'authorProfileImageUrl': 'https://yt3.ggpht.com/3M4K48uS_EFKmRXUCZUtcMx88_STQRvSy8IsaSD8eXS2CF4FHgH1DOck_75pDVhsR68dsFgU4A=s48-c-k-c0x00ffffff-no-rj', 'authorChannelUrl': 'http://www.youtube.com/channel/UCsFPtoqO447nOz20XDlsYCA', 'authorChannelId': {'value': 'UCsFPtoqO447nOz20XDlsYCA'}, 'canRate': True, 'viewerRating': 'none', 'likeCount': 0, 'publishedAt': '2022-10-07T19:31:19Z', 'updatedAt': '2022-10-07T19:31:19Z'}}, 'canReply': True, 'totalReplyCount': 0, 'isPublic': True}",,UCsFPtoqO447nOz20XDlsYCA,2022-10-07T19:31:19Z,Lula usa os pobres pra fazer política,QURTSl9pMnBaclhXOFVkTkhxWXdVdk5Na3loV0RvcGs5X1JzWmRmUy1HUTNzcDFXN2JORnJrTldnaThXSXNyOUc0aTU2bUUyQXdOS0xNZw==,2023-06-08 18:29:16.465916
youtube#commentThread,ISulZ2Kl3viOsCmwbX3WE36A2XM,UgwVS-Qi7Jf8rAwhs3F4AaABAg,"{'videoId': 'ePy6H6ZC9-I', 'topLevelComment': {'kind': 'youtube#comment', 'etag': 'VXHyt9I7J_i9UICgugqk-VJdyQI', 'id': 'UgwVS-Qi7Jf8rAwhs3F4AaABAg', 'snippet': {'videoId': 'ePy6H6ZC9-I', 'textDisplay': 'Lula ladrão passou 16 anos no poder e nada fez', 'textOriginal': 'Lula ladrão passou 16 anos no poder e nada fez', 'authorDisplayName': 'Francisca jacinta', 'authorProfileImageUrl': 'https://yt3.ggpht.com/3M4K48uS_EFKmRXUCZUtcMx88_STQRvSy8IsaSD8eXS2CF4FHgH1DOck_75pDVhsR68dsFgU4A=s48-c-k-c0x00ffffff-no-rj', 'authorChannelUrl': 'http://www.youtube.com/channel/UCsFPtoqO447nOz20XDlsYCA', 'authorChannelId': {'value': 'UCsFPtoqO447nOz20XDlsYCA'}, 'canRate': True, 'viewerRating': 'none', 'likeCount': 0, 'publishedAt': '2022-10-07T19:30:57Z', 'updatedAt': '2022-10-07T19:30:57Z'}}, 'canReply': True, 'totalReplyCount': 0, 'isPublic': True}",,UCsFPtoqO447nOz20XDlsYCA,2022-10-07T19:30:57Z,Lula ladrão passou 16 anos no poder e nada fez,QURTSl9pMnBaclhXOFVkTkhxWXdVdk5Na3loV0RvcGs5X1JzWmRmUy1HUTNzcDFXN2JORnJrTldnaThXSXNyOUc0aTU2bUUyQXdOS0xNZw==,2023-06-08 18:29:16.465916
youtube#commentThread,qeXMO1nFLxjvqPXiCtpUTLNj9F8,UgwWJ48U0JvWJKYwpO54AaABAg,"{'videoId': 'bkpz_Zs7La0', 'topLevelComment': {'kind': 'youtube#comment', 'etag': '_dorOhOMjE5vuY71S0Ht4XhVHTc', 'id': 'UgwWJ48U0JvWJKYwpO54AaABAg', 'snippet': {'videoId': 'bkpz_Zs7La0', 'textDisplay': 'STF e TSE sempre a serviço do Lula ladrão', 'textOriginal': 'STF e TSE sempre a serviço do Lula ladrão', 'authorDisplayName': 'Francisca jacinta', 'authorProfileImageUrl': 'https://yt3.ggpht.com/3M4K48uS_EFKmRXUCZUtcMx88_STQRvSy8IsaSD8eXS2CF4FHgH1DOck_75pDVhsR68dsFgU4A=s48-c-k-c0x00ffffff-no-rj', 'authorChannelUrl': 'http://www.youtube.com/channel/UCsFPtoqO447nOz20XDlsYCA', 'authorChannelId': {'value': 'UCsFPtoqO447nOz20XDlsYCA'}, 'canRate': True, 'viewerRating': 'none', 'likeCount': 0, 'publishedAt': '2022-10-07T12:54:46Z', 'updatedAt': '2022-10-07T12:54:46Z'}}, 'canReply': True, 'totalReplyCount': 0, 'isPublic': True}",,UCsFPtoqO447nOz20XDlsYCA,2022-10-07T12:54:46Z,STF e TSE sempre a serviço do Lula ladrão,QURTSl9pM2pzTnc4TnRHbktuYVBwRF8zNTU0THRwSDVQNXJHcG40LXhfUXk1WFh6TzR5SmVXX0ZreXhPckdkVV80V3VPUUdQNERfUmlkWQ==,2023-06-08 18:33:34.959459
youtube#commentThread,M2vgdY4iwlUREnA6c4SXE0dJSbU,Ugym9FAW4q1vjblIm3R4AaABAg,"{'videoId': 'C1l3GmUVcTo', 'topLevelComment': {'kind': 'youtube#comment', 'etag': 'Ea3P6H3f-_kwvja-dlF0sbEO8TQ', 'id': 'Ugym9FAW4q1vjblIm3R4AaABAg', 'snippet': {'videoId': 'C1l3GmUVcTo', 'textDisplay': 'Isso é que dar fazer aliança com o crime organizado', 'textOriginal': 'Isso é que dar fazer aliança com o crime organizado', 'authorDisplayName': 'Francisca jacinta', 'authorProfileImageUrl': 'https://yt3.ggpht.com/3M4K48uS_EFKmRXUCZUtcMx88_STQRvSy8IsaSD8eXS2CF4FHgH1DOck_75pDVhsR68dsFgU4A=s48-c-k-c0x00ffffff-no-rj', 'authorChannelUrl': 'http://www.youtube.com/channel/UCsFPtoqO447nOz20XDlsYCA', 'authorChannelId': {'value': 'UCsFPtoqO447nOz20XDlsYCA'}, 'canRate': True, 'viewerRating': 'none', 'likeCount': 1, 'publishedAt': '2022-10-29T03:30:01Z', 'updatedAt': '2022-10-29T03:30:01Z'}}, 'canReply': True, 'totalReplyCount': 1, 'isPublic': True}","{'comments': [{'kind': 'youtube#comment', 'etag': '4a7x41cFOj6-OkAWBWSbH2rI16g', 'id': 'Ugym9FAW4q1vjblIm3R4AaABAg.9hkaMiNUg1_9hkcU2x3cUb', 'snippet': {'videoId': 'C1l3GmUVcTo', 'textDisplay': 'Ou não fazer né fraquejada', 'textOriginal': 'Ou não fazer né fraquejada', 'parentId': 'Ugym9FAW4q1vjblIm3R4AaABAg', 'authorDisplayName': 'Rodrigo Manoel', 'authorProfileImageUrl': 'https://yt3.ggpht.com/ytc/AGIKgqOEmTBN2SkwTUUWbZBncNrjLYl6Vhko0QfgG76PHA=s48-c-k-c0x00ffffff-no-rj', 'authorChannelUrl': 'http://www.youtube.com/channel/UCVMBQiMkx4P3MEMliTeXLIQ', 'authorChannelId': {'value': 'UCVMBQiMkx4P3MEMliTeXLIQ'}, 'canRate': True, 'viewerRating': 'none', 'likeCount': 0, 'publishedAt': '2022-10-29T03:48:29Z', 'updatedAt': '2022-10-29T03:48:29Z'}}]}",UCsFPtoqO447nOz20XDlsYCA,2022-10-29T03:30:01Z,Isso é que dar fazer aliança com o crime organizado,QURTSl9pMzNCNS16MUM1azNUMXB3Ti1TTDQwRS1zRF9LSHF3R3F6dlFVZVFSYnFJazlJQ1l2R3llSUcxT0VTYWFDNG15cnI4M2hlMTBUTQ==,2023-06-08 14:22:05.254998
youtube#commentThread,RqtvS6RHVTKLe2TbvMSS3VC5fSY,UgzAzdWfleMe6pJ7_Il4AaABAg,"{'videoId': 'B71nBI4Kp_k', 'topLevelComment': {'kind': 'youtube#comment', 'etag': 'nXEgZQjhen34LnNwHVVMqdVsOCk', 'id': 'UgzAzdWfleMe6pJ7_Il4AaABAg', 'snippet': {'videoId': 'B71nBI4Kp_k', 'textDisplay': 'Usar a fala do presidente Bolsonaro pra fazer política suja hipócrita e perversa não define a vitoria de Bolsonaro', 'textOriginal': 'Usar a fala do presidente Bolsonaro pra fazer política suja hipócrita e perversa não define a vitoria de Bolsonaro', 'authorDisplayName': 'Francisca jacinta', 'authorProfileImageUrl': 'https://yt3.ggpht.com/3M4K48uS_EFKmRXUCZUtcMx88_STQRvSy8IsaSD8eXS2CF4FHgH1DOck_75pDVhsR68dsFgU4A=s48-c-k-c0x00ffffff-no-rj', 'authorChannelUrl': 'http://www.youtube.com/channel/UCsFPtoqO447nOz20XDlsYCA', 'authorChannelId': {'value': 'UCsFPtoqO447nOz20XDlsYCA'}, 'canRate': True, 'viewerRating': 'none', 'likeCount': 0, 'publishedAt': '2022-10-29T03:43:35Z', 'updatedAt': '2022-10-29T03:43:35Z'}}, 'canReply': True, 'totalReplyCount': 0, 'isPublic': True}",,UCsFPtoqO447nOz20XDlsYCA,2022-10-29T03:43:35Z,Usar a fala do presidente Bolsonaro pra fazer política suja hipócrita e perversa não define a vitoria de Bolsonaro,QURTSl9pMi1MQllOcmkxcUtWbldBdVpBVEIwZWRkYU5GX2pfMWhFYURTZFgzUUt4YVlHWk1ydDlFLXZGaXk3Rnc4S1dXV09QTW9Hamc2bw==,2023-06-08 14:22:19.191610
youtube#commentThread,9flc7KRzeQFaz3pZxm_mD-TUNNw,UgwIvMHpNQY49cGb46p4AaABAg,"{'videoId': 'B71nBI4Kp_k', 'topLevelComment': {'kind': 'youtube#comment', 'etag': 'eJSG-Egr90NS0fKnCibtN_oCtBo', 'id': 'UgwIvMHpNQY49cGb46p4AaABAg', 'snippet': {'videoId': 'B71nBI4Kp_k', 'textDisplay': 'A campanha de Bolsonaro sempre foi a mais linda e democrática de todas', 'textOriginal': 'A campanha de Bolsonaro sempre foi a mais linda e democrática de todas', 'authorDisplayName': 'Francisca jacinta', 'authorProfileImageUrl': 'https://yt3.ggpht.com/3M4K48uS_EFKmRXUCZUtcMx88_STQRvSy8IsaSD8eXS2CF4FHgH1DOck_75pDVhsR68dsFgU4A=s48-c-k-c0x00ffffff-no-rj', 'authorChannelUrl': 'http://www.youtube.com/channel/UCsFPtoqO447nOz20XDlsYCA', 'authorChannelId': {'value': 'UCsFPtoqO447nOz20XDlsYCA'}, 'canRate': True, 'viewerRating': 'none', 'likeCount': 116, 'publishedAt': '2022-10-29T03:42:05Z', 'updatedAt': '2022-10-29T03:42:05Z'}}, 'canReply': True, 'totalReplyCount': 1, 'isPublic': True}","{'comments': [{'kind': 'youtube#comment', 'etag': 'xBqZh1dA2dfCFKajDjEWS_ZJ7eM', 'id': 'UgwIvMHpNQY49cGb46p4AaABAg.9hkbkA1w_sI9hklx9t0DhE', 'snippet': {'videoId': 'B71nBI4Kp_k', 'textDisplay': 'O Lula perdeu', 'textOriginal': 'O Lula perdeu', 'parentId': 'UgwIvMHpNQY49cGb46p4AaABAg', 'authorDisplayName': 'Gelson Lopes', 'authorProfileImageUrl': 'https://yt3.ggpht.com/ytc/AGIKgqP-j9wUZ9JpGekmKGniUXC-0ptIngrB9kUTVlvksTuOP4T363Bn4L5T6rckpksB=s48-c-k-c0x00ffffff-no-rj', 'authorChannelUrl': 'http://www.youtube.com/channel/UCe14GeIqoBp25dvqSx9yN9w', 'authorChannelId': {'value': 'UCe14GeIqoBp25dvqSx9yN9w'}, 'canRate': True, 'viewerRating': 'none', 'likeCount': 5, 'publishedAt': '2022-10-29T05:11:14Z', 'updatedAt': '2022-10-29T05:11:14Z'}}]}",UCsFPtoqO447nOz20XDlsYCA,2022-10-29T03:42:05Z,A campanha de Bolsonaro sempre foi a mais linda e democrática de todas,QURTSl9pMi1MQllOcmkxcUtWbldBdVpBVEIwZWRkYU5GX2pfMWhFYURTZFgzUUt4YVlHWk1ydDlFLXZGaXk3Rnc4S1dXV09QTW9Hamc2bw==,2023-06-08 14:22:19.191610
youtube#commentThread,w_pqOjqwU7HStzEFZHePV4rXPQM,UgytosLEOtjlbWiWS5V4AaABAg,"{'videoId': 'dIha4Ru7kXA', 'topLevelComment': {'kind': 'youtube#comment', 'etag': 'FvWa0kJOee3sUK6lz8o8JuzgH9o', 'id': 'UgytosLEOtjlbWiWS5V4AaABAg', 'snippet': {'videoId': 'dIha4Ru7kXA', 'textDisplay': 'Quando vemos uma quadrilha do sistema corrupto se juntarem para derrubar  o presidente Bolsonaro sabermos quem está por trás', 'textOriginal': 'Quando vemos uma quadrilha do sistema corrupto se juntarem para derrubar  o presidente Bolsonaro sabermos quem está por trás', 'authorDisplayName': 'Francisca jacinta', 'authorProfileImageUrl': 'https://yt3.ggpht.com/3M4K48uS_EFKmRXUCZUtcMx88_STQRvSy8IsaSD8eXS2CF4FHgH1DOck_75pDVhsR68dsFgU4A=s48-c-k-c0x00ffffff-no-rj', 'authorChannelUrl': 'http://www.youtube.com/channel/UCsFPtoqO447nOz20XDlsYCA', 'authorChannelId': {'value': 'UCsFPtoqO447nOz20XDlsYCA'}, 'canRate': True, 'viewerRating': 'none', 'likeCount': 0, 'publishedAt': '2022-10-28T20:51:02Z', 'updatedAt': '2022-10-28T20:51:02Z'}}, 'canReply': True, 'totalReplyCount': 0, 'isPublic': True}",,UCsFPtoqO447nOz20XDlsYCA,2022-10-28T20:51:02Z,Quando vemos uma quadrilha do sistema corrupto se juntarem para derrubar  o presidente Bolsonaro sabermos quem está por trás,QURTSl9pMHZNZ3V4SVdjeHgtSVJtWkJkdFA5MGozYVpJWlgwY1U3TFdvazZEWWc4dGQ3QUtGb3RfUXlJcVBBQUtEWmtCRFM0c1dYY2ZOWQ==,2023-06-08 14:23:26.667681
youtube#commentThread,9KpUVUd01DLc5meaE64LCYjTdf8,UgwwK4rTuPuQoJ-i3hh4AaABAg,"{'videoId': 'dIha4Ru7kXA', 'topLevelComment': {'kind': 'youtube#comment', 'etag': 'v41HRrmwWN39Xwin22ywUGlz_0I', 'id': 'UgwwK4rTuPuQoJ-i3hh4AaABAg', 'snippet': {'videoId': 'dIha4Ru7kXA', 'textDisplay': 'Alexandre de Moraes cabo eleitoral da campanha de Lula', 'textOriginal': 'Alexandre de Moraes cabo eleitoral da campanha de Lula', 'authorDisplayName': 'Francisca jacinta', 'authorProfileImageUrl': 'https://yt3.ggpht.com/3M4K48uS_EFKmRXUCZUtcMx88_STQRvSy8IsaSD8eXS2CF4FHgH1DOck_75pDVhsR68dsFgU4A=s48-c-k-c0x00ffffff-no-rj', 'authorChannelUrl': 'http://www.youtube.com/channel/UCsFPtoqO447nOz20XDlsYCA', 'authorChannelId': {'value': 'UCsFPtoqO447nOz20XDlsYCA'}, 'canRate': True, 'viewerRating': 'none', 'likeCount': 0, 'publishedAt': '2022-10-28T20:49:13Z', 'updatedAt': '2022-10-28T20:49:13Z'}}, 'canReply': True, 'totalReplyCount': 0, 'isPublic': True}",,UCsFPtoqO447nOz20XDlsYCA,2022-10-28T20:49:13Z,Alexandre de Moraes cabo eleitoral da campanha de Lula,QURTSl9pMHZNZ3V4SVdjeHgtSVJtWkJkdFA5MGozYVpJWlgwY1U3TFdvazZEWWc4dGQ3QUtGb3RfUXlJcVBBQUtEWmtCRFM0c1dYY2ZOWQ==,2023-06-08 14:23:26.667681
youtube#commentThread,64UtxYjI4Go8UM6H_s2FJhg_Bzc,UgyugdOw_HTorAZHio54AaABAg,"{'videoId': 'FwjZTX3H3_8', 'topLevelComment': {'kind': 'youtube#comment', 'etag': 'UfkVG1VkFBztE-ktm2p3MRlR0LA', 'id': 'UgyugdOw_HTorAZHio54AaABAg', 'snippet': {'videoId': 'FwjZTX3H3_8', 'textDisplay': 'Que Deus dê sabedoria e proteção o presidente Bolsonaro já que lá é a cova dos leões', 'textOriginal': 'Que Deus dê sabedoria e proteção o presidente Bolsonaro já que lá é a cova dos leões', 'authorDisplayName': 'Francisca jacinta', 'authorProfileImageUrl': 'https://yt3.ggpht.com/3M4K48uS_EFKmRXUCZUtcMx88_STQRvSy8IsaSD8eXS2CF4FHgH1DOck_75pDVhsR68dsFgU4A=s48-c-k-c0x00ffffff-no-rj', 'authorChannelUrl': 'http://www.youtube.com/channel/UCsFPtoqO447nOz20XDlsYCA', 'authorChannelId': {'value': 'UCsFPtoqO447nOz20XDlsYCA'}, 'canRate': True, 'viewerRating': 'none', 'likeCount': 25, 'publishedAt': '2022-10-28T20:44:50Z', 'updatedAt': '2022-10-28T20:44:50Z'}}, 'canReply': True, 'totalReplyCount': 0, 'isPublic': True}",,UCsFPtoqO447nOz20XDlsYCA,2022-10-28T20:44:50Z,Que Deus dê sabedoria e proteção o presidente Bolsonaro já que lá é a cova dos leões,QURTSl9pMnBEQjFTLWNFbnZJLTB0ZWp2UkZNa1ppaEU4dmhBSXJHMDFISWhpamZyMnBiR3daZjUyMkhrLUR4VUg3Vk8ySUlQb1BvT2lubw==,2023-06-08 14:23:51.552510
youtube#commentThread,wO51yHFZR4KfaAu0G_XdAk45V18,UgypuX_MRX4i8SkCAHl4AaABAg,"{'videoId': 'FwjZTX3H3_8', 'topLevelComment': {'kind': 'youtube#comment', 'etag': 'AdfBR0WLMTnSazcSIym5m3AtCw4', 'id': 'UgypuX_MRX4i8SkCAHl4AaABAg', 'snippet': {'videoId': 'FwjZTX3H3_8', 'textDisplay': 'Na Globo Lula vai porque lá ele se sente em casa vai fazer discursinho falando em fome chorando com mi mi mi', 'textOriginal': 'Na Globo Lula vai porque lá ele se sente em casa vai fazer discursinho falando em fome chorando com mi mi mi', 'authorDisplayName': 'Francisca jacinta', 'authorProfileImageUrl': 'https://yt3.ggpht.com/3M4K48uS_EFKmRXUCZUtcMx88_STQRvSy8IsaSD8eXS2CF4FHgH1DOck_75pDVhsR68dsFgU4A=s48-c-k-c0x00ffffff-no-rj', 'authorChannelUrl': 'http://www.youtube.com/channel/UCsFPtoqO447nOz20XDlsYCA', 'authorChannelId': {'value': 'UCsFPtoqO447nOz20XDlsYCA'}, 'canRate': True, 'viewerRating': 'none', 'likeCount': 0, 'publishedAt': '2022-10-28T20:42:14Z', 'updatedAt': '2022-10-28T20:42:14Z'}}, 'canReply': True, 'totalReplyCount': 0, 'isPublic': True}",,UCsFPtoqO447nOz20XDlsYCA,2022-10-28T20:42:14Z,Na Globo Lula vai porque lá ele se sente em casa vai fazer discursinho falando em fome chorando com mi mi mi,QURTSl9pMnBEQjFTLWNFbnZJLTB0ZWp2UkZNa1ppaEU4dmhBSXJHMDFISWhpamZyMnBiR3daZjUyMkhrLUR4VUg3Vk8ySUlQb1BvT2lubw==,2023-06-08 14:23:51.552510
youtube#commentThread,kXshRQR3ajOU4-NyQRKfVSoR77k,Ugymy6BZ94qY2tIHZ4J4AaABAg,"{'videoId': 'jD1SvhTDsDY', 'topLevelComment': {'kind': 'youtube#comment', 'etag': 'WijkZY-Ur26I942t3PiKpg9kCH0', 'id': 'Ugymy6BZ94qY2tIHZ4J4AaABAg', 'snippet': {'videoId': 'jD1SvhTDsDY', 'textDisplay': 'Dia 30 de outubro é 22 pra ser feliz não quero ex presidiário governando o meu país', 'textOriginal': 'Dia 30 de outubro é 22 pra ser feliz não quero ex presidiário governando o meu país', 'authorDisplayName': 'Francisca jacinta', 'authorProfileImageUrl': 'https://yt3.ggpht.com/3M4K48uS_EFKmRXUCZUtcMx88_STQRvSy8IsaSD8eXS2CF4FHgH1DOck_75pDVhsR68dsFgU4A=s48-c-k-c0x00ffffff-no-rj', 'authorChannelUrl': 'http://www.youtube.com/channel/UCsFPtoqO447nOz20XDlsYCA', 'authorChannelId': {'value': 'UCsFPtoqO447nOz20XDlsYCA'}, 'canRate': True, 'viewerRating': 'none', 'likeCount': 0, 'publishedAt': '2022-10-28T08:55:43Z', 'updatedAt': '2022-10-28T08:55:43Z'}}, 'canReply': True, 'totalReplyCount': 0, 'isPublic': True}",,UCsFPtoqO447nOz20XDlsYCA,2022-10-28T08:55:43Z,Dia 30 de outubro é 22 pra ser feliz não quero ex presidiário governando o meu país,QURTSl9pMFlHN3BBRGFkY292VWZjaDlMNXdVdEk0UFNjZk1kd09CN2JLNjEzem04Y0ZfRkdYbWxQbkhKOEg1aERMTXpSRXB1UG5kQWdWYw==,2023-06-08 14:26:27.252126
youtube#commentThread,Z-2QqitfOF23YNRbrHI2aD30Ajs,Ugylu_Ewrvy5cunsbgx4AaABAg,"{'videoId': 'jD1SvhTDsDY', 'topLevelComment': {'kind': 'youtube#comment', 'etag': 'SPEUzqVM5yhUwPKRAt0FNtMnzmU', 'id': 'Ugylu_Ewrvy5cunsbgx4AaABAg', 'snippet': {'videoId': 'jD1SvhTDsDY', 'textDisplay': 'Alexandre de Moraes cabo eleitoral da campanha de Lula', 'textOriginal': 'Alexandre de Moraes cabo eleitoral da campanha de Lula', 'authorDisplayName': 'Francisca jacinta', 'authorProfileImageUrl': 'https://yt3.ggpht.com/3M4K48uS_EFKmRXUCZUtcMx88_STQRvSy8IsaSD8eXS2CF4FHgH1DOck_75pDVhsR68dsFgU4A=s48-c-k-c0x00ffffff-no-rj', 'authorChannelUrl': 'http://www.youtube.com/channel/UCsFPtoqO447nOz20XDlsYCA', 'authorChannelId': {'value': 'UCsFPtoqO447nOz20XDlsYCA'}, 'canRate': True, 'viewerRating': 'none', 'likeCount': 0, 'publishedAt': '2022-10-28T08:55:28Z', 'updatedAt': '2022-10-28T08:55:28Z'}}, 'canReply': True, 'totalReplyCount': 0, 'isPublic': True}",,UCsFPtoqO447nOz20XDlsYCA,2022-10-28T08:55:28Z,Alexandre de Moraes cabo eleitoral da campanha de Lula,QURTSl9pMFlHN3BBRGFkY292VWZjaDlMNXdVdEk0UFNjZk1kd09CN2JLNjEzem04Y0ZfRkdYbWxQbkhKOEg1aERMTXpSRXB1UG5kQWdWYw==,2023-06-08 14:26:27.252126
youtube#commentThread,sBfnNT5SE9RqAes8OzggOyn6_A4,Ugzwyt667rjbpWeQxjZ4AaABAg,"{'videoId': 'vA533Kvs7gA', 'topLevelComment': {'kind': 'youtube#comment', 'etag': '2jE85ae2oUpObC6Q-vlmBuKdFd8', 'id': 'Ugzwyt667rjbpWeQxjZ4AaABAg', 'snippet': {'videoId': 'vA533Kvs7gA', 'textDisplay': 'acusação vindo de um cabo eleitoral de campanha de Lula não defeni a vitoria do presidente Bolsonaro', 'textOriginal': 'acusação vindo de um cabo eleitoral de campanha de Lula não defeni a vitoria do presidente Bolsonaro', 'authorDisplayName': 'Francisca jacinta', 'authorProfileImageUrl': 'https://yt3.ggpht.com/3M4K48uS_EFKmRXUCZUtcMx88_STQRvSy8IsaSD8eXS2CF4FHgH1DOck_75pDVhsR68dsFgU4A=s48-c-k-c0x00ffffff-no-rj', 'authorChannelUrl': 'http://www.youtube.com/channel/UCsFPtoqO447nOz20XDlsYCA', 'authorChannelId': {'value': 'UCsFPtoqO447nOz20XDlsYCA'}, 'canRate': True, 'viewerRating': 'none', 'likeCount': 0, 'publishedAt': '2022-10-27T22:11:27Z', 'updatedAt': '2022-10-27T22:11:27Z'}}, 'canReply': True, 'totalReplyCount': 0, 'isPublic': True}",,UCsFPtoqO447nOz20XDlsYCA,2022-10-27T22:11:27Z,acusação vindo de um cabo eleitoral de campanha de Lula não defeni a vitoria do presidente Bolsonaro,QURTSl9pM3hUcHpyeHMxTFZJREpNVndtbFFmaTZ0el9paC1qMkoyQlFSQ2FJNk9xWGNsTm1mOTZBN2pkX0dwWlI4S250a3Jfc0R5WG9zcw==,2023-06-08 14:28:02.456535
youtube#commentThread,EpOQR9_iwkwLEsZh-SVECmRl-Io,UgzXxNTE6GGsZ-5XkaN4AaABAg,"{'videoId': '9bMjiwuBf-w', 'topLevelComment': {'kind': 'youtube#comment', 'etag': 'j22NUOtYvuWghWfMjWS2kUr_t9k', 'id': 'UgzXxNTE6GGsZ-5XkaN4AaABAg', 'snippet': {'videoId': '9bMjiwuBf-w', 'textDisplay': 'Dia 30 de outubro é 22 pra ser feliz não quero ex presidiário governando o meu país', 'textOriginal': 'Dia 30 de outubro é 22 pra ser feliz não quero ex presidiário governando o meu país', 'authorDisplayName': 'Francisca jacinta', 'authorProfileImageUrl': 'https://yt3.ggpht.com/3M4K48uS_EFKmRXUCZUtcMx88_STQRvSy8IsaSD8eXS2CF4FHgH1DOck_75pDVhsR68dsFgU4A=s48-c-k-c0x00ffffff-no-rj', 'authorChannelUrl': 'http://www.youtube.com/channel/UCsFPtoqO447nOz20XDlsYCA', 'authorChannelId': {'value': 'UCsFPtoqO447nOz20XDlsYCA'}, 'canRate': True, 'viewerRating': 'none', 'likeCount': 0, 'publishedAt': '2022-10-28T08:56:23Z', 'updatedAt': '2022-10-28T08:56:23Z'}}, 'canReply': True, 'totalReplyCount': 0, 'isPublic': True}",,UCsFPtoqO447nOz20XDlsYCA,2022-10-28T08:56:23Z,Dia 30 de outubro é 22 pra ser feliz não quero ex presidiário governando o meu país,QURTSl9pMEp4Sm9adl9JRFJaLUNMTVZTVFFfVkUwZnJ1LVhGSUR2bnZENzdzcXR5QzVEYmdNWlRNd09hRnVDNmMxQnJFLUEzQnZEQl83NA==,2023-06-08 14:30:31.147309
youtube#commentThread,NWXsL2YvbJ3TrqHqC5N0Twjlf2w,Ugzr7SPi0HSjhSqsn1F4AaABAg,"{'videoId': '9bMjiwuBf-w', 'topLevelComment': {'kind': 'youtube#comment', 'etag': '_scjO3oF8Xs9Kj1jG5k8cAg_CVY', 'id': 'Ugzr7SPi0HSjhSqsn1F4AaABAg', 'snippet': {'videoId': '9bMjiwuBf-w', 'textDisplay': 'Alexandre de Moraes cabo eleitoral da campanha de Lula', 'textOriginal': 'Alexandre de Moraes cabo eleitoral da campanha de Lula', 'authorDisplayName': 'Francisca jacinta', 'authorProfileImageUrl': 'https://yt3.ggpht.com/3M4K48uS_EFKmRXUCZUtcMx88_STQRvSy8IsaSD8eXS2CF4FHgH1DOck_75pDVhsR68dsFgU4A=s48-c-k-c0x00ffffff-no-rj', 'authorChannelUrl': 'http://www.youtube.com/channel/UCsFPtoqO447nOz20XDlsYCA', 'authorChannelId': {'value': 'UCsFPtoqO447nOz20XDlsYCA'}, 'canRate': True, 'viewerRating': 'none', 'likeCount': 0, 'publishedAt': '2022-10-28T08:56:09Z', 'updatedAt': '2022-10-28T08:56:09Z'}}, 'canReply': True, 'totalReplyCount': 0, 'isPublic': True}",,UCsFPtoqO447nOz20XDlsYCA,2022-10-28T08:56:09Z,Alexandre de Moraes cabo eleitoral da campanha de Lula,QURTSl9pMEp4Sm9adl9JRFJaLUNMTVZTVFFfVkUwZnJ1LVhGSUR2bnZENzdzcXR5QzVEYmdNWlRNd09hRnVDNmMxQnJFLUEzQnZEQl83NA==,2023-06-08 14:30:31.147309
youtube#commentThread,DeMyyGq6-6yk5p9qMVrPc3qxkuc,UgzRG7iIUYZYdyPfBQh4AaABAg,"{'videoId': '_5J78gRL9lg', 'topLevelComment': {'kind': 'youtube#comment', 'etag': 'zH5_ygvHLEkrIzEzHIAIszVhlYc', 'id': 'UgzRG7iIUYZYdyPfBQh4AaABAg', 'snippet': {'videoId': '_5J78gRL9lg', 'textDisplay': '<a href=""http://www.youtube.com/results?search_query=%23tsevergonhanarcional"">#TSEVergonhaNarcional</a> <a href=""http://www.youtube.com/results?search_query=%23foraptdaditaduradacensura"">#ForaPTDaDitaduraDaCensura</a> <a href=""http://www.youtube.com/results?search_query=%23bolsonaroreeleito22"">#BolsonaroReeleito22</a>', 'textOriginal': '#TSEVergonhaNarcional #ForaPTDaDitaduraDaCensura #BolsonaroReeleito22', 'authorDisplayName': 'Francisca jacinta', 'authorProfileImageUrl': 'https://yt3.ggpht.com/3M4K48uS_EFKmRXUCZUtcMx88_STQRvSy8IsaSD8eXS2CF4FHgH1DOck_75pDVhsR68dsFgU4A=s48-c-k-c0x00ffffff-no-rj', 'authorChannelUrl': 'http://www.youtube.com/channel/UCsFPtoqO447nOz20XDlsYCA', 'authorChannelId': {'value': 'UCsFPtoqO447nOz20XDlsYCA'}, 'canRate': True, 'viewerRating': 'none', 'likeCount': 0, 'publishedAt': '2022-10-26T23:53:40Z', 'updatedAt': '2022-10-26T23:53:40Z'}}, 'canReply': True, 'totalReplyCount': 0, 'isPublic': True}",,UCsFPtoqO447nOz20XDlsYCA,2022-10-26T23:53:40Z,#TSEVergonhaNarcional #ForaPTDaDitaduraDaCensura #BolsonaroReeleito22,QURTSl9pMjNtTGRRdktmR09ZNjZSU2pWVlRndVJSNkc2WDFYTXYwYVZ2T1psVzE5VDM2MXRtUk9oejNwSkROS2dwdmlvUTFMdUpGRGlWYw==,2023-06-08 14:32:34.462205
youtube#commentThread,EwMn6ixgQv2rZ5618OhOuyMDPdI,Ugzvwshpb7vC1l-ONQ54AaABAg,"{'videoId': 'Ua6zTNraMiI', 'topLevelComment': {'kind': 'youtube#comment', 'etag': 'Dcq-cibDrLVlh1oiKfzpKx8u6gE', 'id': 'Ugzvwshpb7vC1l-ONQ54AaABAg', 'snippet': {'videoId': 'Ua6zTNraMiI', 'textDisplay': '<a href=""http://www.youtube.com/results?search_query=%23tsevergonhanarcional"">#TSEVergonhaNarcional</a> <a href=""http://www.youtube.com/results?search_query=%23foraptdaditaduradacensura"">#ForaPTDaDitaduraDaCensura</a> <a href=""http://www.youtube.com/results?search_query=%23bolsonaroreeleito22"">#BolsonaroReeleito22</a>', 'textOriginal': '#TSEVergonhaNarcional #ForaPTDaDitaduraDaCensura #BolsonaroReeleito22', 'authorDisplayName': 'Francisca jacinta', 'authorProfileImageUrl': 'https://yt3.ggpht.com/3M4K48uS_EFKmRXUCZUtcMx88_STQRvSy8IsaSD8eXS2CF4FHgH1DOck_75pDVhsR68dsFgU4A=s48-c-k-c0x00ffffff-no-rj', 'authorChannelUrl': 'http://www.youtube.com/channel/UCsFPtoqO447nOz20XDlsYCA', 'authorChannelId': {'value': 'UCsFPtoqO447nOz20XDlsYCA'}, 'canRate': True, 'viewerRating': 'none', 'likeCount': 0, 'publishedAt': '2022-10-26T23:49:35Z', 'updatedAt': '2022-10-26T23:49:35Z'}}, 'canReply': True, 'totalReplyCount': 0, 'isPublic': True}",,UCsFPtoqO447nOz20XDlsYCA,2022-10-26T23:49:35Z,#TSEVergonhaNarcional #ForaPTDaDitaduraDaCensura #BolsonaroReeleito22,QURTSl9pMDRWaHdaRGtKcTc5VUdGR0Y4M1pwUGpyUEFTS2YzN0xRcXV0U3V2LVRNcklrNndLUVU2bzRfNG55cVdlSDFibjU2VEsxOUt5UQ==,2023-06-08 14:33:54.725241
youtube#commentThread,nCMjckIXI16QsRO2UJzDuDWHWgk,UgzTJ-Kpl99u25d1zWl4AaABAg,"{'videoId': '5LmIp042hsE', 'topLevelComment': {'kind': 'youtube#comment', 'etag': 'TXEjlNLnuiiyqp1wUc1RZhjFHqo', 'id': 'UgzTJ-Kpl99u25d1zWl4AaABAg', 'snippet': {'videoId': '5LmIp042hsE', 'textDisplay': '<a href=""http://www.youtube.com/results?search_query=%23tsevergonhanarcional"">#TSEVergonhaNarcional</a> <a href=""http://www.youtube.com/results?search_query=%23foraptdaditaduradacensura"">#ForaPTDaDitaduraDaCensura</a> <a href=""http://www.youtube.com/results?search_query=%23bolsonaro22"">#Bolsonaro22</a>', 'textOriginal': '#TSEVergonhaNarcional #ForaPTDaDitaduraDaCensura #Bolsonaro22', 'authorDisplayName': 'Francisca jacinta', 'authorProfileImageUrl': 'https://yt3.ggpht.com/3M4K48uS_EFKmRXUCZUtcMx88_STQRvSy8IsaSD8eXS2CF4FHgH1DOck_75pDVhsR68dsFgU4A=s48-c-k-c0x00ffffff-no-rj', 'authorChannelUrl': 'http://www.youtube.com/channel/UCsFPtoqO447nOz20XDlsYCA', 'authorChannelId': {'value': 'UCsFPtoqO447nOz20XDlsYCA'}, 'canRate': True, 'viewerRating': 'none', 'likeCount': 9, 'publishedAt': '2022-10-26T15:25:23Z', 'updatedAt': '2022-10-26T15:25:23Z'}}, 'canReply': True, 'totalReplyCount': 2, 'isPublic': True}","{'comments': [{'kind': 'youtube#comment', 'etag': 'qUnREnQCKWOVJAXeUXoJrEt-28k', 'id': 'UgzTJ-Kpl99u25d1zWl4AaABAg.9he8qaGLz0O9hfqG60WYCB', 'snippet': {'videoId': '5LmIp042hsE', 'textDisplay': '@NãoDigaQueNãoAvisei Ela não sabe nem o que é Censura e Ditadura. Kkkkkkk', 'textOriginal': '@NãoDigaQueNãoAvisei Ela não sabe nem o que é Censura e Ditadura. Kkkkkkk', 'parentId': 'UgzTJ-Kpl99u25d1zWl4AaABAg', 'authorDisplayName': 'Italo Almeida', 'authorProfileImageUrl': 'https://yt3.ggpht.com/ytc/AGIKgqOTcETpiZlLQ5Qk8IsdCrAwdndHcWddYwr5ig=s48-c-k-c0x00ffffff-no-rj', 'authorChannelUrl': 'http://www.youtube.com/channel/UCUmk4o_DT6a-tCm9TXi95TQ', 'authorChannelId': {'value': 'UCUmk4o_DT6a-tCm9TXi95TQ'}, 'canRate': True, 'viewerRating': 'none', 'likeCount': 0, 'publishedAt': '2022-10-27T07:12:43Z', 'updatedAt': '2022-10-27T07:12:43Z'}}, {'kind': 'youtube#comment', 'etag': '6W9MISoJK53b-DGChAn6U6k4cqM', 'id': 'UgzTJ-Kpl99u25d1zWl4AaABAg.9he8qaGLz0O9heCD53hBei', 'snippet': {'videoId': '5LmIp042hsE', 'textDisplay': 'E desde quando é o TSE que toma conta de cada ecersão de cada rádio do Brasil???? Isso é impossível… O TSE somente dá a ordem da quantidades em segundos as propagandas devem ter… o controle fica por conta de cada QG que deve denunciar caso as rádios não cumpra as ordens.', 'textOriginal': 'E desde quando é o TSE que toma conta de cada ecersão de cada rádio do Brasil???? Isso é impossível… O TSE somente dá a ordem da quantidades em segundos as propagandas devem ter… o controle fica por conta de cada QG que deve denunciar caso as rádios não cumpra as ordens.', 'parentId': 'UgzTJ-Kpl99u25d1zWl4AaABAg', 'authorDisplayName': 'NãoDigaQueNãoAvisei', 'authorProfileImageUrl': 'https://yt3.ggpht.com/4INq6TB71_7muWEJOq5CrB_12QNRHBuKYANG4Q1Tctx41CGbpJxDlAmO9B3k8x87IBYi3mK1fiE=s48-c-k-c0x00ffffff-no-rj', 'authorChannelUrl': 'http://www.youtube.com/channel/UCkkGP5j-74o6QkG8Bw5xwLQ', 'authorChannelId': {'value': 'UCkkGP5j-74o6QkG8Bw5xwLQ'}, 'canRate': True, 'viewerRating': 'none', 'likeCount': 1, 'publishedAt': '2022-10-26T15:54:48Z', 'updatedAt': '2022-10-26T15:54:48Z'}}]}",UCsFPtoqO447nOz20XDlsYCA,2022-10-26T15:25:23Z,#TSEVergonhaNarcional #ForaPTDaDitaduraDaCensura #Bolsonaro22,,2023-06-08 14:36:51.864959
youtube#commentThread,qILVzyZWXgqMt3ruffi2xg0jz38,UgyI-8gqfiOpGdl2DY94AaABAg,"{'videoId': 'SyoOI3bQ_P4', 'topLevelComment': {'kind': 'youtube#comment', 'etag': 'HnU6hSwkinUHrTtBwD4vHuaQpkA', 'id': 'UgyI-8gqfiOpGdl2DY94AaABAg', 'snippet': {'videoId': 'SyoOI3bQ_P4', 'textDisplay': '<a href=""http://www.youtube.com/results?search_query=%23tsevergonhanarcional"">#TSEVergonhaNarcional</a> <a href=""http://www.youtube.com/results?search_query=%23foraptdaditaturadacensura"">#ForaPTDaDitaturaDaCensura</a>', 'textOriginal': '#TSEVergonhaNarcional #ForaPTDaDitaturaDaCensura', 'authorDisplayName': 'Francisca jacinta', 'authorProfileImageUrl': 'https://yt3.ggpht.com/3M4K48uS_EFKmRXUCZUtcMx88_STQRvSy8IsaSD8eXS2CF4FHgH1DOck_75pDVhsR68dsFgU4A=s48-c-k-c0x00ffffff-no-rj', 'authorChannelUrl': 'http://www.youtube.com/channel/UCsFPtoqO447nOz20XDlsYCA', 'authorChannelId': {'value': 'UCsFPtoqO447nOz20XDlsYCA'}, 'canRate': True, 'viewerRating': 'none', 'likeCount': 25, 'publishedAt': '2022-10-26T15:22:02Z', 'updatedAt': '2022-10-26T15:22:02Z'}}, 'canReply': True, 'totalReplyCount': 1, 'isPublic': True}","{'comments': [{'kind': 'youtube#comment', 'etag': 'dcTeNCFVaAKkQfXFYJyC6APiDho', 'id': 'UgyI-8gqfiOpGdl2DY94AaABAg.9he8T8IZ-Ci9henL8Vgb5U', 'snippet': {'videoId': 'SyoOI3bQ_P4', 'textDisplay': '&gt;&gt;&gt;    Carmem Lúcia:  Sou contra a &quot;Censura&quot;  mas ela será feita somente até o dia 31&quot;.', 'textOriginal': '>>>    Carmem Lúcia:  Sou contra a ""Censura""  mas ela será feita somente até o dia 31"".', 'parentId': 'UgyI-8gqfiOpGdl2DY94AaABAg', 'authorDisplayName': 'Mimi Apenas', 'authorProfileImageUrl': 'https://yt3.ggpht.com/ytc/AGIKgqPYO-Mu32PdfE-HWjPPtwi8k8t6Tg5lwyiiWg=s48-c-k-c0x00ffffff-no-rj', 'authorChannelUrl': 'http://www.youtube.com/channel/UCD5OwcjvG6LzKNKqDzzabRA', 'authorChannelId': {'value': 'UCD5OwcjvG6LzKNKqDzzabRA'}, 'canRate': True, 'viewerRating': 'none', 'likeCount': 0, 'publishedAt': '2022-10-26T21:27:57Z', 'updatedAt': '2022-10-26T21:27:57Z'}}]}",UCsFPtoqO447nOz20XDlsYCA,2022-10-26T15:22:02Z,#TSEVergonhaNarcional #ForaPTDaDitaturaDaCensura,,2023-06-08 14:37:18.707202
youtube#commentThread,Lc6JnRftAzoAzSvMlDmrPjJ_hBo,UgzGGZlDL4U6XhVccxJ4AaABAg,"{'videoId': 'G649vouXaDo', 'topLevelComment': {'kind': 'youtube#comment', 'etag': 'KYQeqrczJ0ZV1O_BBiT34IaGra8', 'id': 'UgzGGZlDL4U6XhVccxJ4AaABAg', 'snippet': {'videoId': 'G649vouXaDo', 'textDisplay': '<a href=""http://www.youtube.com/results?search_query=%23tsevergonhanarcional"">#TSEVergonhaNarcional</a> <a href=""http://www.youtube.com/results?search_query=%23foraptdaditaturadacensura"">#ForaPTDaDitaturaDaCensura</a> <a href=""http://www.youtube.com/results?search_query=%23bolsonaro22"">#Bolsonaro22</a>', 'textOriginal': '#TSEVergonhaNarcional #ForaPTDaDitaturaDaCensura #Bolsonaro22', 'authorDisplayName': 'Francisca jacinta', 'authorProfileImageUrl': 'https://yt3.ggpht.com/3M4K48uS_EFKmRXUCZUtcMx88_STQRvSy8IsaSD8eXS2CF4FHgH1DOck_75pDVhsR68dsFgU4A=s48-c-k-c0x00ffffff-no-rj', 'authorChannelUrl': 'http://www.youtube.com/channel/UCsFPtoqO447nOz20XDlsYCA', 'authorChannelId': {'value': 'UCsFPtoqO447nOz20XDlsYCA'}, 'canRate': True, 'viewerRating': 'none', 'likeCount': 0, 'publishedAt': '2022-10-26T15:18:00Z', 'updatedAt': '2022-10-26T15:18:00Z'}}, 'canReply': True, 'totalReplyCount': 0, 'isPublic': True}",,UCsFPtoqO447nOz20XDlsYCA,2022-10-26T15:18:00Z,#TSEVergonhaNarcional #ForaPTDaDitaturaDaCensura #Bolsonaro22,QURTSl9pMkpqRU9MQmRRTWg5V3Q3X2xua2d0UUFKR1lWTV9EUzc3RVpFMkxzOTZqaE9xVldaRHFmSnFJQjNxUHBZaVJwb0NfcFBZa052UQ==,2023-06-08 14:37:36.127984
youtube#commentThread,C-gQLBCpT6tJvjrlKC7rI3Zhmpk,UgzK7-mSt9hW5Q0r7254AaABAg,"{'videoId': 'xzUk_ulCNU4', 'topLevelComment': {'kind': 'youtube#comment', 'etag': '0P7OcYvbECR0YoruP7kZk6nsgo0', 'id': 'UgzK7-mSt9hW5Q0r7254AaABAg', 'snippet': {'videoId': 'xzUk_ulCNU4', 'textDisplay': 'E Lula segue avançando juntamente com o TSE e STF contra a campanha de Bolsonaro', 'textOriginal': 'E Lula segue avançando juntamente com o TSE e STF contra a campanha de Bolsonaro', 'authorDisplayName': 'Francisca jacinta', 'authorProfileImageUrl': 'https://yt3.ggpht.com/3M4K48uS_EFKmRXUCZUtcMx88_STQRvSy8IsaSD8eXS2CF4FHgH1DOck_75pDVhsR68dsFgU4A=s48-c-k-c0x00ffffff-no-rj', 'authorChannelUrl': 'http://www.youtube.com/channel/UCsFPtoqO447nOz20XDlsYCA', 'authorChannelId': {'value': 'UCsFPtoqO447nOz20XDlsYCA'}, 'canRate': True, 'viewerRating': 'none', 'likeCount': 0, 'publishedAt': '2022-10-25T21:25:05Z', 'updatedAt': '2022-10-25T21:25:05Z'}}, 'canReply': True, 'totalReplyCount': 0, 'isPublic': True}",,UCsFPtoqO447nOz20XDlsYCA,2022-10-25T21:25:05Z,E Lula segue avançando juntamente com o TSE e STF contra a campanha de Bolsonaro,QURTSl9pMFhDb0pmYzJQUDN2S2plVmUzRU05a2QwcXE5UVhNRmhJbUx1QS1DcklQZ2FJZWtJZGhmWmxpVWRfc2lWQ0loWG9qZjZSdS1lNA==,2023-06-08 14:41:36.970449
youtube#commentThread,UfZSd_mjGIgO3vyYvX4_DMIidIU,Ugw2ePMwiTSCk0jbdSR4AaABAg,"{'videoId': 'jTzkkwhVDko', 'topLevelComment': {'kind': 'youtube#comment', 'etag': 'W6ER9vGUxFmXq4p88Dq7hbqws7k', 'id': 'Ugw2ePMwiTSCk0jbdSR4AaABAg', 'snippet': {'videoId': 'jTzkkwhVDko', 'textDisplay': 'Roberto Jeferson sempre foi e continua sendo aliado de Lula', 'textOriginal': 'Roberto Jeferson sempre foi e continua sendo aliado de Lula', 'authorDisplayName': 'Francisca jacinta', 'authorProfileImageUrl': 'https://yt3.ggpht.com/3M4K48uS_EFKmRXUCZUtcMx88_STQRvSy8IsaSD8eXS2CF4FHgH1DOck_75pDVhsR68dsFgU4A=s48-c-k-c0x00ffffff-no-rj', 'authorChannelUrl': 'http://www.youtube.com/channel/UCsFPtoqO447nOz20XDlsYCA', 'authorChannelId': {'value': 'UCsFPtoqO447nOz20XDlsYCA'}, 'canRate': True, 'viewerRating': 'none', 'likeCount': 0, 'publishedAt': '2022-10-25T10:02:20Z', 'updatedAt': '2022-10-25T10:02:20Z'}}, 'canReply': True, 'totalReplyCount': 0, 'isPublic': True}",,UCsFPtoqO447nOz20XDlsYCA,2022-10-25T10:02:20Z,Roberto Jeferson sempre foi e continua sendo aliado de Lula,,2023-06-08 14:44:08.552125
youtube#commentThread,nhmlelRByyj4kXpGj4e07tIUPow,UgzpcLHGg4GSzFOCNRx4AaABAg,"{'videoId': 'r8Pf2P21DqY', 'topLevelComment': {'kind': 'youtube#comment', 'etag': '3fxIPy_sTUaGLofIN13MlGBljDA', 'id': 'UgzpcLHGg4GSzFOCNRx4AaABAg', 'snippet': {'videoId': 'r8Pf2P21DqY', 'textDisplay': 'Bolsinaro sempre faz campanha limpa enquanto o Lula faz uma campanha suja usando o crime organizado com objetivo de derrubar a campanha de Bolsonaro se o crime organizado comanda o Nordeste a culpa não é de Bolsonaro mais de quem governa o Nordeste sempre', 'textOriginal': 'Bolsinaro sempre faz campanha limpa enquanto o Lula faz uma campanha suja usando o crime organizado com objetivo de derrubar a campanha de Bolsonaro se o crime organizado comanda o Nordeste a culpa não é de Bolsonaro mais de quem governa o Nordeste sempre', 'authorDisplayName': 'Francisca jacinta', 'authorProfileImageUrl': 'https://yt3.ggpht.com/3M4K48uS_EFKmRXUCZUtcMx88_STQRvSy8IsaSD8eXS2CF4FHgH1DOck_75pDVhsR68dsFgU4A=s48-c-k-c0x00ffffff-no-rj', 'authorChannelUrl': 'http://www.youtube.com/channel/UCsFPtoqO447nOz20XDlsYCA', 'authorChannelId': {'value': 'UCsFPtoqO447nOz20XDlsYCA'}, 'canRate': True, 'viewerRating': 'none', 'likeCount': 0, 'publishedAt': '2022-10-25T09:53:57Z', 'updatedAt': '2022-10-25T09:53:57Z'}}, 'canReply': True, 'totalReplyCount': 0, 'isPublic': True}",,UCsFPtoqO447nOz20XDlsYCA,2022-10-25T09:53:57Z,Bolsinaro sempre faz campanha limpa enquanto o Lula faz uma campanha suja usando o crime organizado com objetivo de derrubar a campanha de Bolsonaro se o crime organizado comanda o Nordeste a culpa não é de Bolsonaro mais de quem governa o Nordeste sempre,QURTSl9pMnprdXVHMzR5T1NfOWNneTduSjRhMnNoaTdNNXQtT002WU8tdThTb3hzZkNTLUJOZ0wzRDY2NnFMekNzbWw2MnZyUHZJcGJzRQ==,2023-06-08 14:44:12.493115
youtube#commentThread,opiYt9BPky7aAYIy_40Ybpwycq0,UgyoFNb-UUY1Nrd7zGV4AaABAg,"{'videoId': 'dFRsBR7lNHo', 'topLevelComment': {'kind': 'youtube#comment', 'etag': 'z6sCfWru45Kj_fZJM7vPqS_pE8U', 'id': 'UgyoFNb-UUY1Nrd7zGV4AaABAg', 'snippet': {'videoId': 'dFRsBR7lNHo', 'textDisplay': '<a href=""http://www.youtube.com/results?search_query=%23ditaduracensuradoptn%C3%A3o"">#DitaduraCensuraDoPTNão</a>', 'textOriginal': '#DitaduraCensuraDoPTNão', 'authorDisplayName': 'Francisca jacinta', 'authorProfileImageUrl': 'https://yt3.ggpht.com/3M4K48uS_EFKmRXUCZUtcMx88_STQRvSy8IsaSD8eXS2CF4FHgH1DOck_75pDVhsR68dsFgU4A=s48-c-k-c0x00ffffff-no-rj', 'authorChannelUrl': 'http://www.youtube.com/channel/UCsFPtoqO447nOz20XDlsYCA', 'authorChannelId': {'value': 'UCsFPtoqO447nOz20XDlsYCA'}, 'canRate': True, 'viewerRating': 'none', 'likeCount': 0, 'publishedAt': '2022-10-25T09:35:20Z', 'updatedAt': '2022-10-25T09:35:20Z'}}, 'canReply': True, 'totalReplyCount': 0, 'isPublic': True}",,UCsFPtoqO447nOz20XDlsYCA,2022-10-25T09:35:20Z,#DitaduraCensuraDoPTNão,QURTSl9pM2VaU2loa181QWNnaF94R3kzMlpoN0lORDlRRmVMWDNpRVVsY2pzQXZIX2pMUHpmNW5ONmNtRFVqNkJ6bkx5WERnVEN4ckdZWQ==,2023-06-08 14:44:23.856468
youtube#commentThread,jqwMmRtNVHQL91F0MLY9ls3C27c,UgyoEFLIvvIKQ8hu91B4AaABAg,"{'videoId': 'dFRsBR7lNHo', 'topLevelComment': {'kind': 'youtube#comment', 'etag': '-gjIntlYLFBMgDeaZVY1YYvGhZ4', 'id': 'UgyoEFLIvvIKQ8hu91B4AaABAg', 'snippet': {'videoId': 'dFRsBR7lNHo', 'textDisplay': 'Lula manda o sistema corrupto obedece', 'textOriginal': 'Lula manda o sistema corrupto obedece', 'authorDisplayName': 'Francisca jacinta', 'authorProfileImageUrl': 'https://yt3.ggpht.com/3M4K48uS_EFKmRXUCZUtcMx88_STQRvSy8IsaSD8eXS2CF4FHgH1DOck_75pDVhsR68dsFgU4A=s48-c-k-c0x00ffffff-no-rj', 'authorChannelUrl': 'http://www.youtube.com/channel/UCsFPtoqO447nOz20XDlsYCA', 'authorChannelId': {'value': 'UCsFPtoqO447nOz20XDlsYCA'}, 'canRate': True, 'viewerRating': 'none', 'likeCount': 0, 'publishedAt': '2022-10-25T09:34:58Z', 'updatedAt': '2022-10-25T09:34:58Z'}}, 'canReply': True, 'totalReplyCount': 0, 'isPublic': True}",,UCsFPtoqO447nOz20XDlsYCA,2022-10-25T09:34:58Z,Lula manda o sistema corrupto obedece,QURTSl9pM2VaU2loa181QWNnaF94R3kzMlpoN0lORDlRRmVMWDNpRVVsY2pzQXZIX2pMUHpmNW5ONmNtRFVqNkJ6bkx5WERnVEN4ckdZWQ==,2023-06-08 14:44:23.856468
youtube#commentThread,qKwo7pFYFfuLYOl2DL32g7AtHEg,UgwWiTV8O_phRAMOb6V4AaABAg,"{'videoId': 'CAdWM62yTXg', 'topLevelComment': {'kind': 'youtube#comment', 'etag': 'JtjOMok2mjVaD6UCYWaLAdfLCME', 'id': 'UgwWiTV8O_phRAMOb6V4AaABAg', 'snippet': {'videoId': 'CAdWM62yTXg', 'textDisplay': 'A onde tem PT tem corrupção e crime <a href=""http://www.youtube.com/results?search_query=%23foraptdaroubalheira"">#ForaPTDaRoubalheira</a>', 'textOriginal': 'A onde tem PT tem corrupção e crime #ForaPTDaRoubalheira', 'authorDisplayName': 'Francisca jacinta', 'authorProfileImageUrl': 'https://yt3.ggpht.com/3M4K48uS_EFKmRXUCZUtcMx88_STQRvSy8IsaSD8eXS2CF4FHgH1DOck_75pDVhsR68dsFgU4A=s48-c-k-c0x00ffffff-no-rj', 'authorChannelUrl': 'http://www.youtube.com/channel/UCsFPtoqO447nOz20XDlsYCA', 'authorChannelId': {'value': 'UCsFPtoqO447nOz20XDlsYCA'}, 'canRate': True, 'viewerRating': 'none', 'likeCount': 0, 'publishedAt': '2022-10-25T01:53:30Z', 'updatedAt': '2022-10-25T01:53:30Z'}}, 'canReply': True, 'totalReplyCount': 0, 'isPublic': True}",,UCsFPtoqO447nOz20XDlsYCA,2022-10-25T01:53:30Z,A onde tem PT tem corrupção e crime #ForaPTDaRoubalheira,QURTSl9pMnMxbFpqUmdBVXg1V1ZFdzNkV3VhbTU0d24ySTNPakhlUlhpVm03dHBVdDd5dlVmYUVrVmZiWmVwaE1ycVphWkVvLTdLSDdqaw==,2023-06-08 14:45:11.728971
youtube#commentThread,RudVPCbqQfsik0Q5-2GTcAz9WKM,UgwY0fgDfuusmaWvZI94AaABAg,"{'videoId': 'CAdWM62yTXg', 'topLevelComment': {'kind': 'youtube#comment', 'etag': 'RrnC0htaEZUEQhg4reS0qnXb6ug', 'id': 'UgwY0fgDfuusmaWvZI94AaABAg', 'snippet': {'videoId': 'CAdWM62yTXg', 'textDisplay': 'Agora fica bem claro o porque que Lula tevi maioria no primeiro Turno na região Nordeste', 'textOriginal': 'Agora fica bem claro o porque que Lula tevi maioria no primeiro Turno na região Nordeste', 'authorDisplayName': 'Francisca jacinta', 'authorProfileImageUrl': 'https://yt3.ggpht.com/3M4K48uS_EFKmRXUCZUtcMx88_STQRvSy8IsaSD8eXS2CF4FHgH1DOck_75pDVhsR68dsFgU4A=s48-c-k-c0x00ffffff-no-rj', 'authorChannelUrl': 'http://www.youtube.com/channel/UCsFPtoqO447nOz20XDlsYCA', 'authorChannelId': {'value': 'UCsFPtoqO447nOz20XDlsYCA'}, 'canRate': True, 'viewerRating': 'none', 'likeCount': 64, 'publishedAt': '2022-10-25T01:48:23Z', 'updatedAt': '2022-10-25T01:48:23Z'}}, 'canReply': True, 'totalReplyCount': 3, 'isPublic': True}","{'comments': [{'kind': 'youtube#comment', 'etag': '2oObVbGHJAg-ful88m6s-5ZleJU', 'id': 'UgwY0fgDfuusmaWvZI94AaABAg.9ha6YotcPa89haUbm0u9yf', 'snippet': {'videoId': 'CAdWM62yTXg', 'textDisplay': 'Reaja! VIRE VOTOS #22', 'textOriginal': 'Reaja! VIRE VOTOS #22', 'parentId': 'UgwY0fgDfuusmaWvZI94AaABAg', 'authorDisplayName': 'TestandoOK', 'authorProfileImageUrl': 'https://yt3.ggpht.com/ytc/AGIKgqOrRnqW6WLLGuYaIwF7Lqd-jCgvUVL_Aspv8ZI=s48-c-k-c0x00ffffff-no-rj', 'authorChannelUrl': 'http://www.youtube.com/channel/UCxSniK9vNNS2SliTwpvL7-Q', 'authorChannelId': {'value': 'UCxSniK9vNNS2SliTwpvL7-Q'}, 'canRate': True, 'viewerRating': 'none', 'likeCount': 0, 'publishedAt': '2022-10-25T05:18:38Z', 'updatedAt': '2022-10-25T05:18:38Z'}}, {'kind': 'youtube#comment', 'etag': '6tUmUbHsLowDJDDDq5o-GanGu9k', 'id': 'UgwY0fgDfuusmaWvZI94AaABAg.9ha6YotcPa89haIghXX5Zb', 'snippet': {'videoId': 'CAdWM62yTXg', 'textDisplay': 'É vdd. Roubam até nas quantidades de propagandas. Isso é um absurdo. Providências JÁ.', 'textOriginal': 'É vdd. Roubam até nas quantidades de propagandas. Isso é um absurdo. Providências JÁ.', 'parentId': 'UgwY0fgDfuusmaWvZI94AaABAg', 'authorDisplayName': 'Vozão de Paixão', 'authorProfileImageUrl': 'https://yt3.ggpht.com/ytc/AGIKgqMgPHC1hGPMLDtOmn8sDnhuV1odVoqqxRIaf-c7hn9vk_8iRNtMGgF9ERBhXR5O=s48-c-k-c0x00ffffff-no-rj', 'authorChannelUrl': 'http://www.youtube.com/channel/UCRBJ0WLVG0rTCHq-35dqzHQ', 'authorChannelId': {'value': 'UCRBJ0WLVG0rTCHq-35dqzHQ'}, 'canRate': True, 'viewerRating': 'none', 'likeCount': 4, 'publishedAt': '2022-10-25T03:34:27Z', 'updatedAt': '2022-10-25T03:34:27Z'}}, {'kind': 'youtube#comment', 'etag': 'tTgtjqJIR1bibI9oSPiBNQg99NQ', 'id': 'UgwY0fgDfuusmaWvZI94AaABAg.9ha6YotcPa89haArPb1s9R', 'snippet': {'videoId': 'CAdWM62yTXg', 'textDisplay': 'Exatamente', 'textOriginal': 'Exatamente', 'parentId': 'UgwY0fgDfuusmaWvZI94AaABAg', 'authorDisplayName': 'marlene garibaldi jardim', 'authorProfileImageUrl': 'https://yt3.ggpht.com/ytc/AGIKgqPKBH-rBYub0l0XEp-GFo2AnUvi55m42B2otrUNNw=s48-c-k-c0x00ffffff-no-rj', 'authorChannelUrl': 'http://www.youtube.com/channel/UCiC3_7lxiOWyScbdBF_zoAg', 'authorChannelId': {'value': 'UCiC3_7lxiOWyScbdBF_zoAg'}, 'canRate': True, 'viewerRating': 'none', 'likeCount': 3, 'publishedAt': '2022-10-25T02:26:00Z', 'updatedAt': '2022-10-25T02:26:00Z'}}]}",UCsFPtoqO447nOz20XDlsYCA,2022-10-25T01:48:23Z,Agora fica bem claro o porque que Lula tevi maioria no primeiro Turno na região Nordeste,QURTSl9pMnMxbFpqUmdBVXg1V1ZFdzNkV3VhbTU0d24ySTNPakhlUlhpVm03dHBVdDd5dlVmYUVrVmZiWmVwaE1ycVphWkVvLTdLSDdqaw==,2023-06-08 14:45:11.728971
youtube#commentThread,4UsrPKBpqDZlhOytGVuzvhw0PYI,UgwPERZYW28RIKy9Yht4AaABAg,"{'videoId': 'CAdWM62yTXg', 'topLevelComment': {'kind': 'youtube#comment', 'etag': 'J5Em3OB7PlMgekpV6uM_2yAoKMo', 'id': 'UgwPERZYW28RIKy9Yht4AaABAg', 'snippet': {'videoId': 'CAdWM62yTXg', 'textDisplay': '<a href=""http://www.youtube.com/results?search_query=%23ditaduracensuradoptn%C3%A3o"">#DitaduraCensuraDoPTNão</a>', 'textOriginal': '#DitaduraCensuraDoPTNão', 'authorDisplayName': 'Francisca jacinta', 'authorProfileImageUrl': 'https://yt3.ggpht.com/3M4K48uS_EFKmRXUCZUtcMx88_STQRvSy8IsaSD8eXS2CF4FHgH1DOck_75pDVhsR68dsFgU4A=s48-c-k-c0x00ffffff-no-rj', 'authorChannelUrl': 'http://www.youtube.com/channel/UCsFPtoqO447nOz20XDlsYCA', 'authorChannelId': {'value': 'UCsFPtoqO447nOz20XDlsYCA'}, 'canRate': True, 'viewerRating': 'none', 'likeCount': 1, 'publishedAt': '2022-10-25T01:47:38Z', 'updatedAt': '2022-10-25T01:47:38Z'}}, 'canReply': True, 'totalReplyCount': 0, 'isPublic': True}",,UCsFPtoqO447nOz20XDlsYCA,2022-10-25T01:47:38Z,#DitaduraCensuraDoPTNão,QURTSl9pMnMxbFpqUmdBVXg1V1ZFdzNkV3VhbTU0d24ySTNPakhlUlhpVm03dHBVdDd5dlVmYUVrVmZiWmVwaE1ycVphWkVvLTdLSDdqaw==,2023-06-08 14:45:11.728971
youtube#commentThread,4biRHv6fThCEbMG-TVMRY3INhY8,UgyuSaG3KAz_BPGIyTV4AaABAg,"{'videoId': '6tMQViZhPIk', 'topLevelComment': {'kind': 'youtube#comment', 'etag': 'n1J-rjCKzCC1sGoJfKE37VArLJ0', 'id': 'UgyuSaG3KAz_BPGIyTV4AaABAg', 'snippet': {'videoId': '6tMQViZhPIk', 'textDisplay': '<a href=""http://www.youtube.com/results?search_query=%23foraptdasfakenews"">#ForaPTDasFakeNews</a>', 'textOriginal': '#ForaPTDasFakeNews', 'authorDisplayName': 'Francisca jacinta', 'authorProfileImageUrl': 'https://yt3.ggpht.com/3M4K48uS_EFKmRXUCZUtcMx88_STQRvSy8IsaSD8eXS2CF4FHgH1DOck_75pDVhsR68dsFgU4A=s48-c-k-c0x00ffffff-no-rj', 'authorChannelUrl': 'http://www.youtube.com/channel/UCsFPtoqO447nOz20XDlsYCA', 'authorChannelId': {'value': 'UCsFPtoqO447nOz20XDlsYCA'}, 'canRate': True, 'viewerRating': 'none', 'likeCount': 0, 'publishedAt': '2022-10-25T09:42:12Z', 'updatedAt': '2022-10-25T09:42:12Z'}}, 'canReply': True, 'totalReplyCount': 0, 'isPublic': True}",,UCsFPtoqO447nOz20XDlsYCA,2022-10-25T09:42:12Z,#ForaPTDasFakeNews,QURTSl9pMHBJWGV1dGYzV21nRTFQUFdlWE01OXFOck9fdk9vY0JlSDdGV1ItR21WdEM0YkZ2NVJwdVlUR3JKX1lZTFY2Y2h1WEpIMWhEMA==,2023-06-08 14:46:03.175577
youtube#commentThread,310YIlWVMv-eUHOQm82Ni__jGWU,UgyT7sKxC6OYSiPW9gx4AaABAg,"{'videoId': '6tMQViZhPIk', 'topLevelComment': {'kind': 'youtube#comment', 'etag': 'J8ZSrJDJ9AIQcBPNBfl_0bLLxbc', 'id': 'UgyT7sKxC6OYSiPW9gx4AaABAg', 'snippet': {'videoId': '6tMQViZhPIk', 'textDisplay': 'Opinião de um deputado que.apoia o partido do crime organizado chamado PT não defeni a reeleição de Bolsonaro <a href=""http://www.youtube.com/results?search_query=%23ditaduracensuradoptn%C3%A3o"">#DitaduraCensuraDoPTNão</a>', 'textOriginal': 'Opinião de um deputado que.apoia o partido do crime organizado chamado PT não defeni a reeleição de Bolsonaro #DitaduraCensuraDoPTNão', 'authorDisplayName': 'Francisca jacinta', 'authorProfileImageUrl': 'https://yt3.ggpht.com/3M4K48uS_EFKmRXUCZUtcMx88_STQRvSy8IsaSD8eXS2CF4FHgH1DOck_75pDVhsR68dsFgU4A=s48-c-k-c0x00ffffff-no-rj', 'authorChannelUrl': 'http://www.youtube.com/channel/UCsFPtoqO447nOz20XDlsYCA', 'authorChannelId': {'value': 'UCsFPtoqO447nOz20XDlsYCA'}, 'canRate': True, 'viewerRating': 'none', 'likeCount': 0, 'publishedAt': '2022-10-25T09:41:21Z', 'updatedAt': '2022-10-25T09:41:21Z'}}, 'canReply': True, 'totalReplyCount': 0, 'isPublic': True}",,UCsFPtoqO447nOz20XDlsYCA,2022-10-25T09:41:21Z,Opinião de um deputado que.apoia o partido do crime organizado chamado PT não defeni a reeleição de Bolsonaro #DitaduraCensuraDoPTNão,QURTSl9pMHBJWGV1dGYzV21nRTFQUFdlWE01OXFOck9fdk9vY0JlSDdGV1ItR21WdEM0YkZ2NVJwdVlUR3JKX1lZTFY2Y2h1WEpIMWhEMA==,2023-06-08 14:46:03.175577
youtube#commentThread,QCrLJa7_r5iGqrX54uPN8x3AZEk,UgwmLarejLVdmzHAIoR4AaABAg,"{'videoId': '6tMQViZhPIk', 'topLevelComment': {'kind': 'youtube#comment', 'etag': 'nZjEhdp4uK6Ohns4KXw_WKwvEbY', 'id': 'UgwmLarejLVdmzHAIoR4AaABAg', 'snippet': {'videoId': '6tMQViZhPIk', 'textDisplay': '<a href=""http://www.youtube.com/results?search_query=%23ditaduracensuradoptn%C3%A3o"">#DitaduraCensuraDoPTNão</a>', 'textOriginal': '#DitaduraCensuraDoPTNão', 'authorDisplayName': 'Francisca jacinta', 'authorProfileImageUrl': 'https://yt3.ggpht.com/3M4K48uS_EFKmRXUCZUtcMx88_STQRvSy8IsaSD8eXS2CF4FHgH1DOck_75pDVhsR68dsFgU4A=s48-c-k-c0x00ffffff-no-rj', 'authorChannelUrl': 'http://www.youtube.com/channel/UCsFPtoqO447nOz20XDlsYCA', 'authorChannelId': {'value': 'UCsFPtoqO447nOz20XDlsYCA'}, 'canRate': True, 'viewerRating': 'none', 'likeCount': 0, 'publishedAt': '2022-10-25T09:38:17Z', 'updatedAt': '2022-10-25T09:38:17Z'}}, 'canReply': True, 'totalReplyCount': 0, 'isPublic': True}",,UCsFPtoqO447nOz20XDlsYCA,2022-10-25T09:38:17Z,#DitaduraCensuraDoPTNão,QURTSl9pMHBJWGV1dGYzV21nRTFQUFdlWE01OXFOck9fdk9vY0JlSDdGV1ItR21WdEM0YkZ2NVJwdVlUR3JKX1lZTFY2Y2h1WEpIMWhEMA==,2023-06-08 14:46:03.175577
youtube#commentThread,vp7V8VZ6eLxUEF5kSN-UQAYy628,UgzeeUNi70Pz0pm5oYN4AaABAg,"{'videoId': '6tMQViZhPIk', 'topLevelComment': {'kind': 'youtube#comment', 'etag': 'I0pANoV3C9mJ2DzwQAeA5EK-oK4', 'id': 'UgzeeUNi70Pz0pm5oYN4AaABAg', 'snippet': {'videoId': '6tMQViZhPIk', 'textDisplay': 'A onde tem PT tem corrupção e crime <a href=""http://www.youtube.com/results?search_query=%23foraptdaroubalheira"">#ForaPTDaRoubalheira</a>', 'textOriginal': 'A onde tem PT tem corrupção e crime #ForaPTDaRoubalheira', 'authorDisplayName': 'Francisca jacinta', 'authorProfileImageUrl': 'https://yt3.ggpht.com/3M4K48uS_EFKmRXUCZUtcMx88_STQRvSy8IsaSD8eXS2CF4FHgH1DOck_75pDVhsR68dsFgU4A=s48-c-k-c0x00ffffff-no-rj', 'authorChannelUrl': 'http://www.youtube.com/channel/UCsFPtoqO447nOz20XDlsYCA', 'authorChannelId': {'value': 'UCsFPtoqO447nOz20XDlsYCA'}, 'canRate': True, 'viewerRating': 'none', 'likeCount': 0, 'publishedAt': '2022-10-25T09:38:06Z', 'updatedAt': '2022-10-25T09:38:06Z'}}, 'canReply': True, 'totalReplyCount': 0, 'isPublic': True}",,UCsFPtoqO447nOz20XDlsYCA,2022-10-25T09:38:06Z,A onde tem PT tem corrupção e crime #ForaPTDaRoubalheira,QURTSl9pMHBJWGV1dGYzV21nRTFQUFdlWE01OXFOck9fdk9vY0JlSDdGV1ItR21WdEM0YkZ2NVJwdVlUR3JKX1lZTFY2Y2h1WEpIMWhEMA==,2023-06-08 14:46:03.175577
youtube#commentThread,4C6zUMbnv5dLKuk6g3m10EmcBbc,Ugx7SdYAJJdfFF5lG_14AaABAg,"{'videoId': 'jBleJU8mTps', 'topLevelComment': {'kind': 'youtube#comment', 'etag': 'dT-dVjDkaXsYGdZ0B0ZAGYNDDsk', 'id': 'Ugx7SdYAJJdfFF5lG_14AaABAg', 'snippet': {'videoId': 'jBleJU8mTps', 'textDisplay': '<a href=""http://www.youtube.com/results?search_query=%23bolsonaro22"">#Bolsonaro22</a>', 'textOriginal': '#Bolsonaro22', 'authorDisplayName': 'Francisca jacinta', 'authorProfileImageUrl': 'https://yt3.ggpht.com/3M4K48uS_EFKmRXUCZUtcMx88_STQRvSy8IsaSD8eXS2CF4FHgH1DOck_75pDVhsR68dsFgU4A=s48-c-k-c0x00ffffff-no-rj', 'authorChannelUrl': 'http://www.youtube.com/channel/UCsFPtoqO447nOz20XDlsYCA', 'authorChannelId': {'value': 'UCsFPtoqO447nOz20XDlsYCA'}, 'canRate': True, 'viewerRating': 'none', 'likeCount': 0, 'publishedAt': '2022-10-24T22:07:16Z', 'updatedAt': '2022-10-24T22:07:16Z'}}, 'canReply': True, 'totalReplyCount': 0, 'isPublic': True}",,UCsFPtoqO447nOz20XDlsYCA,2022-10-24T22:07:16Z,#Bolsonaro22,QURTSl9pM2ZGZmQ1V0ZlT0JEdzQ1OVhfaU9aV3RZTU1QekpmSGZYMkJXZV9QODk0MXpxMTFuUXBzcDVoMFdUY1BzZVNXZ2t1V2pDbGlGSQ==,2023-06-08 14:48:45.134488
youtube#commentThread,hVJht9tS13Or2RJn4YW0U5QwOQw,UgzeGMchYpKcpGeMvZJ4AaABAg,"{'videoId': 'jBleJU8mTps', 'topLevelComment': {'kind': 'youtube#comment', 'etag': 'jlycUFsh-oiNmX9Y8Cdsslo0nUQ', 'id': 'UgzeGMchYpKcpGeMvZJ4AaABAg', 'snippet': {'videoId': 'jBleJU8mTps', 'textDisplay': '<a href=""http://www.youtube.com/results?search_query=%23n%C3%A3oditaduradacensuradopt"">#NãoDitaduraDaCensuraDoPT</a>', 'textOriginal': '#NãoDitaduraDaCensuraDoPT', 'authorDisplayName': 'Francisca jacinta', 'authorProfileImageUrl': 'https://yt3.ggpht.com/3M4K48uS_EFKmRXUCZUtcMx88_STQRvSy8IsaSD8eXS2CF4FHgH1DOck_75pDVhsR68dsFgU4A=s48-c-k-c0x00ffffff-no-rj', 'authorChannelUrl': 'http://www.youtube.com/channel/UCsFPtoqO447nOz20XDlsYCA', 'authorChannelId': {'value': 'UCsFPtoqO447nOz20XDlsYCA'}, 'canRate': True, 'viewerRating': 'none', 'likeCount': 0, 'publishedAt': '2022-10-24T22:07:03Z', 'updatedAt': '2022-10-24T22:07:03Z'}}, 'canReply': True, 'totalReplyCount': 0, 'isPublic': True}",,UCsFPtoqO447nOz20XDlsYCA,2022-10-24T22:07:03Z,#NãoDitaduraDaCensuraDoPT,QURTSl9pM2ZGZmQ1V0ZlT0JEdzQ1OVhfaU9aV3RZTU1QekpmSGZYMkJXZV9QODk0MXpxMTFuUXBzcDVoMFdUY1BzZVNXZ2t1V2pDbGlGSQ==,2023-06-08 14:48:45.134488
youtube#commentThread,tyxh1awZkkP9w6RVWSJeizytk2E,Ugwe-6c4-s-WTvW7GLd4AaABAg,"{'videoId': 'nfdhilk1ncQ', 'topLevelComment': {'kind': 'youtube#comment', 'etag': 'krUBP9Pne8Pk57-zx3EPKY0IXk8', 'id': 'Ugwe-6c4-s-WTvW7GLd4AaABAg', 'snippet': {'videoId': 'nfdhilk1ncQ', 'textDisplay': '<a href=""http://www.youtube.com/results?search_query=%23n%C3%A3oditaduradacensuradopt"">#NãoDitaduraDaCensuraDoPT</a> <a href=""http://www.youtube.com/results?search_query=%23bolsonaroreeleito2022"">#BolsonaroReeleito2022</a>', 'textOriginal': '#NãoDitaduraDaCensuraDoPT #BolsonaroReeleito2022', 'authorDisplayName': 'Francisca jacinta', 'authorProfileImageUrl': 'https://yt3.ggpht.com/3M4K48uS_EFKmRXUCZUtcMx88_STQRvSy8IsaSD8eXS2CF4FHgH1DOck_75pDVhsR68dsFgU4A=s48-c-k-c0x00ffffff-no-rj', 'authorChannelUrl': 'http://www.youtube.com/channel/UCsFPtoqO447nOz20XDlsYCA', 'authorChannelId': {'value': 'UCsFPtoqO447nOz20XDlsYCA'}, 'canRate': True, 'viewerRating': 'none', 'likeCount': 3, 'publishedAt': '2022-10-24T10:24:04Z', 'updatedAt': '2022-10-24T10:24:04Z'}}, 'canReply': True, 'totalReplyCount': 2, 'isPublic': True}","{'comments': [{'kind': 'youtube#comment', 'etag': 'DVXAg8jMfiqdFy7ZIxfauQiS4-k', 'id': 'Ugwe-6c4-s-WTvW7GLd4AaABAg.9hZSm0xeipG9hZUGu9DXbk', 'snippet': {'videoId': 'nfdhilk1ncQ', 'textDisplay': 'Fez tanto por nós nordestino tirem as vendas dos olhos,enquanto há tempo não vamos permitir censuras,ditaduras nem fome', 'textOriginal': 'Fez tanto por nós nordestino tirem as vendas dos olhos,enquanto há tempo não vamos permitir censuras,ditaduras nem fome', 'parentId': 'Ugwe-6c4-s-WTvW7GLd4AaABAg', 'authorDisplayName': 'Emanoela Santos Vasconcelos', 'authorProfileImageUrl': 'https://yt3.ggpht.com/ytc/AGIKgqOMhPR_in3qcQVFncdnzWkefZlMcRXzIPpgc_5cUI1HAIooE3jhrPR5AmzfvYyI=s48-c-k-c0x00ffffff-no-rj', 'authorChannelUrl': 'http://www.youtube.com/channel/UCj3UWA16Dj_HEcWsnEqpv5A', 'authorChannelId': {'value': 'UCj3UWA16Dj_HEcWsnEqpv5A'}, 'canRate': True, 'viewerRating': 'none', 'likeCount': 1, 'publishedAt': '2022-10-24T10:37:10Z', 'updatedAt': '2022-10-24T10:37:10Z'}}, {'kind': 'youtube#comment', 'etag': 'E1MJYL5Z9Ka-p5UHr9BrM6woOto', 'id': 'Ugwe-6c4-s-WTvW7GLd4AaABAg.9hZSm0xeipG9hZU4xpir85', 'snippet': {'videoId': 'nfdhilk1ncQ', 'textDisplay': 'Acorda alagoanos não votem em ladrão olhe o que o Bolsonaro tem feito pelo povo ele tem projetos ,competência e obesidade👏👏👏👏👏👏👏👏👏', 'textOriginal': 'Acorda alagoanos não votem em ladrão olhe o que o Bolsonaro tem feito pelo povo ele tem projetos ,competência e obesidade👏👏👏👏👏👏👏👏👏', 'parentId': 'Ugwe-6c4-s-WTvW7GLd4AaABAg', 'authorDisplayName': 'Emanoela Santos Vasconcelos', 'authorProfileImageUrl': 'https://yt3.ggpht.com/ytc/AGIKgqOMhPR_in3qcQVFncdnzWkefZlMcRXzIPpgc_5cUI1HAIooE3jhrPR5AmzfvYyI=s48-c-k-c0x00ffffff-no-rj', 'authorChannelUrl': 'http://www.youtube.com/channel/UCj3UWA16Dj_HEcWsnEqpv5A', 'authorChannelId': {'value': 'UCj3UWA16Dj_HEcWsnEqpv5A'}, 'canRate': True, 'viewerRating': 'none', 'likeCount': 1, 'publishedAt': '2022-10-24T10:35:32Z', 'updatedAt': '2022-10-24T10:35:32Z'}}]}",UCsFPtoqO447nOz20XDlsYCA,2022-10-24T10:24:04Z,#NãoDitaduraDaCensuraDoPT #BolsonaroReeleito2022,QURTSl9pMFpGbHJtenBSSWViMXZJdHVBNENTd0hjOUhvcW5SbzZJQ3NfRF9GeG44dXAxQnRlRkEzN2gzbmo0UUZ4Q1otX2RpNVNzVjFkVQ==,2023-06-08 14:51:22.850696
youtube#commentThread,z5_2Ju-RL-eZ4cEoFYCDKATdRkI,Ugxd9PIiCEb8hA_SXoJ4AaABAg,"{'videoId': 'zEfTDpfyt1o', 'topLevelComment': {'kind': 'youtube#comment', 'etag': 'MWZXTqt_dhTjfz7oUjxpB3JbS_Y', 'id': 'Ugxd9PIiCEb8hA_SXoJ4AaABAg', 'snippet': {'videoId': 'zEfTDpfyt1o', 'textDisplay': 'Só não entendo o porque os jornalistas não faz esse  mesmo trabalho com o Lula o criador da ditadura da censura <a href=""http://www.youtube.com/results?search_query=%23bolsonaroreeleito2022"">#BolsonaroReeleito2022</a>', 'textOriginal': 'Só não entendo o porque os jornalistas não faz esse  mesmo trabalho com o Lula o criador da ditadura da censura #BolsonaroReeleito2022', 'authorDisplayName': 'Francisca jacinta', 'authorProfileImageUrl': 'https://yt3.ggpht.com/3M4K48uS_EFKmRXUCZUtcMx88_STQRvSy8IsaSD8eXS2CF4FHgH1DOck_75pDVhsR68dsFgU4A=s48-c-k-c0x00ffffff-no-rj', 'authorChannelUrl': 'http://www.youtube.com/channel/UCsFPtoqO447nOz20XDlsYCA', 'authorChannelId': {'value': 'UCsFPtoqO447nOz20XDlsYCA'}, 'canRate': True, 'viewerRating': 'none', 'likeCount': 0, 'publishedAt': '2022-10-23T22:18:52Z', 'updatedAt': '2022-10-23T22:18:52Z'}}, 'canReply': True, 'totalReplyCount': 0, 'isPublic': True}",,UCsFPtoqO447nOz20XDlsYCA,2022-10-23T22:18:52Z,Só não entendo o porque os jornalistas não faz esse  mesmo trabalho com o Lula o criador da ditadura da censura #BolsonaroReeleito2022,QURTSl9pMzVvOG1aa1RKMTRTdmRpVktBSVpYMVZSUFBZYzZ1QXpiTVNRN3lhaFBBcjVwa0pWXzBmR2YyTUNlM1c5anNHUU1BLTNuZS1MNA==,2023-06-08 14:52:47.221481
youtube#commentThread,9ZbUZw-e_bFemW5biOZyxeGQjOE,UgzS_LXwD0gquEwJ_J14AaABAg,"{'videoId': 'zEfTDpfyt1o', 'topLevelComment': {'kind': 'youtube#comment', 'etag': 'SfoW3m5IBJkldclD243-YOc1D54', 'id': 'UgzS_LXwD0gquEwJ_J14AaABAg', 'snippet': {'videoId': 'zEfTDpfyt1o', 'textDisplay': 'PT o partido da ditadura da censura <a href=""http://www.youtube.com/results?search_query=%23bolsonaroreeleito2022"">#BolsonaroReeleito2022</a>', 'textOriginal': 'PT o partido da ditadura da censura #BolsonaroReeleito2022', 'authorDisplayName': 'Francisca jacinta', 'authorProfileImageUrl': 'https://yt3.ggpht.com/3M4K48uS_EFKmRXUCZUtcMx88_STQRvSy8IsaSD8eXS2CF4FHgH1DOck_75pDVhsR68dsFgU4A=s48-c-k-c0x00ffffff-no-rj', 'authorChannelUrl': 'http://www.youtube.com/channel/UCsFPtoqO447nOz20XDlsYCA', 'authorChannelId': {'value': 'UCsFPtoqO447nOz20XDlsYCA'}, 'canRate': True, 'viewerRating': 'none', 'likeCount': 0, 'publishedAt': '2022-10-23T22:13:32Z', 'updatedAt': '2022-10-23T22:13:32Z'}}, 'canReply': True, 'totalReplyCount': 0, 'isPublic': True}",,UCsFPtoqO447nOz20XDlsYCA,2022-10-23T22:13:32Z,PT o partido da ditadura da censura #BolsonaroReeleito2022,QURTSl9pM3BtLTc4TXRIb252WE5VSzU5NlNRTVM4Y2xWbjYwMTE2NWxkT0l6SjEwdHUzMFdOemgtX3dWLXFVbHpmR015ZU1nRzlrTnNuUQ==,2023-06-08 14:52:49.125465
youtube#commentThread,JICZM-rO3i-ingP6y_pCDfsMtXs,UgwL8uhVNigwb_Otuqx4AaABAg,"{'videoId': 'M6UyqJrgUqA', 'topLevelComment': {'kind': 'youtube#comment', 'etag': 'v2r5lnJmUn9Cuy62Un5zWJZEm30', 'id': 'UgwL8uhVNigwb_Otuqx4AaABAg', 'snippet': {'videoId': 'M6UyqJrgUqA', 'textDisplay': 'PT o partido da ditadura da censura <a href=""http://www.youtube.com/results?search_query=%23bolsonaroreeleito2022"">#BolsonaroReeleito2022</a>', 'textOriginal': 'PT o partido da ditadura da censura #BolsonaroReeleito2022', 'authorDisplayName': 'Francisca jacinta', 'authorProfileImageUrl': 'https://yt3.ggpht.com/3M4K48uS_EFKmRXUCZUtcMx88_STQRvSy8IsaSD8eXS2CF4FHgH1DOck_75pDVhsR68dsFgU4A=s48-c-k-c0x00ffffff-no-rj', 'authorChannelUrl': 'http://www.youtube.com/channel/UCsFPtoqO447nOz20XDlsYCA', 'authorChannelId': {'value': 'UCsFPtoqO447nOz20XDlsYCA'}, 'canRate': True, 'viewerRating': 'none', 'likeCount': 0, 'publishedAt': '2022-10-23T22:08:03Z', 'updatedAt': '2022-10-23T22:08:03Z'}}, 'canReply': True, 'totalReplyCount': 0, 'isPublic': True}",,UCsFPtoqO447nOz20XDlsYCA,2022-10-23T22:08:03Z,PT o partido da ditadura da censura #BolsonaroReeleito2022,QURTSl9pMWUyN2FrVEJjU0hZTXVXTHZoMVFDY3FZRTJsZDYxZnk4cmZXbWdqTnhBeUFia2REMjVNaW13NUk3ZzFrWU0wcXVpeUVBa0JTbw==,2023-06-08 14:53:25.126384
youtube#commentThread,FYnWPy5wTYEP0m2fknIObidOExE,UgzUeS_IMhKFp0OHm-d4AaABAg,"{'videoId': 'CGnVDyEG0Gs', 'topLevelComment': {'kind': 'youtube#comment', 'etag': 'G3rmT-TmKkIquwXop-Bq6guritc', 'id': 'UgzUeS_IMhKFp0OHm-d4AaABAg', 'snippet': {'videoId': 'CGnVDyEG0Gs', 'textDisplay': 'Eu não sou vidente mais isso vai resultar na morte do Roberto Jeferson como aconteceu com outros lá atrás a onde tem PT tem corrupção e crime', 'textOriginal': 'Eu não sou vidente mais isso vai resultar na morte do Roberto Jeferson como aconteceu com outros lá atrás a onde tem PT tem corrupção e crime', 'authorDisplayName': 'Francisca jacinta', 'authorProfileImageUrl': 'https://yt3.ggpht.com/3M4K48uS_EFKmRXUCZUtcMx88_STQRvSy8IsaSD8eXS2CF4FHgH1DOck_75pDVhsR68dsFgU4A=s48-c-k-c0x00ffffff-no-rj', 'authorChannelUrl': 'http://www.youtube.com/channel/UCsFPtoqO447nOz20XDlsYCA', 'authorChannelId': {'value': 'UCsFPtoqO447nOz20XDlsYCA'}, 'canRate': True, 'viewerRating': 'none', 'likeCount': 0, 'publishedAt': '2022-10-23T19:08:20Z', 'updatedAt': '2022-10-23T19:08:20Z'}}, 'canReply': True, 'totalReplyCount': 0, 'isPublic': True}",,UCsFPtoqO447nOz20XDlsYCA,2022-10-23T19:08:20Z,Eu não sou vidente mais isso vai resultar na morte do Roberto Jeferson como aconteceu com outros lá atrás a onde tem PT tem corrupção e crime,QURTSl9pM3RpWVBIS3ZDUDRPWE1QWlk0aFNmbXdFbWJMNTF4M250UGlWeUdhdzZDTEVQQ3JvN05KalVFX1NvUkswS2RVVmZ1cTNYbm9lRQ==,2023-06-08 14:57:07.789110
youtube#commentThread,6zPFk93jjyabFhZ5jkkgzootyVk,UgwWyizOLfJducbqtUp4AaABAg,"{'videoId': 'CGnVDyEG0Gs', 'topLevelComment': {'kind': 'youtube#comment', 'etag': '1Mx6v1RKIv45efa5N6v0RGRddPs', 'id': 'UgwWyizOLfJducbqtUp4AaABAg', 'snippet': {'videoId': 'CGnVDyEG0Gs', 'textDisplay': 'Tudo isso que vem acontecendo no Brasil é tudo culpa do Lula o câncer do Brasil que cria ditadura da censura no Brasil Lula que tem TSE e STF grande mídia Folha de São Paulo na palma da mão', 'textOriginal': 'Tudo isso que vem acontecendo no Brasil é tudo culpa do Lula o câncer do Brasil que cria ditadura da censura no Brasil Lula que tem TSE e STF grande mídia Folha de São Paulo na palma da mão', 'authorDisplayName': 'Francisca jacinta', 'authorProfileImageUrl': 'https://yt3.ggpht.com/3M4K48uS_EFKmRXUCZUtcMx88_STQRvSy8IsaSD8eXS2CF4FHgH1DOck_75pDVhsR68dsFgU4A=s48-c-k-c0x00ffffff-no-rj', 'authorChannelUrl': 'http://www.youtube.com/channel/UCsFPtoqO447nOz20XDlsYCA', 'authorChannelId': {'value': 'UCsFPtoqO447nOz20XDlsYCA'}, 'canRate': True, 'viewerRating': 'none', 'likeCount': 0, 'publishedAt': '2022-10-23T19:06:38Z', 'updatedAt': '2022-10-23T19:06:38Z'}}, 'canReply': True, 'totalReplyCount': 0, 'isPublic': True}",,UCsFPtoqO447nOz20XDlsYCA,2022-10-23T19:06:38Z,Tudo isso que vem acontecendo no Brasil é tudo culpa do Lula o câncer do Brasil que cria ditadura da censura no Brasil Lula que tem TSE e STF grande mídia Folha de São Paulo na palma da mão,QURTSl9pM3RpWVBIS3ZDUDRPWE1QWlk0aFNmbXdFbWJMNTF4M250UGlWeUdhdzZDTEVQQ3JvN05KalVFX1NvUkswS2RVVmZ1cTNYbm9lRQ==,2023-06-08 14:57:07.789110
youtube#commentThread,Rg7tGYVRW9iqsmBB9g7OBt8_29Q,UgzHKB7meNPIOf0tz814AaABAg,"{'videoId': 'lMJwZdR-wLw', 'topLevelComment': {'kind': 'youtube#comment', 'etag': 'ARL8daV4j-VNiK1zh3GCO2I3Uic', 'id': 'UgzHKB7meNPIOf0tz814AaABAg', 'snippet': {'videoId': 'lMJwZdR-wLw', 'textDisplay': '<a href=""http://www.youtube.com/results?search_query=%23bolsonaroreeleito2022"">#BolsonaroReeleito2022</a>', 'textOriginal': '#BolsonaroReeleito2022', 'authorDisplayName': 'Francisca jacinta', 'authorProfileImageUrl': 'https://yt3.ggpht.com/3M4K48uS_EFKmRXUCZUtcMx88_STQRvSy8IsaSD8eXS2CF4FHgH1DOck_75pDVhsR68dsFgU4A=s48-c-k-c0x00ffffff-no-rj', 'authorChannelUrl': 'http://www.youtube.com/channel/UCsFPtoqO447nOz20XDlsYCA', 'authorChannelId': {'value': 'UCsFPtoqO447nOz20XDlsYCA'}, 'canRate': True, 'viewerRating': 'none', 'likeCount': 6, 'publishedAt': '2022-10-21T12:01:32Z', 'updatedAt': '2022-10-21T12:01:32Z'}}, 'canReply': True, 'totalReplyCount': 0, 'isPublic': True}",,UCsFPtoqO447nOz20XDlsYCA,2022-10-21T12:01:32Z,#BolsonaroReeleito2022,QURTSl9pM0p0OVNhc1pValRZdFpwTTJabkl5c2ppcGxIWDhBV20xcG16YUNTTDJ4UHdwQnphOXhrSnFXdHloOTJidDgxZmZQR0VxazBXTQ==,2023-06-08 15:17:33.021100
youtube#commentThread,Wf7ztnxyvUkGTHJPSqywGnwvlaY,UgydPPbQY-rKY6Hm8DV4AaABAg,"{'videoId': 'lMJwZdR-wLw', 'topLevelComment': {'kind': 'youtube#comment', 'etag': 'ucyx-zpAhEB1FkyRHY_sl0drVx8', 'id': 'UgydPPbQY-rKY6Hm8DV4AaABAg', 'snippet': {'videoId': 'lMJwZdR-wLw', 'textDisplay': '<a href=""http://www.youtube.com/results?search_query=%23foraptdasfakenews"">#ForaPTDasFakeNews</a>', 'textOriginal': '#ForaPTDasFakeNews', 'authorDisplayName': 'Francisca jacinta', 'authorProfileImageUrl': 'https://yt3.ggpht.com/3M4K48uS_EFKmRXUCZUtcMx88_STQRvSy8IsaSD8eXS2CF4FHgH1DOck_75pDVhsR68dsFgU4A=s48-c-k-c0x00ffffff-no-rj', 'authorChannelUrl': 'http://www.youtube.com/channel/UCsFPtoqO447nOz20XDlsYCA', 'authorChannelId': {'value': 'UCsFPtoqO447nOz20XDlsYCA'}, 'canRate': True, 'viewerRating': 'none', 'likeCount': 2, 'publishedAt': '2022-10-21T12:01:07Z', 'updatedAt': '2022-10-21T12:01:07Z'}}, 'canReply': True, 'totalReplyCount': 0, 'isPublic': True}",,UCsFPtoqO447nOz20XDlsYCA,2022-10-21T12:01:07Z,#ForaPTDasFakeNews,QURTSl9pM0p0OVNhc1pValRZdFpwTTJabkl5c2ppcGxIWDhBV20xcG16YUNTTDJ4UHdwQnphOXhrSnFXdHloOTJidDgxZmZQR0VxazBXTQ==,2023-06-08 15:17:33.021100
youtube#commentThread,IheK2j2R8OGSJowIkAE9b6SP4wM,UgyUpGftN4imni9eOjN4AaABAg,"{'videoId': 'giHxZo2Zwpk', 'topLevelComment': {'kind': 'youtube#comment', 'etag': '3ixoD-sJgtYcv3iXf54_tXbAA10', 'id': 'UgyUpGftN4imni9eOjN4AaABAg', 'snippet': {'videoId': 'giHxZo2Zwpk', 'textDisplay': '<a href=""http://www.youtube.com/results?search_query=%23bolsonaroreeleito2022"">#BolsonaroReeleito2022</a>', 'textOriginal': '#BolsonaroReeleito2022', 'authorDisplayName': 'Francisca jacinta', 'authorProfileImageUrl': 'https://yt3.ggpht.com/3M4K48uS_EFKmRXUCZUtcMx88_STQRvSy8IsaSD8eXS2CF4FHgH1DOck_75pDVhsR68dsFgU4A=s48-c-k-c0x00ffffff-no-rj', 'authorChannelUrl': 'http://www.youtube.com/channel/UCsFPtoqO447nOz20XDlsYCA', 'authorChannelId': {'value': 'UCsFPtoqO447nOz20XDlsYCA'}, 'canRate': True, 'viewerRating': 'none', 'likeCount': 1, 'publishedAt': '2022-10-21T12:02:33Z', 'updatedAt': '2022-10-21T12:02:33Z'}}, 'canReply': True, 'totalReplyCount': 0, 'isPublic': True}",,UCsFPtoqO447nOz20XDlsYCA,2022-10-21T12:02:33Z,#BolsonaroReeleito2022,QURTSl9pMW16a2lTT1BZZGJSNmU3NzZOUm92dlFRak1QZEN5UDRrQ0ItbTdLYVdqdzFOZ2xDWklnNVZBNXFkbjR5c1FZTF9JOURKaHY2QQ==,2023-06-08 15:17:42.469649
youtube#commentThread,dKZd6hTONIjinEI32jiS8XI__FI,UgwJMXtN0cxHOL3rgyF4AaABAg,"{'videoId': 'giHxZo2Zwpk', 'topLevelComment': {'kind': 'youtube#comment', 'etag': 'LXizszFlnSEkwFVOv5mZSD5zc9Y', 'id': 'UgwJMXtN0cxHOL3rgyF4AaABAg', 'snippet': {'videoId': 'giHxZo2Zwpk', 'textDisplay': '<a href=""http://www.youtube.com/results?search_query=%23foraptdasfakenews"">#ForaPTDasFakeNews</a>', 'textOriginal': '#ForaPTDasFakeNews', 'authorDisplayName': 'Francisca jacinta', 'authorProfileImageUrl': 'https://yt3.ggpht.com/3M4K48uS_EFKmRXUCZUtcMx88_STQRvSy8IsaSD8eXS2CF4FHgH1DOck_75pDVhsR68dsFgU4A=s48-c-k-c0x00ffffff-no-rj', 'authorChannelUrl': 'http://www.youtube.com/channel/UCsFPtoqO447nOz20XDlsYCA', 'authorChannelId': {'value': 'UCsFPtoqO447nOz20XDlsYCA'}, 'canRate': True, 'viewerRating': 'none', 'likeCount': 0, 'publishedAt': '2022-10-21T12:02:15Z', 'updatedAt': '2022-10-21T12:02:15Z'}}, 'canReply': True, 'totalReplyCount': 0, 'isPublic': True}",,UCsFPtoqO447nOz20XDlsYCA,2022-10-21T12:02:15Z,#ForaPTDasFakeNews,QURTSl9pMW16a2lTT1BZZGJSNmU3NzZOUm92dlFRak1QZEN5UDRrQ0ItbTdLYVdqdzFOZ2xDWklnNVZBNXFkbjR5c1FZTF9JOURKaHY2QQ==,2023-06-08 15:17:42.469649
youtube#commentThread,HcGpJ_EQe1337pUNsC6ZoV-D7k4,Ugwei3xtPzf-bJsYxpp4AaABAg,"{'videoId': 'eO8tBiJDr9Y', 'topLevelComment': {'kind': 'youtube#comment', 'etag': 'u3xhXXT75ezeerCuOj2cDAH-OEs', 'id': 'Ugwei3xtPzf-bJsYxpp4AaABAg', 'snippet': {'videoId': 'eO8tBiJDr9Y', 'textDisplay': '<a href=""http://www.youtube.com/results?search_query=%23bolsonaroreeleito2022"">#BolsonaroReeleito2022</a>', 'textOriginal': '#BolsonaroReeleito2022', 'authorDisplayName': 'Francisca jacinta', 'authorProfileImageUrl': 'https://yt3.ggpht.com/3M4K48uS_EFKmRXUCZUtcMx88_STQRvSy8IsaSD8eXS2CF4FHgH1DOck_75pDVhsR68dsFgU4A=s48-c-k-c0x00ffffff-no-rj', 'authorChannelUrl': 'http://www.youtube.com/channel/UCsFPtoqO447nOz20XDlsYCA', 'authorChannelId': {'value': 'UCsFPtoqO447nOz20XDlsYCA'}, 'canRate': True, 'viewerRating': 'none', 'likeCount': 1, 'publishedAt': '2022-10-21T12:03:55Z', 'updatedAt': '2022-10-21T12:03:55Z'}}, 'canReply': True, 'totalReplyCount': 0, 'isPublic': True}",,UCsFPtoqO447nOz20XDlsYCA,2022-10-21T12:03:55Z,#BolsonaroReeleito2022,QURTSl9pMzk0Z2tjSzQxeFBjSHJWbDB3M3l3aklCejRPZ25wWlZqNm11Y0Q0bnNFc3k3d3JkTFk1bjNGMVZ1MmNKNnRTRWhJVklFYXBBdw==,2023-06-08 15:18:29.316144
youtube#commentThread,xHveKk8DBJ8FhnK1rNO9qvbduyo,UgyuUAjYL_lEEaICET54AaABAg,"{'videoId': 'eO8tBiJDr9Y', 'topLevelComment': {'kind': 'youtube#comment', 'etag': '4kl2S0V0255iIwDcwmFVJxMJdIE', 'id': 'UgyuUAjYL_lEEaICET54AaABAg', 'snippet': {'videoId': 'eO8tBiJDr9Y', 'textDisplay': '<a href=""http://www.youtube.com/results?search_query=%23foraptdasfakenews"">#ForaPTDasFakeNews</a>', 'textOriginal': '#ForaPTDasFakeNews', 'authorDisplayName': 'Francisca jacinta', 'authorProfileImageUrl': 'https://yt3.ggpht.com/3M4K48uS_EFKmRXUCZUtcMx88_STQRvSy8IsaSD8eXS2CF4FHgH1DOck_75pDVhsR68dsFgU4A=s48-c-k-c0x00ffffff-no-rj', 'authorChannelUrl': 'http://www.youtube.com/channel/UCsFPtoqO447nOz20XDlsYCA', 'authorChannelId': {'value': 'UCsFPtoqO447nOz20XDlsYCA'}, 'canRate': True, 'viewerRating': 'none', 'likeCount': 1, 'publishedAt': '2022-10-21T12:03:37Z', 'updatedAt': '2022-10-21T12:03:37Z'}}, 'canReply': True, 'totalReplyCount': 0, 'isPublic': True}",,UCsFPtoqO447nOz20XDlsYCA,2022-10-21T12:03:37Z,#ForaPTDasFakeNews,QURTSl9pMzk0Z2tjSzQxeFBjSHJWbDB3M3l3aklCejRPZ25wWlZqNm11Y0Q0bnNFc3k3d3JkTFk1bjNGMVZ1MmNKNnRTRWhJVklFYXBBdw==,2023-06-08 15:18:29.316144
youtube#commentThread,4b9u8Kp9ED1sbj6hWIBNMHV4vK8,Ugw68oW7fpbfB8lr1eJ4AaABAg,"{'videoId': 'LM6U8obLlWo', 'topLevelComment': {'kind': 'youtube#comment', 'etag': 'APNRmf7SQV1depLQA8zaiNh9YI8', 'id': 'Ugw68oW7fpbfB8lr1eJ4AaABAg', 'snippet': {'videoId': 'LM6U8obLlWo', 'textDisplay': 'O presidente Bolsonaro pode ir viver a vida em outro país e quem sabe se  tornar o presidente', 'textOriginal': 'O presidente Bolsonaro pode ir viver a vida em outro país e quem sabe se  tornar o presidente', 'authorDisplayName': 'Francisca jacinta', 'authorProfileImageUrl': 'https://yt3.ggpht.com/3M4K48uS_EFKmRXUCZUtcMx88_STQRvSy8IsaSD8eXS2CF4FHgH1DOck_75pDVhsR68dsFgU4A=s48-c-k-c0x00ffffff-no-rj', 'authorChannelUrl': 'http://www.youtube.com/channel/UCsFPtoqO447nOz20XDlsYCA', 'authorChannelId': {'value': 'UCsFPtoqO447nOz20XDlsYCA'}, 'canRate': True, 'viewerRating': 'none', 'likeCount': 0, 'publishedAt': '2022-10-31T01:07:38Z', 'updatedAt': '2022-10-31T01:07:38Z'}}, 'canReply': True, 'totalReplyCount': 0, 'isPublic': True}",,UCsFPtoqO447nOz20XDlsYCA,2022-10-31T01:07:38Z,O presidente Bolsonaro pode ir viver a vida em outro país e quem sabe se  tornar o presidente,QURTSl9pMm1udjlKYkpKaDJPTWNGVDNZTFd2cE1FSGNHUE9qTGxhSFplekpuemtaa1EtaFRhYndCRm90YWxyVTUtNW9fVnBCRjhiLUp1OA==,2023-06-08 14:08:05.734583
youtube#commentThread,kmF-nVanMdDICHnWhQk9aVVEqzw,Ugzj18ytOi-8fSve-0t4AaABAg,"{'videoId': 'LM6U8obLlWo', 'topLevelComment': {'kind': 'youtube#comment', 'etag': '4JMnmnuyOYJfduVQPD-0XN8GVlY', 'id': 'Ugzj18ytOi-8fSve-0t4AaABAg', 'snippet': {'videoId': 'LM6U8obLlWo', 'textDisplay': 'Brasileiros que perseguiram e julgaram o presidente Bolsonaro vão se arrepender quando tiver passando pela  ditura comunista', 'textOriginal': 'Brasileiros que perseguiram e julgaram o presidente Bolsonaro vão se arrepender quando tiver passando pela  ditura comunista', 'authorDisplayName': 'Francisca jacinta', 'authorProfileImageUrl': 'https://yt3.ggpht.com/3M4K48uS_EFKmRXUCZUtcMx88_STQRvSy8IsaSD8eXS2CF4FHgH1DOck_75pDVhsR68dsFgU4A=s48-c-k-c0x00ffffff-no-rj', 'authorChannelUrl': 'http://www.youtube.com/channel/UCsFPtoqO447nOz20XDlsYCA', 'authorChannelId': {'value': 'UCsFPtoqO447nOz20XDlsYCA'}, 'canRate': True, 'viewerRating': 'none', 'likeCount': 0, 'publishedAt': '2022-10-31T01:06:33Z', 'updatedAt': '2022-10-31T01:06:33Z'}}, 'canReply': True, 'totalReplyCount': 0, 'isPublic': True}",,UCsFPtoqO447nOz20XDlsYCA,2022-10-31T01:06:33Z,Brasileiros que perseguiram e julgaram o presidente Bolsonaro vão se arrepender quando tiver passando pela  ditura comunista,QURTSl9pMm1udjlKYkpKaDJPTWNGVDNZTFd2cE1FSGNHUE9qTGxhSFplekpuemtaa1EtaFRhYndCRm90YWxyVTUtNW9fVnBCRjhiLUp1OA==,2023-06-08 14:08:05.734583
