kind,etag,id,snippet,replies,authorChannelId,publishedAt,textOriginal,nextPageToken,extraction_date
youtube#commentThread,ljdpUNarhC_ZVHjMCEl7A1Yzlgw,UgwD3nF7ERWyx0keU1N4AaABAg,"{'videoId': 'zEfTDpfyt1o', 'topLevelComment': {'kind': 'youtube#comment', 'etag': 'Zh0hdO2BuWbZFRV7uYyGbmBm7C4', 'id': 'UgwD3nF7ERWyx0keU1N4AaABAg', 'snippet': {'videoId': 'zEfTDpfyt1o', 'textDisplay': 'Voces incitam o ódio, acha q o ódio tem limites, vão cascar batata.', 'textOriginal': 'Voces incitam o ódio, acha q o ódio tem limites, vão cascar batata.', 'authorDisplayName': 'MALHEIRO174', 'authorProfileImageUrl': 'https://yt3.ggpht.com/ytc/AGIKgqNNGUHLaWnSW4y_BRsVXmWfGEmgpr_5VjCKh2kROA=s48-c-k-c0x00ffffff-no-rj', 'authorChannelUrl': 'http://www.youtube.com/channel/UCdmIYzj428UsmOpzbOMfgEQ', 'authorChannelId': {'value': 'UCdmIYzj428UsmOpzbOMfgEQ'}, 'canRate': True, 'viewerRating': 'none', 'likeCount': 0, 'publishedAt': '2022-11-16T10:46:41Z', 'updatedAt': '2022-11-16T10:46:41Z'}}, 'canReply': True, 'totalReplyCount': 0, 'isPublic': True}",,UCdmIYzj428UsmOpzbOMfgEQ,2022-11-16T10:46:41Z,"Voces incitam o ódio, acha q o ódio tem limites, vão cascar batata.",QURTSl9pMzBrY2o5eGFidExJSUNBckp1QnMxSHFsSEtROTNYQmFwcXZTblJXVm9Ud00wZnZPVjYxY1BqV21ZWDlwSVhPeVFPajBZZ1BJcw==,2023-06-08 14:52:32.063929
youtube#commentThread,NKJLITM2UNzUC5YMXBFZGCMi9vQ,Ugx68BVmG7NgBlxJmp54AaABAg,"{'videoId': 'zEfTDpfyt1o', 'topLevelComment': {'kind': 'youtube#comment', 'etag': 'nNyAybRQp8yrDcq069nA2ujKiAA', 'id': 'Ugx68BVmG7NgBlxJmp54AaABAg', 'snippet': {'videoId': 'zEfTDpfyt1o', 'textDisplay': 'IMAGINA quantas morte vão ser imcomendada se esse MILICIANO BOZONARO ficar mais 4 anos ???? Agora e matar e apagar o vídeo igual o TARCÍSIO ordenou em São Paulo .... Ele já deixou claro que a PM de são Paulo não vai mais ter câmera pra gravar as operações e patrulhas ... Removeram o corpo do rapaz da cena do crime e agora estão fazendo uma operação apagar provas e daqui uns dias começa a queima de arquivos ... O cinegrafista que gravou tudo pediu demissão da jovem PUN e tá com medo do pessoal do Tarcísio matar ele a a mulher dele que vai ganhar nenê  mês que vem .... A família do rapaz que o pessoal do Tarcísio matou está comendo de ser mostra também', 'textOriginal': 'IMAGINA quantas morte vão ser imcomendada se esse MILICIANO BOZONARO ficar mais 4 anos ???? Agora e matar e apagar o vídeo igual o TARCÍSIO ordenou em São Paulo .... Ele já deixou claro que a PM de são Paulo não vai mais ter câmera pra gravar as operações e patrulhas ... Removeram o corpo do rapaz da cena do crime e agora estão fazendo uma operação apagar provas e daqui uns dias começa a queima de arquivos ... O cinegrafista que gravou tudo pediu demissão da jovem PUN e tá com medo do pessoal do Tarcísio matar ele a a mulher dele que vai ganhar nenê  mês que vem .... A família do rapaz que o pessoal do Tarcísio matou está comendo de ser mostra também', 'authorDisplayName': 'luiz mello', 'authorProfileImageUrl': 'https://yt3.ggpht.com/ytc/AGIKgqM2hh67XeEhuc2eb90wQuZNRPnmXzS1URISz19M=s48-c-k-c0x00ffffff-no-rj', 'authorChannelUrl': 'http://www.youtube.com/channel/UCjNF9YFP_tY5lTVk1leykgg', 'authorChannelId': {'value': 'UCjNF9YFP_tY5lTVk1leykgg'}, 'canRate': True, 'viewerRating': 'none', 'likeCount': 0, 'publishedAt': '2022-10-29T12:30:13Z', 'updatedAt': '2022-10-29T12:30:13Z'}}, 'canReply': True, 'totalReplyCount': 0, 'isPublic': True}",,UCjNF9YFP_tY5lTVk1leykgg,2022-10-29T12:30:13Z,IMAGINA quantas morte vão ser imcomendada se esse MILICIANO BOZONARO ficar mais 4 anos ???? Agora e matar e apagar o vídeo igual o TARCÍSIO ordenou em São Paulo .... Ele já deixou claro que a PM de são Paulo não vai mais ter câmera pra gravar as operações e patrulhas ... Removeram o corpo do rapaz da cena do crime e agora estão fazendo uma operação apagar provas e daqui uns dias começa a queima de arquivos ... O cinegrafista que gravou tudo pediu demissão da jovem PUN e tá com medo do pessoal do Tarcísio matar ele a a mulher dele que vai ganhar nenê  mês que vem .... A família do rapaz que o pessoal do Tarcísio matou está comendo de ser mostra também,QURTSl9pMzBrY2o5eGFidExJSUNBckp1QnMxSHFsSEtROTNYQmFwcXZTblJXVm9Ud00wZnZPVjYxY1BqV21ZWDlwSVhPeVFPajBZZ1BJcw==,2023-06-08 14:52:32.063929
youtube#commentThread,-GuyUnnynOp7hrJ7SFG_0bxiQrY,UgzE1N8CDO1TLmlcp5p4AaABAg,"{'videoId': 'zEfTDpfyt1o', 'topLevelComment': {'kind': 'youtube#comment', 'etag': 'tWTGCtdEVo6xMumJFUD_um4R9CA', 'id': 'UgzE1N8CDO1TLmlcp5p4AaABAg', 'snippet': {'videoId': 'zEfTDpfyt1o', 'textDisplay': 'APOIADORES DO MILICIANO TERRORISTA DA ACADEMIA MILITAR DAS AGULHAS NEGRAS !!!! ROBERTO JEFERSON E SO MAIS UM BOSTAMINION 💩🤡🤡', 'textOriginal': 'APOIADORES DO MILICIANO TERRORISTA DA ACADEMIA MILITAR DAS AGULHAS NEGRAS !!!! ROBERTO JEFERSON E SO MAIS UM BOSTAMINION 💩🤡🤡', 'authorDisplayName': 'luiz mello', 'authorProfileImageUrl': 'https://yt3.ggpht.com/ytc/AGIKgqM2hh67XeEhuc2eb90wQuZNRPnmXzS1URISz19M=s48-c-k-c0x00ffffff-no-rj', 'authorChannelUrl': 'http://www.youtube.com/channel/UCjNF9YFP_tY5lTVk1leykgg', 'authorChannelId': {'value': 'UCjNF9YFP_tY5lTVk1leykgg'}, 'canRate': True, 'viewerRating': 'none', 'likeCount': 0, 'publishedAt': '2022-10-29T12:23:56Z', 'updatedAt': '2022-10-29T12:23:56Z'}}, 'canReply': True, 'totalReplyCount': 0, 'isPublic': True}",,UCjNF9YFP_tY5lTVk1leykgg,2022-10-29T12:23:56Z,APOIADORES DO MILICIANO TERRORISTA DA ACADEMIA MILITAR DAS AGULHAS NEGRAS !!!! ROBERTO JEFERSON E SO MAIS UM BOSTAMINION 💩🤡🤡,QURTSl9pMzBrY2o5eGFidExJSUNBckp1QnMxSHFsSEtROTNYQmFwcXZTblJXVm9Ud00wZnZPVjYxY1BqV21ZWDlwSVhPeVFPajBZZ1BJcw==,2023-06-08 14:52:32.063929
youtube#commentThread,zXl5XMbtjolzhJkLTtOufM5Fb3Q,UgwFhRAVVUF6h_ZkreB4AaABAg,"{'videoId': 'zEfTDpfyt1o', 'topLevelComment': {'kind': 'youtube#comment', 'etag': 'mp-4c__W9id13iUH2PHc8qJQWjI', 'id': 'UgwFhRAVVUF6h_ZkreB4AaABAg', 'snippet': {'videoId': 'zEfTDpfyt1o', 'textDisplay': 'E aí Jovem Pan, vai se pronunciar sobre o cinegrafista que pediu demissão? O que vocês estão querendo esconder daquele tiroteio? Estão envolvidos com os milicianos? Pediram para o cinegrafista gravar um vídeo apoiando Tarcísio? PATÉTICO<br><br>Jovem Pan ano que vem NA LAMA HAHAHAHAHA', 'textOriginal': 'E aí Jovem Pan, vai se pronunciar sobre o cinegrafista que pediu demissão? O que vocês estão querendo esconder daquele tiroteio? Estão envolvidos com os milicianos? Pediram para o cinegrafista gravar um vídeo apoiando Tarcísio? PATÉTICO\\n\\nJovem Pan ano que vem NA LAMA HAHAHAHAHA', 'authorDisplayName': 'For Men Sports', 'authorProfileImageUrl': 'https://yt3.ggpht.com/WzR_hCsnq_ANkWnFoVR3ytpkg-gN1NGUcmjxiKaLeb64AYUtJ236s7w_u-KYX0d6zF4WvZD5AQ=s48-c-k-c0x00ffffff-no-rj', 'authorChannelUrl': 'http://www.youtube.com/channel/UCXNI43fuP2DeA41x9ELL9AA', 'authorChannelId': {'value': 'UCXNI43fuP2DeA41x9ELL9AA'}, 'canRate': True, 'viewerRating': 'none', 'likeCount': 0, 'publishedAt': '2022-10-27T21:04:36Z', 'updatedAt': '2022-10-27T21:04:36Z'}}, 'canReply': True, 'totalReplyCount': 0, 'isPublic': True}",,UCXNI43fuP2DeA41x9ELL9AA,2022-10-27T21:04:36Z,"E aí Jovem Pan, vai se pronunciar sobre o cinegrafista que pediu demissão? O que vocês estão querendo esconder daquele tiroteio? Estão envolvidos com os milicianos? Pediram para o cinegrafista gravar um vídeo apoiando Tarcísio? PATÉTICO

Jovem Pan ano que vem NA LAMA HAHAHAHAHA",QURTSl9pMzBrY2o5eGFidExJSUNBckp1QnMxSHFsSEtROTNYQmFwcXZTblJXVm9Ud00wZnZPVjYxY1BqV21ZWDlwSVhPeVFPajBZZ1BJcw==,2023-06-08 14:52:32.063929
youtube#commentThread,BuFTJZzAgR7PpPU9IgvO5OUTh-4,Ugw0mQLHyX1q5WE6x_J4AaABAg,"{'videoId': 'zEfTDpfyt1o', 'topLevelComment': {'kind': 'youtube#comment', 'etag': 'fQK1oEzRZSANIuveOGuA-WE4P7s', 'id': 'Ugw0mQLHyX1q5WE6x_J4AaABAg', 'snippet': {'videoId': 'zEfTDpfyt1o', 'textDisplay': 'Eu sei até em quem eles votaram.', 'textOriginal': 'Eu sei até em quem eles votaram.', 'authorDisplayName': 'Paulo Lima', 'authorProfileImageUrl': 'https://yt3.ggpht.com/ytc/AGIKgqM_ndyMlvmVcBLKEidZTjdBsfcX6rTozj9Q-bSUpw=s48-c-k-c0x00ffffff-no-rj', 'authorChannelUrl': 'http://www.youtube.com/channel/UCLQ5bJpBMzV433i6Z4mqJww', 'authorChannelId': {'value': 'UCLQ5bJpBMzV433i6Z4mqJww'}, 'canRate': True, 'viewerRating': 'none', 'likeCount': 0, 'publishedAt': '2022-10-26T20:05:49Z', 'updatedAt': '2022-10-26T20:05:49Z'}}, 'canReply': True, 'totalReplyCount': 0, 'isPublic': True}",,UCLQ5bJpBMzV433i6Z4mqJww,2022-10-26T20:05:49Z,Eu sei até em quem eles votaram.,QURTSl9pMzBrY2o5eGFidExJSUNBckp1QnMxSHFsSEtROTNYQmFwcXZTblJXVm9Ud00wZnZPVjYxY1BqV21ZWDlwSVhPeVFPajBZZ1BJcw==,2023-06-08 14:52:32.063929
youtube#commentThread,oIHTahhwNxOXeqNxN_hjeC8Fcbg,Ugx_FUujj-pT2oeEHAV4AaABAg,"{'videoId': 'zEfTDpfyt1o', 'topLevelComment': {'kind': 'youtube#comment', 'etag': '5C9hfHa-W31fO6QnsAHv2G5FJlM', 'id': 'Ugx_FUujj-pT2oeEHAV4AaABAg', 'snippet': {'videoId': 'zEfTDpfyt1o', 'textDisplay': 'Esse amigo do Bolsonaro com certeza é 13 kkkkk', 'textOriginal': 'Esse amigo do Bolsonaro com certeza é 13 kkkkk', 'authorDisplayName': 'Alan Jones Jones', 'authorProfileImageUrl': 'https://yt3.ggpht.com/ytc/AGIKgqOwIiPzTztz4iCDY732pipygFm-6K4e4S_b4g=s48-c-k-c0x00ffffff-no-rj', 'authorChannelUrl': 'http://www.youtube.com/channel/UCJetjqoFlq1Wm8Hho8PUtfQ', 'authorChannelId': {'value': 'UCJetjqoFlq1Wm8Hho8PUtfQ'}, 'canRate': True, 'viewerRating': 'none', 'likeCount': 0, 'publishedAt': '2022-10-26T14:52:21Z', 'updatedAt': '2022-10-26T14:52:21Z'}}, 'canReply': True, 'totalReplyCount': 0, 'isPublic': True}",,UCJetjqoFlq1Wm8Hho8PUtfQ,2022-10-26T14:52:21Z,Esse amigo do Bolsonaro com certeza é 13 kkkkk,QURTSl9pMzBrY2o5eGFidExJSUNBckp1QnMxSHFsSEtROTNYQmFwcXZTblJXVm9Ud00wZnZPVjYxY1BqV21ZWDlwSVhPeVFPajBZZ1BJcw==,2023-06-08 14:52:32.063929
youtube#commentThread,tpDBFzgx3gVDY6uAzJ2cd7HHebA,Ugzm1bXqTeycdXfy2dJ4AaABAg,"{'videoId': 'zEfTDpfyt1o', 'topLevelComment': {'kind': 'youtube#comment', 'etag': 'MBeVTkxNNS3ajkNQL1ndTxAI1wQ', 'id': 'Ugzm1bXqTeycdXfy2dJ4AaABAg', 'snippet': {'videoId': 'zEfTDpfyt1o', 'textDisplay': '&quot;Apoiadores de Roberto Jefferson = Bolsonarista cidadão de bem&quot;', 'textOriginal': '""Apoiadores de Roberto Jefferson = Bolsonarista cidadão de bem""', 'authorDisplayName': 'Caio Pires', 'authorProfileImageUrl': 'https://yt3.ggpht.com/ytc/AGIKgqMZGqX2l40BBwyBlFxbF-BPL1yGOecDkmn7rgaDvw=s48-c-k-c0x00ffffff-no-rj', 'authorChannelUrl': 'http://www.youtube.com/channel/UCNYV5h-9RVVmyLB4Zau7CYQ', 'authorChannelId': {'value': 'UCNYV5h-9RVVmyLB4Zau7CYQ'}, 'canRate': True, 'viewerRating': 'none', 'likeCount': 0, 'publishedAt': '2022-10-26T12:05:41Z', 'updatedAt': '2022-10-26T12:05:41Z'}}, 'canReply': True, 'totalReplyCount': 0, 'isPublic': True}",,UCNYV5h-9RVVmyLB4Zau7CYQ,2022-10-26T12:05:41Z,"""Apoiadores de Roberto Jefferson = Bolsonarista cidadão de bem""",QURTSl9pMzBrY2o5eGFidExJSUNBckp1QnMxSHFsSEtROTNYQmFwcXZTblJXVm9Ud00wZnZPVjYxY1BqV21ZWDlwSVhPeVFPajBZZ1BJcw==,2023-06-08 14:52:32.063929
youtube#commentThread,Ql9ipBYJmJWVZl2Jtft-pwWGRh4,UgzydWVWlbYauh2ykQ54AaABAg,"{'videoId': 'zEfTDpfyt1o', 'topLevelComment': {'kind': 'youtube#comment', 'etag': 'FcZU5cnbTwKkdH0mesqzMM0Lc0c', 'id': 'UgzydWVWlbYauh2ykQ54AaABAg', 'snippet': {'videoId': 'zEfTDpfyt1o', 'textDisplay': 'Vergonha essa jp virou esquerda kkkkkkkk', 'textOriginal': 'Vergonha essa jp virou esquerda kkkkkkkk', 'authorDisplayName': 'Francis Henrique', 'authorProfileImageUrl': 'https://yt3.ggpht.com/ytc/AGIKgqPGdpCcOG7ioIhLIZwi_phX83BsMkrL2nsQzLrTlHV10bvObEZRLscyrEaUsw7e=s48-c-k-c0x00ffffff-no-rj', 'authorChannelUrl': 'http://www.youtube.com/channel/UCdHtZVwmKNdn4cFDpzN4zVQ', 'authorChannelId': {'value': 'UCdHtZVwmKNdn4cFDpzN4zVQ'}, 'canRate': True, 'viewerRating': 'none', 'likeCount': 0, 'publishedAt': '2022-10-26T11:35:47Z', 'updatedAt': '2022-10-26T11:35:47Z'}}, 'canReply': True, 'totalReplyCount': 0, 'isPublic': True}",,UCdHtZVwmKNdn4cFDpzN4zVQ,2022-10-26T11:35:47Z,Vergonha essa jp virou esquerda kkkkkkkk,QURTSl9pMzBrY2o5eGFidExJSUNBckp1QnMxSHFsSEtROTNYQmFwcXZTblJXVm9Ud00wZnZPVjYxY1BqV21ZWDlwSVhPeVFPajBZZ1BJcw==,2023-06-08 14:52:32.063929
youtube#commentThread,u-wy5wqTSJssWL9pgwTEwZohPyw,Ugz51C3kPCY5SysLZPB4AaABAg,"{'videoId': 'zEfTDpfyt1o', 'topLevelComment': {'kind': 'youtube#comment', 'etag': '4D3jZ2MrQz0lVt9B4feQ7Jzd0TQ', 'id': 'Ugz51C3kPCY5SysLZPB4AaABAg', 'snippet': {'videoId': 'zEfTDpfyt1o', 'textDisplay': 'De Jeferson não de Bolsonaro.', 'textOriginal': 'De Jeferson não de Bolsonaro.', 'authorDisplayName': 'Francis Henrique', 'authorProfileImageUrl': 'https://yt3.ggpht.com/ytc/AGIKgqPGdpCcOG7ioIhLIZwi_phX83BsMkrL2nsQzLrTlHV10bvObEZRLscyrEaUsw7e=s48-c-k-c0x00ffffff-no-rj', 'authorChannelUrl': 'http://www.youtube.com/channel/UCdHtZVwmKNdn4cFDpzN4zVQ', 'authorChannelId': {'value': 'UCdHtZVwmKNdn4cFDpzN4zVQ'}, 'canRate': True, 'viewerRating': 'none', 'likeCount': 0, 'publishedAt': '2022-10-26T11:34:21Z', 'updatedAt': '2022-10-26T11:34:21Z'}}, 'canReply': True, 'totalReplyCount': 0, 'isPublic': True}",,UCdHtZVwmKNdn4cFDpzN4zVQ,2022-10-26T11:34:21Z,De Jeferson não de Bolsonaro.,QURTSl9pMzBrY2o5eGFidExJSUNBckp1QnMxSHFsSEtROTNYQmFwcXZTblJXVm9Ud00wZnZPVjYxY1BqV21ZWDlwSVhPeVFPajBZZ1BJcw==,2023-06-08 14:52:32.063929
youtube#commentThread,4HAG5IM0_MkriciZd0RdC0DzDw0,UgzNKMRZsGh-6Rd-KKh4AaABAg,"{'videoId': 'zEfTDpfyt1o', 'topLevelComment': {'kind': 'youtube#comment', 'etag': 'LQGFSd60LwRBuXHind1A2Wmp1q4', 'id': 'UgzNKMRZsGh-6Rd-KKh4AaABAg', 'snippet': {'videoId': 'zEfTDpfyt1o', 'textDisplay': 'Kkkkkkk a jovem pan incentiva o ódio social 24 horas na sua programação oras', 'textOriginal': 'Kkkkkkk a jovem pan incentiva o ódio social 24 horas na sua programação oras', 'authorDisplayName': 'Alex Oliveira', 'authorProfileImageUrl': 'https://yt3.ggpht.com/ytc/AGIKgqOu5U-5pIGjGcCBARKECfOzzx0rh76NYFesXnfa9A=s48-c-k-c0x00ffffff-no-rj', 'authorChannelUrl': 'http://www.youtube.com/channel/UCbRx5ltb-Vxp-IIrSoAVXNQ', 'authorChannelId': {'value': 'UCbRx5ltb-Vxp-IIrSoAVXNQ'}, 'canRate': True, 'viewerRating': 'none', 'likeCount': 0, 'publishedAt': '2022-10-26T06:23:42Z', 'updatedAt': '2022-10-26T06:23:42Z'}}, 'canReply': True, 'totalReplyCount': 0, 'isPublic': True}",,UCbRx5ltb-Vxp-IIrSoAVXNQ,2022-10-26T06:23:42Z,Kkkkkkk a jovem pan incentiva o ódio social 24 horas na sua programação oras,QURTSl9pMzBrY2o5eGFidExJSUNBckp1QnMxSHFsSEtROTNYQmFwcXZTblJXVm9Ud00wZnZPVjYxY1BqV21ZWDlwSVhPeVFPajBZZ1BJcw==,2023-06-08 14:52:32.063929
youtube#commentThread,dBOxOXNt22ZEkyMwmnKfrU9x3f0,UgwQMbXSfKE6jWn1e-p4AaABAg,"{'videoId': 'zEfTDpfyt1o', 'topLevelComment': {'kind': 'youtube#comment', 'etag': '7eNoy8s3ZBJpwqW4qnBipNZVJJk', 'id': 'UgwQMbXSfKE6jWn1e-p4AaABAg', 'snippet': {'videoId': 'zEfTDpfyt1o', 'textDisplay': '&quot; jovem pan censurada&quot;... faça-me rir...kkkkkkkkkkkkkkkk finalmente deram um basta a essa emissora extremista cara de pau ❤🙌🏾', 'textOriginal': '"" jovem pan censurada""... faça-me rir...kkkkkkkkkkkkkkkk finalmente deram um basta a essa emissora extremista cara de pau ❤🙌🏾', 'authorDisplayName': 'Antônio Santos Júnior', 'authorProfileImageUrl': 'https://yt3.ggpht.com/ytc/AGIKgqNvVS7j2ipfWm6OvQ8C_O7bFgbWR799RvZht2jyqQ=s48-c-k-c0x00ffffff-no-rj', 'authorChannelUrl': 'http://www.youtube.com/channel/UCqFh_314RzZeDM31wlC2OWw', 'authorChannelId': {'value': 'UCqFh_314RzZeDM31wlC2OWw'}, 'canRate': True, 'viewerRating': 'none', 'likeCount': 0, 'publishedAt': '2022-10-26T03:56:17Z', 'updatedAt': '2022-10-26T03:56:17Z'}}, 'canReply': True, 'totalReplyCount': 0, 'isPublic': True}",,UCqFh_314RzZeDM31wlC2OWw,2022-10-26T03:56:17Z,""" jovem pan censurada""... faça-me rir...kkkkkkkkkkkkkkkk finalmente deram um basta a essa emissora extremista cara de pau ❤🙌🏾",QURTSl9pMzBrY2o5eGFidExJSUNBckp1QnMxSHFsSEtROTNYQmFwcXZTblJXVm9Ud00wZnZPVjYxY1BqV21ZWDlwSVhPeVFPajBZZ1BJcw==,2023-06-08 14:52:32.063929
youtube#commentThread,jBG-aTI0QJGfz6M7YjTFFV6TS4E,UgzBVu4paaGq57t1BSV4AaABAg,"{'videoId': 'zEfTDpfyt1o', 'topLevelComment': {'kind': 'youtube#comment', 'etag': 'fnr3GVMS7xVQkcznjWPMNFG0saM', 'id': 'UgzBVu4paaGq57t1BSV4AaABAg', 'snippet': {'videoId': 'zEfTDpfyt1o', 'textDisplay': 'Excelente a postura dos comentaristas.', 'textOriginal': 'Excelente a postura dos comentaristas.', 'authorDisplayName': 'Odilene Azevedo', 'authorProfileImageUrl': 'https://yt3.ggpht.com/ytc/AGIKgqMm-rhCdlGWmFO-3HLIZ52A7ieCLdDzA_GHNUvF=s48-c-k-c0x00ffffff-no-rj', 'authorChannelUrl': 'http://www.youtube.com/channel/UCqYuI6YalBGlKDq839Fc7ug', 'authorChannelId': {'value': 'UCqYuI6YalBGlKDq839Fc7ug'}, 'canRate': True, 'viewerRating': 'none', 'likeCount': 0, 'publishedAt': '2022-10-25T21:05:08Z', 'updatedAt': '2022-10-25T21:05:08Z'}}, 'canReply': True, 'totalReplyCount': 0, 'isPublic': True}",,UCqYuI6YalBGlKDq839Fc7ug,2022-10-25T21:05:08Z,Excelente a postura dos comentaristas.,QURTSl9pMzBrY2o5eGFidExJSUNBckp1QnMxSHFsSEtROTNYQmFwcXZTblJXVm9Ud00wZnZPVjYxY1BqV21ZWDlwSVhPeVFPajBZZ1BJcw==,2023-06-08 14:52:32.063929
youtube#commentThread,BafOZOfPrqJ4BS509qzdJTlvuaU,UgxFwnP5rcuObNiEtB94AaABAg,"{'videoId': 'zEfTDpfyt1o', 'topLevelComment': {'kind': 'youtube#comment', 'etag': 'GQtng0c3AHijflNYXYvmsYLV1HI', 'id': 'UgxFwnP5rcuObNiEtB94AaABAg', 'snippet': {'videoId': 'zEfTDpfyt1o', 'textDisplay': 'O  ódio está implantado em nosso país . Todos  sabemos porque está acontecendo. Dia 30/10 vote 13.', 'textOriginal': 'O  ódio está implantado em nosso país . Todos  sabemos porque está acontecendo. Dia 30/10 vote 13.', 'authorDisplayName': 'Odilene Azevedo', 'authorProfileImageUrl': 'https://yt3.ggpht.com/ytc/AGIKgqMm-rhCdlGWmFO-3HLIZ52A7ieCLdDzA_GHNUvF=s48-c-k-c0x00ffffff-no-rj', 'authorChannelUrl': 'http://www.youtube.com/channel/UCqYuI6YalBGlKDq839Fc7ug', 'authorChannelId': {'value': 'UCqYuI6YalBGlKDq839Fc7ug'}, 'canRate': True, 'viewerRating': 'none', 'likeCount': 0, 'publishedAt': '2022-10-25T21:03:51Z', 'updatedAt': '2022-10-25T21:03:51Z'}}, 'canReply': True, 'totalReplyCount': 0, 'isPublic': True}",,UCqYuI6YalBGlKDq839Fc7ug,2022-10-25T21:03:51Z,O  ódio está implantado em nosso país . Todos  sabemos porque está acontecendo. Dia 30/10 vote 13.,QURTSl9pMzBrY2o5eGFidExJSUNBckp1QnMxSHFsSEtROTNYQmFwcXZTblJXVm9Ud00wZnZPVjYxY1BqV21ZWDlwSVhPeVFPajBZZ1BJcw==,2023-06-08 14:52:32.063929
youtube#commentThread,voh5bxoOsizFv2chupGWgOqbzkA,Ugzdia2tRxcLqtUhrPt4AaABAg,"{'videoId': 'zEfTDpfyt1o', 'topLevelComment': {'kind': 'youtube#comment', 'etag': 'nQti9tZQp0Kpv4wDSRu2ImVxdeo', 'id': 'Ugzdia2tRxcLqtUhrPt4AaABAg', 'snippet': {'videoId': 'zEfTDpfyt1o', 'textDisplay': 'Imagina quando Bosolnario perde os enracionais vão atacar', 'textOriginal': 'Imagina quando Bosolnario perde os enracionais vão atacar', 'authorDisplayName': 'Fabio Batista pereira', 'authorProfileImageUrl': 'https://yt3.ggpht.com/zux1fc4yrxk4mZXKZ9Vc_TzS_34oElkfRHPgxzJqjqGAjE3lRsSb5a6HPT7v4GWHFbUmNXqo=s48-c-k-c0x00ffffff-no-rj', 'authorChannelUrl': 'http://www.youtube.com/channel/UCwzZiYabeiomX0Al56ITkRQ', 'authorChannelId': {'value': 'UCwzZiYabeiomX0Al56ITkRQ'}, 'canRate': True, 'viewerRating': 'none', 'likeCount': 0, 'publishedAt': '2022-10-25T18:53:50Z', 'updatedAt': '2022-10-25T18:53:50Z'}}, 'canReply': True, 'totalReplyCount': 0, 'isPublic': True}",,UCwzZiYabeiomX0Al56ITkRQ,2022-10-25T18:53:50Z,Imagina quando Bosolnario perde os enracionais vão atacar,QURTSl9pMzBrY2o5eGFidExJSUNBckp1QnMxSHFsSEtROTNYQmFwcXZTblJXVm9Ud00wZnZPVjYxY1BqV21ZWDlwSVhPeVFPajBZZ1BJcw==,2023-06-08 14:52:32.063929
youtube#commentThread,_lOLSMWFmoMq5Nb-PNc4PLLGbuY,UgxasH7r59OSU8bswh54AaABAg,"{'videoId': 'zEfTDpfyt1o', 'topLevelComment': {'kind': 'youtube#comment', 'etag': 'd3FSlCoxNU0CHUF1g6aKA8FiKX8', 'id': 'UgxasH7r59OSU8bswh54AaABAg', 'snippet': {'videoId': 'zEfTDpfyt1o', 'textDisplay': 'A Imprensa apoiou a ascensão dos fascistas só pra apanhar. Não tenho pena nenhuma - assim como não terei pena dos brasilecos caso o Bozo seja reeleito, não venham me pedir comida nas ruas.', 'textOriginal': 'A Imprensa apoiou a ascensão dos fascistas só pra apanhar. Não tenho pena nenhuma - assim como não terei pena dos brasilecos caso o Bozo seja reeleito, não venham me pedir comida nas ruas.', 'authorDisplayName': 'Carlos Pinto', 'authorProfileImageUrl': 'https://yt3.ggpht.com/ytc/AGIKgqOvrWkME0TDHxAH6tFxAUxbN4hlDd92EM1lHg=s48-c-k-c0x00ffffff-no-rj', 'authorChannelUrl': 'http://www.youtube.com/channel/UCNpBIovEwKkHuiWrzGNc4yQ', 'authorChannelId': {'value': 'UCNpBIovEwKkHuiWrzGNc4yQ'}, 'canRate': True, 'viewerRating': 'none', 'likeCount': 0, 'publishedAt': '2022-10-25T17:22:20Z', 'updatedAt': '2022-10-25T17:22:20Z'}}, 'canReply': True, 'totalReplyCount': 0, 'isPublic': True}",,UCNpBIovEwKkHuiWrzGNc4yQ,2022-10-25T17:22:20Z,"A Imprensa apoiou a ascensão dos fascistas só pra apanhar. Não tenho pena nenhuma - assim como não terei pena dos brasilecos caso o Bozo seja reeleito, não venham me pedir comida nas ruas.",QURTSl9pMzBrY2o5eGFidExJSUNBckp1QnMxSHFsSEtROTNYQmFwcXZTblJXVm9Ud00wZnZPVjYxY1BqV21ZWDlwSVhPeVFPajBZZ1BJcw==,2023-06-08 14:52:32.063929
youtube#commentThread,X1eTNWZXw5rsLGkHiZcXnjtLO3A,Ugw3zfHKEbm3Rk2t1FR4AaABAg,"{'videoId': 'zEfTDpfyt1o', 'topLevelComment': {'kind': 'youtube#comment', 'etag': 'DiePibXTNVniYia0nUJQc1H0hvk', 'id': 'Ugw3zfHKEbm3Rk2t1FR4AaABAg', 'snippet': {'videoId': 'zEfTDpfyt1o', 'textDisplay': '&quot;apoiadores de Roberto Jefferson&quot;... Sei... 🤣🤣🤣🤣', 'textOriginal': '""apoiadores de Roberto Jefferson""... Sei... 🤣🤣🤣🤣', 'authorDisplayName': 'Fernando Cruz', 'authorProfileImageUrl': 'https://yt3.ggpht.com/ytc/AGIKgqO9Raxd2R69G0aoKTPBzyhZuEigC29oy-uQWP-OhQ=s48-c-k-c0x00ffffff-no-rj', 'authorChannelUrl': 'http://www.youtube.com/channel/UC7h-Al85A8IAKEzwNwwYiYQ', 'authorChannelId': {'value': 'UC7h-Al85A8IAKEzwNwwYiYQ'}, 'canRate': True, 'viewerRating': 'none', 'likeCount': 0, 'publishedAt': '2022-10-25T14:34:27Z', 'updatedAt': '2022-10-25T14:34:27Z'}}, 'canReply': True, 'totalReplyCount': 0, 'isPublic': True}",,UC7h-Al85A8IAKEzwNwwYiYQ,2022-10-25T14:34:27Z,"""apoiadores de Roberto Jefferson""... Sei... 🤣🤣🤣🤣",QURTSl9pMzBrY2o5eGFidExJSUNBckp1QnMxSHFsSEtROTNYQmFwcXZTblJXVm9Ud00wZnZPVjYxY1BqV21ZWDlwSVhPeVFPajBZZ1BJcw==,2023-06-08 14:52:32.063929
youtube#commentThread,m3v73DZUWthfWpZKBo2Z0vgbsG0,UgzTvzjgiuo6Bt7kcqd4AaABAg,"{'videoId': 'zEfTDpfyt1o', 'topLevelComment': {'kind': 'youtube#comment', 'etag': 'Mf441Zv8dQt2bHhXL2G4tz3fCuM', 'id': 'UgzTvzjgiuo6Bt7kcqd4AaABAg', 'snippet': {'videoId': 'zEfTDpfyt1o', 'textDisplay': 'Para o brasil se tornar Brasil: - bobos e + Bobs!', 'textOriginal': 'Para o brasil se tornar Brasil: - bobos e + Bobs!', 'authorDisplayName': 'Augusto Andrade', 'authorProfileImageUrl': 'https://yt3.ggpht.com/XqRTpm56uDoDHDEvWePFxeQMdXOd_8pnfYoK-kc8Kv74ht9qCqeJqBAf3V3mBKuS8Syy0ZvJ_w=s48-c-k-c0x00ffffff-no-rj', 'authorChannelUrl': 'http://www.youtube.com/channel/UCxsvmkNVjLmQYIc39Cp2gHQ', 'authorChannelId': {'value': 'UCxsvmkNVjLmQYIc39Cp2gHQ'}, 'canRate': True, 'viewerRating': 'none', 'likeCount': 0, 'publishedAt': '2022-10-25T14:02:53Z', 'updatedAt': '2022-10-25T14:02:53Z'}}, 'canReply': True, 'totalReplyCount': 0, 'isPublic': True}",,UCxsvmkNVjLmQYIc39Cp2gHQ,2022-10-25T14:02:53Z,Para o brasil se tornar Brasil: - bobos e + Bobs!,QURTSl9pMzBrY2o5eGFidExJSUNBckp1QnMxSHFsSEtROTNYQmFwcXZTblJXVm9Ud00wZnZPVjYxY1BqV21ZWDlwSVhPeVFPajBZZ1BJcw==,2023-06-08 14:52:32.063929
youtube#commentThread,CaiuGu-ywLdJWxIvEybEiZDWzmw,UgwTWz81zQi9JopDd2h4AaABAg,"{'videoId': 'zEfTDpfyt1o', 'topLevelComment': {'kind': 'youtube#comment', 'etag': 'fQ50fcHlZvnF9JSIDyVh-yv9Sxc', 'id': 'UgwTWz81zQi9JopDd2h4AaABAg', 'snippet': {'videoId': 'zEfTDpfyt1o', 'textDisplay': 'e o cara de verde agressor fugiu ????', 'textOriginal': 'e o cara de verde agressor fugiu ????', 'authorDisplayName': 'antonio alberto machado', 'authorProfileImageUrl': 'https://yt3.ggpht.com/ytc/AGIKgqOCO9dsw3CxxA77SHR44MQd591LBduvJH1-rB-FWu-a3QW8oJ8fA5VGDvxTeFDZ=s48-c-k-c0x00ffffff-no-rj', 'authorChannelUrl': 'http://www.youtube.com/channel/UCi4x3UNbswGrWzDSh_AaAVA', 'authorChannelId': {'value': 'UCi4x3UNbswGrWzDSh_AaAVA'}, 'canRate': True, 'viewerRating': 'none', 'likeCount': 0, 'publishedAt': '2022-10-25T13:59:33Z', 'updatedAt': '2022-10-25T13:59:33Z'}}, 'canReply': True, 'totalReplyCount': 0, 'isPublic': True}",,UCi4x3UNbswGrWzDSh_AaAVA,2022-10-25T13:59:33Z,e o cara de verde agressor fugiu ????,QURTSl9pMzBrY2o5eGFidExJSUNBckp1QnMxSHFsSEtROTNYQmFwcXZTblJXVm9Ud00wZnZPVjYxY1BqV21ZWDlwSVhPeVFPajBZZ1BJcw==,2023-06-08 14:52:32.063929
youtube#commentThread,KnzNQVW7IuHunl7QKyvocqf8gdM,UgxHpp3m3M1NxXIghIp4AaABAg,"{'videoId': 'zEfTDpfyt1o', 'topLevelComment': {'kind': 'youtube#comment', 'etag': 'gOn4o4npVjLHZqYTrBJCOqs2e4g', 'id': 'UgxHpp3m3M1NxXIghIp4AaABAg', 'snippet': {'videoId': 'zEfTDpfyt1o', 'textDisplay': 'Caiu sentado e arrebentou a cabeça ?', 'textOriginal': 'Caiu sentado e arrebentou a cabeça ?', 'authorDisplayName': 'carlos alberto villani', 'authorProfileImageUrl': 'https://yt3.ggpht.com/ytc/AGIKgqP1wp02HP8DOUDkrtXVxOdyEVt9dIeEfL6pYquk=s48-c-k-c0x00ffffff-no-rj', 'authorChannelUrl': 'http://www.youtube.com/channel/UCVZGpT8uAuFje8q0947LLKQ', 'authorChannelId': {'value': 'UCVZGpT8uAuFje8q0947LLKQ'}, 'canRate': True, 'viewerRating': 'none', 'likeCount': 0, 'publishedAt': '2022-10-25T13:58:49Z', 'updatedAt': '2022-10-25T13:58:49Z'}}, 'canReply': True, 'totalReplyCount': 0, 'isPublic': True}",,UCVZGpT8uAuFje8q0947LLKQ,2022-10-25T13:58:49Z,Caiu sentado e arrebentou a cabeça ?,QURTSl9pMzBrY2o5eGFidExJSUNBckp1QnMxSHFsSEtROTNYQmFwcXZTblJXVm9Ud00wZnZPVjYxY1BqV21ZWDlwSVhPeVFPajBZZ1BJcw==,2023-06-08 14:52:32.063929
youtube#commentThread,1WtYyGhTkj-bJMx9Vikym3bJJ_g,UgyHO0no0_xSwHkx4SZ4AaABAg,"{'videoId': 'zEfTDpfyt1o', 'topLevelComment': {'kind': 'youtube#comment', 'etag': 'DhNW6Pfqe9fD9KXMU6DO5IX9_gA', 'id': 'UgyHO0no0_xSwHkx4SZ4AaABAg', 'snippet': {'videoId': 'zEfTDpfyt1o', 'textDisplay': 'A câmera danificou com certeza, só que nunca ví &quot;TRAUMATISMO CRÂNIANO EM UMA MÁQUINA&quot;', 'textOriginal': 'A câmera danificou com certeza, só que nunca ví ""TRAUMATISMO CRÂNIANO EM UMA MÁQUINA""', 'authorDisplayName': 'carlos alberto villani', 'authorProfileImageUrl': 'https://yt3.ggpht.com/ytc/AGIKgqP1wp02HP8DOUDkrtXVxOdyEVt9dIeEfL6pYquk=s48-c-k-c0x00ffffff-no-rj', 'authorChannelUrl': 'http://www.youtube.com/channel/UCVZGpT8uAuFje8q0947LLKQ', 'authorChannelId': {'value': 'UCVZGpT8uAuFje8q0947LLKQ'}, 'canRate': True, 'viewerRating': 'none', 'likeCount': 0, 'publishedAt': '2022-10-25T13:57:38Z', 'updatedAt': '2022-10-25T13:57:38Z'}}, 'canReply': True, 'totalReplyCount': 0, 'isPublic': True}",,UCVZGpT8uAuFje8q0947LLKQ,2022-10-25T13:57:38Z,"A câmera danificou com certeza, só que nunca ví ""TRAUMATISMO CRÂNIANO EM UMA MÁQUINA""",QURTSl9pMzBrY2o5eGFidExJSUNBckp1QnMxSHFsSEtROTNYQmFwcXZTblJXVm9Ud00wZnZPVjYxY1BqV21ZWDlwSVhPeVFPajBZZ1BJcw==,2023-06-08 14:52:32.063929
youtube#commentThread,HQi40YXia5KX1HBt0pnhA0tb10I,UgxzqC0mwfg3dlLKAzF4AaABAg,"{'videoId': 'zEfTDpfyt1o', 'topLevelComment': {'kind': 'youtube#comment', 'etag': 'gltZjrq5y8EtiLBOnIImS67lB_c', 'id': 'UgxzqC0mwfg3dlLKAzF4AaABAg', 'snippet': {'videoId': 'zEfTDpfyt1o', 'textDisplay': 'Sou contra a agressão física principalmente contra pessoas que estão cumprindo o seu trabalho para levar o pão de cada dia para a sua família, porém, em todas as profissões além de se usar os EPIs corretamente, existem acidentes, imaginem esse profissional sem nenhuma proteção numa situação de confronto e sangue quente. Na hora ninguém está raciocinando é já quem não é bem visto, é pedir pra apanhar. As empresas de TVs devem evitar expor os seus profissionais em risco afim de preservar o seu patrimônio de riscos desnecessários.', 'textOriginal': 'Sou contra a agressão física principalmente contra pessoas que estão cumprindo o seu trabalho para levar o pão de cada dia para a sua família, porém, em todas as profissões além de se usar os EPIs corretamente, existem acidentes, imaginem esse profissional sem nenhuma proteção numa situação de confronto e sangue quente. Na hora ninguém está raciocinando é já quem não é bem visto, é pedir pra apanhar. As empresas de TVs devem evitar expor os seus profissionais em risco afim de preservar o seu patrimônio de riscos desnecessários.', 'authorDisplayName': 'F. Humberto Ballarin', 'authorProfileImageUrl': 'https://yt3.ggpht.com/ytc/AGIKgqO2jj9vMi9eDuGOpB_T5pyYMmQ0IzTOdOPf39GOJw=s48-c-k-c0x00ffffff-no-rj', 'authorChannelUrl': 'http://www.youtube.com/channel/UCFDnC6uXFvs6l_LE9p84MMQ', 'authorChannelId': {'value': 'UCFDnC6uXFvs6l_LE9p84MMQ'}, 'canRate': True, 'viewerRating': 'none', 'likeCount': 0, 'publishedAt': '2022-10-25T12:51:07Z', 'updatedAt': '2022-10-25T12:51:07Z'}}, 'canReply': True, 'totalReplyCount': 0, 'isPublic': True}",,UCFDnC6uXFvs6l_LE9p84MMQ,2022-10-25T12:51:07Z,"Sou contra a agressão física principalmente contra pessoas que estão cumprindo o seu trabalho para levar o pão de cada dia para a sua família, porém, em todas as profissões além de se usar os EPIs corretamente, existem acidentes, imaginem esse profissional sem nenhuma proteção numa situação de confronto e sangue quente. Na hora ninguém está raciocinando é já quem não é bem visto, é pedir pra apanhar. As empresas de TVs devem evitar expor os seus profissionais em risco afim de preservar o seu patrimônio de riscos desnecessários.",QURTSl9pMzBrY2o5eGFidExJSUNBckp1QnMxSHFsSEtROTNYQmFwcXZTblJXVm9Ud00wZnZPVjYxY1BqV21ZWDlwSVhPeVFPajBZZ1BJcw==,2023-06-08 14:52:32.063929
youtube#commentThread,DWelmGunZl-z85rFb7XhDNOSB0c,UgxIyPX4nkJCluuuY5Z4AaABAg,"{'videoId': 'zEfTDpfyt1o', 'topLevelComment': {'kind': 'youtube#comment', 'etag': 'ePG8Qo0ktuP-UevPYRvw1yKnWzU', 'id': 'UgxIyPX4nkJCluuuY5Z4AaABAg', 'snippet': {'videoId': 'zEfTDpfyt1o', 'textDisplay': 'Chega de incitação à violência!!! Não é assim que derrotaremos o PT!', 'textOriginal': 'Chega de incitação à violência!!! Não é assim que derrotaremos o PT!', 'authorDisplayName': 'Wilson Perez', 'authorProfileImageUrl': 'https://yt3.ggpht.com/ytc/AGIKgqO9NfXnCGdPFdE0UFyKE4kppUko7ZDKEqE1YMGWvQ=s48-c-k-c0x00ffffff-no-rj', 'authorChannelUrl': 'http://www.youtube.com/channel/UCKzzCa1oEaHCZd1TqxIJu1g', 'authorChannelId': {'value': 'UCKzzCa1oEaHCZd1TqxIJu1g'}, 'canRate': True, 'viewerRating': 'none', 'likeCount': 0, 'publishedAt': '2022-10-25T12:36:57Z', 'updatedAt': '2022-10-25T12:36:57Z'}}, 'canReply': True, 'totalReplyCount': 0, 'isPublic': True}",,UCKzzCa1oEaHCZd1TqxIJu1g,2022-10-25T12:36:57Z,Chega de incitação à violência!!! Não é assim que derrotaremos o PT!,QURTSl9pMzBrY2o5eGFidExJSUNBckp1QnMxSHFsSEtROTNYQmFwcXZTblJXVm9Ud00wZnZPVjYxY1BqV21ZWDlwSVhPeVFPajBZZ1BJcw==,2023-06-08 14:52:32.063929
youtube#commentThread,T2irZQveVlO87RhNbjwPxNtQ7l0,UgwTzxykSxWERy1Jjtd4AaABAg,"{'videoId': 'zEfTDpfyt1o', 'topLevelComment': {'kind': 'youtube#comment', 'etag': 'sjQ7jNabCnCTjkM7wv9ePPQiGNE', 'id': 'UgwTzxykSxWERy1Jjtd4AaABAg', 'snippet': {'videoId': 'zEfTDpfyt1o', 'textDisplay': 'O cara tava de camisa verde amarela.Apoiador de Bolsonaro e de Robeto Jefferson Jovem pan.Não tenta esconder não.', 'textOriginal': 'O cara tava de camisa verde amarela.Apoiador de Bolsonaro e de Robeto Jefferson Jovem pan.Não tenta esconder não.', 'authorDisplayName': 'Anônimo Anônimo', 'authorProfileImageUrl': 'https://yt3.ggpht.com/ytc/AGIKgqNSKevE_Q4RWgFRAAC90LPzeO0F622cLxsYhA=s48-c-k-c0x00ffffff-no-rj', 'authorChannelUrl': 'http://www.youtube.com/channel/UC2WFTRlz-qvezzTvXDnm3Jg', 'authorChannelId': {'value': 'UC2WFTRlz-qvezzTvXDnm3Jg'}, 'canRate': True, 'viewerRating': 'none', 'likeCount': 0, 'publishedAt': '2022-10-25T12:31:49Z', 'updatedAt': '2022-10-25T12:31:49Z'}}, 'canReply': True, 'totalReplyCount': 0, 'isPublic': True}",,UC2WFTRlz-qvezzTvXDnm3Jg,2022-10-25T12:31:49Z,O cara tava de camisa verde amarela.Apoiador de Bolsonaro e de Robeto Jefferson Jovem pan.Não tenta esconder não.,QURTSl9pMzBrY2o5eGFidExJSUNBckp1QnMxSHFsSEtROTNYQmFwcXZTblJXVm9Ud00wZnZPVjYxY1BqV21ZWDlwSVhPeVFPajBZZ1BJcw==,2023-06-08 14:52:32.063929
youtube#commentThread,3o3Gatm9dcLcqCqXs2YN5qargl4,UgxAXO9e8HS86VoncVp4AaABAg,"{'videoId': 'zEfTDpfyt1o', 'topLevelComment': {'kind': 'youtube#comment', 'etag': 'A07jcrkn0Xcb4ELTkcbVnF5GPiM', 'id': 'UgxAXO9e8HS86VoncVp4AaABAg', 'snippet': {'videoId': 'zEfTDpfyt1o', 'textDisplay': 'foi nada, foi nada... se jogou kkkkk', 'textOriginal': 'foi nada, foi nada... se jogou kkkkk', 'authorDisplayName': 'Vibe Positiva', 'authorProfileImageUrl': 'https://yt3.ggpht.com/ytc/AGIKgqNYAqlCvKfOrNvhUn3Z13T26RtDYzDeAloOlHpa4g=s48-c-k-c0x00ffffff-no-rj', 'authorChannelUrl': 'http://www.youtube.com/channel/UCZq5fzMX4PtvqE33NkNyBVQ', 'authorChannelId': {'value': 'UCZq5fzMX4PtvqE33NkNyBVQ'}, 'canRate': True, 'viewerRating': 'none', 'likeCount': 0, 'publishedAt': '2022-10-25T12:31:08Z', 'updatedAt': '2022-10-25T12:31:08Z'}}, 'canReply': True, 'totalReplyCount': 0, 'isPublic': True}",,UCZq5fzMX4PtvqE33NkNyBVQ,2022-10-25T12:31:08Z,"foi nada, foi nada... se jogou kkkkk",QURTSl9pMzBrY2o5eGFidExJSUNBckp1QnMxSHFsSEtROTNYQmFwcXZTblJXVm9Ud00wZnZPVjYxY1BqV21ZWDlwSVhPeVFPajBZZ1BJcw==,2023-06-08 14:52:32.063929
youtube#commentThread,MY0anGrobp6NVvo3-wEZoAof5kM,Ugz8VS6Lp7lH3uxxxd94AaABAg,"{'videoId': 'zEfTDpfyt1o', 'topLevelComment': {'kind': 'youtube#comment', 'etag': '8iJD33VpbXCailRiF9a_fv_0vZQ', 'id': 'Ugz8VS6Lp7lH3uxxxd94AaABAg', 'snippet': {'videoId': 'zEfTDpfyt1o', 'textDisplay': 'BOZOPATAS SÃO  COVARDES, AGREDIRAM CINEGRAFISTA IDOSO PELA RETAGUARDA. SÃO  CÃES  RAIVOSOS E MAUS CARÁTER.', 'textOriginal': 'BOZOPATAS SÃO  COVARDES, AGREDIRAM CINEGRAFISTA IDOSO PELA RETAGUARDA. SÃO  CÃES  RAIVOSOS E MAUS CARÁTER.', 'authorDisplayName': 'Ceará Carneiro', 'authorProfileImageUrl': 'https://yt3.ggpht.com/ytc/AGIKgqPYwGSY-omc6ZC1yAx04rYo1F1aPfhiODGAFTqV1wJWZ0v5ieaBXmyj8APHuG_L=s48-c-k-c0x00ffffff-no-rj', 'authorChannelUrl': 'http://www.youtube.com/channel/UCqLzsbKPVcQkiLtOk3To_Hw', 'authorChannelId': {'value': 'UCqLzsbKPVcQkiLtOk3To_Hw'}, 'canRate': True, 'viewerRating': 'none', 'likeCount': 0, 'publishedAt': '2022-10-25T10:54:40Z', 'updatedAt': '2022-10-25T10:54:40Z'}}, 'canReply': True, 'totalReplyCount': 0, 'isPublic': True}",,UCqLzsbKPVcQkiLtOk3To_Hw,2022-10-25T10:54:40Z,"BOZOPATAS SÃO  COVARDES, AGREDIRAM CINEGRAFISTA IDOSO PELA RETAGUARDA. SÃO  CÃES  RAIVOSOS E MAUS CARÁTER.",QURTSl9pMzBrY2o5eGFidExJSUNBckp1QnMxSHFsSEtROTNYQmFwcXZTblJXVm9Ud00wZnZPVjYxY1BqV21ZWDlwSVhPeVFPajBZZ1BJcw==,2023-06-08 14:52:32.063929
youtube#commentThread,0qm1Nhx7yGRHtoC-UQAxWKRzVpc,UgzVGryZOYkY-zJGn-B4AaABAg,"{'videoId': 'zEfTDpfyt1o', 'topLevelComment': {'kind': 'youtube#comment', 'etag': 'uB2KHSmaacQO54vaDhf5ydS7Kjo', 'id': 'UgzVGryZOYkY-zJGn-B4AaABAg', 'snippet': {'videoId': 'zEfTDpfyt1o', 'textDisplay': 'O que o Alexandre de Moraes está fazendo não deixa de ser agressão!', 'textOriginal': 'O que o Alexandre de Moraes está fazendo não deixa de ser agressão!', 'authorDisplayName': 'Rúbia Lemos', 'authorProfileImageUrl': 'https://yt3.ggpht.com/ytc/AGIKgqNGaLPTXtTEn-RXaH9_cJiw5F1AbCMdI8IZbXID=s48-c-k-c0x00ffffff-no-rj', 'authorChannelUrl': 'http://www.youtube.com/channel/UC0teivCDUvt8NsMl18LLBlw', 'authorChannelId': {'value': 'UC0teivCDUvt8NsMl18LLBlw'}, 'canRate': True, 'viewerRating': 'none', 'likeCount': 0, 'publishedAt': '2022-10-25T10:39:43Z', 'updatedAt': '2022-10-25T10:39:43Z'}}, 'canReply': True, 'totalReplyCount': 0, 'isPublic': True}",,UC0teivCDUvt8NsMl18LLBlw,2022-10-25T10:39:43Z,O que o Alexandre de Moraes está fazendo não deixa de ser agressão!,QURTSl9pMzBrY2o5eGFidExJSUNBckp1QnMxSHFsSEtROTNYQmFwcXZTblJXVm9Ud00wZnZPVjYxY1BqV21ZWDlwSVhPeVFPajBZZ1BJcw==,2023-06-08 14:52:32.063929
youtube#commentThread,DuC1fRg7LWJN6l05WTjy2cFVpEs,Ugw8ckPekbAUSWHsOqZ4AaABAg,"{'videoId': 'zEfTDpfyt1o', 'topLevelComment': {'kind': 'youtube#comment', 'etag': 'KfsTv_SWvu0tyXzPuEXeL6djdFU', 'id': 'Ugw8ckPekbAUSWHsOqZ4AaABAg', 'snippet': {'videoId': 'zEfTDpfyt1o', 'textDisplay': '<b>ROBERTO JEFFERSON</b><br><b>E um exemplo para os bandidos</b><br><b>Que gostam de matar polícia</b><br><b>Pra fortalecer a MILÍCIA!</b>', 'textOriginal': '*ROBERTO JEFFERSON*\\n*E um exemplo para os bandidos*\\n*Que gostam de matar polícia*\\n*Pra fortalecer a MILÍCIA!*', 'authorDisplayName': 'Donald Tramp', 'authorProfileImageUrl': 'https://yt3.ggpht.com/ytc/AGIKgqMqPm-y6RkX9DIw0nP1Af75v1r0JtMO80qfN292QD7F65JmTmuu4v0jT3q9IAxx=s48-c-k-c0x00ffffff-no-rj', 'authorChannelUrl': 'http://www.youtube.com/channel/UCQ2Tvwa_npS1DdUHUSsy_lA', 'authorChannelId': {'value': 'UCQ2Tvwa_npS1DdUHUSsy_lA'}, 'canRate': True, 'viewerRating': 'none', 'likeCount': 0, 'publishedAt': '2022-10-25T10:01:30Z', 'updatedAt': '2022-10-25T10:01:30Z'}}, 'canReply': True, 'totalReplyCount': 0, 'isPublic': True}",,UCQ2Tvwa_npS1DdUHUSsy_lA,2022-10-25T10:01:30Z,"*ROBERTO JEFFERSON*
*E um exemplo para os bandidos*
*Que gostam de matar polícia*
*Pra fortalecer a MILÍCIA!*",QURTSl9pMzBrY2o5eGFidExJSUNBckp1QnMxSHFsSEtROTNYQmFwcXZTblJXVm9Ud00wZnZPVjYxY1BqV21ZWDlwSVhPeVFPajBZZ1BJcw==,2023-06-08 14:52:32.063929
youtube#commentThread,4xopjviNQHpRIaBAs2LIRjkPR50,UgyKHU4ihjmUrNRkuBt4AaABAg,"{'videoId': 'zEfTDpfyt1o', 'topLevelComment': {'kind': 'youtube#comment', 'etag': 'iDHZ9qDJjWBq1f1_vRNKjlwQuB8', 'id': 'UgyKHU4ihjmUrNRkuBt4AaABAg', 'snippet': {'videoId': 'zEfTDpfyt1o', 'textDisplay': 'Eis aí como age um bolsonarista!!! Na agressão.', 'textOriginal': 'Eis aí como age um bolsonarista!!! Na agressão.', 'authorDisplayName': 'Alberto Silva', 'authorProfileImageUrl': 'https://yt3.ggpht.com/ytc/AGIKgqONGURnt2jTvtcyn2sPTP8axK2xletocUfLDcYqRQ=s48-c-k-c0x00ffffff-no-rj', 'authorChannelUrl': 'http://www.youtube.com/channel/UCsV2wmC9NXxEo4HfhYIse_Q', 'authorChannelId': {'value': 'UCsV2wmC9NXxEo4HfhYIse_Q'}, 'canRate': True, 'viewerRating': 'none', 'likeCount': 0, 'publishedAt': '2022-10-25T09:30:24Z', 'updatedAt': '2022-10-25T09:30:24Z'}}, 'canReply': True, 'totalReplyCount': 0, 'isPublic': True}",,UCsV2wmC9NXxEo4HfhYIse_Q,2022-10-25T09:30:24Z,Eis aí como age um bolsonarista!!! Na agressão.,QURTSl9pMzBrY2o5eGFidExJSUNBckp1QnMxSHFsSEtROTNYQmFwcXZTblJXVm9Ud00wZnZPVjYxY1BqV21ZWDlwSVhPeVFPajBZZ1BJcw==,2023-06-08 14:52:32.063929
youtube#commentThread,9_BiIt6x6vMP35fyHIQxB5M4_oI,UgwNz5SOmaERZOJ1fSh4AaABAg,"{'videoId': 'zEfTDpfyt1o', 'topLevelComment': {'kind': 'youtube#comment', 'etag': 'SIw4Kw_yUeG41zSV6IhdZvkbiv8', 'id': 'UgwNz5SOmaERZOJ1fSh4AaABAg', 'snippet': {'videoId': 'zEfTDpfyt1o', 'textDisplay': 'Fomentan odio malditos fascistas!!', 'textOriginal': 'Fomentan odio malditos fascistas!!', 'authorDisplayName': 'Leonardo Escobar', 'authorProfileImageUrl': 'https://yt3.ggpht.com/ytc/AGIKgqNALW0ocDUofgluNL50oi7x9W6hUNLDPJDVJw=s48-c-k-c0x00ffffff-no-rj', 'authorChannelUrl': 'http://www.youtube.com/channel/UCi4aqYSmhdvoQCVCgw6t58g', 'authorChannelId': {'value': 'UCi4aqYSmhdvoQCVCgw6t58g'}, 'canRate': True, 'viewerRating': 'none', 'likeCount': 0, 'publishedAt': '2022-10-25T08:45:36Z', 'updatedAt': '2022-10-25T08:45:36Z'}}, 'canReply': True, 'totalReplyCount': 0, 'isPublic': True}",,UCi4aqYSmhdvoQCVCgw6t58g,2022-10-25T08:45:36Z,Fomentan odio malditos fascistas!!,QURTSl9pMzBrY2o5eGFidExJSUNBckp1QnMxSHFsSEtROTNYQmFwcXZTblJXVm9Ud00wZnZPVjYxY1BqV21ZWDlwSVhPeVFPajBZZ1BJcw==,2023-06-08 14:52:32.063929
youtube#commentThread,x0Vok_eV-2O4_OQLJwoBdz_sAaA,Ugw_1KXNtWE56hUqrid4AaABAg,"{'videoId': 'zEfTDpfyt1o', 'topLevelComment': {'kind': 'youtube#comment', 'etag': '0bJf0QLQZR3jNxK2kmEIz5tBoWw', 'id': 'Ugw_1KXNtWE56hUqrid4AaABAg', 'snippet': {'videoId': 'zEfTDpfyt1o', 'textDisplay': 'Pudera quem mandou ir xererecar lá....?', 'textOriginal': 'Pudera quem mandou ir xererecar lá....?', 'authorDisplayName': 'Fábio Luís Poletti Poletti', 'authorProfileImageUrl': 'https://yt3.ggpht.com/ytc/AGIKgqN2uiMT-0mIRYsioxt68dnM3HuRwuZemb9njw=s48-c-k-c0x00ffffff-no-rj', 'authorChannelUrl': 'http://www.youtube.com/channel/UCiZwpXBus2LxPBF_oVyDO9Q', 'authorChannelId': {'value': 'UCiZwpXBus2LxPBF_oVyDO9Q'}, 'canRate': True, 'viewerRating': 'none', 'likeCount': 0, 'publishedAt': '2022-10-25T06:15:59Z', 'updatedAt': '2022-10-25T06:15:59Z'}}, 'canReply': True, 'totalReplyCount': 0, 'isPublic': True}",,UCiZwpXBus2LxPBF_oVyDO9Q,2022-10-25T06:15:59Z,Pudera quem mandou ir xererecar lá....?,QURTSl9pMzBrY2o5eGFidExJSUNBckp1QnMxSHFsSEtROTNYQmFwcXZTblJXVm9Ud00wZnZPVjYxY1BqV21ZWDlwSVhPeVFPajBZZ1BJcw==,2023-06-08 14:52:32.063929
youtube#commentThread,bOY2qITxzITogJJhO3-JEe3Z5uo,UgzT_u1Ws6VcM_0bpvJ4AaABAg,"{'videoId': 'zEfTDpfyt1o', 'topLevelComment': {'kind': 'youtube#comment', 'etag': 'Xc2pg_B8W0_qk-fuZ7JNNfjsefU', 'id': 'UgzT_u1Ws6VcM_0bpvJ4AaABAg', 'snippet': {'videoId': 'zEfTDpfyt1o', 'textDisplay': 'Deixa Globo de lado a censura a jovem pan a Globo não disse nada', 'textOriginal': 'Deixa Globo de lado a censura a jovem pan a Globo não disse nada', 'authorDisplayName': 'Francelino Neto.1999', 'authorProfileImageUrl': 'https://yt3.ggpht.com/2bQt8Fnje6mLnsRb6Q9NGbsICHxx1vR7DNti9dq4WJtkc6uAKpOUnA6qGo1oOY09uQ2ANK25fQ=s48-c-k-c0x00ffffff-no-rj', 'authorChannelUrl': 'http://www.youtube.com/channel/UC-JCYLRkNeu7UmS5MpzH12Q', 'authorChannelId': {'value': 'UC-JCYLRkNeu7UmS5MpzH12Q'}, 'canRate': True, 'viewerRating': 'none', 'likeCount': 0, 'publishedAt': '2022-10-25T05:25:20Z', 'updatedAt': '2022-10-25T05:25:20Z'}}, 'canReply': True, 'totalReplyCount': 0, 'isPublic': True}",,UC-JCYLRkNeu7UmS5MpzH12Q,2022-10-25T05:25:20Z,Deixa Globo de lado a censura a jovem pan a Globo não disse nada,QURTSl9pMzBrY2o5eGFidExJSUNBckp1QnMxSHFsSEtROTNYQmFwcXZTblJXVm9Ud00wZnZPVjYxY1BqV21ZWDlwSVhPeVFPajBZZ1BJcw==,2023-06-08 14:52:32.063929
youtube#commentThread,0U5spbzcIkBVrspTY8LEQTXNsns,UgzXyQOS6c5WuB-gdpx4AaABAg,"{'videoId': 'zEfTDpfyt1o', 'topLevelComment': {'kind': 'youtube#comment', 'etag': 'RWug6gcIHBmtDzWMX6jNBehqIns', 'id': 'UgzXyQOS6c5WuB-gdpx4AaABAg', 'snippet': {'videoId': 'zEfTDpfyt1o', 'textDisplay': 'Ué 🤔 disseram que era APOIADORES de BOLSONARO ué...🤔', 'textOriginal': 'Ué 🤔 disseram que era APOIADORES de BOLSONARO ué...🤔', 'authorDisplayName': 'Blenda Helem', 'authorProfileImageUrl': 'https://yt3.ggpht.com/k6hfFA5c5yyv6SVm9hlcCrWVWfFKSK0Bm5Ts6X8HodSBdLz8u3XVONwIKDVXjja7vn--VBi_2A=s48-c-k-c0x00ffffff-no-rj', 'authorChannelUrl': 'http://www.youtube.com/channel/UCn5IBnGHpEmsEtUshWzDueA', 'authorChannelId': {'value': 'UCn5IBnGHpEmsEtUshWzDueA'}, 'canRate': True, 'viewerRating': 'none', 'likeCount': 0, 'publishedAt': '2022-10-25T02:09:26Z', 'updatedAt': '2022-10-25T02:09:26Z'}}, 'canReply': True, 'totalReplyCount': 0, 'isPublic': True}",,UCn5IBnGHpEmsEtUshWzDueA,2022-10-25T02:09:26Z,Ué 🤔 disseram que era APOIADORES de BOLSONARO ué...🤔,QURTSl9pMzBrY2o5eGFidExJSUNBckp1QnMxSHFsSEtROTNYQmFwcXZTblJXVm9Ud00wZnZPVjYxY1BqV21ZWDlwSVhPeVFPajBZZ1BJcw==,2023-06-08 14:52:32.063929
youtube#commentThread,eLtiI55F3zYlfnBssTKLhlfg1r8,UgxQhZKvP6P04TJCHi14AaABAg,"{'videoId': 'zEfTDpfyt1o', 'topLevelComment': {'kind': 'youtube#comment', 'etag': '4iHTYUbXQQZyTIvQiH5GOVI7oXc', 'id': 'UgxQhZKvP6P04TJCHi14AaABAg', 'snippet': {'videoId': 'zEfTDpfyt1o', 'textDisplay': 'Depois têm a falta de noção de se autodenominar &quot;censurada&quot;, enquanto os direitistas agridem jornalistas constantemente.<br><br>O gado não tem explicação.', 'textOriginal': 'Depois têm a falta de noção de se autodenominar ""censurada"", enquanto os direitistas agridem jornalistas constantemente.\\n\\nO gado não tem explicação.', 'authorDisplayName': 'Daniel Athayde', 'authorProfileImageUrl': 'https://yt3.ggpht.com/ytc/AGIKgqOt5X9dgnqxRk_u7cePR9JivdtBRptK1LrIJ1eMNA=s48-c-k-c0x00ffffff-no-rj', 'authorChannelUrl': 'http://www.youtube.com/channel/UCYQ9ZrnNl2HjXLcSS6UAqgg', 'authorChannelId': {'value': 'UCYQ9ZrnNl2HjXLcSS6UAqgg'}, 'canRate': True, 'viewerRating': 'none', 'likeCount': 0, 'publishedAt': '2022-10-25T01:01:52Z', 'updatedAt': '2022-10-25T01:01:52Z'}}, 'canReply': True, 'totalReplyCount': 0, 'isPublic': True}",,UCYQ9ZrnNl2HjXLcSS6UAqgg,2022-10-25T01:01:52Z,"Depois têm a falta de noção de se autodenominar ""censurada"", enquanto os direitistas agridem jornalistas constantemente.

O gado não tem explicação.",QURTSl9pMzBrY2o5eGFidExJSUNBckp1QnMxSHFsSEtROTNYQmFwcXZTblJXVm9Ud00wZnZPVjYxY1BqV21ZWDlwSVhPeVFPajBZZ1BJcw==,2023-06-08 14:52:32.063929
youtube#commentThread,mxC71kz6mKfwgxYzuuaid3EyKAY,Ugxhr9s-gtAV0BqZVPV4AaABAg,"{'videoId': 'zEfTDpfyt1o', 'topLevelComment': {'kind': 'youtube#comment', 'etag': 'zZ_hBgkcffv4tjQx1pAsUP9JV8s', 'id': 'Ugxhr9s-gtAV0BqZVPV4AaABAg', 'snippet': {'videoId': 'zEfTDpfyt1o', 'textDisplay': 'Percebe que a jovem Pan entre meio ainda fala que esta sendo injustiçada? Censurada não proibida de passar facke news', 'textOriginal': 'Percebe que a jovem Pan entre meio ainda fala que esta sendo injustiçada? Censurada não proibida de passar facke news', 'authorDisplayName': 'Ronny Demetriø', 'authorProfileImageUrl': 'https://yt3.ggpht.com/ytc/AGIKgqPNhKyPARh7lNSrqGSjqveldOnfMUg-KzLMdlB4=s48-c-k-c0x00ffffff-no-rj', 'authorChannelUrl': 'http://www.youtube.com/channel/UC9pDkI_Q8xx8Qf0IJz_SNfA', 'authorChannelId': {'value': 'UC9pDkI_Q8xx8Qf0IJz_SNfA'}, 'canRate': True, 'viewerRating': 'none', 'likeCount': 0, 'publishedAt': '2022-10-24T23:59:58Z', 'updatedAt': '2022-10-24T23:59:58Z'}}, 'canReply': True, 'totalReplyCount': 0, 'isPublic': True}",,UC9pDkI_Q8xx8Qf0IJz_SNfA,2022-10-24T23:59:58Z,Percebe que a jovem Pan entre meio ainda fala que esta sendo injustiçada? Censurada não proibida de passar facke news,QURTSl9pMzBrY2o5eGFidExJSUNBckp1QnMxSHFsSEtROTNYQmFwcXZTblJXVm9Ud00wZnZPVjYxY1BqV21ZWDlwSVhPeVFPajBZZ1BJcw==,2023-06-08 14:52:32.063929
youtube#commentThread,A0g01bnaUUhB6r3XqQ071hiLIgk,Ugz5ukvm9U7VOfcswrV4AaABAg,"{'videoId': 'zEfTDpfyt1o', 'topLevelComment': {'kind': 'youtube#comment', 'etag': 'brJJCLqzzX8cODCFmp31HCrlk2A', 'id': 'Ugz5ukvm9U7VOfcswrV4AaABAg', 'snippet': {'videoId': 'zEfTDpfyt1o', 'textDisplay': 'Graças a jovem Pan, vcs são responsáveis por este ódio todo', 'textOriginal': 'Graças a jovem Pan, vcs são responsáveis por este ódio todo', 'authorDisplayName': 'Ronny Demetriø', 'authorProfileImageUrl': 'https://yt3.ggpht.com/ytc/AGIKgqPNhKyPARh7lNSrqGSjqveldOnfMUg-KzLMdlB4=s48-c-k-c0x00ffffff-no-rj', 'authorChannelUrl': 'http://www.youtube.com/channel/UC9pDkI_Q8xx8Qf0IJz_SNfA', 'authorChannelId': {'value': 'UC9pDkI_Q8xx8Qf0IJz_SNfA'}, 'canRate': True, 'viewerRating': 'none', 'likeCount': 0, 'publishedAt': '2022-10-24T23:41:43Z', 'updatedAt': '2022-10-24T23:41:43Z'}}, 'canReply': True, 'totalReplyCount': 0, 'isPublic': True}",,UC9pDkI_Q8xx8Qf0IJz_SNfA,2022-10-24T23:41:43Z,"Graças a jovem Pan, vcs são responsáveis por este ódio todo",QURTSl9pMzBrY2o5eGFidExJSUNBckp1QnMxSHFsSEtROTNYQmFwcXZTblJXVm9Ud00wZnZPVjYxY1BqV21ZWDlwSVhPeVFPajBZZ1BJcw==,2023-06-08 14:52:32.063929
youtube#commentThread,O8cmosAfeIO-YyU8b1KHFnnRQXM,UgzOguiBx84C2pRMwMx4AaABAg,"{'videoId': 'zEfTDpfyt1o', 'topLevelComment': {'kind': 'youtube#comment', 'etag': 'okeYHkgO-4z7jMdd7lUaVNqHEf4', 'id': 'UgzOguiBx84C2pRMwMx4AaABAg', 'snippet': {'videoId': 'zEfTDpfyt1o', 'textDisplay': 'NINGUÉM VÊ QUE TUDO ISSO É ARMADO PARA PREJUDICAR BOLSONARO?<br>Parabéns Jovem Pan por ter um jornalismo de qualidade.<br>Atribuir o porte de armas a violência porque um político corrupto se negou a ser preso atirando na polícia.<br> A mídia podre desse país esta tão desesperada que nas vésperas das eleições estão associando Jair Bolsonaro a Roberto Jefferson,este último era carne e unha do PT e que denunciou as falcatruas desse partido no esquema do mensalão.<br>Só faltam dizer que Bolsonaro mandou ele atirar na polícia🤦\\u200d♂️. <br>Tomará que Bolsonaro vença as eleições pra mostrar esses jornalecos que o povo brasileiro não é tão burro como eles pensam. <br>Eu gostaria muito de ver essa mídia nojenta desse pais com o rabinho entre as pernas colocando notinhas de rodapé a respeito da vitória de Bolsonaro.', 'textOriginal': 'NINGUÉM VÊ QUE TUDO ISSO É ARMADO PARA PREJUDICAR BOLSONARO?\\nParabéns Jovem Pan por ter um jornalismo de qualidade.\\nAtribuir o porte de armas a violência porque um político corrupto se negou a ser preso atirando na polícia.\\n A mídia podre desse país esta tão desesperada que nas vésperas das eleições estão associando Jair Bolsonaro a Roberto Jefferson,este último era carne e unha do PT e que denunciou as falcatruas desse partido no esquema do mensalão.\\nSó faltam dizer que Bolsonaro mandou ele atirar na polícia🤦\\u200d♂️. \\nTomará que Bolsonaro vença as eleições pra mostrar esses jornalecos que o povo brasileiro não é tão burro como eles pensam. \\nEu gostaria muito de ver essa mídia nojenta desse pais com o rabinho entre as pernas colocando notinhas de rodapé a respeito da vitória de Bolsonaro.', 'authorDisplayName': 'Tony Arruda', 'authorProfileImageUrl': 'https://yt3.ggpht.com/ytc/AGIKgqNre0Gqa7JfEqnSliHYLn8E4jL0mpyFvSwFHSjCppQ=s48-c-k-c0x00ffffff-no-rj', 'authorChannelUrl': 'http://www.youtube.com/channel/UC0dnRzbMgzXVnSepwVKlyug', 'authorChannelId': {'value': 'UC0dnRzbMgzXVnSepwVKlyug'}, 'canRate': True, 'viewerRating': 'none', 'likeCount': 0, 'publishedAt': '2022-10-24T23:35:20Z', 'updatedAt': '2022-10-24T23:35:35Z'}}, 'canReply': True, 'totalReplyCount': 0, 'isPublic': True}",,UC0dnRzbMgzXVnSepwVKlyug,2022-10-24T23:35:20Z,"NINGUÉM VÊ QUE TUDO ISSO É ARMADO PARA PREJUDICAR BOLSONARO?
Parabéns Jovem Pan por ter um jornalismo de qualidade.
Atribuir o porte de armas a violência porque um político corrupto se negou a ser preso atirando na polícia.
 A mídia podre desse país esta tão desesperada que nas vésperas das eleições estão associando Jair Bolsonaro a Roberto Jefferson,este último era carne e unha do PT e que denunciou as falcatruas desse partido no esquema do mensalão.
Só faltam dizer que Bolsonaro mandou ele atirar na polícia🤦‍♂️. 
Tomará que Bolsonaro vença as eleições pra mostrar esses jornalecos que o povo brasileiro não é tão burro como eles pensam. 
Eu gostaria muito de ver essa mídia nojenta desse pais com o rabinho entre as pernas colocando notinhas de rodapé a respeito da vitória de Bolsonaro.",QURTSl9pMzBrY2o5eGFidExJSUNBckp1QnMxSHFsSEtROTNYQmFwcXZTblJXVm9Ud00wZnZPVjYxY1BqV21ZWDlwSVhPeVFPajBZZ1BJcw==,2023-06-08 14:52:32.063929
youtube#commentThread,2Ovw9HidDcLW7rDY3yrkf05Y_eE,Ugz2txaSa5FDbjYW4iB4AaABAg,"{'videoId': 'zEfTDpfyt1o', 'topLevelComment': {'kind': 'youtube#comment', 'etag': 'mKbcG9r_JYNdXWZld3VqzF50blg', 'id': 'Ugz2txaSa5FDbjYW4iB4AaABAg', 'snippet': {'videoId': 'zEfTDpfyt1o', 'textDisplay': 'Deus abençoe nosso Brasil e,o,presidente Bolsonaro e povo brasileiros', 'textOriginal': 'Deus abençoe nosso Brasil e,o,presidente Bolsonaro e povo brasileiros', 'authorDisplayName': 'Clézia Maria', 'authorProfileImageUrl': 'https://yt3.ggpht.com/ytc/AGIKgqNN8y-vnmBSn0TKxwONf8PC9y9VeOTGjFyud5nh8l0nsSJQwFldAGcohOnvEORB=s48-c-k-c0x00ffffff-no-rj', 'authorChannelUrl': 'http://www.youtube.com/channel/UC5QacWxpIWnxLAZNXjCyKgg', 'authorChannelId': {'value': 'UC5QacWxpIWnxLAZNXjCyKgg'}, 'canRate': True, 'viewerRating': 'none', 'likeCount': 0, 'publishedAt': '2022-10-24T23:21:24Z', 'updatedAt': '2022-10-24T23:21:24Z'}}, 'canReply': True, 'totalReplyCount': 0, 'isPublic': True}",,UC5QacWxpIWnxLAZNXjCyKgg,2022-10-24T23:21:24Z,"Deus abençoe nosso Brasil e,o,presidente Bolsonaro e povo brasileiros",QURTSl9pMzBrY2o5eGFidExJSUNBckp1QnMxSHFsSEtROTNYQmFwcXZTblJXVm9Ud00wZnZPVjYxY1BqV21ZWDlwSVhPeVFPajBZZ1BJcw==,2023-06-08 14:52:32.063929
youtube#commentThread,dDXFWrq0ACmyGEw4vJqUozSQIdU,UgwHmiU5Kt5wanFhAVJ4AaABAg,"{'videoId': 'zEfTDpfyt1o', 'topLevelComment': {'kind': 'youtube#comment', 'etag': 'zq_Ur3jGaXVgU5oBqe5FJpKjLEc', 'id': 'UgwHmiU5Kt5wanFhAVJ4AaABAg', 'snippet': {'videoId': 'zEfTDpfyt1o', 'textDisplay': 'Bolsinaristas fazendo bolsonarice', 'textOriginal': 'Bolsinaristas fazendo bolsonarice', 'authorDisplayName': 'G G', 'authorProfileImageUrl': 'https://yt3.ggpht.com/ytc/AGIKgqOpJh_kqTaZhLmjRYw9A4e6JkvBIYqc5-ez=s48-c-k-c0x00ffffff-no-rj', 'authorChannelUrl': 'http://www.youtube.com/channel/UCO9UWj0IPc_LZCd0ySQwBew', 'authorChannelId': {'value': 'UCO9UWj0IPc_LZCd0ySQwBew'}, 'canRate': True, 'viewerRating': 'none', 'likeCount': 0, 'publishedAt': '2022-10-24T21:52:49Z', 'updatedAt': '2022-10-24T21:52:49Z'}}, 'canReply': True, 'totalReplyCount': 0, 'isPublic': True}",,UCO9UWj0IPc_LZCd0ySQwBew,2022-10-24T21:52:49Z,Bolsinaristas fazendo bolsonarice,QURTSl9pMzBrY2o5eGFidExJSUNBckp1QnMxSHFsSEtROTNYQmFwcXZTblJXVm9Ud00wZnZPVjYxY1BqV21ZWDlwSVhPeVFPajBZZ1BJcw==,2023-06-08 14:52:32.063929
youtube#commentThread,aIEggxQG5yoFs8NS5bdTXXDTHoo,UgzRZbsIrFk1JAIMikp4AaABAg,"{'videoId': 'zEfTDpfyt1o', 'topLevelComment': {'kind': 'youtube#comment', 'etag': 'YikvP9Z1Vvql_ooVWr19mtKyrdU', 'id': 'UgzRZbsIrFk1JAIMikp4AaABAg', 'snippet': {'videoId': 'zEfTDpfyt1o', 'textDisplay': 'STF  culpado de tudo isso.', 'textOriginal': 'STF  culpado de tudo isso.', 'authorDisplayName': 'Ricardo Veiga', 'authorProfileImageUrl': 'https://yt3.ggpht.com/ytc/AGIKgqMrco69kvuCYcLApxip95aenoYeHic0pVfeWQ=s48-c-k-c0x00ffffff-no-rj', 'authorChannelUrl': 'http://www.youtube.com/channel/UCuub522vCfO8JZNXQ-BaYEQ', 'authorChannelId': {'value': 'UCuub522vCfO8JZNXQ-BaYEQ'}, 'canRate': True, 'viewerRating': 'none', 'likeCount': 0, 'publishedAt': '2022-10-24T21:49:47Z', 'updatedAt': '2022-10-24T21:49:47Z'}}, 'canReply': True, 'totalReplyCount': 0, 'isPublic': True}",,UCuub522vCfO8JZNXQ-BaYEQ,2022-10-24T21:49:47Z,STF  culpado de tudo isso.,QURTSl9pMzBrY2o5eGFidExJSUNBckp1QnMxSHFsSEtROTNYQmFwcXZTblJXVm9Ud00wZnZPVjYxY1BqV21ZWDlwSVhPeVFPajBZZ1BJcw==,2023-06-08 14:52:32.063929
youtube#commentThread,XPlwjHmAoFSjE_vc1RBVC7i-GFU,UgySh9f2ToDlKDMmHFB4AaABAg,"{'videoId': 'zEfTDpfyt1o', 'topLevelComment': {'kind': 'youtube#comment', 'etag': '8qjGaUtNh0jXsPgKPdPDG1PV12Y', 'id': 'UgySh9f2ToDlKDMmHFB4AaABAg', 'snippet': {'videoId': 'zEfTDpfyt1o', 'textDisplay': 'o Jefferson nao é mais indiciado apenas por atos antidemocraticos, agora é indiciado pela PF por 4 tentativas de homicídio e de policiais. O Amigao do Jair ta encrencado.', 'textOriginal': 'o Jefferson nao é mais indiciado apenas por atos antidemocraticos, agora é indiciado pela PF por 4 tentativas de homicídio e de policiais. O Amigao do Jair ta encrencado.', 'authorDisplayName': 'Sergio Luiz Novaes', 'authorProfileImageUrl': 'https://yt3.ggpht.com/ytc/AGIKgqNeq2KlM-jMCEW7AXSAj5GFCL8duj-HdcC7WnWZYJ4=s48-c-k-c0x00ffffff-no-rj', 'authorChannelUrl': 'http://www.youtube.com/channel/UCmBbT_f9Iak-d197831MN8w', 'authorChannelId': {'value': 'UCmBbT_f9Iak-d197831MN8w'}, 'canRate': True, 'viewerRating': 'none', 'likeCount': 0, 'publishedAt': '2022-10-24T21:19:44Z', 'updatedAt': '2022-10-24T21:19:44Z'}}, 'canReply': True, 'totalReplyCount': 0, 'isPublic': True}",,UCmBbT_f9Iak-d197831MN8w,2022-10-24T21:19:44Z,"o Jefferson nao é mais indiciado apenas por atos antidemocraticos, agora é indiciado pela PF por 4 tentativas de homicídio e de policiais. O Amigao do Jair ta encrencado.",QURTSl9pMzBrY2o5eGFidExJSUNBckp1QnMxSHFsSEtROTNYQmFwcXZTblJXVm9Ud00wZnZPVjYxY1BqV21ZWDlwSVhPeVFPajBZZ1BJcw==,2023-06-08 14:52:32.063929
youtube#commentThread,AJpC44lJw0WR9qZtgVtH-Vs87A0,UgwrFuDFumEBGqC8HpZ4AaABAg,"{'videoId': 'zEfTDpfyt1o', 'topLevelComment': {'kind': 'youtube#comment', 'etag': 'li_4J7TBQVjT9yUwWh_H5b0oJzc', 'id': 'UgwrFuDFumEBGqC8HpZ4AaABAg', 'snippet': {'videoId': 'zEfTDpfyt1o', 'textDisplay': 'Os cidadãos brasileiros devem fazer abaixo assinado punindo somente os autores e não censurar a emissora. Os jornalistas que feriram o código de ética da Fenaj,  Artigo 7° inciso V: usar o jornalismo para incitar a violência, a intolerância, o arbítrio e o crime.', 'textOriginal': 'Os cidadãos brasileiros devem fazer abaixo assinado punindo somente os autores e não censurar a emissora. Os jornalistas que feriram o código de ética da Fenaj,  Artigo 7° inciso V: usar o jornalismo para incitar a violência, a intolerância, o arbítrio e o crime.', 'authorDisplayName': 'Menya Musashi', 'authorProfileImageUrl': 'https://yt3.ggpht.com/ytc/AGIKgqNQ21v7vKTAbtmO_p1_F4SNVKd7abbH7F0dHQ=s48-c-k-c0x00ffffff-no-rj', 'authorChannelUrl': 'http://www.youtube.com/channel/UCe1A11WDYpAtrlFoGnea4Yw', 'authorChannelId': {'value': 'UCe1A11WDYpAtrlFoGnea4Yw'}, 'canRate': True, 'viewerRating': 'none', 'likeCount': 0, 'publishedAt': '2022-10-24T21:18:04Z', 'updatedAt': '2022-10-24T21:18:04Z'}}, 'canReply': True, 'totalReplyCount': 0, 'isPublic': True}",,UCe1A11WDYpAtrlFoGnea4Yw,2022-10-24T21:18:04Z,"Os cidadãos brasileiros devem fazer abaixo assinado punindo somente os autores e não censurar a emissora. Os jornalistas que feriram o código de ética da Fenaj,  Artigo 7° inciso V: usar o jornalismo para incitar a violência, a intolerância, o arbítrio e o crime.",QURTSl9pMzBrY2o5eGFidExJSUNBckp1QnMxSHFsSEtROTNYQmFwcXZTblJXVm9Ud00wZnZPVjYxY1BqV21ZWDlwSVhPeVFPajBZZ1BJcw==,2023-06-08 14:52:32.063929
youtube#commentThread,U9IVWJHblnpXFYQyHMeSW6He_cE,Ugw1OXhzV6PmmLRJD2h4AaABAg,"{'videoId': 'zEfTDpfyt1o', 'topLevelComment': {'kind': 'youtube#comment', 'etag': 'SALC75RO4vyRnr8lz1EQaYfSLRY', 'id': 'Ugw1OXhzV6PmmLRJD2h4AaABAg', 'snippet': {'videoId': 'zEfTDpfyt1o', 'textDisplay': 'O fanatismo leva a isso , lamentável.', 'textOriginal': 'O fanatismo leva a isso , lamentável.', 'authorDisplayName': 'junior silva Silva', 'authorProfileImageUrl': 'https://yt3.ggpht.com/ytc/AGIKgqOSy1CT2spCURABqsFGcE0Wo7V5anZdmpGBmEqF_A=s48-c-k-c0x00ffffff-no-rj', 'authorChannelUrl': 'http://www.youtube.com/channel/UC80P0WD9DZhmAXSOcq1hMUQ', 'authorChannelId': {'value': 'UC80P0WD9DZhmAXSOcq1hMUQ'}, 'canRate': True, 'viewerRating': 'none', 'likeCount': 0, 'publishedAt': '2022-10-24T21:15:11Z', 'updatedAt': '2022-10-24T21:15:11Z'}}, 'canReply': True, 'totalReplyCount': 0, 'isPublic': True}",,UC80P0WD9DZhmAXSOcq1hMUQ,2022-10-24T21:15:11Z,"O fanatismo leva a isso , lamentável.",QURTSl9pMzBrY2o5eGFidExJSUNBckp1QnMxSHFsSEtROTNYQmFwcXZTblJXVm9Ud00wZnZPVjYxY1BqV21ZWDlwSVhPeVFPajBZZ1BJcw==,2023-06-08 14:52:32.063929
youtube#commentThread,N7QiNfBOGHaWlBN8Yc4OiSSmBxM,UgzMBPkwumCMxf10Oih4AaABAg,"{'videoId': 'zEfTDpfyt1o', 'topLevelComment': {'kind': 'youtube#comment', 'etag': 'ohNpFnAbCuR4iqdx3FW6iMY9hZk', 'id': 'UgzMBPkwumCMxf10Oih4AaABAg', 'snippet': {'videoId': 'zEfTDpfyt1o', 'textDisplay': 'Piada é ver que o agressor é um assessor de um partido esquerdista, mas que a imprensa marrom não quer divulgar essa informação!', 'textOriginal': 'Piada é ver que o agressor é um assessor de um partido esquerdista, mas que a imprensa marrom não quer divulgar essa informação!', 'authorDisplayName': 'AL Somensi', 'authorProfileImageUrl': 'https://yt3.ggpht.com/j6ux7CQUDiP6t5sSmAtfRIjSSqMe0mpCJQ6OcrSp0QAYQI20rPqf0bUiPiHSd8HvezISh6S9=s48-c-k-c0x00ffffff-no-rj', 'authorChannelUrl': 'http://www.youtube.com/channel/UCDDWzsCx95D6VLfqFob4cDg', 'authorChannelId': {'value': 'UCDDWzsCx95D6VLfqFob4cDg'}, 'canRate': True, 'viewerRating': 'none', 'likeCount': 0, 'publishedAt': '2022-10-24T21:08:57Z', 'updatedAt': '2022-10-24T21:08:57Z'}}, 'canReply': True, 'totalReplyCount': 0, 'isPublic': True}",,UCDDWzsCx95D6VLfqFob4cDg,2022-10-24T21:08:57Z,"Piada é ver que o agressor é um assessor de um partido esquerdista, mas que a imprensa marrom não quer divulgar essa informação!",QURTSl9pMzBrY2o5eGFidExJSUNBckp1QnMxSHFsSEtROTNYQmFwcXZTblJXVm9Ud00wZnZPVjYxY1BqV21ZWDlwSVhPeVFPajBZZ1BJcw==,2023-06-08 14:52:32.063929
youtube#commentThread,GH0--She-Jb31y58IC5ZdUR7mmI,Ugz2pD03ON6s39wlFi54AaABAg,"{'videoId': 'zEfTDpfyt1o', 'topLevelComment': {'kind': 'youtube#comment', 'etag': '-BDJO4WSqnVGrQTCwH5smcl_NNQ', 'id': 'Ugz2pD03ON6s39wlFi54AaABAg', 'snippet': {'videoId': 'zEfTDpfyt1o', 'textDisplay': 'Jp eseplo na sua posição <br>✋', 'textOriginal': 'Jp eseplo na sua posição \\n✋', 'authorDisplayName': 'Evaldo Herculino', 'authorProfileImageUrl': 'https://yt3.ggpht.com/ytc/AGIKgqOPgnGoI0ksDloMFAdg_5F85uujT64k_MeKGA=s48-c-k-c0x00ffffff-no-rj', 'authorChannelUrl': 'http://www.youtube.com/channel/UC0dA18C5UQSQY-YDOOxKVMw', 'authorChannelId': {'value': 'UC0dA18C5UQSQY-YDOOxKVMw'}, 'canRate': True, 'viewerRating': 'none', 'likeCount': 0, 'publishedAt': '2022-10-24T20:34:48Z', 'updatedAt': '2022-10-24T20:34:48Z'}}, 'canReply': True, 'totalReplyCount': 0, 'isPublic': True}",,UC0dA18C5UQSQY-YDOOxKVMw,2022-10-24T20:34:48Z,"Jp eseplo na sua posição 
✋",QURTSl9pMzBrY2o5eGFidExJSUNBckp1QnMxSHFsSEtROTNYQmFwcXZTblJXVm9Ud00wZnZPVjYxY1BqV21ZWDlwSVhPeVFPajBZZ1BJcw==,2023-06-08 14:52:32.063929
youtube#commentThread,VPTfPjFJOwx5420q-Z3oHJY4Dgo,Ugzvuy5PPIEu7j0ECP14AaABAg,"{'videoId': 'zEfTDpfyt1o', 'topLevelComment': {'kind': 'youtube#comment', 'etag': '_E1VCFFrQgl8h4lTXnqh9lQBWVg', 'id': 'Ugzvuy5PPIEu7j0ECP14AaABAg', 'snippet': {'videoId': 'zEfTDpfyt1o', 'textDisplay': 'Roberto Jefferson e fiel a Bolsonaro, e Bolsonaro não deveria ter abandonado.', 'textOriginal': 'Roberto Jefferson e fiel a Bolsonaro, e Bolsonaro não deveria ter abandonado.', 'authorDisplayName': 'Sofia Helena Gomes', 'authorProfileImageUrl': 'https://yt3.ggpht.com/ytc/AGIKgqOjcD7OYVV3ib30lemo9p1oHrIniK3RXCriVg=s48-c-k-c0x00ffffff-no-rj', 'authorChannelUrl': 'http://www.youtube.com/channel/UCZpfAoxQ0K0cZ6tVju-y5Lg', 'authorChannelId': {'value': 'UCZpfAoxQ0K0cZ6tVju-y5Lg'}, 'canRate': True, 'viewerRating': 'none', 'likeCount': 0, 'publishedAt': '2022-10-24T20:30:52Z', 'updatedAt': '2022-10-24T20:30:52Z'}}, 'canReply': True, 'totalReplyCount': 0, 'isPublic': True}",,UCZpfAoxQ0K0cZ6tVju-y5Lg,2022-10-24T20:30:52Z,"Roberto Jefferson e fiel a Bolsonaro, e Bolsonaro não deveria ter abandonado.",QURTSl9pMzBrY2o5eGFidExJSUNBckp1QnMxSHFsSEtROTNYQmFwcXZTblJXVm9Ud00wZnZPVjYxY1BqV21ZWDlwSVhPeVFPajBZZ1BJcw==,2023-06-08 14:52:32.063929
youtube#commentThread,JrDV6Suc3NVFRkPulh_yKGRTHfo,UgxDQTTHVRhbOIlkdlp4AaABAg,"{'videoId': 'zEfTDpfyt1o', 'topLevelComment': {'kind': 'youtube#comment', 'etag': 'k7sdJd3M2wSFMTp8vMz9G3qhhrQ', 'id': 'UgxDQTTHVRhbOIlkdlp4AaABAg', 'snippet': {'videoId': 'zEfTDpfyt1o', 'textDisplay': 'E tem bichos bolsonaristas tratando o Roberto Jeferson como herói!! É ou não é ASSUSTADOR???', 'textOriginal': 'E tem bichos bolsonaristas tratando o Roberto Jeferson como herói!! É ou não é ASSUSTADOR???', 'authorDisplayName': 'Eliane Dos Anjos', 'authorProfileImageUrl': 'https://yt3.ggpht.com/ytc/AGIKgqPTRjUTXnR7etgIA0zzskkMaA1OharGo-Olgj8e1w=s48-c-k-c0x00ffffff-no-rj', 'authorChannelUrl': 'http://www.youtube.com/channel/UCmJhg7sfk-uEQatCiPCMtyQ', 'authorChannelId': {'value': 'UCmJhg7sfk-uEQatCiPCMtyQ'}, 'canRate': True, 'viewerRating': 'none', 'likeCount': 0, 'publishedAt': '2022-10-24T20:15:02Z', 'updatedAt': '2022-10-24T20:15:02Z'}}, 'canReply': True, 'totalReplyCount': 0, 'isPublic': True}",,UCmJhg7sfk-uEQatCiPCMtyQ,2022-10-24T20:15:02Z,E tem bichos bolsonaristas tratando o Roberto Jeferson como herói!! É ou não é ASSUSTADOR???,QURTSl9pMzBrY2o5eGFidExJSUNBckp1QnMxSHFsSEtROTNYQmFwcXZTblJXVm9Ud00wZnZPVjYxY1BqV21ZWDlwSVhPeVFPajBZZ1BJcw==,2023-06-08 14:52:32.063929
youtube#commentThread,DEAn8dnpTV4yDDeIUJiZ8N2uLgg,UgxmqRdjKIkz5LL9NHh4AaABAg,"{'videoId': 'zEfTDpfyt1o', 'topLevelComment': {'kind': 'youtube#comment', 'etag': '7CDa7d3gSh-JlUQngAbdLAmvqRU', 'id': 'UgxmqRdjKIkz5LL9NHh4AaABAg', 'snippet': {'videoId': 'zEfTDpfyt1o', 'textDisplay': 'Mentirosos, sujos, imundos. Bolsonarismo é um câncer na alma das pessoas. Sinto pavor e muito medo de todos que apoiam esse demônio. Vocês deviam sentir vergonha de gastar a vida de vocês a formação de vocês apoiando um homem escroto daquele e contribuindo num projeto de governo que só massacra tudo que é bom e de boa índole. Me enoja saber que vocês o apoiam. O fascismo está se instando no Brasil com a fiel colaboração de vocês. A consciência não pesa não?', 'textOriginal': 'Mentirosos, sujos, imundos. Bolsonarismo é um câncer na alma das pessoas. Sinto pavor e muito medo de todos que apoiam esse demônio. Vocês deviam sentir vergonha de gastar a vida de vocês a formação de vocês apoiando um homem escroto daquele e contribuindo num projeto de governo que só massacra tudo que é bom e de boa índole. Me enoja saber que vocês o apoiam. O fascismo está se instando no Brasil com a fiel colaboração de vocês. A consciência não pesa não?', 'authorDisplayName': 'Eliane Dos Anjos', 'authorProfileImageUrl': 'https://yt3.ggpht.com/ytc/AGIKgqPTRjUTXnR7etgIA0zzskkMaA1OharGo-Olgj8e1w=s48-c-k-c0x00ffffff-no-rj', 'authorChannelUrl': 'http://www.youtube.com/channel/UCmJhg7sfk-uEQatCiPCMtyQ', 'authorChannelId': {'value': 'UCmJhg7sfk-uEQatCiPCMtyQ'}, 'canRate': True, 'viewerRating': 'none', 'likeCount': 0, 'publishedAt': '2022-10-24T20:11:38Z', 'updatedAt': '2022-10-24T20:13:42Z'}}, 'canReply': True, 'totalReplyCount': 0, 'isPublic': True}",,UCmJhg7sfk-uEQatCiPCMtyQ,2022-10-24T20:11:38Z,"Mentirosos, sujos, imundos. Bolsonarismo é um câncer na alma das pessoas. Sinto pavor e muito medo de todos que apoiam esse demônio. Vocês deviam sentir vergonha de gastar a vida de vocês a formação de vocês apoiando um homem escroto daquele e contribuindo num projeto de governo que só massacra tudo que é bom e de boa índole. Me enoja saber que vocês o apoiam. O fascismo está se instando no Brasil com a fiel colaboração de vocês. A consciência não pesa não?",QURTSl9pMzBrY2o5eGFidExJSUNBckp1QnMxSHFsSEtROTNYQmFwcXZTblJXVm9Ud00wZnZPVjYxY1BqV21ZWDlwSVhPeVFPajBZZ1BJcw==,2023-06-08 14:52:32.063929
youtube#commentThread,-xPLxUO8fOLeg_D66nc3L0rSzcQ,Ugzi2yIRO_jWij7nEEp4AaABAg,"{'videoId': 'zEfTDpfyt1o', 'topLevelComment': {'kind': 'youtube#comment', 'etag': 'hRp6JiE3HrjbLpuJWOySyMbj0rk', 'id': 'Ugzi2yIRO_jWij7nEEp4AaABAg', 'snippet': {'videoId': 'zEfTDpfyt1o', 'textDisplay': 'Não dá pra entender o ser humano. Repúdio a agressividade.', 'textOriginal': 'Não dá pra entender o ser humano. Repúdio a agressividade.', 'authorDisplayName': 'Dirce Ferrari', 'authorProfileImageUrl': 'https://yt3.ggpht.com/ytc/AGIKgqNp-V5rYNWRaZGsr_YwxGcKh0t6FyOgMD2i_Q=s48-c-k-c0x00ffffff-no-rj', 'authorChannelUrl': 'http://www.youtube.com/channel/UCE2B5FHa5Je_hJwfxi9LvEQ', 'authorChannelId': {'value': 'UCE2B5FHa5Je_hJwfxi9LvEQ'}, 'canRate': True, 'viewerRating': 'none', 'likeCount': 0, 'publishedAt': '2022-10-24T20:03:22Z', 'updatedAt': '2022-10-24T20:03:22Z'}}, 'canReply': True, 'totalReplyCount': 0, 'isPublic': True}",,UCE2B5FHa5Je_hJwfxi9LvEQ,2022-10-24T20:03:22Z,Não dá pra entender o ser humano. Repúdio a agressividade.,QURTSl9pMzBrY2o5eGFidExJSUNBckp1QnMxSHFsSEtROTNYQmFwcXZTblJXVm9Ud00wZnZPVjYxY1BqV21ZWDlwSVhPeVFPajBZZ1BJcw==,2023-06-08 14:52:32.063929
youtube#commentThread,ipQQKXTudcgUHiwF8ppMhdb1lH8,UgwVM0_p7tdfrmzFbdt4AaABAg,"{'videoId': 'zEfTDpfyt1o', 'topLevelComment': {'kind': 'youtube#comment', 'etag': 'yFN_szs8VcWHueItIupJfiUYplk', 'id': 'UgwVM0_p7tdfrmzFbdt4AaABAg', 'snippet': {'videoId': 'zEfTDpfyt1o', 'textDisplay': 'Apoiadores de Roberto Jeferson são apoiadores de Bolsonaro.', 'textOriginal': 'Apoiadores de Roberto Jeferson são apoiadores de Bolsonaro.', 'authorDisplayName': 'Cristiano Custódio', 'authorProfileImageUrl': 'https://yt3.ggpht.com/ytc/AGIKgqO7KWS7IosSu0CNWVSe0rN6gzD6M9D1-pns7I_U_Q=s48-c-k-c0x00ffffff-no-rj', 'authorChannelUrl': 'http://www.youtube.com/channel/UCJ_9uTcu60st0Q-dpZBucxg', 'authorChannelId': {'value': 'UCJ_9uTcu60st0Q-dpZBucxg'}, 'canRate': True, 'viewerRating': 'none', 'likeCount': 0, 'publishedAt': '2022-10-24T20:00:31Z', 'updatedAt': '2022-10-24T20:00:31Z'}}, 'canReply': True, 'totalReplyCount': 0, 'isPublic': True}",,UCJ_9uTcu60st0Q-dpZBucxg,2022-10-24T20:00:31Z,Apoiadores de Roberto Jeferson são apoiadores de Bolsonaro.,QURTSl9pMzBrY2o5eGFidExJSUNBckp1QnMxSHFsSEtROTNYQmFwcXZTblJXVm9Ud00wZnZPVjYxY1BqV21ZWDlwSVhPeVFPajBZZ1BJcw==,2023-06-08 14:52:32.063929
youtube#commentThread,Eo2rFFVj-hT4yKXCE9_YsWVuZDA,UgySomu0iXufSyRJBpt4AaABAg,"{'videoId': 'zEfTDpfyt1o', 'topLevelComment': {'kind': 'youtube#comment', 'etag': 'J5cliSnf4WzJUshVFsav5YdlHJQ', 'id': 'UgySomu0iXufSyRJBpt4AaABAg', 'snippet': {'videoId': 'zEfTDpfyt1o', 'textDisplay': 'Apoiadores do bolsonaro né?', 'textOriginal': 'Apoiadores do bolsonaro né?', 'authorDisplayName': 'Criminal 1940', 'authorProfileImageUrl': 'https://yt3.ggpht.com/ytc/AGIKgqP_i4WTcE_r2suY3ItYMt_rRViJ_H4T5tfi8Q=s48-c-k-c0x00ffffff-no-rj', 'authorChannelUrl': 'http://www.youtube.com/channel/UCu86wTd5Fp5f471Q1cCgjVw', 'authorChannelId': {'value': 'UCu86wTd5Fp5f471Q1cCgjVw'}, 'canRate': True, 'viewerRating': 'none', 'likeCount': 0, 'publishedAt': '2022-10-24T19:40:41Z', 'updatedAt': '2022-10-24T19:40:41Z'}}, 'canReply': True, 'totalReplyCount': 0, 'isPublic': True}",,UCu86wTd5Fp5f471Q1cCgjVw,2022-10-24T19:40:41Z,Apoiadores do bolsonaro né?,QURTSl9pMzBrY2o5eGFidExJSUNBckp1QnMxSHFsSEtROTNYQmFwcXZTblJXVm9Ud00wZnZPVjYxY1BqV21ZWDlwSVhPeVFPajBZZ1BJcw==,2023-06-08 14:52:32.063929
youtube#commentThread,E-unE1kxCKUohZGAKkEklRdbmCM,UgyxC6rU3EUyVnhWuGp4AaABAg,"{'videoId': 'zEfTDpfyt1o', 'topLevelComment': {'kind': 'youtube#comment', 'etag': '-Rxrq2yHHVMtEWnpyCm6sZODa3k', 'id': 'UgyxC6rU3EUyVnhWuGp4AaABAg', 'snippet': {'videoId': 'zEfTDpfyt1o', 'textDisplay': 'Agora não adianta! A Jovem Pan deu várias vezes palanque para Roberto Jefferson. CÚMPLICES !!', 'textOriginal': 'Agora não adianta! A Jovem Pan deu várias vezes palanque para Roberto Jefferson. CÚMPLICES !!', 'authorDisplayName': 'Ivan Alves', 'authorProfileImageUrl': 'https://yt3.ggpht.com/ytc/AGIKgqO4gjf9kNVc9c600IARQNaIH3z33So6X6MUiwHkaVA=s48-c-k-c0x00ffffff-no-rj', 'authorChannelUrl': 'http://www.youtube.com/channel/UCDxYnZGldTjZbo02Pws2NQA', 'authorChannelId': {'value': 'UCDxYnZGldTjZbo02Pws2NQA'}, 'canRate': True, 'viewerRating': 'none', 'likeCount': 0, 'publishedAt': '2022-10-24T18:55:20Z', 'updatedAt': '2022-10-24T18:55:20Z'}}, 'canReply': True, 'totalReplyCount': 0, 'isPublic': True}",,UCDxYnZGldTjZbo02Pws2NQA,2022-10-24T18:55:20Z,Agora não adianta! A Jovem Pan deu várias vezes palanque para Roberto Jefferson. CÚMPLICES !!,QURTSl9pMzBrY2o5eGFidExJSUNBckp1QnMxSHFsSEtROTNYQmFwcXZTblJXVm9Ud00wZnZPVjYxY1BqV21ZWDlwSVhPeVFPajBZZ1BJcw==,2023-06-08 14:52:32.063929
youtube#commentThread,tcyGtEer15KWqINEk3oSRPcWJ9s,UgwOS0h8INFnj87Ct-Z4AaABAg,"{'videoId': 'zEfTDpfyt1o', 'topLevelComment': {'kind': 'youtube#comment', 'etag': 'dUItHusF6WQGpeQBxB65NlVC2_8', 'id': 'UgwOS0h8INFnj87Ct-Z4AaABAg', 'snippet': {'videoId': 'zEfTDpfyt1o', 'textDisplay': 'Isso aqui é um esgoto a céu aberto', 'textOriginal': 'Isso aqui é um esgoto a céu aberto', 'authorDisplayName': 'Yuri Carlini', 'authorProfileImageUrl': 'https://yt3.ggpht.com/ytc/AGIKgqO1-pMPn-vxQBMChLXaDaP-TyRQ2FmBupJpTQ=s48-c-k-c0x00ffffff-no-rj', 'authorChannelUrl': 'http://www.youtube.com/channel/UC_PiTNmEhtRqAKQ6xN_PiuA', 'authorChannelId': {'value': 'UC_PiTNmEhtRqAKQ6xN_PiuA'}, 'canRate': True, 'viewerRating': 'none', 'likeCount': 0, 'publishedAt': '2022-10-24T18:53:34Z', 'updatedAt': '2022-10-24T18:53:34Z'}}, 'canReply': True, 'totalReplyCount': 0, 'isPublic': True}",,UC_PiTNmEhtRqAKQ6xN_PiuA,2022-10-24T18:53:34Z,Isso aqui é um esgoto a céu aberto,QURTSl9pMzBrY2o5eGFidExJSUNBckp1QnMxSHFsSEtROTNYQmFwcXZTblJXVm9Ud00wZnZPVjYxY1BqV21ZWDlwSVhPeVFPajBZZ1BJcw==,2023-06-08 14:52:32.063929
youtube#commentThread,VzZH0-71iHyKYvqdUogglQQsqQQ,UgyocH85sCP4mnEFOh14AaABAg,"{'videoId': 'zEfTDpfyt1o', 'topLevelComment': {'kind': 'youtube#comment', 'etag': 'tdjrB8EQxGeTqQnHJxiPiJdAb_8', 'id': 'UgyocH85sCP4mnEFOh14AaABAg', 'snippet': {'videoId': 'zEfTDpfyt1o', 'textDisplay': 'é uma lástima.  INCLUSIVE JP aprenda a não se associar  a GOVERNOS CORRUPTOS', 'textOriginal': 'é uma lástima.  INCLUSIVE JP aprenda a não se associar  a GOVERNOS CORRUPTOS', 'authorDisplayName': 'DAN Alexandre.', 'authorProfileImageUrl': 'https://yt3.ggpht.com/ytc/AGIKgqPdyXfoAVvxz8mcemTHDV2W7749yj4TsC_LK4rW=s48-c-k-c0x00ffffff-no-rj', 'authorChannelUrl': 'http://www.youtube.com/channel/UCJ5_jzUvxnaqINGpB4cub_Q', 'authorChannelId': {'value': 'UCJ5_jzUvxnaqINGpB4cub_Q'}, 'canRate': True, 'viewerRating': 'none', 'likeCount': 0, 'publishedAt': '2022-10-24T18:22:44Z', 'updatedAt': '2022-10-24T18:22:44Z'}}, 'canReply': True, 'totalReplyCount': 0, 'isPublic': True}",,UCJ5_jzUvxnaqINGpB4cub_Q,2022-10-24T18:22:44Z,é uma lástima.  INCLUSIVE JP aprenda a não se associar  a GOVERNOS CORRUPTOS,QURTSl9pMzBrY2o5eGFidExJSUNBckp1QnMxSHFsSEtROTNYQmFwcXZTblJXVm9Ud00wZnZPVjYxY1BqV21ZWDlwSVhPeVFPajBZZ1BJcw==,2023-06-08 14:52:32.063929
youtube#commentThread,G6UAUP_93dOpb_iDIyCZ2X_-xLA,Ugy8zAXXSnc6mcTLbn54AaABAg,"{'videoId': 'zEfTDpfyt1o', 'topLevelComment': {'kind': 'youtube#comment', 'etag': '30R5Bp0x5qlOtT7zKr_PhpQBvF8', 'id': 'Ugy8zAXXSnc6mcTLbn54AaABAg', 'snippet': {'videoId': 'zEfTDpfyt1o', 'textDisplay': 'frase da semana: &quot;nao tem uma foto dele comigo&quot;, esta da pra acreditar?', 'textOriginal': 'frase da semana: ""nao tem uma foto dele comigo"", esta da pra acreditar?', 'authorDisplayName': 'Sergio Luiz Novaes', 'authorProfileImageUrl': 'https://yt3.ggpht.com/ytc/AGIKgqNeq2KlM-jMCEW7AXSAj5GFCL8duj-HdcC7WnWZYJ4=s48-c-k-c0x00ffffff-no-rj', 'authorChannelUrl': 'http://www.youtube.com/channel/UCmBbT_f9Iak-d197831MN8w', 'authorChannelId': {'value': 'UCmBbT_f9Iak-d197831MN8w'}, 'canRate': True, 'viewerRating': 'none', 'likeCount': 0, 'publishedAt': '2022-10-24T18:13:18Z', 'updatedAt': '2022-10-24T18:13:18Z'}}, 'canReply': True, 'totalReplyCount': 0, 'isPublic': True}",,UCmBbT_f9Iak-d197831MN8w,2022-10-24T18:13:18Z,"frase da semana: ""nao tem uma foto dele comigo"", esta da pra acreditar?",QURTSl9pMzBrY2o5eGFidExJSUNBckp1QnMxSHFsSEtROTNYQmFwcXZTblJXVm9Ud00wZnZPVjYxY1BqV21ZWDlwSVhPeVFPajBZZ1BJcw==,2023-06-08 14:52:32.063929
youtube#commentThread,9mpNPexp9BlLIFU3EUKBzV26VIY,Ugy0fgtxoGYvrhykSfJ4AaABAg,"{'videoId': 'zEfTDpfyt1o', 'topLevelComment': {'kind': 'youtube#comment', 'etag': 'Nsd-oVfeU_jarVlM4Z0hSlx4VGw', 'id': 'Ugy0fgtxoGYvrhykSfJ4AaABAg', 'snippet': {'videoId': 'zEfTDpfyt1o', 'textDisplay': 'Engraçado né que foi da Globo', 'textOriginal': 'Engraçado né que foi da Globo', 'authorDisplayName': 'Neide Silva', 'authorProfileImageUrl': 'https://yt3.ggpht.com/jVJwh2khU301a1sAKdWHyhddskIA7Nq9bMxYieruuiAtfhz7viIXeK2h42AzuiclWuCCiFBUWA=s48-c-k-c0x00ffffff-no-rj', 'authorChannelUrl': 'http://www.youtube.com/channel/UCx24Z8i2PWVp3_Bw0z40jwQ', 'authorChannelId': {'value': 'UCx24Z8i2PWVp3_Bw0z40jwQ'}, 'canRate': True, 'viewerRating': 'none', 'likeCount': 0, 'publishedAt': '2022-10-24T18:01:59Z', 'updatedAt': '2022-10-24T18:01:59Z'}}, 'canReply': True, 'totalReplyCount': 0, 'isPublic': True}",,UCx24Z8i2PWVp3_Bw0z40jwQ,2022-10-24T18:01:59Z,Engraçado né que foi da Globo,QURTSl9pMzBrY2o5eGFidExJSUNBckp1QnMxSHFsSEtROTNYQmFwcXZTblJXVm9Ud00wZnZPVjYxY1BqV21ZWDlwSVhPeVFPajBZZ1BJcw==,2023-06-08 14:52:32.063929
youtube#commentThread,NQ77lX4veeXtNWEGSVx5p4fmT14,UgxJH2rH_bxxBPvWyA14AaABAg,"{'videoId': 'zEfTDpfyt1o', 'topLevelComment': {'kind': 'youtube#comment', 'etag': 'RoACwXjEFHo7n-50uzNaNogRzoc', 'id': 'UgxJH2rH_bxxBPvWyA14AaABAg', 'snippet': {'videoId': 'zEfTDpfyt1o', 'textDisplay': 'Será?', 'textOriginal': 'Será?', 'authorDisplayName': 'Neide Silva', 'authorProfileImageUrl': 'https://yt3.ggpht.com/jVJwh2khU301a1sAKdWHyhddskIA7Nq9bMxYieruuiAtfhz7viIXeK2h42AzuiclWuCCiFBUWA=s48-c-k-c0x00ffffff-no-rj', 'authorChannelUrl': 'http://www.youtube.com/channel/UCx24Z8i2PWVp3_Bw0z40jwQ', 'authorChannelId': {'value': 'UCx24Z8i2PWVp3_Bw0z40jwQ'}, 'canRate': True, 'viewerRating': 'none', 'likeCount': 0, 'publishedAt': '2022-10-24T18:01:36Z', 'updatedAt': '2022-10-24T18:01:36Z'}}, 'canReply': True, 'totalReplyCount': 0, 'isPublic': True}",,UCx24Z8i2PWVp3_Bw0z40jwQ,2022-10-24T18:01:36Z,Será?,QURTSl9pMzBrY2o5eGFidExJSUNBckp1QnMxSHFsSEtROTNYQmFwcXZTblJXVm9Ud00wZnZPVjYxY1BqV21ZWDlwSVhPeVFPajBZZ1BJcw==,2023-06-08 14:52:32.063929
youtube#commentThread,N9bOfhpZuO0D3Y1F-wl8tzF2Bcg,UgzE5FWKhl7T9WYDEil4AaABAg,"{'videoId': 'zEfTDpfyt1o', 'topLevelComment': {'kind': 'youtube#comment', 'etag': 't1AB4iUK4SYth0moCc_9D-YXveg', 'id': 'UgzE5FWKhl7T9WYDEil4AaABAg', 'snippet': {'videoId': 'zEfTDpfyt1o', 'textDisplay': 'Mas voces da responsaveis por tudo isso agora o PT e agresor toma vergonha bolsonaro pedofilia e responsavel por tudo isso', 'textOriginal': 'Mas voces da responsaveis por tudo isso agora o PT e agresor toma vergonha bolsonaro pedofilia e responsavel por tudo isso', 'authorDisplayName': 'Célio Andre Sousa', 'authorProfileImageUrl': 'https://yt3.ggpht.com/ytc/AGIKgqM6E1LgPbQX3C-7mgKQB2z_xZUCzgS70E9NMw=s48-c-k-c0x00ffffff-no-rj', 'authorChannelUrl': 'http://www.youtube.com/channel/UCodhncUNTVwSfC9RR81NoDg', 'authorChannelId': {'value': 'UCodhncUNTVwSfC9RR81NoDg'}, 'canRate': True, 'viewerRating': 'none', 'likeCount': 0, 'publishedAt': '2022-10-24T17:24:49Z', 'updatedAt': '2022-10-24T17:24:49Z'}}, 'canReply': True, 'totalReplyCount': 0, 'isPublic': True}",,UCodhncUNTVwSfC9RR81NoDg,2022-10-24T17:24:49Z,Mas voces da responsaveis por tudo isso agora o PT e agresor toma vergonha bolsonaro pedofilia e responsavel por tudo isso,QURTSl9pMzBrY2o5eGFidExJSUNBckp1QnMxSHFsSEtROTNYQmFwcXZTblJXVm9Ud00wZnZPVjYxY1BqV21ZWDlwSVhPeVFPajBZZ1BJcw==,2023-06-08 14:52:32.063929
youtube#commentThread,kFUwJaHIi8zSBna7CkCPbB7TXcw,UgzO2eL-vzu8hJbsNph4AaABAg,"{'videoId': 'zEfTDpfyt1o', 'topLevelComment': {'kind': 'youtube#comment', 'etag': 'EfI633Tg_HUC-cHAaW-Vk833RK8', 'id': 'UgzO2eL-vzu8hJbsNph4AaABAg', 'snippet': {'videoId': 'zEfTDpfyt1o', 'textDisplay': 'Porque voces apoiam um ser miliciano pedofilo ditador criminoso genocida', 'textOriginal': 'Porque voces apoiam um ser miliciano pedofilo ditador criminoso genocida', 'authorDisplayName': 'Célio Andre Sousa', 'authorProfileImageUrl': 'https://yt3.ggpht.com/ytc/AGIKgqM6E1LgPbQX3C-7mgKQB2z_xZUCzgS70E9NMw=s48-c-k-c0x00ffffff-no-rj', 'authorChannelUrl': 'http://www.youtube.com/channel/UCodhncUNTVwSfC9RR81NoDg', 'authorChannelId': {'value': 'UCodhncUNTVwSfC9RR81NoDg'}, 'canRate': True, 'viewerRating': 'none', 'likeCount': 0, 'publishedAt': '2022-10-24T17:21:49Z', 'updatedAt': '2022-10-24T17:21:49Z'}}, 'canReply': True, 'totalReplyCount': 0, 'isPublic': True}",,UCodhncUNTVwSfC9RR81NoDg,2022-10-24T17:21:49Z,Porque voces apoiam um ser miliciano pedofilo ditador criminoso genocida,QURTSl9pMzBrY2o5eGFidExJSUNBckp1QnMxSHFsSEtROTNYQmFwcXZTblJXVm9Ud00wZnZPVjYxY1BqV21ZWDlwSVhPeVFPajBZZ1BJcw==,2023-06-08 14:52:32.063929
youtube#commentThread,1TbzThLUy3WAoULwShNM7NW-iBs,UgwNlOK4AGRNGD7oorR4AaABAg,"{'videoId': 'zEfTDpfyt1o', 'topLevelComment': {'kind': 'youtube#comment', 'etag': 'KZg2xsQ7yACO2goQIsQcQ6wUW-g', 'id': 'UgwNlOK4AGRNGD7oorR4AaABAg', 'snippet': {'videoId': 'zEfTDpfyt1o', 'textDisplay': 'pois é... a descrição do agressor é FOI UM CARA COM CAMISETA DA SELEÇÃO....', 'textOriginal': 'pois é... a descrição do agressor é FOI UM CARA COM CAMISETA DA SELEÇÃO....', 'authorDisplayName': 'Renato Alves', 'authorProfileImageUrl': 'https://yt3.ggpht.com/ytc/AGIKgqMOE2FaVYwta7lalARZhQmYCIOmJIhxLWYHZWj-cQ=s48-c-k-c0x00ffffff-no-rj', 'authorChannelUrl': 'http://www.youtube.com/channel/UCd5Ohy7iom-VOgjMLH9Bcfg', 'authorChannelId': {'value': 'UCd5Ohy7iom-VOgjMLH9Bcfg'}, 'canRate': True, 'viewerRating': 'none', 'likeCount': 0, 'publishedAt': '2022-10-24T17:00:34Z', 'updatedAt': '2022-10-24T17:00:34Z'}}, 'canReply': True, 'totalReplyCount': 0, 'isPublic': True}",,UCd5Ohy7iom-VOgjMLH9Bcfg,2022-10-24T17:00:34Z,pois é... a descrição do agressor é FOI UM CARA COM CAMISETA DA SELEÇÃO....,QURTSl9pMzBrY2o5eGFidExJSUNBckp1QnMxSHFsSEtROTNYQmFwcXZTblJXVm9Ud00wZnZPVjYxY1BqV21ZWDlwSVhPeVFPajBZZ1BJcw==,2023-06-08 14:52:32.063929
youtube#commentThread,Up_9FoeAmC-ymp0E7ff6AuHjQA0,UgylM8lzV9gsLnMQUAh4AaABAg,"{'videoId': 'zEfTDpfyt1o', 'topLevelComment': {'kind': 'youtube#comment', 'etag': 'i2nxr72REavFosO9_EWluad6jpo', 'id': 'UgylM8lzV9gsLnMQUAh4AaABAg', 'snippet': {'videoId': 'zEfTDpfyt1o', 'textDisplay': 'Porque ele estava de verde se estivesse maduro já estava tudo dominado 💰💰💰😁😁😁😝🖤🖤', 'textOriginal': 'Porque ele estava de verde se estivesse maduro já estava tudo dominado 💰💰💰😁😁😁😝🖤🖤', 'authorDisplayName': 'Eulalito Vendramini filho', 'authorProfileImageUrl': 'https://yt3.ggpht.com/G0Aq3e9oSq718ma53Z20FqGXk2MPxue3bNDMp2kwRvc3b_Z4kUgMgOklDqHMy9XEhNa-Y1DULA=s48-c-k-c0x00ffffff-no-rj', 'authorChannelUrl': 'http://www.youtube.com/channel/UCwIBH-Tmrwcpk2k5JLI7FeQ', 'authorChannelId': {'value': 'UCwIBH-Tmrwcpk2k5JLI7FeQ'}, 'canRate': True, 'viewerRating': 'none', 'likeCount': 0, 'publishedAt': '2022-10-24T16:34:43Z', 'updatedAt': '2022-10-24T16:34:43Z'}}, 'canReply': True, 'totalReplyCount': 0, 'isPublic': True}",,UCwIBH-Tmrwcpk2k5JLI7FeQ,2022-10-24T16:34:43Z,Porque ele estava de verde se estivesse maduro já estava tudo dominado 💰💰💰😁😁😁😝🖤🖤,QURTSl9pMzBrY2o5eGFidExJSUNBckp1QnMxSHFsSEtROTNYQmFwcXZTblJXVm9Ud00wZnZPVjYxY1BqV21ZWDlwSVhPeVFPajBZZ1BJcw==,2023-06-08 14:52:32.063929
youtube#commentThread,p9EflwSdvQdMWazr-QTbMErkdEI,UgxWgo-kOEk1r-LoUUx4AaABAg,"{'videoId': 'zEfTDpfyt1o', 'topLevelComment': {'kind': 'youtube#comment', 'etag': 'F6EmIEkHAoAoWjseP_-HCOQsNSY', 'id': 'UgxWgo-kOEk1r-LoUUx4AaABAg', 'snippet': {'videoId': 'zEfTDpfyt1o', 'textDisplay': 'Eles vão continuar  com o seu dinheiro 💰💰💰 no bem bão 😀 uma coisa você está ferrado 😁 um abraço', 'textOriginal': 'Eles vão continuar  com o seu dinheiro 💰💰💰 no bem bão 😀 uma coisa você está ferrado 😁 um abraço', 'authorDisplayName': 'Eulalito Vendramini filho', 'authorProfileImageUrl': 'https://yt3.ggpht.com/G0Aq3e9oSq718ma53Z20FqGXk2MPxue3bNDMp2kwRvc3b_Z4kUgMgOklDqHMy9XEhNa-Y1DULA=s48-c-k-c0x00ffffff-no-rj', 'authorChannelUrl': 'http://www.youtube.com/channel/UCwIBH-Tmrwcpk2k5JLI7FeQ', 'authorChannelId': {'value': 'UCwIBH-Tmrwcpk2k5JLI7FeQ'}, 'canRate': True, 'viewerRating': 'none', 'likeCount': 0, 'publishedAt': '2022-10-24T16:32:06Z', 'updatedAt': '2022-10-24T16:32:06Z'}}, 'canReply': True, 'totalReplyCount': 0, 'isPublic': True}",,UCwIBH-Tmrwcpk2k5JLI7FeQ,2022-10-24T16:32:06Z,Eles vão continuar  com o seu dinheiro 💰💰💰 no bem bão 😀 uma coisa você está ferrado 😁 um abraço,QURTSl9pMzBrY2o5eGFidExJSUNBckp1QnMxSHFsSEtROTNYQmFwcXZTblJXVm9Ud00wZnZPVjYxY1BqV21ZWDlwSVhPeVFPajBZZ1BJcw==,2023-06-08 14:52:32.063929
youtube#commentThread,n_kCrHrJkU3YKRHGcWyZ8y5laP4,UgwbDRdMXM_HFlYpdQd4AaABAg,"{'videoId': 'zEfTDpfyt1o', 'topLevelComment': {'kind': 'youtube#comment', 'etag': 'mIgpsKXgxmNWuymsjK-Hn6eUS6k', 'id': 'UgwbDRdMXM_HFlYpdQd4AaABAg', 'snippet': {'videoId': 'zEfTDpfyt1o', 'textDisplay': 'Jornalistas da Globo não são jornalistas. São terroristas intelectuais a mando de um esquema asqueroso de agressões e mentiras diárias!!!', 'textOriginal': 'Jornalistas da Globo não são jornalistas. São terroristas intelectuais a mando de um esquema asqueroso de agressões e mentiras diárias!!!', 'authorDisplayName': 'Fabricio Roberto', 'authorProfileImageUrl': 'https://yt3.ggpht.com/ytc/AGIKgqPKlpfCclc3Gjvuj2HbWVtj168vv-RWWjunB6BstaE=s48-c-k-c0x00ffffff-no-rj', 'authorChannelUrl': 'http://www.youtube.com/channel/UC6hAiq62O6Ryr2Ktj0kY66A', 'authorChannelId': {'value': 'UC6hAiq62O6Ryr2Ktj0kY66A'}, 'canRate': True, 'viewerRating': 'none', 'likeCount': 0, 'publishedAt': '2022-10-24T16:23:12Z', 'updatedAt': '2022-10-24T16:23:12Z'}}, 'canReply': True, 'totalReplyCount': 0, 'isPublic': True}",,UC6hAiq62O6Ryr2Ktj0kY66A,2022-10-24T16:23:12Z,Jornalistas da Globo não são jornalistas. São terroristas intelectuais a mando de um esquema asqueroso de agressões e mentiras diárias!!!,QURTSl9pMzBrY2o5eGFidExJSUNBckp1QnMxSHFsSEtROTNYQmFwcXZTblJXVm9Ud00wZnZPVjYxY1BqV21ZWDlwSVhPeVFPajBZZ1BJcw==,2023-06-08 14:52:32.063929
youtube#commentThread,KN5uPbY_36IZh62DOIszuK166es,UgzHBKGzOO5CyBFzN_Z4AaABAg,"{'videoId': 'zEfTDpfyt1o', 'topLevelComment': {'kind': 'youtube#comment', 'etag': '78NNr6MCL6U3aGe3_jgIC6rVzwo', 'id': 'UgzHBKGzOO5CyBFzN_Z4AaABAg', 'snippet': {'videoId': 'zEfTDpfyt1o', 'textDisplay': 'SE JOGOU NO CHÃO E VALORIZOU PRA CARAMBA.', 'textOriginal': 'SE JOGOU NO CHÃO E VALORIZOU PRA CARAMBA.', 'authorDisplayName': 'Fabricio Roberto', 'authorProfileImageUrl': 'https://yt3.ggpht.com/ytc/AGIKgqPKlpfCclc3Gjvuj2HbWVtj168vv-RWWjunB6BstaE=s48-c-k-c0x00ffffff-no-rj', 'authorChannelUrl': 'http://www.youtube.com/channel/UC6hAiq62O6Ryr2Ktj0kY66A', 'authorChannelId': {'value': 'UC6hAiq62O6Ryr2Ktj0kY66A'}, 'canRate': True, 'viewerRating': 'none', 'likeCount': 0, 'publishedAt': '2022-10-24T16:21:38Z', 'updatedAt': '2022-10-24T16:21:38Z'}}, 'canReply': True, 'totalReplyCount': 0, 'isPublic': True}",,UC6hAiq62O6Ryr2Ktj0kY66A,2022-10-24T16:21:38Z,SE JOGOU NO CHÃO E VALORIZOU PRA CARAMBA.,QURTSl9pMzBrY2o5eGFidExJSUNBckp1QnMxSHFsSEtROTNYQmFwcXZTblJXVm9Ud00wZnZPVjYxY1BqV21ZWDlwSVhPeVFPajBZZ1BJcw==,2023-06-08 14:52:32.063929
youtube#commentThread,QKRSB_O3UfXM43ENHprtH9WiVGc,UgxIdApCRDwCnwbnwbJ4AaABAg,"{'videoId': 'zEfTDpfyt1o', 'topLevelComment': {'kind': 'youtube#comment', 'etag': '9AAycctL0HSv_N7E07Oj2eMYHxY', 'id': 'UgxIdApCRDwCnwbnwbJ4AaABAg', 'snippet': {'videoId': 'zEfTDpfyt1o', 'textDisplay': 'VOCES QUEREM DIZER APOIADORES DE JAIR BOLSONARO NÉ... POIS JEFFERSON É CUPINCHA DE BOLSONARO...', 'textOriginal': 'VOCES QUEREM DIZER APOIADORES DE JAIR BOLSONARO NÉ... POIS JEFFERSON É CUPINCHA DE BOLSONARO...', 'authorDisplayName': 'Luiz Dino', 'authorProfileImageUrl': 'https://yt3.ggpht.com/ytc/AGIKgqMME9ntSBS0d1aF-8cq0tKBgppAlna0Zi0kDw=s48-c-k-c0x00ffffff-no-rj', 'authorChannelUrl': 'http://www.youtube.com/channel/UChS6bevnBuXkCaNuGSzKr-A', 'authorChannelId': {'value': 'UChS6bevnBuXkCaNuGSzKr-A'}, 'canRate': True, 'viewerRating': 'none', 'likeCount': 0, 'publishedAt': '2022-10-24T15:52:49Z', 'updatedAt': '2022-10-24T15:52:49Z'}}, 'canReply': True, 'totalReplyCount': 0, 'isPublic': True}",,UChS6bevnBuXkCaNuGSzKr-A,2022-10-24T15:52:49Z,VOCES QUEREM DIZER APOIADORES DE JAIR BOLSONARO NÉ... POIS JEFFERSON É CUPINCHA DE BOLSONARO...,QURTSl9pMzBrY2o5eGFidExJSUNBckp1QnMxSHFsSEtROTNYQmFwcXZTblJXVm9Ud00wZnZPVjYxY1BqV21ZWDlwSVhPeVFPajBZZ1BJcw==,2023-06-08 14:52:32.063929
youtube#commentThread,i6Y86ptEudYqvz5jep2VEZFF5wU,UgwegMpo4rch50GHvQ94AaABAg,"{'videoId': 'zEfTDpfyt1o', 'topLevelComment': {'kind': 'youtube#comment', 'etag': 'Ygx9KMn8fZADN4MNzStCRJG8A18', 'id': 'UgwegMpo4rch50GHvQ94AaABAg', 'snippet': {'videoId': 'zEfTDpfyt1o', 'textDisplay': 'Rede esgoto não leva informacao para ninguem, é um deservico a sociedade brasileira..o rapaz caiu de maduro nao é cinegrafista na verdade é um ator, admitador de Neymar..', 'textOriginal': 'Rede esgoto não leva informacao para ninguem, é um deservico a sociedade brasileira..o rapaz caiu de maduro nao é cinegrafista na verdade é um ator, admitador de Neymar..', 'authorDisplayName': 'freitas faria', 'authorProfileImageUrl': 'https://yt3.ggpht.com/ytc/AGIKgqNr1RKmRrj8bvElKi5UYoLPR_vqQ39XkTZsuA1d=s48-c-k-c0x00ffffff-no-rj', 'authorChannelUrl': 'http://www.youtube.com/channel/UCNTv55C1X-EOpWqPUI0xmtA', 'authorChannelId': {'value': 'UCNTv55C1X-EOpWqPUI0xmtA'}, 'canRate': True, 'viewerRating': 'none', 'likeCount': 0, 'publishedAt': '2022-10-24T15:16:31Z', 'updatedAt': '2022-10-24T15:18:48Z'}}, 'canReply': True, 'totalReplyCount': 0, 'isPublic': True}",,UCNTv55C1X-EOpWqPUI0xmtA,2022-10-24T15:16:31Z,"Rede esgoto não leva informacao para ninguem, é um deservico a sociedade brasileira..o rapaz caiu de maduro nao é cinegrafista na verdade é um ator, admitador de Neymar..",QURTSl9pMzBrY2o5eGFidExJSUNBckp1QnMxSHFsSEtROTNYQmFwcXZTblJXVm9Ud00wZnZPVjYxY1BqV21ZWDlwSVhPeVFPajBZZ1BJcw==,2023-06-08 14:52:32.063929
youtube#commentThread,5yZaOPWWcZNUjYOPPhaqlPmyVpI,Ugxpd3Fn3FgmD61_iAR4AaABAg,"{'videoId': 'zEfTDpfyt1o', 'topLevelComment': {'kind': 'youtube#comment', 'etag': 'm7ezxyVXBj2igefjeZFzPZHqxe0', 'id': 'Ugxpd3Fn3FgmD61_iAR4AaABAg', 'snippet': {'videoId': 'zEfTDpfyt1o', 'textDisplay': 'JOVEM PAN VERGONHA  NACIONAL, o cara foi agredido. Até  quando isso, ele é da imprensa, do mesmo ramo de atividade de vcs.', 'textOriginal': 'JOVEM PAN VERGONHA  NACIONAL, o cara foi agredido. Até  quando isso, ele é da imprensa, do mesmo ramo de atividade de vcs.', 'authorDisplayName': 'Sandro Ferraz', 'authorProfileImageUrl': 'https://yt3.ggpht.com/ytc/AGIKgqM-LGjUiRHOPM3B7omI-YSRlC6AYxP4JhVx04-xyi7zwxlr8yfTbV0pN9llRu2j=s48-c-k-c0x00ffffff-no-rj', 'authorChannelUrl': 'http://www.youtube.com/channel/UCD4pXbeJo5XTLXAS8RErjgQ', 'authorChannelId': {'value': 'UCD4pXbeJo5XTLXAS8RErjgQ'}, 'canRate': True, 'viewerRating': 'none', 'likeCount': 0, 'publishedAt': '2022-10-24T15:02:29Z', 'updatedAt': '2022-10-24T15:02:29Z'}}, 'canReply': True, 'totalReplyCount': 0, 'isPublic': True}",,UCD4pXbeJo5XTLXAS8RErjgQ,2022-10-24T15:02:29Z,"JOVEM PAN VERGONHA  NACIONAL, o cara foi agredido. Até  quando isso, ele é da imprensa, do mesmo ramo de atividade de vcs.",QURTSl9pMzBrY2o5eGFidExJSUNBckp1QnMxSHFsSEtROTNYQmFwcXZTblJXVm9Ud00wZnZPVjYxY1BqV21ZWDlwSVhPeVFPajBZZ1BJcw==,2023-06-08 14:52:32.063929
youtube#commentThread,TTWwwKgP80tD7ZjUq5Ul1lcAeCY,Ugz7oKVQ7czRsxRXtA14AaABAg,"{'videoId': 'zEfTDpfyt1o', 'topLevelComment': {'kind': 'youtube#comment', 'etag': 'lmqVXqt3w7h3p84lYo-z7u836bg', 'id': 'Ugz7oKVQ7czRsxRXtA14AaABAg', 'snippet': {'videoId': 'zEfTDpfyt1o', 'textDisplay': 'O CARNE SECA ..SEMPRE ATACANDO O PT NEEEEEEE.SEMPRE  ESSE E O ZEMARIA DO CARMA', 'textOriginal': 'O CARNE SECA ..SEMPRE ATACANDO O PT NEEEEEEE.SEMPRE  ESSE E O ZEMARIA DO CARMA', 'authorDisplayName': 'Sandro Maximo', 'authorProfileImageUrl': 'https://yt3.ggpht.com/ytc/AGIKgqOXVxakpnFgGOlVdmcwuFb6qNFYCuTCIxE4YA=s48-c-k-c0x00ffffff-no-rj', 'authorChannelUrl': 'http://www.youtube.com/channel/UCOIZc4EOD8z1kpbSvzxbNdg', 'authorChannelId': {'value': 'UCOIZc4EOD8z1kpbSvzxbNdg'}, 'canRate': True, 'viewerRating': 'none', 'likeCount': 0, 'publishedAt': '2022-10-24T15:01:54Z', 'updatedAt': '2022-10-24T15:01:54Z'}}, 'canReply': True, 'totalReplyCount': 0, 'isPublic': True}",,UCOIZc4EOD8z1kpbSvzxbNdg,2022-10-24T15:01:54Z,O CARNE SECA ..SEMPRE ATACANDO O PT NEEEEEEE.SEMPRE  ESSE E O ZEMARIA DO CARMA,QURTSl9pMzBrY2o5eGFidExJSUNBckp1QnMxSHFsSEtROTNYQmFwcXZTblJXVm9Ud00wZnZPVjYxY1BqV21ZWDlwSVhPeVFPajBZZ1BJcw==,2023-06-08 14:52:32.063929
youtube#commentThread,Bf_ryepRj2sFaw8KdhQo2eHEz2g,Ugz9SOjQUosjnOmhT394AaABAg,"{'videoId': 'zEfTDpfyt1o', 'topLevelComment': {'kind': 'youtube#comment', 'etag': 'WQ6M3KQDcO18UQ02z0DvQw2GZ-g', 'id': 'Ugz9SOjQUosjnOmhT394AaABAg', 'snippet': {'videoId': 'zEfTDpfyt1o', 'textDisplay': 'Ué kkkk antes da confusão os apoiadores do mensaleiro Roberto Jefferson eram bolsonaristas 🤣🤣<br>Agora ele é bandido lulista ... Aaaaaa jovem panos 🤣👉👉🐂🤡🐂👉', 'textOriginal': 'Ué kkkk antes da confusão os apoiadores do mensaleiro Roberto Jefferson eram bolsonaristas 🤣🤣\\nAgora ele é bandido lulista ... Aaaaaa jovem panos 🤣👉👉🐂🤡🐂👉', 'authorDisplayName': 'Spencer Rothier', 'authorProfileImageUrl': 'https://yt3.ggpht.com/ytc/AGIKgqMoZVJ-SlOpxS8LEkg-Zh2r7LJqU38unklQajM5iw=s48-c-k-c0x00ffffff-no-rj', 'authorChannelUrl': 'http://www.youtube.com/channel/UCotTAOf_tOirSxrzUoW5A8A', 'authorChannelId': {'value': 'UCotTAOf_tOirSxrzUoW5A8A'}, 'canRate': True, 'viewerRating': 'none', 'likeCount': 0, 'publishedAt': '2022-10-24T14:53:07Z', 'updatedAt': '2022-10-24T14:53:07Z'}}, 'canReply': True, 'totalReplyCount': 0, 'isPublic': True}",,UCotTAOf_tOirSxrzUoW5A8A,2022-10-24T14:53:07Z,"Ué kkkk antes da confusão os apoiadores do mensaleiro Roberto Jefferson eram bolsonaristas 🤣🤣
Agora ele é bandido lulista ... Aaaaaa jovem panos 🤣👉👉🐂🤡🐂👉",QURTSl9pMzBrY2o5eGFidExJSUNBckp1QnMxSHFsSEtROTNYQmFwcXZTblJXVm9Ud00wZnZPVjYxY1BqV21ZWDlwSVhPeVFPajBZZ1BJcw==,2023-06-08 14:52:32.063929
youtube#commentThread,8RkFNJBPuv4vf2ARF62kVQQPlnc,Ugzbym3KaGTKk1p2bI54AaABAg,"{'videoId': 'zEfTDpfyt1o', 'topLevelComment': {'kind': 'youtube#comment', 'etag': 'nQct1zE2jRFJpeWI9FCXn9CzZCs', 'id': 'Ugzbym3KaGTKk1p2bI54AaABAg', 'snippet': {'videoId': 'zEfTDpfyt1o', 'textDisplay': 'Que Deus tenha misericórdia de nós!', 'textOriginal': 'Que Deus tenha misericórdia de nós!', 'authorDisplayName': 'Pastor Gelvane Pereira', 'authorProfileImageUrl': 'https://yt3.ggpht.com/Jq2N_-dyrMVzLb2yR8jryAlOBxi0LJBnLmLO8cvb_w6e2MkHpUY0CJEp8kmfzXFOUIqsk0MwJQ=s48-c-k-c0x00ffffff-no-rj', 'authorChannelUrl': 'http://www.youtube.com/channel/UC1XYTTd7vtQ2rNWALYF_TTA', 'authorChannelId': {'value': 'UC1XYTTd7vtQ2rNWALYF_TTA'}, 'canRate': True, 'viewerRating': 'none', 'likeCount': 0, 'publishedAt': '2022-10-24T14:33:58Z', 'updatedAt': '2022-10-24T14:33:58Z'}}, 'canReply': True, 'totalReplyCount': 0, 'isPublic': True}",,UC1XYTTd7vtQ2rNWALYF_TTA,2022-10-24T14:33:58Z,Que Deus tenha misericórdia de nós!,QURTSl9pMzBrY2o5eGFidExJSUNBckp1QnMxSHFsSEtROTNYQmFwcXZTblJXVm9Ud00wZnZPVjYxY1BqV21ZWDlwSVhPeVFPajBZZ1BJcw==,2023-06-08 14:52:32.063929
youtube#commentThread,Hkp-Ktl_NuHoKTGGR0b991ry--U,UgywKFalm9uIwN4EyM14AaABAg,"{'videoId': 'zEfTDpfyt1o', 'topLevelComment': {'kind': 'youtube#comment', 'etag': 'tCo3zOGhCAZWVewZ_MQTPyh7x8I', 'id': 'UgywKFalm9uIwN4EyM14AaABAg', 'snippet': {'videoId': 'zEfTDpfyt1o', 'textDisplay': 'Por isso estamos juntos com Xandão 👏🏻👏🏻', 'textOriginal': 'Por isso estamos juntos com Xandão 👏🏻👏🏻', 'authorDisplayName': 'ABS', 'authorProfileImageUrl': 'https://yt3.ggpht.com/ytc/AGIKgqMgHUhOQV4gAYo0QKMCB1SUjM6EILC5MFpg-m51WmI=s48-c-k-c0x00ffffff-no-rj', 'authorChannelUrl': 'http://www.youtube.com/channel/UCu8mrLLzcZHgzizI0Bce4VA', 'authorChannelId': {'value': 'UCu8mrLLzcZHgzizI0Bce4VA'}, 'canRate': True, 'viewerRating': 'none', 'likeCount': 0, 'publishedAt': '2022-10-24T14:20:18Z', 'updatedAt': '2022-10-24T14:20:18Z'}}, 'canReply': True, 'totalReplyCount': 0, 'isPublic': True}",,UCu8mrLLzcZHgzizI0Bce4VA,2022-10-24T14:20:18Z,Por isso estamos juntos com Xandão 👏🏻👏🏻,QURTSl9pMzBrY2o5eGFidExJSUNBckp1QnMxSHFsSEtROTNYQmFwcXZTblJXVm9Ud00wZnZPVjYxY1BqV21ZWDlwSVhPeVFPajBZZ1BJcw==,2023-06-08 14:52:32.063929
youtube#commentThread,6g0t7HMpQH4Mh-pbTkoZnhdcx4A,UgwSEDt3EMtsyHWGwzN4AaABAg,"{'videoId': 'zEfTDpfyt1o', 'topLevelComment': {'kind': 'youtube#comment', 'etag': 'f8m9viD8Um_7MtckVOVLAKL8JZM', 'id': 'UgwSEDt3EMtsyHWGwzN4AaABAg', 'snippet': {'videoId': 'zEfTDpfyt1o', 'textDisplay': 'Apoiadores do Bozo', 'textOriginal': 'Apoiadores do Bozo', 'authorDisplayName': 'ABS', 'authorProfileImageUrl': 'https://yt3.ggpht.com/ytc/AGIKgqMgHUhOQV4gAYo0QKMCB1SUjM6EILC5MFpg-m51WmI=s48-c-k-c0x00ffffff-no-rj', 'authorChannelUrl': 'http://www.youtube.com/channel/UCu8mrLLzcZHgzizI0Bce4VA', 'authorChannelId': {'value': 'UCu8mrLLzcZHgzizI0Bce4VA'}, 'canRate': True, 'viewerRating': 'none', 'likeCount': 0, 'publishedAt': '2022-10-24T14:17:48Z', 'updatedAt': '2022-10-24T14:17:48Z'}}, 'canReply': True, 'totalReplyCount': 0, 'isPublic': True}",,UCu8mrLLzcZHgzizI0Bce4VA,2022-10-24T14:17:48Z,Apoiadores do Bozo,QURTSl9pMzBrY2o5eGFidExJSUNBckp1QnMxSHFsSEtROTNYQmFwcXZTblJXVm9Ud00wZnZPVjYxY1BqV21ZWDlwSVhPeVFPajBZZ1BJcw==,2023-06-08 14:52:32.063929
youtube#commentThread,9yOkwY4tFgIJ6qOhUQutoFoxrwg,UgwRBLUfCgM2vXMOFCl4AaABAg,"{'videoId': 'zEfTDpfyt1o', 'topLevelComment': {'kind': 'youtube#comment', 'etag': '8taWfpCaoRPAtWoJGRRY8d7qK9g', 'id': 'UgwRBLUfCgM2vXMOFCl4AaABAg', 'snippet': {'videoId': 'zEfTDpfyt1o', 'textDisplay': '<a href=""https://youtu.be/F-oK90TdGHY"">https://youtu.be/F-oK90TdGHY</a>', 'textOriginal': 'https://youtu.be/F-oK90TdGHY', 'authorDisplayName': 'ABS', 'authorProfileImageUrl': 'https://yt3.ggpht.com/ytc/AGIKgqMgHUhOQV4gAYo0QKMCB1SUjM6EILC5MFpg-m51WmI=s48-c-k-c0x00ffffff-no-rj', 'authorChannelUrl': 'http://www.youtube.com/channel/UCu8mrLLzcZHgzizI0Bce4VA', 'authorChannelId': {'value': 'UCu8mrLLzcZHgzizI0Bce4VA'}, 'canRate': True, 'viewerRating': 'none', 'likeCount': 0, 'publishedAt': '2022-10-24T14:17:04Z', 'updatedAt': '2022-10-24T14:17:04Z'}}, 'canReply': True, 'totalReplyCount': 0, 'isPublic': True}",,UCu8mrLLzcZHgzizI0Bce4VA,2022-10-24T14:17:04Z,https://youtu.be/F-oK90TdGHY,QURTSl9pMzBrY2o5eGFidExJSUNBckp1QnMxSHFsSEtROTNYQmFwcXZTblJXVm9Ud00wZnZPVjYxY1BqV21ZWDlwSVhPeVFPajBZZ1BJcw==,2023-06-08 14:52:32.063929
youtube#commentThread,K-SZHBK8ObyQcTUVfgZM2oMsf2M,Ugys7kg7Br_GxzPtkQB4AaABAg,"{'videoId': 'zEfTDpfyt1o', 'topLevelComment': {'kind': 'youtube#comment', 'etag': 'YwXuYp80_xuOdeikNwR8c5RgGPs', 'id': 'Ugys7kg7Br_GxzPtkQB4AaABAg', 'snippet': {'videoId': 'zEfTDpfyt1o', 'textDisplay': 'Tem grande chance dos agressores serem petistas disfarçados...', 'textOriginal': 'Tem grande chance dos agressores serem petistas disfarçados...', 'authorDisplayName': 'Raul Domingues Porto Júnior', 'authorProfileImageUrl': 'https://yt3.ggpht.com/ytc/AGIKgqOQMdz1ELLYl6zNOQt2K4bL9AG2dryeaxSKHursug=s48-c-k-c0x00ffffff-no-rj', 'authorChannelUrl': 'http://www.youtube.com/channel/UCHGpBtRCygEc08-P2tvaNZQ', 'authorChannelId': {'value': 'UCHGpBtRCygEc08-P2tvaNZQ'}, 'canRate': True, 'viewerRating': 'none', 'likeCount': 0, 'publishedAt': '2022-10-24T13:33:09Z', 'updatedAt': '2022-10-24T13:33:09Z'}}, 'canReply': True, 'totalReplyCount': 0, 'isPublic': True}",,UCHGpBtRCygEc08-P2tvaNZQ,2022-10-24T13:33:09Z,Tem grande chance dos agressores serem petistas disfarçados...,QURTSl9pMzBrY2o5eGFidExJSUNBckp1QnMxSHFsSEtROTNYQmFwcXZTblJXVm9Ud00wZnZPVjYxY1BqV21ZWDlwSVhPeVFPajBZZ1BJcw==,2023-06-08 14:52:32.063929
youtube#commentThread,VKhYlcdVECR3WxI9yb797Vhtcag,UgzKLZjsfun2WnCpSjV4AaABAg,"{'videoId': 'zEfTDpfyt1o', 'topLevelComment': {'kind': 'youtube#comment', 'etag': 'PAKtUrt0Q46cEBtzb31uScxngm4', 'id': 'UgzKLZjsfun2WnCpSjV4AaABAg', 'snippet': {'videoId': 'zEfTDpfyt1o', 'textDisplay': 'AGORA BOB JEF É DE ESQUERDA? VCS SÃO MUITO SEM VERGONHAS? ATIROU EM POLICIA É BANDIDO, BATEU EM REPORTER É BANDIDO!!!!! E BANDIDO BOM COMO É QUE É?', 'textOriginal': 'AGORA BOB JEF É DE ESQUERDA? VCS SÃO MUITO SEM VERGONHAS? ATIROU EM POLICIA É BANDIDO, BATEU EM REPORTER É BANDIDO!!!!! E BANDIDO BOM COMO É QUE É?', 'authorDisplayName': 'Voto No Vacinado', 'authorProfileImageUrl': 'https://yt3.ggpht.com/ytc/AGIKgqNyJQ9PF-jJ4dqpGmdFTqW5AuArsR7FrYgDup7oUrqE2YZ_60V29WI9jq_6SYmp=s48-c-k-c0x00ffffff-no-rj', 'authorChannelUrl': 'http://www.youtube.com/channel/UCpRsr8ggde-E2tvsfhs1YvA', 'authorChannelId': {'value': 'UCpRsr8ggde-E2tvsfhs1YvA'}, 'canRate': True, 'viewerRating': 'none', 'likeCount': 0, 'publishedAt': '2022-10-24T13:31:32Z', 'updatedAt': '2022-10-24T13:31:32Z'}}, 'canReply': True, 'totalReplyCount': 0, 'isPublic': True}",,UCpRsr8ggde-E2tvsfhs1YvA,2022-10-24T13:31:32Z,"AGORA BOB JEF É DE ESQUERDA? VCS SÃO MUITO SEM VERGONHAS? ATIROU EM POLICIA É BANDIDO, BATEU EM REPORTER É BANDIDO!!!!! E BANDIDO BOM COMO É QUE É?",QURTSl9pMzBrY2o5eGFidExJSUNBckp1QnMxSHFsSEtROTNYQmFwcXZTblJXVm9Ud00wZnZPVjYxY1BqV21ZWDlwSVhPeVFPajBZZ1BJcw==,2023-06-08 14:52:32.063929
youtube#commentThread,cUCW3EvA9PbXauLL-cSW1eNZMEQ,UgwKDQZ7s2e3nVnlFDh4AaABAg,"{'videoId': 'zEfTDpfyt1o', 'topLevelComment': {'kind': 'youtube#comment', 'etag': 'ZuI_qz-rTvqrAtThrT3ajrGr210', 'id': 'UgwKDQZ7s2e3nVnlFDh4AaABAg', 'snippet': {'videoId': 'zEfTDpfyt1o', 'textDisplay': 'Também essa militância parece mais abutres não que esse seja o caso mais é amagem que passa pra gente lamentável nada justifica agressão', 'textOriginal': 'Também essa militância parece mais abutres não que esse seja o caso mais é amagem que passa pra gente lamentável nada justifica agressão', 'authorDisplayName': 'Hosana Freitas', 'authorProfileImageUrl': 'https://yt3.ggpht.com/ytc/AGIKgqM_KIIHmSp0ubydFEZS8GVdDcsKEtQaZTRksA=s48-c-k-c0x00ffffff-no-rj', 'authorChannelUrl': 'http://www.youtube.com/channel/UC4kls4Z46XYlsFBMwfKrzbw', 'authorChannelId': {'value': 'UC4kls4Z46XYlsFBMwfKrzbw'}, 'canRate': True, 'viewerRating': 'none', 'likeCount': 0, 'publishedAt': '2022-10-24T13:28:46Z', 'updatedAt': '2022-10-24T13:28:46Z'}}, 'canReply': True, 'totalReplyCount': 0, 'isPublic': True}",,UC4kls4Z46XYlsFBMwfKrzbw,2022-10-24T13:28:46Z,Também essa militância parece mais abutres não que esse seja o caso mais é amagem que passa pra gente lamentável nada justifica agressão,QURTSl9pMzBrY2o5eGFidExJSUNBckp1QnMxSHFsSEtROTNYQmFwcXZTblJXVm9Ud00wZnZPVjYxY1BqV21ZWDlwSVhPeVFPajBZZ1BJcw==,2023-06-08 14:52:32.063929
youtube#commentThread,Dv9nNMnox5zvNSFkwxDt_vBKdm0,UgzGWNofYqSgamVhxkd4AaABAg,"{'videoId': 'zEfTDpfyt1o', 'topLevelComment': {'kind': 'youtube#comment', 'etag': 'NBDy9DkX-R3JU0x4I-tlu_4ctZo', 'id': 'UgzGWNofYqSgamVhxkd4AaABAg', 'snippet': {'videoId': 'zEfTDpfyt1o', 'textDisplay': '&quot;Apoiadores de Roberto Jefferson&quot;. Sei....', 'textOriginal': '""Apoiadores de Roberto Jefferson"". Sei....', 'authorDisplayName': 'Rodrigo Machado', 'authorProfileImageUrl': 'https://yt3.ggpht.com/ytc/AGIKgqML_-DhhiAsa7XQ84kINaw9nR9HDb6j26kg2wh7ng=s48-c-k-c0x00ffffff-no-rj', 'authorChannelUrl': 'http://www.youtube.com/channel/UCpAdufhic_VghpPMasYIL6Q', 'authorChannelId': {'value': 'UCpAdufhic_VghpPMasYIL6Q'}, 'canRate': True, 'viewerRating': 'none', 'likeCount': 0, 'publishedAt': '2022-10-24T13:20:23Z', 'updatedAt': '2022-10-24T13:20:23Z'}}, 'canReply': True, 'totalReplyCount': 0, 'isPublic': True}",,UCpAdufhic_VghpPMasYIL6Q,2022-10-24T13:20:23Z,"""Apoiadores de Roberto Jefferson"". Sei....",QURTSl9pMzBrY2o5eGFidExJSUNBckp1QnMxSHFsSEtROTNYQmFwcXZTblJXVm9Ud00wZnZPVjYxY1BqV21ZWDlwSVhPeVFPajBZZ1BJcw==,2023-06-08 14:52:32.063929
youtube#commentThread,hQBJFxcGmZCc4thLpIXz02NoQ64,UgzhgZEDPf0SjRZCDfV4AaABAg,"{'videoId': 'zEfTDpfyt1o', 'topLevelComment': {'kind': 'youtube#comment', 'etag': 'Zigo7QtKFG-29xYElWGgFRys3KY', 'id': 'UgzhgZEDPf0SjRZCDfV4AaABAg', 'snippet': {'videoId': 'zEfTDpfyt1o', 'textDisplay': 'Esses apoiadores tem que ser preso tbm. Jeferson já estava descumpridor as ordem judicial.', 'textOriginal': 'Esses apoiadores tem que ser preso tbm. Jeferson já estava descumpridor as ordem judicial.', 'authorDisplayName': 'Weslaine Dias da Silva', 'authorProfileImageUrl': 'https://yt3.ggpht.com/ytc/AGIKgqOX7UCkXJ1rhB07jY0ATf93fCofq0iBjd3Mh5wEVHXv6JmOLFtR_ST3VNLNNIL_=s48-c-k-c0x00ffffff-no-rj', 'authorChannelUrl': 'http://www.youtube.com/channel/UCnjsM_k65B-TV1fMNc3-3lg', 'authorChannelId': {'value': 'UCnjsM_k65B-TV1fMNc3-3lg'}, 'canRate': True, 'viewerRating': 'none', 'likeCount': 0, 'publishedAt': '2022-10-24T13:18:33Z', 'updatedAt': '2022-10-24T13:18:33Z'}}, 'canReply': True, 'totalReplyCount': 0, 'isPublic': True}",,UCnjsM_k65B-TV1fMNc3-3lg,2022-10-24T13:18:33Z,Esses apoiadores tem que ser preso tbm. Jeferson já estava descumpridor as ordem judicial.,QURTSl9pMzBrY2o5eGFidExJSUNBckp1QnMxSHFsSEtROTNYQmFwcXZTblJXVm9Ud00wZnZPVjYxY1BqV21ZWDlwSVhPeVFPajBZZ1BJcw==,2023-06-08 14:52:32.063929
youtube#commentThread,pp-Bz4VyXTBJFzwo8SzwDxktXYI,UgzzMNLVnp4nunwWNRl4AaABAg,"{'videoId': 'zEfTDpfyt1o', 'topLevelComment': {'kind': 'youtube#comment', 'etag': '705p7yxXKDtqr5uFPfAkqMGKOqU', 'id': 'UgzzMNLVnp4nunwWNRl4AaABAg', 'snippet': {'videoId': 'zEfTDpfyt1o', 'textDisplay': 'Tem determinados bolsonaristas que mais parecem cabos eleitorais do lulopetismo. Pior é que defendem um mensaleiro do pt.', 'textOriginal': 'Tem determinados bolsonaristas que mais parecem cabos eleitorais do lulopetismo. Pior é que defendem um mensaleiro do pt.', 'authorDisplayName': 'Daniella Adorno', 'authorProfileImageUrl': 'https://yt3.ggpht.com/ytc/AGIKgqOxLKBb4oX_V9KhG_X4zBSDqGiLRfTRpFtZCeAPdu4=s48-c-k-c0x00ffffff-no-rj', 'authorChannelUrl': 'http://www.youtube.com/channel/UCq8S9cuV2je24fmpotru0aA', 'authorChannelId': {'value': 'UCq8S9cuV2je24fmpotru0aA'}, 'canRate': True, 'viewerRating': 'none', 'likeCount': 0, 'publishedAt': '2022-10-24T13:15:41Z', 'updatedAt': '2022-10-24T13:15:41Z'}}, 'canReply': True, 'totalReplyCount': 0, 'isPublic': True}",,UCq8S9cuV2je24fmpotru0aA,2022-10-24T13:15:41Z,Tem determinados bolsonaristas que mais parecem cabos eleitorais do lulopetismo. Pior é que defendem um mensaleiro do pt.,QURTSl9pMzBrY2o5eGFidExJSUNBckp1QnMxSHFsSEtROTNYQmFwcXZTblJXVm9Ud00wZnZPVjYxY1BqV21ZWDlwSVhPeVFPajBZZ1BJcw==,2023-06-08 14:52:32.063929
youtube#commentThread,KU2xJ-wCDUhJwwchYckGlBQc4i4,Ugxmcg2ciJbJKdnFzi94AaABAg,"{'videoId': 'zEfTDpfyt1o', 'topLevelComment': {'kind': 'youtube#comment', 'etag': 'JoRuMw63ExiGu2mDQOAQVZ3fRk0', 'id': 'Ugxmcg2ciJbJKdnFzi94AaABAg', 'snippet': {'videoId': 'zEfTDpfyt1o', 'textDisplay': 'Por mim, qualquer mídia que promove ou fecha os olhos para a opressão estatal deveria ser a primeira na linha a provar o que ajudou a construir.', 'textOriginal': 'Por mim, qualquer mídia que promove ou fecha os olhos para a opressão estatal deveria ser a primeira na linha a provar o que ajudou a construir.', 'authorDisplayName': 'CaptainOne', 'authorProfileImageUrl': 'https://yt3.ggpht.com/ytc/AGIKgqP_6_ahfNU4i1-wWRYjk2sKZVx8qQhGQA5TVZwVUg=s48-c-k-c0x00ffffff-no-rj', 'authorChannelUrl': 'http://www.youtube.com/channel/UCXovnYpqF8xCEfOrsAR9eCA', 'authorChannelId': {'value': 'UCXovnYpqF8xCEfOrsAR9eCA'}, 'canRate': True, 'viewerRating': 'none', 'likeCount': 0, 'publishedAt': '2022-10-24T13:09:11Z', 'updatedAt': '2022-10-24T13:09:11Z'}}, 'canReply': True, 'totalReplyCount': 0, 'isPublic': True}",,UCXovnYpqF8xCEfOrsAR9eCA,2022-10-24T13:09:11Z,"Por mim, qualquer mídia que promove ou fecha os olhos para a opressão estatal deveria ser a primeira na linha a provar o que ajudou a construir.",QURTSl9pMzBrY2o5eGFidExJSUNBckp1QnMxSHFsSEtROTNYQmFwcXZTblJXVm9Ud00wZnZPVjYxY1BqV21ZWDlwSVhPeVFPajBZZ1BJcw==,2023-06-08 14:52:32.063929
youtube#commentThread,DIOmaTIplJ-kXMOGV3Mp7id-brg,Ugw1R-tZc2FXgnBA71x4AaABAg,"{'videoId': 'zEfTDpfyt1o', 'topLevelComment': {'kind': 'youtube#comment', 'etag': 'r-Fg9PNjYhjXOhzw335iHH1gi-0', 'id': 'Ugw1R-tZc2FXgnBA71x4AaABAg', 'snippet': {'videoId': 'zEfTDpfyt1o', 'textDisplay': 'Primeiramente a jovem pan não está censurada ela não pode falar sobre o lula então só têm audiência ser fala do lula', 'textOriginal': 'Primeiramente a jovem pan não está censurada ela não pode falar sobre o lula então só têm audiência ser fala do lula', 'authorDisplayName': 'Maria De Fatima', 'authorProfileImageUrl': 'https://yt3.ggpht.com/ytc/AGIKgqNddJd9wi-lPMhQq2jBeZYSWDn2eDKsEhh6QQ=s48-c-k-c0x00ffffff-no-rj', 'authorChannelUrl': 'http://www.youtube.com/channel/UCSfIF0C56iXzD8FHnL4aK5Q', 'authorChannelId': {'value': 'UCSfIF0C56iXzD8FHnL4aK5Q'}, 'canRate': True, 'viewerRating': 'none', 'likeCount': 0, 'publishedAt': '2022-10-24T12:59:54Z', 'updatedAt': '2022-10-24T12:59:54Z'}}, 'canReply': True, 'totalReplyCount': 0, 'isPublic': True}",,UCSfIF0C56iXzD8FHnL4aK5Q,2022-10-24T12:59:54Z,Primeiramente a jovem pan não está censurada ela não pode falar sobre o lula então só têm audiência ser fala do lula,QURTSl9pMzBrY2o5eGFidExJSUNBckp1QnMxSHFsSEtROTNYQmFwcXZTblJXVm9Ud00wZnZPVjYxY1BqV21ZWDlwSVhPeVFPajBZZ1BJcw==,2023-06-08 14:52:32.063929
youtube#commentThread,0IcF6zdzKeJhuIVPepXpgaDYTZA,UgxjJMLhf3DgcFW9mQB4AaABAg,"{'videoId': 'zEfTDpfyt1o', 'topLevelComment': {'kind': 'youtube#comment', 'etag': 'dTby1CwflReCXvGgMA1UaYsuKl4', 'id': 'UgxjJMLhf3DgcFW9mQB4AaABAg', 'snippet': {'videoId': 'zEfTDpfyt1o', 'textDisplay': 'E Isso Qe O Manguaca Qer Ver O Caos！Ele Mandou Os Esquerdistas Fazer Revolucao，No Campo E Na Cidade！Mas A Gente Nao Pode Cair Nessa，Eles Querem Dividir Pra Conquistar！E Ta Usando O Outro Vendido Alexandre De Moraes！', 'textOriginal': 'E Isso Qe O Manguaca Qer Ver O Caos！Ele Mandou Os Esquerdistas Fazer Revolucao，No Campo E Na Cidade！Mas A Gente Nao Pode Cair Nessa，Eles Querem Dividir Pra Conquistar！E Ta Usando O Outro Vendido Alexandre De Moraes！', 'authorDisplayName': 'Joana Darc Souza dos Santos', 'authorProfileImageUrl': 'https://yt3.ggpht.com/ytc/AGIKgqOQjRhWe3lT2MoFKuMN4VMNFnRdT8W1Fbudp8ZndY2XeZFZYt_BLh1fIIOPq3s6=s48-c-k-c0x00ffffff-no-rj', 'authorChannelUrl': 'http://www.youtube.com/channel/UCNCuE1Oy05MdHnSo51SlZZg', 'authorChannelId': {'value': 'UCNCuE1Oy05MdHnSo51SlZZg'}, 'canRate': True, 'viewerRating': 'none', 'likeCount': 1, 'publishedAt': '2022-10-24T12:56:01Z', 'updatedAt': '2022-10-24T12:56:01Z'}}, 'canReply': True, 'totalReplyCount': 0, 'isPublic': True}",,UCNCuE1Oy05MdHnSo51SlZZg,2022-10-24T12:56:01Z,E Isso Qe O Manguaca Qer Ver O Caos！Ele Mandou Os Esquerdistas Fazer Revolucao，No Campo E Na Cidade！Mas A Gente Nao Pode Cair Nessa，Eles Querem Dividir Pra Conquistar！E Ta Usando O Outro Vendido Alexandre De Moraes！,QURTSl9pMzBrY2o5eGFidExJSUNBckp1QnMxSHFsSEtROTNYQmFwcXZTblJXVm9Ud00wZnZPVjYxY1BqV21ZWDlwSVhPeVFPajBZZ1BJcw==,2023-06-08 14:52:32.063929
youtube#commentThread,-WxSkuOzWzKFvsiw2bVLbCAq7eE,UgxG0-NEFFkglISlizR4AaABAg,"{'videoId': 'zEfTDpfyt1o', 'topLevelComment': {'kind': 'youtube#comment', 'etag': 'PSs9jMczaiK5lY1oaE3oAGfkoOg', 'id': 'UgxG0-NEFFkglISlizR4AaABAg', 'snippet': {'videoId': 'zEfTDpfyt1o', 'textDisplay': 'o inepto em exercício ainda tentou atrelar Jefferson com o candidato opositor, coisa de doido, não?', 'textOriginal': 'o inepto em exercício ainda tentou atrelar Jefferson com o candidato opositor, coisa de doido, não?', 'authorDisplayName': 'Sergio Luiz Novaes', 'authorProfileImageUrl': 'https://yt3.ggpht.com/ytc/AGIKgqNeq2KlM-jMCEW7AXSAj5GFCL8duj-HdcC7WnWZYJ4=s48-c-k-c0x00ffffff-no-rj', 'authorChannelUrl': 'http://www.youtube.com/channel/UCmBbT_f9Iak-d197831MN8w', 'authorChannelId': {'value': 'UCmBbT_f9Iak-d197831MN8w'}, 'canRate': True, 'viewerRating': 'none', 'likeCount': 0, 'publishedAt': '2022-10-24T12:54:51Z', 'updatedAt': '2022-10-24T12:54:51Z'}}, 'canReply': True, 'totalReplyCount': 0, 'isPublic': True}",,UCmBbT_f9Iak-d197831MN8w,2022-10-24T12:54:51Z,"o inepto em exercício ainda tentou atrelar Jefferson com o candidato opositor, coisa de doido, não?",QURTSl9pMzBrY2o5eGFidExJSUNBckp1QnMxSHFsSEtROTNYQmFwcXZTblJXVm9Ud00wZnZPVjYxY1BqV21ZWDlwSVhPeVFPajBZZ1BJcw==,2023-06-08 14:52:32.063929
youtube#commentThread,DvozEClViT72CDh_y056BlNfg44,UgwdwvEhos2CF6dqjKB4AaABAg,"{'videoId': 'zEfTDpfyt1o', 'topLevelComment': {'kind': 'youtube#comment', 'etag': 'zF4AGTrADIXCZRFYYYPAtltOORU', 'id': 'UgwdwvEhos2CF6dqjKB4AaABAg', 'snippet': {'videoId': 'zEfTDpfyt1o', 'textDisplay': 'Bolsonarista como sempre agredindo pessoas essa deveria ser a manchete  vcs fazem o pior jornalismo que já se viu em terras tupiniquim.', 'textOriginal': 'Bolsonarista como sempre agredindo pessoas essa deveria ser a manchete  vcs fazem o pior jornalismo que já se viu em terras tupiniquim.', 'authorDisplayName': 'Valdemir Tavares', 'authorProfileImageUrl': 'https://yt3.ggpht.com/ytc/AGIKgqOekeGLBKXv0LldV_sSCAtnctPy6FEvlPwqUA=s48-c-k-c0x00ffffff-no-rj', 'authorChannelUrl': 'http://www.youtube.com/channel/UCWqMipOBW-DP-DfmOzOO3EQ', 'authorChannelId': {'value': 'UCWqMipOBW-DP-DfmOzOO3EQ'}, 'canRate': True, 'viewerRating': 'none', 'likeCount': 0, 'publishedAt': '2022-10-24T12:48:48Z', 'updatedAt': '2022-10-24T12:48:48Z'}}, 'canReply': True, 'totalReplyCount': 2, 'isPublic': True}","{'comments': [{'kind': 'youtube#comment', 'etag': '8WIqAfSw2TbpG7K6np29t7zLnYs', 'id': 'UgwdwvEhos2CF6dqjKB4AaABAg.9hZiL16pIkN9h_iA9zW-14', 'snippet': {'videoId': 'zEfTDpfyt1o', 'textDisplay': '@CaptainOne 5 homicídios,um ataque com drone ,uma Paula na cabeça de uma mulher agressão a padre tumulto na basílica de aparecida ops esqueci de um irmão baleado na perna dentro da igreja tudo isto só esse ano , esperando vc postar os absurdos do outro lado.', 'textOriginal': '@CaptainOne 5 homicídios,um ataque com drone ,uma Paula na cabeça de uma mulher agressão a padre tumulto na basílica de aparecida ops esqueci de um irmão baleado na perna dentro da igreja tudo isto só esse ano , esperando vc postar os absurdos do outro lado.', 'parentId': 'UgwdwvEhos2CF6dqjKB4AaABAg', 'authorDisplayName': 'Valdemir Tavares', 'authorProfileImageUrl': 'https://yt3.ggpht.com/ytc/AGIKgqOekeGLBKXv0LldV_sSCAtnctPy6FEvlPwqUA=s48-c-k-c0x00ffffff-no-rj', 'authorChannelUrl': 'http://www.youtube.com/channel/UCWqMipOBW-DP-DfmOzOO3EQ', 'authorChannelId': {'value': 'UCWqMipOBW-DP-DfmOzOO3EQ'}, 'canRate': True, 'viewerRating': 'none', 'likeCount': 0, 'publishedAt': '2022-10-24T22:06:33Z', 'updatedAt': '2022-10-24T22:06:33Z'}}, {'kind': 'youtube#comment', 'etag': 'Pb8XZe4kns0xpKJp_Be-xBJxFuE', 'id': 'UgwdwvEhos2CF6dqjKB4AaABAg.9hZiL16pIkN9hZkzG_Z7IM', 'snippet': {'videoId': 'zEfTDpfyt1o', 'textDisplay': 'Isso ocorre de todos os lados. O problema é o fanatismo e radicalização e o seu comentário é só mais uma parte disso.', 'textOriginal': 'Isso ocorre de todos os lados. O problema é o fanatismo e radicalização e o seu comentário é só mais uma parte disso.', 'parentId': 'UgwdwvEhos2CF6dqjKB4AaABAg', 'authorDisplayName': 'CaptainOne', 'authorProfileImageUrl': 'https://yt3.ggpht.com/ytc/AGIKgqP_6_ahfNU4i1-wWRYjk2sKZVx8qQhGQA5TVZwVUg=s48-c-k-c0x00ffffff-no-rj', 'authorChannelUrl': 'http://www.youtube.com/channel/UCXovnYpqF8xCEfOrsAR9eCA', 'authorChannelId': {'value': 'UCXovnYpqF8xCEfOrsAR9eCA'}, 'canRate': True, 'viewerRating': 'none', 'likeCount': 0, 'publishedAt': '2022-10-24T13:11:54Z', 'updatedAt': '2022-10-24T13:11:54Z'}}]}",UCWqMipOBW-DP-DfmOzOO3EQ,2022-10-24T12:48:48Z,Bolsonarista como sempre agredindo pessoas essa deveria ser a manchete  vcs fazem o pior jornalismo que já se viu em terras tupiniquim.,QURTSl9pMzBrY2o5eGFidExJSUNBckp1QnMxSHFsSEtROTNYQmFwcXZTblJXVm9Ud00wZnZPVjYxY1BqV21ZWDlwSVhPeVFPajBZZ1BJcw==,2023-06-08 14:52:32.063929
youtube#commentThread,8kb1g9_BI7x_ZeHr75RoLt4emuY,Ugyh9FL-89C3LPYXf2h4AaABAg,"{'videoId': 'zEfTDpfyt1o', 'topLevelComment': {'kind': 'youtube#comment', 'etag': 'PBQm0ohq6qD_LhLRhBvR1egeWLo', 'id': 'Ugyh9FL-89C3LPYXf2h4AaABAg', 'snippet': {'videoId': 'zEfTDpfyt1o', 'textDisplay': 'Vejam no que o inepto em exercício esta transformando nosso país e pensem bem antes de votar nele, Jefferson é o retrato fiel da radicalização e ódio que o inepto propaga em nosso país. Quantos mais destes &quot;radicais&quot; ainda teremos que ver no Brasil? este é o &quot;amor&quot; propagado pelo falso messias, tipo atire primeiro (mesmo nos amigos da PF), depois pergunte.', 'textOriginal': 'Vejam no que o inepto em exercício esta transformando nosso país e pensem bem antes de votar nele, Jefferson é o retrato fiel da radicalização e ódio que o inepto propaga em nosso país. Quantos mais destes ""radicais"" ainda teremos que ver no Brasil? este é o ""amor"" propagado pelo falso messias, tipo atire primeiro (mesmo nos amigos da PF), depois pergunte.', 'authorDisplayName': 'Sergio Luiz Novaes', 'authorProfileImageUrl': 'https://yt3.ggpht.com/ytc/AGIKgqNeq2KlM-jMCEW7AXSAj5GFCL8duj-HdcC7WnWZYJ4=s48-c-k-c0x00ffffff-no-rj', 'authorChannelUrl': 'http://www.youtube.com/channel/UCmBbT_f9Iak-d197831MN8w', 'authorChannelId': {'value': 'UCmBbT_f9Iak-d197831MN8w'}, 'canRate': True, 'viewerRating': 'none', 'likeCount': 0, 'publishedAt': '2022-10-24T12:43:12Z', 'updatedAt': '2022-10-24T12:43:12Z'}}, 'canReply': True, 'totalReplyCount': 0, 'isPublic': True}",,UCmBbT_f9Iak-d197831MN8w,2022-10-24T12:43:12Z,"Vejam no que o inepto em exercício esta transformando nosso país e pensem bem antes de votar nele, Jefferson é o retrato fiel da radicalização e ódio que o inepto propaga em nosso país. Quantos mais destes ""radicais"" ainda teremos que ver no Brasil? este é o ""amor"" propagado pelo falso messias, tipo atire primeiro (mesmo nos amigos da PF), depois pergunte.",QURTSl9pMzBrY2o5eGFidExJSUNBckp1QnMxSHFsSEtROTNYQmFwcXZTblJXVm9Ud00wZnZPVjYxY1BqV21ZWDlwSVhPeVFPajBZZ1BJcw==,2023-06-08 14:52:32.063929
youtube#commentThread,vvKryxiFslnIPs6KXgIGzIdQfzk,Ugx00tBmpS3Hq9An93J4AaABAg,"{'videoId': 'zEfTDpfyt1o', 'topLevelComment': {'kind': 'youtube#comment', 'etag': 'ldniVW9Z4NGDHaQIItc1lh8jGPA', 'id': 'Ugx00tBmpS3Hq9An93J4AaABAg', 'snippet': {'videoId': 'zEfTDpfyt1o', 'textDisplay': 'E quem foi que alimentou esta animosidade jogando os brasileiros uns contra os outros?<br>E quem é que passa dia e noite usando o terror, a desinformação, o medo, a destruição dos valores familiares, patrióticos e religiosos?<br>Quem são os &quot;profissionais&quot; que usam de seu ofício para denegrir, perseguir, acusar e condenar qualquer um que tente preservar valores familiares, patrióticos, religiosos, garantir nossas liberdades, proteger a vida desde a concepção, garantir o direito a legítima defesa?<br>Quem são esses &quot;profissionais&quot; que usam de seu ofício para difundir na sociedade sob o pretexto de estar informando, todo tipo de contra valores, vícios e perversões?<br>Lamento profundamente pelos poucos e bons jornalistas, mas se querem reclamar e apontar olhem para seus próprios colegas militantes de redação que ao invés de buscar informar, buscam claramente deflagrar a sociedade &quot;em nome da Democracia contra o  fascismo imaginário&quot;.', 'textOriginal': 'E quem foi que alimentou esta animosidade jogando os brasileiros uns contra os outros?\\nE quem é que passa dia e noite usando o terror, a desinformação, o medo, a destruição dos valores familiares, patrióticos e religiosos?\\nQuem são os ""profissionais"" que usam de seu ofício para denegrir, perseguir, acusar e condenar qualquer um que tente preservar valores familiares, patrióticos, religiosos, garantir nossas liberdades, proteger a vida desde a concepção, garantir o direito a legítima defesa?\\nQuem são esses ""profissionais"" que usam de seu ofício para difundir na sociedade sob o pretexto de estar informando, todo tipo de contra valores, vícios e perversões?\\nLamento profundamente pelos poucos e bons jornalistas, mas se querem reclamar e apontar olhem para seus próprios colegas militantes de redação que ao invés de buscar informar, buscam claramente deflagrar a sociedade ""em nome da Democracia contra o  fascismo imaginário"".', 'authorDisplayName': 'Fernando', 'authorProfileImageUrl': 'https://yt3.ggpht.com/ytc/AGIKgqM9SdmGGtwD_A1v-bsn4k_L504hEXbe9b0uzpSa3Q=s48-c-k-c0x00ffffff-no-rj', 'authorChannelUrl': 'http://www.youtube.com/channel/UC2QsQXbEmXRVPKCxn-yI5PA', 'authorChannelId': {'value': 'UC2QsQXbEmXRVPKCxn-yI5PA'}, 'canRate': True, 'viewerRating': 'none', 'likeCount': 0, 'publishedAt': '2022-10-24T12:37:49Z', 'updatedAt': '2022-10-24T12:37:49Z'}}, 'canReply': True, 'totalReplyCount': 0, 'isPublic': True}",,UC2QsQXbEmXRVPKCxn-yI5PA,2022-10-24T12:37:49Z,"E quem foi que alimentou esta animosidade jogando os brasileiros uns contra os outros?
E quem é que passa dia e noite usando o terror, a desinformação, o medo, a destruição dos valores familiares, patrióticos e religiosos?
Quem são os ""profissionais"" que usam de seu ofício para denegrir, perseguir, acusar e condenar qualquer um que tente preservar valores familiares, patrióticos, religiosos, garantir nossas liberdades, proteger a vida desde a concepção, garantir o direito a legítima defesa?
Quem são esses ""profissionais"" que usam de seu ofício para difundir na sociedade sob o pretexto de estar informando, todo tipo de contra valores, vícios e perversões?
Lamento profundamente pelos poucos e bons jornalistas, mas se querem reclamar e apontar olhem para seus próprios colegas militantes de redação que ao invés de buscar informar, buscam claramente deflagrar a sociedade ""em nome da Democracia contra o  fascismo imaginário"".",QURTSl9pMzBrY2o5eGFidExJSUNBckp1QnMxSHFsSEtROTNYQmFwcXZTblJXVm9Ud00wZnZPVjYxY1BqV21ZWDlwSVhPeVFPajBZZ1BJcw==,2023-06-08 14:52:32.063929
youtube#commentThread,PHY-nT1On-dd6kRs-mFKddSfRJ0,Ugx31MrfCHJ0ccEKWHh4AaABAg,"{'videoId': 'zEfTDpfyt1o', 'topLevelComment': {'kind': 'youtube#comment', 'etag': 'BuUcAUtIK5IxvFoeKyE5bRZHpQU', 'id': 'Ugx31MrfCHJ0ccEKWHh4AaABAg', 'snippet': {'videoId': 'zEfTDpfyt1o', 'textDisplay': 'Oh milagre a jp pan falando mal de alguém que apoiar Bolsonaro', 'textOriginal': 'Oh milagre a jp pan falando mal de alguém que apoiar Bolsonaro', 'authorDisplayName': 'Maria De Fatima', 'authorProfileImageUrl': 'https://yt3.ggpht.com/ytc/AGIKgqNddJd9wi-lPMhQq2jBeZYSWDn2eDKsEhh6QQ=s48-c-k-c0x00ffffff-no-rj', 'authorChannelUrl': 'http://www.youtube.com/channel/UCSfIF0C56iXzD8FHnL4aK5Q', 'authorChannelId': {'value': 'UCSfIF0C56iXzD8FHnL4aK5Q'}, 'canRate': True, 'viewerRating': 'none', 'likeCount': 0, 'publishedAt': '2022-10-24T12:32:26Z', 'updatedAt': '2022-10-24T12:32:26Z'}}, 'canReply': True, 'totalReplyCount': 0, 'isPublic': True}",,UCSfIF0C56iXzD8FHnL4aK5Q,2022-10-24T12:32:26Z,Oh milagre a jp pan falando mal de alguém que apoiar Bolsonaro,QURTSl9pMzBrY2o5eGFidExJSUNBckp1QnMxSHFsSEtROTNYQmFwcXZTblJXVm9Ud00wZnZPVjYxY1BqV21ZWDlwSVhPeVFPajBZZ1BJcw==,2023-06-08 14:52:32.063929
youtube#commentThread,gL5wNNsUaQPqjiKj0NKYKKjoSJI,Ugz6gG-5a3b7SltQlSR4AaABAg,"{'videoId': 'zEfTDpfyt1o', 'topLevelComment': {'kind': 'youtube#comment', 'etag': 'pfYWsF38vSUAqwsTxpgkavSZV60', 'id': 'Ugz6gG-5a3b7SltQlSR4AaABAg', 'snippet': {'videoId': 'zEfTDpfyt1o', 'textDisplay': 'Jovem Pano , vcs são conviventes com tudo que está acontecendo !', 'textOriginal': 'Jovem Pano , vcs são conviventes com tudo que está acontecendo !', 'authorDisplayName': 'Paulo', 'authorProfileImageUrl': 'https://yt3.ggpht.com/ytc/AGIKgqM6asX17EeWOgl_iQIWG_yDfCvqTQgPkb9lUw=s48-c-k-c0x00ffffff-no-rj', 'authorChannelUrl': 'http://www.youtube.com/channel/UCgw457SrSJZ9H37DWsds8Nw', 'authorChannelId': {'value': 'UCgw457SrSJZ9H37DWsds8Nw'}, 'canRate': True, 'viewerRating': 'none', 'likeCount': 0, 'publishedAt': '2022-10-24T12:07:29Z', 'updatedAt': '2022-10-24T12:07:29Z'}}, 'canReply': True, 'totalReplyCount': 0, 'isPublic': True}",,UCgw457SrSJZ9H37DWsds8Nw,2022-10-24T12:07:29Z,"Jovem Pano , vcs são conviventes com tudo que está acontecendo !",QURTSl9pMzBrY2o5eGFidExJSUNBckp1QnMxSHFsSEtROTNYQmFwcXZTblJXVm9Ud00wZnZPVjYxY1BqV21ZWDlwSVhPeVFPajBZZ1BJcw==,2023-06-08 14:52:32.063929
youtube#commentThread,iQO4drePQuxONb8NxanSf3DnpSA,UgwRJLRgGvbuzAO9hv94AaABAg,"{'videoId': 'zEfTDpfyt1o', 'topLevelComment': {'kind': 'youtube#comment', 'etag': 'z9M4nxnEVYI8P1CEj-GNfrGK9cA', 'id': 'UgwRJLRgGvbuzAO9hv94AaABAg', 'snippet': {'videoId': 'zEfTDpfyt1o', 'textDisplay': 'Porque não identificaram o agressor ( de camisa verde)??????', 'textOriginal': 'Porque não identificaram o agressor ( de camisa verde)??????', 'authorDisplayName': 'Carmelina Leal', 'authorProfileImageUrl': 'https://yt3.ggpht.com/ytc/AGIKgqPtyGV5dl1R_CV6totnD2btBrc0xKmTezZQSnBGyr4=s48-c-k-c0x00ffffff-no-rj', 'authorChannelUrl': 'http://www.youtube.com/channel/UCVHKhfQ_kv_FGGgb6k8PTuw', 'authorChannelId': {'value': 'UCVHKhfQ_kv_FGGgb6k8PTuw'}, 'canRate': True, 'viewerRating': 'none', 'likeCount': 0, 'publishedAt': '2022-10-24T11:36:38Z', 'updatedAt': '2022-10-24T11:36:38Z'}}, 'canReply': True, 'totalReplyCount': 0, 'isPublic': True}",,UCVHKhfQ_kv_FGGgb6k8PTuw,2022-10-24T11:36:38Z,Porque não identificaram o agressor ( de camisa verde)??????,QURTSl9pMzBrY2o5eGFidExJSUNBckp1QnMxSHFsSEtROTNYQmFwcXZTblJXVm9Ud00wZnZPVjYxY1BqV21ZWDlwSVhPeVFPajBZZ1BJcw==,2023-06-08 14:52:32.063929
youtube#commentThread,IjffGLg_T-CFT4kkAsq-CYNDIfQ,UgwLcsfpY2ihqUgSurJ4AaABAg,"{'videoId': 'zEfTDpfyt1o', 'topLevelComment': {'kind': 'youtube#comment', 'etag': 'bKNYwx4dB8kmKVQwo5rUbZ4G49U', 'id': 'UgwLcsfpY2ihqUgSurJ4AaABAg', 'snippet': {'videoId': 'zEfTDpfyt1o', 'textDisplay': 'ESTA CLARO QUE PLANTARAM O CÂMERA EO AGRESSOR. ÓBVIO', 'textOriginal': 'ESTA CLARO QUE PLANTARAM O CÂMERA EO AGRESSOR. ÓBVIO', 'authorDisplayName': 'Glauco F. D. O. Nunes', 'authorProfileImageUrl': 'https://yt3.ggpht.com/ytc/AGIKgqOSVlUyAUvgG77MiOTR8jRw8dRKHm9PNpS5wXjkzw=s48-c-k-c0x00ffffff-no-rj', 'authorChannelUrl': 'http://www.youtube.com/channel/UC_2sh8GRWYk-DocSjqkmJrg', 'authorChannelId': {'value': 'UC_2sh8GRWYk-DocSjqkmJrg'}, 'canRate': True, 'viewerRating': 'none', 'likeCount': 0, 'publishedAt': '2022-10-24T11:32:02Z', 'updatedAt': '2022-10-24T11:32:02Z'}}, 'canReply': True, 'totalReplyCount': 0, 'isPublic': True}",,UC_2sh8GRWYk-DocSjqkmJrg,2022-10-24T11:32:02Z,ESTA CLARO QUE PLANTARAM O CÂMERA EO AGRESSOR. ÓBVIO,QURTSl9pMzBrY2o5eGFidExJSUNBckp1QnMxSHFsSEtROTNYQmFwcXZTblJXVm9Ud00wZnZPVjYxY1BqV21ZWDlwSVhPeVFPajBZZ1BJcw==,2023-06-08 14:52:32.063929
youtube#commentThread,drFD9BectslwNVYsva1luxn6ROs,UgylnDcPVYV7ZZgU5G14AaABAg,"{'videoId': 'zEfTDpfyt1o', 'topLevelComment': {'kind': 'youtube#comment', 'etag': 'FLru0yLG6bYspWVjRvhUVzQgHgk', 'id': 'UgylnDcPVYV7ZZgU5G14AaABAg', 'snippet': {'videoId': 'zEfTDpfyt1o', 'textDisplay': 'Infelizmente o cinegrafista não tem nada a ver com as falcatruas e posicionamentos da empresa que ele trabalha', 'textOriginal': 'Infelizmente o cinegrafista não tem nada a ver com as falcatruas e posicionamentos da empresa que ele trabalha', 'authorDisplayName': 'reinaldo costa', 'authorProfileImageUrl': 'https://yt3.ggpht.com/ytc/AGIKgqMlL9Rm2BRvwQhOwKwnYJDfzudbAolu7dtgfQ=s48-c-k-c0x00ffffff-no-rj', 'authorChannelUrl': 'http://www.youtube.com/channel/UC946LY_ZX83GFOkmJUBK6Zw', 'authorChannelId': {'value': 'UC946LY_ZX83GFOkmJUBK6Zw'}, 'canRate': True, 'viewerRating': 'none', 'likeCount': 0, 'publishedAt': '2022-10-24T11:24:49Z', 'updatedAt': '2022-10-24T11:24:49Z'}}, 'canReply': True, 'totalReplyCount': 0, 'isPublic': True}",,UC946LY_ZX83GFOkmJUBK6Zw,2022-10-24T11:24:49Z,Infelizmente o cinegrafista não tem nada a ver com as falcatruas e posicionamentos da empresa que ele trabalha,QURTSl9pMzBrY2o5eGFidExJSUNBckp1QnMxSHFsSEtROTNYQmFwcXZTblJXVm9Ud00wZnZPVjYxY1BqV21ZWDlwSVhPeVFPajBZZ1BJcw==,2023-06-08 14:52:32.063929
youtube#commentThread,yWNewc4BUwcjLtooXG0wIqH7Cc0,Ugxpc2h5K_zyXvE-3Ux4AaABAg,"{'videoId': 'zEfTDpfyt1o', 'topLevelComment': {'kind': 'youtube#comment', 'etag': 'vbJ5zzC7T6519o-S83daDak2dpc', 'id': 'Ugxpc2h5K_zyXvE-3Ux4AaABAg', 'snippet': {'videoId': 'zEfTDpfyt1o', 'textDisplay': 'Tudo isso pelo poder, lamentável.', 'textOriginal': 'Tudo isso pelo poder, lamentável.', 'authorDisplayName': 'Remia Arimatea', 'authorProfileImageUrl': 'https://yt3.ggpht.com/ytc/AGIKgqPzIduRF2IODaaWnn6AEhT0QUzlWuMSMMRRezGA2Q=s48-c-k-c0x00ffffff-no-rj', 'authorChannelUrl': 'http://www.youtube.com/channel/UCT3F2tzHCRssIfaYyeNFFag', 'authorChannelId': {'value': 'UCT3F2tzHCRssIfaYyeNFFag'}, 'canRate': True, 'viewerRating': 'none', 'likeCount': 0, 'publishedAt': '2022-10-24T11:24:31Z', 'updatedAt': '2022-10-24T11:24:31Z'}}, 'canReply': True, 'totalReplyCount': 0, 'isPublic': True}",,UCT3F2tzHCRssIfaYyeNFFag,2022-10-24T11:24:31Z,"Tudo isso pelo poder, lamentável.",QURTSl9pMzBrY2o5eGFidExJSUNBckp1QnMxSHFsSEtROTNYQmFwcXZTblJXVm9Ud00wZnZPVjYxY1BqV21ZWDlwSVhPeVFPajBZZ1BJcw==,2023-06-08 14:52:32.063929
youtube#commentThread,C-DUaqUmpQNcd8Bl2-uDWeSzPQ0,UgwdT3LdxW6Amt9NUFR4AaABAg,"{'videoId': 'zEfTDpfyt1o', 'topLevelComment': {'kind': 'youtube#comment', 'etag': 'ZHU2QEbGuvxS8KBhkdxEM9wPAmU', 'id': 'UgwdT3LdxW6Amt9NUFR4AaABAg', 'snippet': {'videoId': 'zEfTDpfyt1o', 'textDisplay': 'kkk foi nada c jogou ....', 'textOriginal': 'kkk foi nada c jogou ....', 'authorDisplayName': 'adriano soares', 'authorProfileImageUrl': 'https://yt3.ggpht.com/ytc/AGIKgqN8sMpC2Jgc5KjWLqxEQOW1FrpZY_wDLf4L6-XD=s48-c-k-c0x00ffffff-no-rj', 'authorChannelUrl': 'http://www.youtube.com/channel/UCvVhsfBhtyKKA9SrE7aBniQ', 'authorChannelId': {'value': 'UCvVhsfBhtyKKA9SrE7aBniQ'}, 'canRate': True, 'viewerRating': 'none', 'likeCount': 0, 'publishedAt': '2022-10-24T11:06:16Z', 'updatedAt': '2022-10-24T11:06:16Z'}}, 'canReply': True, 'totalReplyCount': 0, 'isPublic': True}",,UCvVhsfBhtyKKA9SrE7aBniQ,2022-10-24T11:06:16Z,kkk foi nada c jogou ....,QURTSl9pMzBrY2o5eGFidExJSUNBckp1QnMxSHFsSEtROTNYQmFwcXZTblJXVm9Ud00wZnZPVjYxY1BqV21ZWDlwSVhPeVFPajBZZ1BJcw==,2023-06-08 14:52:32.063929
youtube#commentThread,ZJ2IEOsUf09IMDsn7ceLKonxX8Q,UgyVwq9bDNrpQhwitt14AaABAg,"{'videoId': 'zEfTDpfyt1o', 'topLevelComment': {'kind': 'youtube#comment', 'etag': 'kYJgWApJCPbJ0C34Ek0DODhxp1A', 'id': 'UgyVwq9bDNrpQhwitt14AaABAg', 'snippet': {'videoId': 'zEfTDpfyt1o', 'textDisplay': 'Todos estamos sendo postos a extrema  pressão psicológica constante pois a censura prévia e interferência no livre debate político popular', 'textOriginal': 'Todos estamos sendo postos a extrema  pressão psicológica constante pois a censura prévia e interferência no livre debate político popular', 'authorDisplayName': 'Ricardo Ferraz da cunha', 'authorProfileImageUrl': 'https://yt3.ggpht.com/ytc/AGIKgqNo7mhk8JBVBNp1k84SF4umQEFXZb5r9_7tXnn1dnDQAMr962GFF9W1hqeuKUt0=s48-c-k-c0x00ffffff-no-rj', 'authorChannelUrl': 'http://www.youtube.com/channel/UCinqSsWi4_FItJtlMlBqlkg', 'authorChannelId': {'value': 'UCinqSsWi4_FItJtlMlBqlkg'}, 'canRate': True, 'viewerRating': 'none', 'likeCount': 0, 'publishedAt': '2022-10-24T11:03:24Z', 'updatedAt': '2022-10-24T11:03:24Z'}}, 'canReply': True, 'totalReplyCount': 0, 'isPublic': True}",,UCinqSsWi4_FItJtlMlBqlkg,2022-10-24T11:03:24Z,Todos estamos sendo postos a extrema  pressão psicológica constante pois a censura prévia e interferência no livre debate político popular,QURTSl9pMzBrY2o5eGFidExJSUNBckp1QnMxSHFsSEtROTNYQmFwcXZTblJXVm9Ud00wZnZPVjYxY1BqV21ZWDlwSVhPeVFPajBZZ1BJcw==,2023-06-08 14:52:32.063929
youtube#commentThread,BVR2K1YQ5gldp5xfDDq1C5wB8PI,UgwMLhmfZlFoW87j58J4AaABAg,"{'videoId': 'zEfTDpfyt1o', 'topLevelComment': {'kind': 'youtube#comment', 'etag': 'SdV7wVIZzrBAhqe-qi74e-RD4MA', 'id': 'UgwMLhmfZlFoW87j58J4AaABAg', 'snippet': {'videoId': 'zEfTDpfyt1o', 'textDisplay': 'Não se pode prender privar da liberdade o cidadão por expor o seu pensamento seja político religioso e ao mesmo tempo absolver corruptos do dinheiro público e não houve ataque direto houve apenas pálavras por parte do Jefferson', 'textOriginal': 'Não se pode prender privar da liberdade o cidadão por expor o seu pensamento seja político religioso e ao mesmo tempo absolver corruptos do dinheiro público e não houve ataque direto houve apenas pálavras por parte do Jefferson', 'authorDisplayName': 'Ricardo Ferraz da cunha', 'authorProfileImageUrl': 'https://yt3.ggpht.com/ytc/AGIKgqNo7mhk8JBVBNp1k84SF4umQEFXZb5r9_7tXnn1dnDQAMr962GFF9W1hqeuKUt0=s48-c-k-c0x00ffffff-no-rj', 'authorChannelUrl': 'http://www.youtube.com/channel/UCinqSsWi4_FItJtlMlBqlkg', 'authorChannelId': {'value': 'UCinqSsWi4_FItJtlMlBqlkg'}, 'canRate': True, 'viewerRating': 'none', 'likeCount': 0, 'publishedAt': '2022-10-24T10:58:15Z', 'updatedAt': '2022-10-24T10:58:15Z'}}, 'canReply': True, 'totalReplyCount': 0, 'isPublic': True}",,UCinqSsWi4_FItJtlMlBqlkg,2022-10-24T10:58:15Z,Não se pode prender privar da liberdade o cidadão por expor o seu pensamento seja político religioso e ao mesmo tempo absolver corruptos do dinheiro público e não houve ataque direto houve apenas pálavras por parte do Jefferson,QURTSl9pMzBrY2o5eGFidExJSUNBckp1QnMxSHFsSEtROTNYQmFwcXZTblJXVm9Ud00wZnZPVjYxY1BqV21ZWDlwSVhPeVFPajBZZ1BJcw==,2023-06-08 14:52:32.063929
youtube#commentThread,9hT8mTM0hpOrAhNNZdTh03yNBtw,UgyInSB3_TE7Cy-TtnJ4AaABAg,"{'videoId': 'zEfTDpfyt1o', 'topLevelComment': {'kind': 'youtube#comment', 'etag': 'cy0N741XuwcTVhh8HNFN47Rsg2A', 'id': 'UgyInSB3_TE7Cy-TtnJ4AaABAg', 'snippet': {'videoId': 'zEfTDpfyt1o', 'textDisplay': 'Quanto mais o povo se sentir ameaçado, mais violência haverá. Atitude covarde do agressor, mas atitude soberba de nosso TSE ao tomar as medidas que toma. Se algo não mudar, veremos isso com muita frequência. É isso que o pessoal de alto escalão quer? A justiça começa de cima e o exemplo também.', 'textOriginal': 'Quanto mais o povo se sentir ameaçado, mais violência haverá. Atitude covarde do agressor, mas atitude soberba de nosso TSE ao tomar as medidas que toma. Se algo não mudar, veremos isso com muita frequência. É isso que o pessoal de alto escalão quer? A justiça começa de cima e o exemplo também.', 'authorDisplayName': 'Isabel Navarro Roman Garcia', 'authorProfileImageUrl': 'https://yt3.ggpht.com/ytc/AGIKgqPWq10XxjRBdSMvtHrwF-qr2dtu_ouY0n3GyIeGFxk=s48-c-k-c0x00ffffff-no-rj', 'authorChannelUrl': 'http://www.youtube.com/channel/UCNjxO4UUl2Dh2-pfTFyCdKw', 'authorChannelId': {'value': 'UCNjxO4UUl2Dh2-pfTFyCdKw'}, 'canRate': True, 'viewerRating': 'none', 'likeCount': 0, 'publishedAt': '2022-10-24T10:57:24Z', 'updatedAt': '2022-10-24T10:57:24Z'}}, 'canReply': True, 'totalReplyCount': 0, 'isPublic': True}",,UCNjxO4UUl2Dh2-pfTFyCdKw,2022-10-24T10:57:24Z,"Quanto mais o povo se sentir ameaçado, mais violência haverá. Atitude covarde do agressor, mas atitude soberba de nosso TSE ao tomar as medidas que toma. Se algo não mudar, veremos isso com muita frequência. É isso que o pessoal de alto escalão quer? A justiça começa de cima e o exemplo também.",QURTSl9pMzBrY2o5eGFidExJSUNBckp1QnMxSHFsSEtROTNYQmFwcXZTblJXVm9Ud00wZnZPVjYxY1BqV21ZWDlwSVhPeVFPajBZZ1BJcw==,2023-06-08 14:52:32.063929
youtube#commentThread,K7OWVzwMP_FO7NxJUDG51uwDuaM,UgxlSEB1N8TfiNf-Xrd4AaABAg,"{'videoId': 'zEfTDpfyt1o', 'topLevelComment': {'kind': 'youtube#comment', 'etag': '7cGkRGUHDuGmOVbmkNBdgLj9_Ds', 'id': 'UgxlSEB1N8TfiNf-Xrd4AaABAg', 'snippet': {'videoId': 'zEfTDpfyt1o', 'textDisplay': 'O cinegrafista estava apenas fazendo o seu trabalho !   Repudiamos qualquer tipo de violência física !', 'textOriginal': 'O cinegrafista estava apenas fazendo o seu trabalho !   Repudiamos qualquer tipo de violência física !', 'authorDisplayName': 'Eula Corina Lima Bento', 'authorProfileImageUrl': 'https://yt3.ggpht.com/ytc/AGIKgqMHrlktzZe2h-BKxwEqIJK0SBxUEnzh0nLPNg=s48-c-k-c0x00ffffff-no-rj', 'authorChannelUrl': 'http://www.youtube.com/channel/UCDkcyUBaDQ_vCioYldEr-2A', 'authorChannelId': {'value': 'UCDkcyUBaDQ_vCioYldEr-2A'}, 'canRate': True, 'viewerRating': 'none', 'likeCount': 1, 'publishedAt': '2022-10-24T10:52:50Z', 'updatedAt': '2022-10-24T10:52:50Z'}}, 'canReply': True, 'totalReplyCount': 0, 'isPublic': True}",,UCDkcyUBaDQ_vCioYldEr-2A,2022-10-24T10:52:50Z,O cinegrafista estava apenas fazendo o seu trabalho !   Repudiamos qualquer tipo de violência física !,QURTSl9pMzBrY2o5eGFidExJSUNBckp1QnMxSHFsSEtROTNYQmFwcXZTblJXVm9Ud00wZnZPVjYxY1BqV21ZWDlwSVhPeVFPajBZZ1BJcw==,2023-06-08 14:52:32.063929
youtube#commentThread,Yi02YqowTycf4mgiNZGZy6_xOow,Ugy8nlDLNIriV_29D054AaABAg,"{'videoId': 'zEfTDpfyt1o', 'topLevelComment': {'kind': 'youtube#comment', 'etag': '39bgWM00A8Gsw8LrknmQhLt2ne8', 'id': 'Ugy8nlDLNIriV_29D054AaABAg', 'snippet': {'videoId': 'zEfTDpfyt1o', 'textDisplay': 'Não importa o que o jefferson disse não havia fundamento para o prender e pesa para a sua libertacão que a oposição também faz o mesmo e não é punida  e não há isenção da pessoa que o mandou encarcerar', 'textOriginal': 'Não importa o que o jefferson disse não havia fundamento para o prender e pesa para a sua libertacão que a oposição também faz o mesmo e não é punida  e não há isenção da pessoa que o mandou encarcerar', 'authorDisplayName': 'Ricardo Ferraz da cunha', 'authorProfileImageUrl': 'https://yt3.ggpht.com/ytc/AGIKgqNo7mhk8JBVBNp1k84SF4umQEFXZb5r9_7tXnn1dnDQAMr962GFF9W1hqeuKUt0=s48-c-k-c0x00ffffff-no-rj', 'authorChannelUrl': 'http://www.youtube.com/channel/UCinqSsWi4_FItJtlMlBqlkg', 'authorChannelId': {'value': 'UCinqSsWi4_FItJtlMlBqlkg'}, 'canRate': True, 'viewerRating': 'none', 'likeCount': 0, 'publishedAt': '2022-10-24T10:51:19Z', 'updatedAt': '2022-10-24T10:51:19Z'}}, 'canReply': True, 'totalReplyCount': 0, 'isPublic': True}",,UCinqSsWi4_FItJtlMlBqlkg,2022-10-24T10:51:19Z,Não importa o que o jefferson disse não havia fundamento para o prender e pesa para a sua libertacão que a oposição também faz o mesmo e não é punida  e não há isenção da pessoa que o mandou encarcerar,QURTSl9pMzBrY2o5eGFidExJSUNBckp1QnMxSHFsSEtROTNYQmFwcXZTblJXVm9Ud00wZnZPVjYxY1BqV21ZWDlwSVhPeVFPajBZZ1BJcw==,2023-06-08 14:52:32.063929
youtube#commentThread,SXEd_slnMVu_BO7QyukyRsIJPkw,Ugw3fVZOf9m7uZv1id54AaABAg,"{'videoId': 'zEfTDpfyt1o', 'topLevelComment': {'kind': 'youtube#comment', 'etag': 'sdLRIokZ31HNPc1-hoNPEP79VFA', 'id': 'Ugw3fVZOf9m7uZv1id54AaABAg', 'snippet': {'videoId': 'zEfTDpfyt1o', 'textDisplay': 'Uma comparação com o PTismo é mera coincidência!', 'textOriginal': 'Uma comparação com o PTismo é mera coincidência!', 'authorDisplayName': 'Luam Rodrigues', 'authorProfileImageUrl': 'https://yt3.ggpht.com/ytc/AGIKgqPMa9UWB_50zHaD0gs_FkeNzIJEMqHlyb04RoreHA=s48-c-k-c0x00ffffff-no-rj', 'authorChannelUrl': 'http://www.youtube.com/channel/UCsDjeruTcJVg9SM4sU_yeKg', 'authorChannelId': {'value': 'UCsDjeruTcJVg9SM4sU_yeKg'}, 'canRate': True, 'viewerRating': 'none', 'likeCount': 1, 'publishedAt': '2022-10-24T10:50:35Z', 'updatedAt': '2022-10-24T10:50:35Z'}}, 'canReply': True, 'totalReplyCount': 0, 'isPublic': True}",,UCsDjeruTcJVg9SM4sU_yeKg,2022-10-24T10:50:35Z,Uma comparação com o PTismo é mera coincidência!,QURTSl9pMzBrY2o5eGFidExJSUNBckp1QnMxSHFsSEtROTNYQmFwcXZTblJXVm9Ud00wZnZPVjYxY1BqV21ZWDlwSVhPeVFPajBZZ1BJcw==,2023-06-08 14:52:32.063929
youtube#commentThread,wFGDw_z1-HUCOnAUkxeMuqG6Xn8,UgzvlbX-KJyHMCfmNp54AaABAg,"{'videoId': 'zEfTDpfyt1o', 'topLevelComment': {'kind': 'youtube#comment', 'etag': 'z0urngDxBw5A6gtb7iZAMnNGJmA', 'id': 'UgzvlbX-KJyHMCfmNp54AaABAg', 'snippet': {'videoId': 'zEfTDpfyt1o', 'textDisplay': 'Apoiadores de Roberto Jefferson é sério isso? Que estava lá são apoiadores de Bolsonaro isso sim', 'textOriginal': 'Apoiadores de Roberto Jefferson é sério isso? Que estava lá são apoiadores de Bolsonaro isso sim', 'authorDisplayName': 'Carlos Oggy', 'authorProfileImageUrl': 'https://yt3.ggpht.com/ytc/AGIKgqN4mzEXCkiJdRaBHMFAHREViZUdvinqIR6Xrbyk=s48-c-k-c0x00ffffff-no-rj', 'authorChannelUrl': 'http://www.youtube.com/channel/UCA-0WivQ4MjwMTcU1rvCquQ', 'authorChannelId': {'value': 'UCA-0WivQ4MjwMTcU1rvCquQ'}, 'canRate': True, 'viewerRating': 'none', 'likeCount': 0, 'publishedAt': '2022-10-24T10:42:32Z', 'updatedAt': '2022-10-24T10:42:32Z'}}, 'canReply': True, 'totalReplyCount': 0, 'isPublic': True}",,UCA-0WivQ4MjwMTcU1rvCquQ,2022-10-24T10:42:32Z,Apoiadores de Roberto Jefferson é sério isso? Que estava lá são apoiadores de Bolsonaro isso sim,QURTSl9pMzBrY2o5eGFidExJSUNBckp1QnMxSHFsSEtROTNYQmFwcXZTblJXVm9Ud00wZnZPVjYxY1BqV21ZWDlwSVhPeVFPajBZZ1BJcw==,2023-06-08 14:52:32.063929
youtube#commentThread,DBewBR1N2F66Nque_ZB7VFLj-Dw,Ugz124ErOqsTL8O8XnJ4AaABAg,"{'videoId': 'zEfTDpfyt1o', 'topLevelComment': {'kind': 'youtube#comment', 'etag': 'DeMTp2sjO1Gp2ZYzI2OKbWlp5To', 'id': 'Ugz124ErOqsTL8O8XnJ4AaABAg', 'snippet': {'videoId': 'zEfTDpfyt1o', 'textDisplay': 'Prenderam o Jefferson sem lhe dar direito de defesa sem julgamento e ele não repreeserntava perigo a sociedade sob coerção e negação de seus direitos civis portanto a prisão é arbitrária e ilegal', 'textOriginal': 'Prenderam o Jefferson sem lhe dar direito de defesa sem julgamento e ele não repreeserntava perigo a sociedade sob coerção e negação de seus direitos civis portanto a prisão é arbitrária e ilegal', 'authorDisplayName': 'Ricardo Ferraz da cunha', 'authorProfileImageUrl': 'https://yt3.ggpht.com/ytc/AGIKgqNo7mhk8JBVBNp1k84SF4umQEFXZb5r9_7tXnn1dnDQAMr962GFF9W1hqeuKUt0=s48-c-k-c0x00ffffff-no-rj', 'authorChannelUrl': 'http://www.youtube.com/channel/UCinqSsWi4_FItJtlMlBqlkg', 'authorChannelId': {'value': 'UCinqSsWi4_FItJtlMlBqlkg'}, 'canRate': True, 'viewerRating': 'none', 'likeCount': 0, 'publishedAt': '2022-10-24T10:39:04Z', 'updatedAt': '2022-10-24T10:39:04Z'}}, 'canReply': True, 'totalReplyCount': 0, 'isPublic': True}",,UCinqSsWi4_FItJtlMlBqlkg,2022-10-24T10:39:04Z,Prenderam o Jefferson sem lhe dar direito de defesa sem julgamento e ele não repreeserntava perigo a sociedade sob coerção e negação de seus direitos civis portanto a prisão é arbitrária e ilegal,QURTSl9pMzBrY2o5eGFidExJSUNBckp1QnMxSHFsSEtROTNYQmFwcXZTblJXVm9Ud00wZnZPVjYxY1BqV21ZWDlwSVhPeVFPajBZZ1BJcw==,2023-06-08 14:52:32.063929
youtube#commentThread,DlA7ceyoXoVQP_XtjF5Im0nc9yQ,UgyNoFGWnuOAq3MSt954AaABAg,"{'videoId': 'zEfTDpfyt1o', 'topLevelComment': {'kind': 'youtube#comment', 'etag': 'QLb99LgCyliS6DLzkYwjS-VLE_Y', 'id': 'UgyNoFGWnuOAq3MSt954AaABAg', 'snippet': {'videoId': 'zEfTDpfyt1o', 'textDisplay': 'A QUE FASE CHEGAMOS , É  NA IGREJA,  NA RUA... QUE ISSO ACABE LOGO', 'textOriginal': 'A QUE FASE CHEGAMOS , É  NA IGREJA,  NA RUA... QUE ISSO ACABE LOGO', 'authorDisplayName': 'Elcio Ribeiro Pinto', 'authorProfileImageUrl': 'https://yt3.ggpht.com/ytc/AGIKgqPU964PpwFfqa3zyxDmlYnheM341CZm2xhH7Q=s48-c-k-c0x00ffffff-no-rj', 'authorChannelUrl': 'http://www.youtube.com/channel/UC3k52wGdlH0OxjHPYworaQg', 'authorChannelId': {'value': 'UC3k52wGdlH0OxjHPYworaQg'}, 'canRate': True, 'viewerRating': 'none', 'likeCount': 0, 'publishedAt': '2022-10-24T10:31:14Z', 'updatedAt': '2022-10-24T10:31:14Z'}}, 'canReply': True, 'totalReplyCount': 0, 'isPublic': True}",,UC3k52wGdlH0OxjHPYworaQg,2022-10-24T10:31:14Z,"A QUE FASE CHEGAMOS , É  NA IGREJA,  NA RUA... QUE ISSO ACABE LOGO",QURTSl9pMkxsbVJGeERtc2IwN1RLT24tOTN2M1hzRF9YVmtaUmo2anpYVWdKSHR0bHEtckRpR2FjOXc5T3BHTEUzeW5wdm9RaDVSSDd0MA==,2023-06-08 14:52:33.032373
youtube#commentThread,nT98_m9vRtunML1GW-4lZDlKcHk,UgyKMCdAsLiB3R_Q9Bx4AaABAg,"{'videoId': 'zEfTDpfyt1o', 'topLevelComment': {'kind': 'youtube#comment', 'etag': 'xyJ1mmwwXTMPOm2-MZ4EzYJ6v2s', 'id': 'UgyKMCdAsLiB3R_Q9Bx4AaABAg', 'snippet': {'videoId': 'zEfTDpfyt1o', 'textDisplay': 'Bob...Bob... juízo nessa cabecinha rasa e rasteira', 'textOriginal': 'Bob...Bob... juízo nessa cabecinha rasa e rasteira', 'authorDisplayName': 'Elcio Ribeiro Pinto', 'authorProfileImageUrl': 'https://yt3.ggpht.com/ytc/AGIKgqPU964PpwFfqa3zyxDmlYnheM341CZm2xhH7Q=s48-c-k-c0x00ffffff-no-rj', 'authorChannelUrl': 'http://www.youtube.com/channel/UC3k52wGdlH0OxjHPYworaQg', 'authorChannelId': {'value': 'UC3k52wGdlH0OxjHPYworaQg'}, 'canRate': True, 'viewerRating': 'none', 'likeCount': 0, 'publishedAt': '2022-10-24T10:28:14Z', 'updatedAt': '2022-10-24T10:28:14Z'}}, 'canReply': True, 'totalReplyCount': 0, 'isPublic': True}",,UC3k52wGdlH0OxjHPYworaQg,2022-10-24T10:28:14Z,Bob...Bob... juízo nessa cabecinha rasa e rasteira,QURTSl9pMkxsbVJGeERtc2IwN1RLT24tOTN2M1hzRF9YVmtaUmo2anpYVWdKSHR0bHEtckRpR2FjOXc5T3BHTEUzeW5wdm9RaDVSSDd0MA==,2023-06-08 14:52:33.032373
youtube#commentThread,743dXgrJC5kRa0NEmwedo-cPU3U,UgwzXfvlwr2YmNmxpZ94AaABAg,"{'videoId': 'zEfTDpfyt1o', 'topLevelComment': {'kind': 'youtube#comment', 'etag': 'UCwvFToQdTbVs13Nrn9ma-O7UZU', 'id': 'UgwzXfvlwr2YmNmxpZ94AaABAg', 'snippet': {'videoId': 'zEfTDpfyt1o', 'textDisplay': 'Apoiadores de bolsonaro vao acabr mata do alguem da tv pode esperar', 'textOriginal': 'Apoiadores de bolsonaro vao acabr mata do alguem da tv pode esperar', 'authorDisplayName': 'Daniel Alexandre Coimbra ribeiro de Sa', 'authorProfileImageUrl': 'https://yt3.ggpht.com/ytc/AGIKgqOx8YhbJE0TzuXl-ziHNZUtCt4rsJHHbs856Cs-AEJG-seAx7eAGKyfVt8qA-vD=s48-c-k-c0x00ffffff-no-rj', 'authorChannelUrl': 'http://www.youtube.com/channel/UCr7CSDu0qjtxZlvIuaNY1tw', 'authorChannelId': {'value': 'UCr7CSDu0qjtxZlvIuaNY1tw'}, 'canRate': True, 'viewerRating': 'none', 'likeCount': 0, 'publishedAt': '2022-10-24T10:15:20Z', 'updatedAt': '2022-10-24T10:15:20Z'}}, 'canReply': True, 'totalReplyCount': 0, 'isPublic': True}",,UCr7CSDu0qjtxZlvIuaNY1tw,2022-10-24T10:15:20Z,Apoiadores de bolsonaro vao acabr mata do alguem da tv pode esperar,QURTSl9pMkxsbVJGeERtc2IwN1RLT24tOTN2M1hzRF9YVmtaUmo2anpYVWdKSHR0bHEtckRpR2FjOXc5T3BHTEUzeW5wdm9RaDVSSDd0MA==,2023-06-08 14:52:33.032373
youtube#commentThread,4vz58fcvuQC4VhZt4pA-4c0H-kY,UgwguJBltabBU8i5gQB4AaABAg,"{'videoId': 'zEfTDpfyt1o', 'topLevelComment': {'kind': 'youtube#comment', 'etag': '_BOz0MSQLopOzo04TYVBZS-lZK8', 'id': 'UgwguJBltabBU8i5gQB4AaABAg', 'snippet': {'videoId': 'zEfTDpfyt1o', 'textDisplay': 'Nas imagnes se comprova que o Cinegrafista se joga no chão, me desculpem mas a verdade e essa.', 'textOriginal': 'Nas imagnes se comprova que o Cinegrafista se joga no chão, me desculpem mas a verdade e essa.', 'authorDisplayName': 'Meshuga', 'authorProfileImageUrl': 'https://yt3.ggpht.com/HeonSaSEq5f_OZj8h-_DtGG16ep1UrBXGjYfnPbei90A0GCyYuJw4p4feYciYR3unpwWZQ8tGA=s48-c-k-c0x00ffffff-no-rj', 'authorChannelUrl': 'http://www.youtube.com/channel/UChhnRM7G6rMkN_H1jYiwyIQ', 'authorChannelId': {'value': 'UChhnRM7G6rMkN_H1jYiwyIQ'}, 'canRate': True, 'viewerRating': 'none', 'likeCount': 0, 'publishedAt': '2022-10-24T10:14:24Z', 'updatedAt': '2022-10-24T10:14:24Z'}}, 'canReply': True, 'totalReplyCount': 0, 'isPublic': True}",,UChhnRM7G6rMkN_H1jYiwyIQ,2022-10-24T10:14:24Z,"Nas imagnes se comprova que o Cinegrafista se joga no chão, me desculpem mas a verdade e essa.",QURTSl9pMkxsbVJGeERtc2IwN1RLT24tOTN2M1hzRF9YVmtaUmo2anpYVWdKSHR0bHEtckRpR2FjOXc5T3BHTEUzeW5wdm9RaDVSSDd0MA==,2023-06-08 14:52:33.032373
youtube#commentThread,BtVkNwqtlNm9TO4Q0hg_nPoFYhY,UgxJiG5ocqNqK0XGO5t4AaABAg,"{'videoId': 'zEfTDpfyt1o', 'topLevelComment': {'kind': 'youtube#comment', 'etag': 'Cm8kz5SPk8IWGlG2V6DYGTDwVhM', 'id': 'UgxJiG5ocqNqK0XGO5t4AaABAg', 'snippet': {'videoId': 'zEfTDpfyt1o', 'textDisplay': 'esse STF vai causar uma guerra no Brasil tudo isso ai é revouta e nos brasileiros estamos cansado de tantas injustiça', 'textOriginal': 'esse STF vai causar uma guerra no Brasil tudo isso ai é revouta e nos brasileiros estamos cansado de tantas injustiça', 'authorDisplayName': 'Carmiranda Rodrigues', 'authorProfileImageUrl': 'https://yt3.ggpht.com/ytc/AGIKgqPNfGjZssbGfStQZksqqv3mMRVOqXWPPnT1ww=s48-c-k-c0x00ffffff-no-rj', 'authorChannelUrl': 'http://www.youtube.com/channel/UCUzCkOu8UlmkrWC1yZv40-Q', 'authorChannelId': {'value': 'UCUzCkOu8UlmkrWC1yZv40-Q'}, 'canRate': True, 'viewerRating': 'none', 'likeCount': 1, 'publishedAt': '2022-10-24T10:06:49Z', 'updatedAt': '2022-10-24T10:06:49Z'}}, 'canReply': True, 'totalReplyCount': 0, 'isPublic': True}",,UCUzCkOu8UlmkrWC1yZv40-Q,2022-10-24T10:06:49Z,esse STF vai causar uma guerra no Brasil tudo isso ai é revouta e nos brasileiros estamos cansado de tantas injustiça,QURTSl9pMkxsbVJGeERtc2IwN1RLT24tOTN2M1hzRF9YVmtaUmo2anpYVWdKSHR0bHEtckRpR2FjOXc5T3BHTEUzeW5wdm9RaDVSSDd0MA==,2023-06-08 14:52:33.032373
youtube#commentThread,8P2QmkgdVROsJbTUvU7_N1yEMiM,UgxT0l0hh6qy8ELaR4V4AaABAg,"{'videoId': 'zEfTDpfyt1o', 'topLevelComment': {'kind': 'youtube#comment', 'etag': 'kwO1gPCEwuM5PP6zBTbQVtgzBdU', 'id': 'UgxT0l0hh6qy8ELaR4V4AaABAg', 'snippet': {'videoId': 'zEfTDpfyt1o', 'textDisplay': 'Notícia mau noticiada é pior que não noticiar. O cinegrafista foi agredido com uma voadora nas costas por um apoiador do Bolsonaro. Tem vídeo deles com camisa do Bolsonaro. Para de distorce os fatos. Todo mundo sabe que Bolsonaro e Roberto Jefferson estão juntos faz tempos, é só relembrar o debate da Band, onde o Bolsonaro e o falso padre trocando documentos o tempo todo. Padre este que Roberto Jefferson lançou candidato no seu lugar.', 'textOriginal': 'Notícia mau noticiada é pior que não noticiar. O cinegrafista foi agredido com uma voadora nas costas por um apoiador do Bolsonaro. Tem vídeo deles com camisa do Bolsonaro. Para de distorce os fatos. Todo mundo sabe que Bolsonaro e Roberto Jefferson estão juntos faz tempos, é só relembrar o debate da Band, onde o Bolsonaro e o falso padre trocando documentos o tempo todo. Padre este que Roberto Jefferson lançou candidato no seu lugar.', 'authorDisplayName': 'Marcio Marques', 'authorProfileImageUrl': 'https://yt3.ggpht.com/cMO3rHh78flgEZ6okthj7oQbBuHHnOUzcgiFgrPWjY4ch9ajt9JuP4rlXHFM4EINYA-C0OwfzOI=s48-c-k-c0x00ffffff-no-rj', 'authorChannelUrl': 'http://www.youtube.com/channel/UCU9ZH9isyWzMPz32-P4_WFQ', 'authorChannelId': {'value': 'UCU9ZH9isyWzMPz32-P4_WFQ'}, 'canRate': True, 'viewerRating': 'none', 'likeCount': 0, 'publishedAt': '2022-10-24T10:02:15Z', 'updatedAt': '2022-10-24T10:02:15Z'}}, 'canReply': True, 'totalReplyCount': 0, 'isPublic': True}",,UCU9ZH9isyWzMPz32-P4_WFQ,2022-10-24T10:02:15Z,"Notícia mau noticiada é pior que não noticiar. O cinegrafista foi agredido com uma voadora nas costas por um apoiador do Bolsonaro. Tem vídeo deles com camisa do Bolsonaro. Para de distorce os fatos. Todo mundo sabe que Bolsonaro e Roberto Jefferson estão juntos faz tempos, é só relembrar o debate da Band, onde o Bolsonaro e o falso padre trocando documentos o tempo todo. Padre este que Roberto Jefferson lançou candidato no seu lugar.",QURTSl9pMkxsbVJGeERtc2IwN1RLT24tOTN2M1hzRF9YVmtaUmo2anpYVWdKSHR0bHEtckRpR2FjOXc5T3BHTEUzeW5wdm9RaDVSSDd0MA==,2023-06-08 14:52:33.032373
youtube#commentThread,JHm7PlODTKXf6MKJliuXExy62Yk,UgwAaxPJZsBJrDuw28R4AaABAg,"{'videoId': 'zEfTDpfyt1o', 'topLevelComment': {'kind': 'youtube#comment', 'etag': 'dBPJKRzDqrj2wlMki7GrOrEXbCM', 'id': 'UgwAaxPJZsBJrDuw28R4AaABAg', 'snippet': {'videoId': 'zEfTDpfyt1o', 'textDisplay': 'Isso não vai parar depois da eleição infelizmente', 'textOriginal': 'Isso não vai parar depois da eleição infelizmente', 'authorDisplayName': 'Marcela Nunes Bailke Siqueira', 'authorProfileImageUrl': 'https://yt3.ggpht.com/ytc/AGIKgqMksXW38O-1VU80mB-lFs3T9aYZQUVPnlLg3fY9_DyCahA_Q4vrL3-uSrL3SZ4U=s48-c-k-c0x00ffffff-no-rj', 'authorChannelUrl': 'http://www.youtube.com/channel/UC6cHUoWQQLk2Rbkjubzwhzg', 'authorChannelId': {'value': 'UC6cHUoWQQLk2Rbkjubzwhzg'}, 'canRate': True, 'viewerRating': 'none', 'likeCount': 0, 'publishedAt': '2022-10-24T09:59:31Z', 'updatedAt': '2022-10-24T09:59:31Z'}}, 'canReply': True, 'totalReplyCount': 0, 'isPublic': True}",,UC6cHUoWQQLk2Rbkjubzwhzg,2022-10-24T09:59:31Z,Isso não vai parar depois da eleição infelizmente,QURTSl9pMkxsbVJGeERtc2IwN1RLT24tOTN2M1hzRF9YVmtaUmo2anpYVWdKSHR0bHEtckRpR2FjOXc5T3BHTEUzeW5wdm9RaDVSSDd0MA==,2023-06-08 14:52:33.032373
youtube#commentThread,7AqPwBwtDNeEpO7m4BI7ZJGtODM,UgwMKRdlA_q1_kBgmH14AaABAg,"{'videoId': 'zEfTDpfyt1o', 'topLevelComment': {'kind': 'youtube#comment', 'etag': 'r3H0IXTKhZztvqQzcfQH55yBHpE', 'id': 'UgwMKRdlA_q1_kBgmH14AaABAg', 'snippet': {'videoId': 'zEfTDpfyt1o', 'textDisplay': 'Assim verdade más ó jeito q tá, é o pt  eo chandao  pode fazer tudo de ruim,   é ,tá tudo bem ,a população, tá cm O caco cheio, isso, é  exemplo do cabeça de ovo kkkkkk', 'textOriginal': 'Assim verdade más ó jeito q tá, é o pt  eo chandao  pode fazer tudo de ruim,   é ,tá tudo bem ,a população, tá cm O caco cheio, isso, é  exemplo do cabeça de ovo kkkkkk', 'authorDisplayName': 'Cláudio Padilha', 'authorProfileImageUrl': 'https://yt3.ggpht.com/ytc/AGIKgqObv44k1yWe5NTYBt4LOAmzOVrqoX8Fwbk9giagfw=s48-c-k-c0x00ffffff-no-rj', 'authorChannelUrl': 'http://www.youtube.com/channel/UCCw_VesgqWFjx0C9Huh1UNQ', 'authorChannelId': {'value': 'UCCw_VesgqWFjx0C9Huh1UNQ'}, 'canRate': True, 'viewerRating': 'none', 'likeCount': 1, 'publishedAt': '2022-10-24T09:58:03Z', 'updatedAt': '2022-10-24T09:58:03Z'}}, 'canReply': True, 'totalReplyCount': 0, 'isPublic': True}",,UCCw_VesgqWFjx0C9Huh1UNQ,2022-10-24T09:58:03Z,"Assim verdade más ó jeito q tá, é o pt  eo chandao  pode fazer tudo de ruim,   é ,tá tudo bem ,a população, tá cm O caco cheio, isso, é  exemplo do cabeça de ovo kkkkkk",QURTSl9pMkxsbVJGeERtc2IwN1RLT24tOTN2M1hzRF9YVmtaUmo2anpYVWdKSHR0bHEtckRpR2FjOXc5T3BHTEUzeW5wdm9RaDVSSDd0MA==,2023-06-08 14:52:33.032373
youtube#commentThread,TUmjjsjIIQ2XA3MO8fwJ94T1vWw,Ugy5Tfgsn2_zQH_pHQl4AaABAg,"{'videoId': 'zEfTDpfyt1o', 'topLevelComment': {'kind': 'youtube#comment', 'etag': 'GDJldWuNEae7mR_nh_hpDbrok3I', 'id': 'Ugy5Tfgsn2_zQH_pHQl4AaABAg', 'snippet': {'videoId': 'zEfTDpfyt1o', 'textDisplay': 'Foi o  gordo de camisa verde , eu vii !', 'textOriginal': 'Foi o  gordo de camisa verde , eu vii !', 'authorDisplayName': 'Claudson Werneck', 'authorProfileImageUrl': 'https://yt3.ggpht.com/ytc/AGIKgqNk466tG29QFFfNMFff_l4-pusG5tR56YK8sUFLiA=s48-c-k-c0x00ffffff-no-rj', 'authorChannelUrl': 'http://www.youtube.com/channel/UC3JQxOPVq1udNagXZtuH1OA', 'authorChannelId': {'value': 'UC3JQxOPVq1udNagXZtuH1OA'}, 'canRate': True, 'viewerRating': 'none', 'likeCount': 0, 'publishedAt': '2022-10-24T09:48:25Z', 'updatedAt': '2022-10-24T09:48:25Z'}}, 'canReply': True, 'totalReplyCount': 0, 'isPublic': True}",,UC3JQxOPVq1udNagXZtuH1OA,2022-10-24T09:48:25Z,"Foi o  gordo de camisa verde , eu vii !",QURTSl9pMkxsbVJGeERtc2IwN1RLT24tOTN2M1hzRF9YVmtaUmo2anpYVWdKSHR0bHEtckRpR2FjOXc5T3BHTEUzeW5wdm9RaDVSSDd0MA==,2023-06-08 14:52:33.032373
youtube#commentThread,SgAsormbJ1mh73m3xNIvAhh2KvM,UgwNEL49uzo3sLkj4tR4AaABAg,"{'videoId': 'zEfTDpfyt1o', 'topLevelComment': {'kind': 'youtube#comment', 'etag': 'Z0MpRlR7WW2I6DCTig7ivD0F3YA', 'id': 'UgwNEL49uzo3sLkj4tR4AaABAg', 'snippet': {'videoId': 'zEfTDpfyt1o', 'textDisplay': 'O bandido do Bolsonaro ja traiu seu fiel apoiar ROBERTO JEFFERSON que covarde esse velho de 67 anos q pinta clima com adolescente de 14 anos', 'textOriginal': 'O bandido do Bolsonaro ja traiu seu fiel apoiar ROBERTO JEFFERSON que covarde esse velho de 67 anos q pinta clima com adolescente de 14 anos', 'authorDisplayName': 'Vivian Cunnha', 'authorProfileImageUrl': 'https://yt3.ggpht.com/7vuM-DMUTmT72jkbfbRx_W79EO5ye5jVo2JkPKbKVi2WEx4MHU3BDuPK8vCTKqxEhp0RNUNt4n4=s48-c-k-c0x00ffffff-no-rj', 'authorChannelUrl': 'http://www.youtube.com/channel/UCVz6SPpouqglLZW9MQLoGvQ', 'authorChannelId': {'value': 'UCVz6SPpouqglLZW9MQLoGvQ'}, 'canRate': True, 'viewerRating': 'none', 'likeCount': 0, 'publishedAt': '2022-10-24T09:46:35Z', 'updatedAt': '2022-10-24T09:46:35Z'}}, 'canReply': True, 'totalReplyCount': 0, 'isPublic': True}",,UCVz6SPpouqglLZW9MQLoGvQ,2022-10-24T09:46:35Z,O bandido do Bolsonaro ja traiu seu fiel apoiar ROBERTO JEFFERSON que covarde esse velho de 67 anos q pinta clima com adolescente de 14 anos,QURTSl9pMkxsbVJGeERtc2IwN1RLT24tOTN2M1hzRF9YVmtaUmo2anpYVWdKSHR0bHEtckRpR2FjOXc5T3BHTEUzeW5wdm9RaDVSSDd0MA==,2023-06-08 14:52:33.032373
youtube#commentThread,9d5q0Qzuc5Vs2nHiGvn7yQFduMo,UgxbwneDvPGwC0lYdBR4AaABAg,"{'videoId': 'zEfTDpfyt1o', 'topLevelComment': {'kind': 'youtube#comment', 'etag': 'E0q2yK0vC-9qsahwHn_gyviYBnE', 'id': 'UgxbwneDvPGwC0lYdBR4AaABAg', 'snippet': {'videoId': 'zEfTDpfyt1o', 'textDisplay': 'Estamos na eminência de uma guerra civil.  Isso é culpa das arbitrariedades do STF.', 'textOriginal': 'Estamos na eminência de uma guerra civil.  Isso é culpa das arbitrariedades do STF.', 'authorDisplayName': 'Diana Barros', 'authorProfileImageUrl': 'https://yt3.ggpht.com/ytc/AGIKgqPnR5B3JmNAJRkxE0MHDJUuDDNb4dwBp69IcA=s48-c-k-c0x00ffffff-no-rj', 'authorChannelUrl': 'http://www.youtube.com/channel/UC4m7bY2Qu_ozIZWYjRc2PQA', 'authorChannelId': {'value': 'UC4m7bY2Qu_ozIZWYjRc2PQA'}, 'canRate': True, 'viewerRating': 'none', 'likeCount': 0, 'publishedAt': '2022-10-24T09:43:34Z', 'updatedAt': '2022-10-24T09:43:34Z'}}, 'canReply': True, 'totalReplyCount': 0, 'isPublic': True}",,UC4m7bY2Qu_ozIZWYjRc2PQA,2022-10-24T09:43:34Z,Estamos na eminência de uma guerra civil.  Isso é culpa das arbitrariedades do STF.,QURTSl9pMkxsbVJGeERtc2IwN1RLT24tOTN2M1hzRF9YVmtaUmo2anpYVWdKSHR0bHEtckRpR2FjOXc5T3BHTEUzeW5wdm9RaDVSSDd0MA==,2023-06-08 14:52:33.032373
youtube#commentThread,euDSyuzfyO6ZzGQ5B-n5yYjGIP0,UgwT75kgBF2xAYYHgF94AaABAg,"{'videoId': 'zEfTDpfyt1o', 'topLevelComment': {'kind': 'youtube#comment', 'etag': 'VrtzjVHFM_NRwcCXTNVrd_4XHcs', 'id': 'UgwT75kgBF2xAYYHgF94AaABAg', 'snippet': {'videoId': 'zEfTDpfyt1o', 'textDisplay': 'Falsos e mentirosos jornalistas são  agredido por tudo que fizeram e veem fazendo, pois é  isso que a esquerda faz com os jornalistas de bem ! quem criou tudo isso foram eles a qualquer custo e agora saio do controle.', 'textOriginal': 'Falsos e mentirosos jornalistas são  agredido por tudo que fizeram e veem fazendo, pois é  isso que a esquerda faz com os jornalistas de bem ! quem criou tudo isso foram eles a qualquer custo e agora saio do controle.', 'authorDisplayName': 'André Moraes', 'authorProfileImageUrl': 'https://yt3.ggpht.com/ytc/AGIKgqMvwFqRUEfejrV0fLYpGmfvPINc6pKx_UP5hIRR0A=s48-c-k-c0x00ffffff-no-rj', 'authorChannelUrl': 'http://www.youtube.com/channel/UCEt_iuyznC7rP9iQ_22w1cQ', 'authorChannelId': {'value': 'UCEt_iuyznC7rP9iQ_22w1cQ'}, 'canRate': True, 'viewerRating': 'none', 'likeCount': 0, 'publishedAt': '2022-10-24T09:38:55Z', 'updatedAt': '2022-10-24T09:41:32Z'}}, 'canReply': True, 'totalReplyCount': 0, 'isPublic': True}",,UCEt_iuyznC7rP9iQ_22w1cQ,2022-10-24T09:38:55Z,"Falsos e mentirosos jornalistas são  agredido por tudo que fizeram e veem fazendo, pois é  isso que a esquerda faz com os jornalistas de bem ! quem criou tudo isso foram eles a qualquer custo e agora saio do controle.",QURTSl9pMkxsbVJGeERtc2IwN1RLT24tOTN2M1hzRF9YVmtaUmo2anpYVWdKSHR0bHEtckRpR2FjOXc5T3BHTEUzeW5wdm9RaDVSSDd0MA==,2023-06-08 14:52:33.032373
youtube#commentThread,An1CZYSzveyoE7aQlf26Rq2GLSA,UgxYpRJSBdT0UGNl-lB4AaABAg,"{'videoId': 'zEfTDpfyt1o', 'topLevelComment': {'kind': 'youtube#comment', 'etag': 'oC547Y8CRxZHit18q8AgQF4ozSU', 'id': 'UgxYpRJSBdT0UGNl-lB4AaABAg', 'snippet': {'videoId': 'zEfTDpfyt1o', 'textDisplay': 'É um trabalhador, sem agressão!!!  Mesmo que essa globolixo, esteja pegando tudo e invertendo tudo. E não ê punida. É Só CANCELA-LA.', 'textOriginal': 'É um trabalhador, sem agressão!!!  Mesmo que essa globolixo, esteja pegando tudo e invertendo tudo. E não ê punida. É Só CANCELA-LA.', 'authorDisplayName': 'Deltec Tutoriais', 'authorProfileImageUrl': 'https://yt3.ggpht.com/ytc/AGIKgqOUv8MFyPo2OJoDVVa9qgZfxs4CUWtYPsMhCmsgiQ=s48-c-k-c0x00ffffff-no-rj', 'authorChannelUrl': 'http://www.youtube.com/channel/UC9HrBK3zz-Qgu-t1dohu9-Q', 'authorChannelId': {'value': 'UC9HrBK3zz-Qgu-t1dohu9-Q'}, 'canRate': True, 'viewerRating': 'none', 'likeCount': 1, 'publishedAt': '2022-10-24T09:37:59Z', 'updatedAt': '2022-10-24T09:39:36Z'}}, 'canReply': True, 'totalReplyCount': 0, 'isPublic': True}",,UC9HrBK3zz-Qgu-t1dohu9-Q,2022-10-24T09:37:59Z,"É um trabalhador, sem agressão!!!  Mesmo que essa globolixo, esteja pegando tudo e invertendo tudo. E não ê punida. É Só CANCELA-LA.",QURTSl9pMkxsbVJGeERtc2IwN1RLT24tOTN2M1hzRF9YVmtaUmo2anpYVWdKSHR0bHEtckRpR2FjOXc5T3BHTEUzeW5wdm9RaDVSSDd0MA==,2023-06-08 14:52:33.032373
youtube#commentThread,SX3bxv7zxTOkThu2DtxClmoxUWw,Ugyhr5c5ToSmyES8JwF4AaABAg,"{'videoId': 'zEfTDpfyt1o', 'topLevelComment': {'kind': 'youtube#comment', 'etag': '6-XbMjTr0CsV8h0vUS30k9LIDPI', 'id': 'Ugyhr5c5ToSmyES8JwF4AaABAg', 'snippet': {'videoId': 'zEfTDpfyt1o', 'textDisplay': 'E a agressão  do xandao?', 'textOriginal': 'E a agressão  do xandao?', 'authorDisplayName': 'Clinica Celu', 'authorProfileImageUrl': 'https://yt3.ggpht.com/ytc/AGIKgqMm4ExyGcNRc9FCsbfkAhn2VOkFsIV45_qehQ=s48-c-k-c0x00ffffff-no-rj', 'authorChannelUrl': 'http://www.youtube.com/channel/UCGkPGovQtOze2jd57h2XvIw', 'authorChannelId': {'value': 'UCGkPGovQtOze2jd57h2XvIw'}, 'canRate': True, 'viewerRating': 'none', 'likeCount': 0, 'publishedAt': '2022-10-24T09:34:58Z', 'updatedAt': '2022-10-24T09:34:58Z'}}, 'canReply': True, 'totalReplyCount': 0, 'isPublic': True}",,UCGkPGovQtOze2jd57h2XvIw,2022-10-24T09:34:58Z,E a agressão  do xandao?,QURTSl9pMkxsbVJGeERtc2IwN1RLT24tOTN2M1hzRF9YVmtaUmo2anpYVWdKSHR0bHEtckRpR2FjOXc5T3BHTEUzeW5wdm9RaDVSSDd0MA==,2023-06-08 14:52:33.032373
youtube#commentThread,l04feDzOk_SG6hg0TyUooHlmGcY,UgwrYfhwjujIRU9NpOZ4AaABAg,"{'videoId': 'zEfTDpfyt1o', 'topLevelComment': {'kind': 'youtube#comment', 'etag': 'Rfx4S0Q4gnsDWHktwYF8It2HRww', 'id': 'UgwrYfhwjujIRU9NpOZ4AaABAg', 'snippet': {'videoId': 'zEfTDpfyt1o', 'textDisplay': 'Não precisam agredir ,se não gostam do trabalho deles ,Nso assistam ou consumam o trabalho dessa emissora.Não a agressão!!', 'textOriginal': 'Não precisam agredir ,se não gostam do trabalho deles ,Nso assistam ou consumam o trabalho dessa emissora.Não a agressão!!', 'authorDisplayName': 'Seuma', 'authorProfileImageUrl': 'https://yt3.ggpht.com/ytc/AGIKgqNbqDBeRjLqg1O3_As72z154oZVQyL4pTJ1Dg=s48-c-k-c0x00ffffff-no-rj', 'authorChannelUrl': 'http://www.youtube.com/channel/UCEiYbOhdx2BiEDYY6sWqxTA', 'authorChannelId': {'value': 'UCEiYbOhdx2BiEDYY6sWqxTA'}, 'canRate': True, 'viewerRating': 'none', 'likeCount': 0, 'publishedAt': '2022-10-24T09:34:42Z', 'updatedAt': '2022-10-24T09:34:42Z'}}, 'canReply': True, 'totalReplyCount': 0, 'isPublic': True}",,UCEiYbOhdx2BiEDYY6sWqxTA,2022-10-24T09:34:42Z,"Não precisam agredir ,se não gostam do trabalho deles ,Nso assistam ou consumam o trabalho dessa emissora.Não a agressão!!",QURTSl9pMkxsbVJGeERtc2IwN1RLT24tOTN2M1hzRF9YVmtaUmo2anpYVWdKSHR0bHEtckRpR2FjOXc5T3BHTEUzeW5wdm9RaDVSSDd0MA==,2023-06-08 14:52:33.032373
youtube#commentThread,k_VH5G_KjHYOAYj-CMAUjII8Rys,Ugzm50MWmx_sppaQAqF4AaABAg,"{'videoId': 'zEfTDpfyt1o', 'topLevelComment': {'kind': 'youtube#comment', 'etag': 'EgW3jig_qHE5iyaeIpAOmiNRlwc', 'id': 'Ugzm50MWmx_sppaQAqF4AaABAg', 'snippet': {'videoId': 'zEfTDpfyt1o', 'textDisplay': 'Apoiadores de bolsonaro, famoso cidadão de bem!', 'textOriginal': 'Apoiadores de bolsonaro, famoso cidadão de bem!', 'authorDisplayName': 'Gedeon Oliveira', 'authorProfileImageUrl': 'https://yt3.ggpht.com/ytc/AGIKgqMHdwZyOfWq9cDvGkyGpGbhOgx7XnP8FjDLGWt28Vs=s48-c-k-c0x00ffffff-no-rj', 'authorChannelUrl': 'http://www.youtube.com/channel/UCyH-ZVm9z6PiARsZvEKO1ZQ', 'authorChannelId': {'value': 'UCyH-ZVm9z6PiARsZvEKO1ZQ'}, 'canRate': True, 'viewerRating': 'none', 'likeCount': 1, 'publishedAt': '2022-10-24T09:33:18Z', 'updatedAt': '2022-10-24T09:33:18Z'}}, 'canReply': True, 'totalReplyCount': 0, 'isPublic': True}",,UCyH-ZVm9z6PiARsZvEKO1ZQ,2022-10-24T09:33:18Z,"Apoiadores de bolsonaro, famoso cidadão de bem!",QURTSl9pMkxsbVJGeERtc2IwN1RLT24tOTN2M1hzRF9YVmtaUmo2anpYVWdKSHR0bHEtckRpR2FjOXc5T3BHTEUzeW5wdm9RaDVSSDd0MA==,2023-06-08 14:52:33.032373
youtube#commentThread,9cNjMGPQheaDt4XUE86pqmaS5Z0,Ugw0vXJxjIIFx_Fqc5R4AaABAg,"{'videoId': 'zEfTDpfyt1o', 'topLevelComment': {'kind': 'youtube#comment', 'etag': 'uRockqBQ4Y0GVHOdLJd9rKvoC6Y', 'id': 'Ugw0vXJxjIIFx_Fqc5R4AaABAg', 'snippet': {'videoId': 'zEfTDpfyt1o', 'textDisplay': 'Sem agressão. Sem guerra!! Mesmo contra a globolixo.  Mesmo que o país esteja dividido.  Nossa CENSURA,  É contra esse judiciário partidário esquedista.', 'textOriginal': 'Sem agressão. Sem guerra!! Mesmo contra a globolixo.  Mesmo que o país esteja dividido.  Nossa CENSURA,  É contra esse judiciário partidário esquedista.', 'authorDisplayName': 'Deltec Tutoriais', 'authorProfileImageUrl': 'https://yt3.ggpht.com/ytc/AGIKgqOUv8MFyPo2OJoDVVa9qgZfxs4CUWtYPsMhCmsgiQ=s48-c-k-c0x00ffffff-no-rj', 'authorChannelUrl': 'http://www.youtube.com/channel/UC9HrBK3zz-Qgu-t1dohu9-Q', 'authorChannelId': {'value': 'UC9HrBK3zz-Qgu-t1dohu9-Q'}, 'canRate': True, 'viewerRating': 'none', 'likeCount': 1, 'publishedAt': '2022-10-24T09:31:44Z', 'updatedAt': '2022-10-24T09:35:40Z'}}, 'canReply': True, 'totalReplyCount': 0, 'isPublic': True}",,UC9HrBK3zz-Qgu-t1dohu9-Q,2022-10-24T09:31:44Z,"Sem agressão. Sem guerra!! Mesmo contra a globolixo.  Mesmo que o país esteja dividido.  Nossa CENSURA,  É contra esse judiciário partidário esquedista.",QURTSl9pMkxsbVJGeERtc2IwN1RLT24tOTN2M1hzRF9YVmtaUmo2anpYVWdKSHR0bHEtckRpR2FjOXc5T3BHTEUzeW5wdm9RaDVSSDd0MA==,2023-06-08 14:52:33.032373
youtube#commentThread,k2K5NJFLeml3DxqEX9Gt8v0MoXw,UgyJV3HHs6SWE_lLTkp4AaABAg,"{'videoId': 'zEfTDpfyt1o', 'topLevelComment': {'kind': 'youtube#comment', 'etag': '47ksLCaJqMgbsfuhIGkcjG-xvSA', 'id': 'UgyJV3HHs6SWE_lLTkp4AaABAg', 'snippet': {'videoId': 'zEfTDpfyt1o', 'textDisplay': 'Não poder discordar, não poder usar o celular??!!! Que ditadura é essa?? Arbitrada somente para um lado!!! O que está acontecendo no Brasil...', 'textOriginal': 'Não poder discordar, não poder usar o celular??!!! Que ditadura é essa?? Arbitrada somente para um lado!!! O que está acontecendo no Brasil...', 'authorDisplayName': 'Deltec Tutoriais', 'authorProfileImageUrl': 'https://yt3.ggpht.com/ytc/AGIKgqOUv8MFyPo2OJoDVVa9qgZfxs4CUWtYPsMhCmsgiQ=s48-c-k-c0x00ffffff-no-rj', 'authorChannelUrl': 'http://www.youtube.com/channel/UC9HrBK3zz-Qgu-t1dohu9-Q', 'authorChannelId': {'value': 'UC9HrBK3zz-Qgu-t1dohu9-Q'}, 'canRate': True, 'viewerRating': 'none', 'likeCount': 1, 'publishedAt': '2022-10-24T09:27:20Z', 'updatedAt': '2022-10-24T09:27:20Z'}}, 'canReply': True, 'totalReplyCount': 0, 'isPublic': True}",,UC9HrBK3zz-Qgu-t1dohu9-Q,2022-10-24T09:27:20Z,"Não poder discordar, não poder usar o celular??!!! Que ditadura é essa?? Arbitrada somente para um lado!!! O que está acontecendo no Brasil...",QURTSl9pMkxsbVJGeERtc2IwN1RLT24tOTN2M1hzRF9YVmtaUmo2anpYVWdKSHR0bHEtckRpR2FjOXc5T3BHTEUzeW5wdm9RaDVSSDd0MA==,2023-06-08 14:52:33.032373
youtube#commentThread,sYodb3qbOTKMtM6PXQHRaRLcJVQ,UgyI4UWTkCLT4VCufVl4AaABAg,"{'videoId': 'zEfTDpfyt1o', 'topLevelComment': {'kind': 'youtube#comment', 'etag': 'JViIHg7UUVdPKBYvo6QHrSRS6sU', 'id': 'UgyI4UWTkCLT4VCufVl4AaABAg', 'snippet': {'videoId': 'zEfTDpfyt1o', 'textDisplay': 'Jornalistas são deuses?  Sim porque outra pessoa  que estão  indo trabalhar são agredidas  e roubadas  vos não se mobilizam assim.', 'textOriginal': 'Jornalistas são deuses?  Sim porque outra pessoa  que estão  indo trabalhar são agredidas  e roubadas  vos não se mobilizam assim.', 'authorDisplayName': 'Clinica Celu', 'authorProfileImageUrl': 'https://yt3.ggpht.com/ytc/AGIKgqMm4ExyGcNRc9FCsbfkAhn2VOkFsIV45_qehQ=s48-c-k-c0x00ffffff-no-rj', 'authorChannelUrl': 'http://www.youtube.com/channel/UCGkPGovQtOze2jd57h2XvIw', 'authorChannelId': {'value': 'UCGkPGovQtOze2jd57h2XvIw'}, 'canRate': True, 'viewerRating': 'none', 'likeCount': 0, 'publishedAt': '2022-10-24T09:25:15Z', 'updatedAt': '2022-10-24T09:25:15Z'}}, 'canReply': True, 'totalReplyCount': 0, 'isPublic': True}",,UCGkPGovQtOze2jd57h2XvIw,2022-10-24T09:25:15Z,Jornalistas são deuses?  Sim porque outra pessoa  que estão  indo trabalhar são agredidas  e roubadas  vos não se mobilizam assim.,QURTSl9pMkxsbVJGeERtc2IwN1RLT24tOTN2M1hzRF9YVmtaUmo2anpYVWdKSHR0bHEtckRpR2FjOXc5T3BHTEUzeW5wdm9RaDVSSDd0MA==,2023-06-08 14:52:33.032373
youtube#commentThread,hIlUUt1Rj0xeyAs-Bzg6kpQK650,Ugz2NETxGZr863DrTgp4AaABAg,"{'videoId': 'zEfTDpfyt1o', 'topLevelComment': {'kind': 'youtube#comment', 'etag': 'uKb-AMmQRJnobG8-eYghPiARLII', 'id': 'Ugz2NETxGZr863DrTgp4AaABAg', 'snippet': {'videoId': 'zEfTDpfyt1o', 'textDisplay': 'Parece que o mesmo cara que o derrubou o socorreu', 'textOriginal': 'Parece que o mesmo cara que o derrubou o socorreu', 'authorDisplayName': 'Advº Ivan Marcondes', 'authorProfileImageUrl': 'https://yt3.ggpht.com/ytc/AGIKgqNF9iHQT_tpEExtlBVZigN1yusCix1TwDTvUja0NvRy6001esWFU5MAzZjPgANO=s48-c-k-c0x00ffffff-no-rj', 'authorChannelUrl': 'http://www.youtube.com/channel/UCjTdCkvnW0Ue7Zqg85dDWFQ', 'authorChannelId': {'value': 'UCjTdCkvnW0Ue7Zqg85dDWFQ'}, 'canRate': True, 'viewerRating': 'none', 'likeCount': 0, 'publishedAt': '2022-10-24T09:25:05Z', 'updatedAt': '2022-10-24T09:25:05Z'}}, 'canReply': True, 'totalReplyCount': 0, 'isPublic': True}",,UCjTdCkvnW0Ue7Zqg85dDWFQ,2022-10-24T09:25:05Z,Parece que o mesmo cara que o derrubou o socorreu,QURTSl9pMkxsbVJGeERtc2IwN1RLT24tOTN2M1hzRF9YVmtaUmo2anpYVWdKSHR0bHEtckRpR2FjOXc5T3BHTEUzeW5wdm9RaDVSSDd0MA==,2023-06-08 14:52:33.032373
youtube#commentThread,-Rc8iJT-W0-zfHfsyJkdRZiaoxI,UgwgARdSZYXsNGuXFad4AaABAg,"{'videoId': 'zEfTDpfyt1o', 'topLevelComment': {'kind': 'youtube#comment', 'etag': 'b1WQ3brdOaMKAcTapIIkDwDDlzI', 'id': 'UgwgARdSZYXsNGuXFad4AaABAg', 'snippet': {'videoId': 'zEfTDpfyt1o', 'textDisplay': 'O Bolsonarismo,esta levando o país para o caos.😳😳😳😳😳😳😳', 'textOriginal': 'O Bolsonarismo,esta levando o país para o caos.😳😳😳😳😳😳😳', 'authorDisplayName': 'Atila Gomes', 'authorProfileImageUrl': 'https://yt3.ggpht.com/ytc/AGIKgqMi-BVJ8eQpKckL9_OzUKvNe3SMEQAsaDCwXG9g=s48-c-k-c0x00ffffff-no-rj', 'authorChannelUrl': 'http://www.youtube.com/channel/UC60FHkVYcwb6bGXI9uFuiXg', 'authorChannelId': {'value': 'UC60FHkVYcwb6bGXI9uFuiXg'}, 'canRate': True, 'viewerRating': 'none', 'likeCount': 0, 'publishedAt': '2022-10-24T09:19:06Z', 'updatedAt': '2022-10-24T09:19:06Z'}}, 'canReply': True, 'totalReplyCount': 0, 'isPublic': True}",,UC60FHkVYcwb6bGXI9uFuiXg,2022-10-24T09:19:06Z,"O Bolsonarismo,esta levando o país para o caos.😳😳😳😳😳😳😳",QURTSl9pMkxsbVJGeERtc2IwN1RLT24tOTN2M1hzRF9YVmtaUmo2anpYVWdKSHR0bHEtckRpR2FjOXc5T3BHTEUzeW5wdm9RaDVSSDd0MA==,2023-06-08 14:52:33.032373
youtube#commentThread,S2ZYkIJzmzJxJesVWx4daf0irEs,UgzVoLiXlk7_F7qLbap4AaABAg,"{'videoId': 'zEfTDpfyt1o', 'topLevelComment': {'kind': 'youtube#comment', 'etag': 'F70ZyvNv_8sBa8iGN1zd9kaYlZM', 'id': 'UgzVoLiXlk7_F7qLbap4AaABAg', 'snippet': {'videoId': 'zEfTDpfyt1o', 'textDisplay': 'A imprensa agride  a população de bem todos os dias.   E aquele senhor que foi jogado em um caminhão pelo apoidor de luladrão e ninguém falou nada.   Ok', 'textOriginal': 'A imprensa agride  a população de bem todos os dias.   E aquele senhor que foi jogado em um caminhão pelo apoidor de luladrão e ninguém falou nada.   Ok', 'authorDisplayName': 'Marcos Aparecido Andreole Andreole', 'authorProfileImageUrl': 'https://yt3.ggpht.com/ytc/AGIKgqODmEjME03HwtK5TOfCyYNxUZefgyDqZ2YN6ySvimlcFyamAUQ_I3EkP2nLGFGV=s48-c-k-c0x00ffffff-no-rj', 'authorChannelUrl': 'http://www.youtube.com/channel/UCea1dKJ1UI_m_Z_wKDQwnBw', 'authorChannelId': {'value': 'UCea1dKJ1UI_m_Z_wKDQwnBw'}, 'canRate': True, 'viewerRating': 'none', 'likeCount': 0, 'publishedAt': '2022-10-24T09:15:23Z', 'updatedAt': '2022-10-24T09:15:23Z'}}, 'canReply': True, 'totalReplyCount': 0, 'isPublic': True}",,UCea1dKJ1UI_m_Z_wKDQwnBw,2022-10-24T09:15:23Z,A imprensa agride  a população de bem todos os dias.   E aquele senhor que foi jogado em um caminhão pelo apoidor de luladrão e ninguém falou nada.   Ok,QURTSl9pMkxsbVJGeERtc2IwN1RLT24tOTN2M1hzRF9YVmtaUmo2anpYVWdKSHR0bHEtckRpR2FjOXc5T3BHTEUzeW5wdm9RaDVSSDd0MA==,2023-06-08 14:52:33.032373
youtube#commentThread,splOqhiOMflfzsOkbt7S_sc-xG4,UgxgT6wPJ7EY3RfcRgR4AaABAg,"{'videoId': 'zEfTDpfyt1o', 'topLevelComment': {'kind': 'youtube#comment', 'etag': 'pLgftEbmPThwbwYoC_lE4cCAr4o', 'id': 'UgxgT6wPJ7EY3RfcRgR4AaABAg', 'snippet': {'videoId': 'zEfTDpfyt1o', 'textDisplay': 'Pelo amor de Deus, simplesmente deixem de assistir a globolixo, mas o rapaz está trabalhando, sejam mais humanos e tolerantes com o próximo!!', 'textOriginal': 'Pelo amor de Deus, simplesmente deixem de assistir a globolixo, mas o rapaz está trabalhando, sejam mais humanos e tolerantes com o próximo!!', 'authorDisplayName': 'RICARDO', 'authorProfileImageUrl': 'https://yt3.ggpht.com/ytc/AGIKgqP9RJtHasMXNJQTTi_P7ojVTf_pNsy5Ef8opxw40A=s48-c-k-c0x00ffffff-no-rj', 'authorChannelUrl': 'http://www.youtube.com/channel/UC22MGeGb7Gkxepk1bsZVesQ', 'authorChannelId': {'value': 'UC22MGeGb7Gkxepk1bsZVesQ'}, 'canRate': True, 'viewerRating': 'none', 'likeCount': 0, 'publishedAt': '2022-10-24T09:12:55Z', 'updatedAt': '2022-10-24T09:12:55Z'}}, 'canReply': True, 'totalReplyCount': 0, 'isPublic': True}",,UC22MGeGb7Gkxepk1bsZVesQ,2022-10-24T09:12:55Z,"Pelo amor de Deus, simplesmente deixem de assistir a globolixo, mas o rapaz está trabalhando, sejam mais humanos e tolerantes com o próximo!!",QURTSl9pMkxsbVJGeERtc2IwN1RLT24tOTN2M1hzRF9YVmtaUmo2anpYVWdKSHR0bHEtckRpR2FjOXc5T3BHTEUzeW5wdm9RaDVSSDd0MA==,2023-06-08 14:52:33.032373
youtube#commentThread,6kUQ_zygs-AT9GhqFfZlrcw-P98,UgwTIXoSzjVfJAR14ZN4AaABAg,"{'videoId': 'zEfTDpfyt1o', 'topLevelComment': {'kind': 'youtube#comment', 'etag': 'cIWN_r1QP1-kapSfk3AyeF8nzHI', 'id': 'UgwTIXoSzjVfJAR14ZN4AaABAg', 'snippet': {'videoId': 'zEfTDpfyt1o', 'textDisplay': 'O que esse vagabundo do Moraes faz com Jefferson é desumano...esse vigarista merece cadeia', 'textOriginal': 'O que esse vagabundo do Moraes faz com Jefferson é desumano...esse vigarista merece cadeia', 'authorDisplayName': 'Gabriel Cardoso', 'authorProfileImageUrl': 'https://yt3.ggpht.com/ytc/AGIKgqPPXi7d8ONPLZxUr3UPVmtDtiBt_ptRlKGd2g=s48-c-k-c0x00ffffff-no-rj', 'authorChannelUrl': 'http://www.youtube.com/channel/UCGXYGCh8GaAXWkaSHanXLgA', 'authorChannelId': {'value': 'UCGXYGCh8GaAXWkaSHanXLgA'}, 'canRate': True, 'viewerRating': 'none', 'likeCount': 0, 'publishedAt': '2022-10-24T09:12:27Z', 'updatedAt': '2022-10-24T09:12:27Z'}}, 'canReply': True, 'totalReplyCount': 0, 'isPublic': True}",,UCGXYGCh8GaAXWkaSHanXLgA,2022-10-24T09:12:27Z,O que esse vagabundo do Moraes faz com Jefferson é desumano...esse vigarista merece cadeia,QURTSl9pMkxsbVJGeERtc2IwN1RLT24tOTN2M1hzRF9YVmtaUmo2anpYVWdKSHR0bHEtckRpR2FjOXc5T3BHTEUzeW5wdm9RaDVSSDd0MA==,2023-06-08 14:52:33.032373
youtube#commentThread,YT57JKmSNDHK5nUx3uyFFY27uPY,UgxpHCxPKgB1IRtvH7t4AaABAg,"{'videoId': 'zEfTDpfyt1o', 'topLevelComment': {'kind': 'youtube#comment', 'etag': 'U4CsfxSmPmSZsKOkTnY7A18i_Rk', 'id': 'UgxpHCxPKgB1IRtvH7t4AaABAg', 'snippet': {'videoId': 'zEfTDpfyt1o', 'textDisplay': 'PADRE KELMON, BOLSONARO E ROBERTO JEFFERSON O TRIO DO MAL AJUDAI NOS NOSSO DEUS. .', 'textOriginal': 'PADRE KELMON, BOLSONARO E ROBERTO JEFFERSON O TRIO DO MAL AJUDAI NOS NOSSO DEUS. .', 'authorDisplayName': 'Luiz Tadeu', 'authorProfileImageUrl': 'https://yt3.ggpht.com/ytc/AGIKgqPGIFhJJZizoxu5P60Hifz6ShhulKNeCiQnxNS1jg=s48-c-k-c0x00ffffff-no-rj', 'authorChannelUrl': 'http://www.youtube.com/channel/UCRBIj0Cx-_YzWip1J67u8JQ', 'authorChannelId': {'value': 'UCRBIj0Cx-_YzWip1J67u8JQ'}, 'canRate': True, 'viewerRating': 'none', 'likeCount': 0, 'publishedAt': '2022-10-24T09:12:10Z', 'updatedAt': '2022-10-24T09:12:10Z'}}, 'canReply': True, 'totalReplyCount': 0, 'isPublic': True}",,UCRBIj0Cx-_YzWip1J67u8JQ,2022-10-24T09:12:10Z,"PADRE KELMON, BOLSONARO E ROBERTO JEFFERSON O TRIO DO MAL AJUDAI NOS NOSSO DEUS. .",QURTSl9pMkxsbVJGeERtc2IwN1RLT24tOTN2M1hzRF9YVmtaUmo2anpYVWdKSHR0bHEtckRpR2FjOXc5T3BHTEUzeW5wdm9RaDVSSDd0MA==,2023-06-08 14:52:33.032373
youtube#commentThread,WlAXDjgcRNLllbFE5vLV1Ik3pYQ,UgzMO8ShB29ljiizGd54AaABAg,"{'videoId': 'zEfTDpfyt1o', 'topLevelComment': {'kind': 'youtube#comment', 'etag': 'kN1P7CL8FyYk4TXWEsHQ_KQA1E4', 'id': 'UgzMO8ShB29ljiizGd54AaABAg', 'snippet': {'videoId': 'zEfTDpfyt1o', 'textDisplay': 'Tem que fechar a jovem pan', 'textOriginal': 'Tem que fechar a jovem pan', 'authorDisplayName': 'Renato Carvalho', 'authorProfileImageUrl': 'https://yt3.ggpht.com/ytc/AGIKgqM4DwryDeZ_u0GS_gGF4JsaXq7pgi5nsu3r7w=s48-c-k-c0x00ffffff-no-rj', 'authorChannelUrl': 'http://www.youtube.com/channel/UC2YMP0LKYnye40uQ8x8OxQw', 'authorChannelId': {'value': 'UC2YMP0LKYnye40uQ8x8OxQw'}, 'canRate': True, 'viewerRating': 'none', 'likeCount': 1, 'publishedAt': '2022-10-24T09:08:19Z', 'updatedAt': '2022-10-24T09:08:19Z'}}, 'canReply': True, 'totalReplyCount': 0, 'isPublic': True}",,UC2YMP0LKYnye40uQ8x8OxQw,2022-10-24T09:08:19Z,Tem que fechar a jovem pan,QURTSl9pMkxsbVJGeERtc2IwN1RLT24tOTN2M1hzRF9YVmtaUmo2anpYVWdKSHR0bHEtckRpR2FjOXc5T3BHTEUzeW5wdm9RaDVSSDd0MA==,2023-06-08 14:52:33.032373
youtube#commentThread,GXeurhjMWXkDDmIUrUMLw3-VjLk,UgyfxR8CPbeuhpsk_7t4AaABAg,"{'videoId': 'zEfTDpfyt1o', 'topLevelComment': {'kind': 'youtube#comment', 'etag': 'mnrT4fPlyc5gjYIkerxTUVZ0riU', 'id': 'UgyfxR8CPbeuhpsk_7t4AaABAg', 'snippet': {'videoId': 'zEfTDpfyt1o', 'textDisplay': 'Sinto muito  foi da globo é  válido  a vida toda eles agrediu a nós  através  das reportagens  deles e de outros', 'textOriginal': 'Sinto muito  foi da globo é  válido  a vida toda eles agrediu a nós  através  das reportagens  deles e de outros', 'authorDisplayName': 'Murilo Melo', 'authorProfileImageUrl': 'https://yt3.ggpht.com/ytc/AGIKgqMbFeQg-HS6iVJXZQolVVMpV5ungDgUxBQo7Q=s48-c-k-c0x00ffffff-no-rj', 'authorChannelUrl': 'http://www.youtube.com/channel/UCRqmsj6ATEv5LggExsW3n2Q', 'authorChannelId': {'value': 'UCRqmsj6ATEv5LggExsW3n2Q'}, 'canRate': True, 'viewerRating': 'none', 'likeCount': 0, 'publishedAt': '2022-10-24T09:08:10Z', 'updatedAt': '2022-10-24T09:08:10Z'}}, 'canReply': True, 'totalReplyCount': 0, 'isPublic': True}",,UCRqmsj6ATEv5LggExsW3n2Q,2022-10-24T09:08:10Z,Sinto muito  foi da globo é  válido  a vida toda eles agrediu a nós  através  das reportagens  deles e de outros,QURTSl9pMkxsbVJGeERtc2IwN1RLT24tOTN2M1hzRF9YVmtaUmo2anpYVWdKSHR0bHEtckRpR2FjOXc5T3BHTEUzeW5wdm9RaDVSSDd0MA==,2023-06-08 14:52:33.032373
youtube#commentThread,c3fcXCtUQW5xYcTAp4mWt2uDPhs,UgzJUisI76MST5evB0l4AaABAg,"{'videoId': 'zEfTDpfyt1o', 'topLevelComment': {'kind': 'youtube#comment', 'etag': 'O77Zmt3SgZQ5C733ySktWY1Bbwc', 'id': 'UgzJUisI76MST5evB0l4AaABAg', 'snippet': {'videoId': 'zEfTDpfyt1o', 'textDisplay': 'APOCALIPSE', 'textOriginal': 'APOCALIPSE', 'authorDisplayName': 'Mary Laura', 'authorProfileImageUrl': 'https://yt3.ggpht.com/ytc/AGIKgqOlDuS8S50VRCH7H8JKTMN9sQsvFdc9FJPqpJ27=s48-c-k-c0x00ffffff-no-rj', 'authorChannelUrl': 'http://www.youtube.com/channel/UClnP6-ix-qFroD1oCzOxGyw', 'authorChannelId': {'value': 'UClnP6-ix-qFroD1oCzOxGyw'}, 'canRate': True, 'viewerRating': 'none', 'likeCount': 0, 'publishedAt': '2022-10-24T09:05:22Z', 'updatedAt': '2022-10-24T09:05:22Z'}}, 'canReply': True, 'totalReplyCount': 0, 'isPublic': True}",,UClnP6-ix-qFroD1oCzOxGyw,2022-10-24T09:05:22Z,APOCALIPSE,QURTSl9pMkxsbVJGeERtc2IwN1RLT24tOTN2M1hzRF9YVmtaUmo2anpYVWdKSHR0bHEtckRpR2FjOXc5T3BHTEUzeW5wdm9RaDVSSDd0MA==,2023-06-08 14:52:33.032373
youtube#commentThread,o4SA_aFH4cPruRPKNx5_7a-BaLg,Ugy5gzJYVcxPHtBoXmd4AaABAg,"{'videoId': 'zEfTDpfyt1o', 'topLevelComment': {'kind': 'youtube#comment', 'etag': 'F7lq1WYDk7fUp6V50mePEz1eUwI', 'id': 'Ugy5gzJYVcxPHtBoXmd4AaABAg', 'snippet': {'videoId': 'zEfTDpfyt1o', 'textDisplay': 'A polícia tava ali , o agressor ainda foi se justificar e eu pergunto foi preso ?', 'textOriginal': 'A polícia tava ali , o agressor ainda foi se justificar e eu pergunto foi preso ?', 'authorDisplayName': 'Vânia Maradei', 'authorProfileImageUrl': 'https://yt3.ggpht.com/ytc/AGIKgqPyckLNaMW-EYBZ0L8Cg6Dmq4S7xBYc9BWNsg=s48-c-k-c0x00ffffff-no-rj', 'authorChannelUrl': 'http://www.youtube.com/channel/UC6jRkPem-bouVgGK_rk_jPw', 'authorChannelId': {'value': 'UC6jRkPem-bouVgGK_rk_jPw'}, 'canRate': True, 'viewerRating': 'none', 'likeCount': 0, 'publishedAt': '2022-10-24T09:01:52Z', 'updatedAt': '2022-10-24T09:01:52Z'}}, 'canReply': True, 'totalReplyCount': 0, 'isPublic': True}",,UC6jRkPem-bouVgGK_rk_jPw,2022-10-24T09:01:52Z,"A polícia tava ali , o agressor ainda foi se justificar e eu pergunto foi preso ?",QURTSl9pMkxsbVJGeERtc2IwN1RLT24tOTN2M1hzRF9YVmtaUmo2anpYVWdKSHR0bHEtckRpR2FjOXc5T3BHTEUzeW5wdm9RaDVSSDd0MA==,2023-06-08 14:52:33.032373
youtube#commentThread,53YuGhzfeE8hIFJAwVdV3GxkXTE,UgwwX5fhMF4ZQgqflAh4AaABAg,"{'videoId': 'zEfTDpfyt1o', 'topLevelComment': {'kind': 'youtube#comment', 'etag': 'yBFyrdTRDH3jd_vxfjK7hMOS6ok', 'id': 'UgwwX5fhMF4ZQgqflAh4AaABAg', 'snippet': {'videoId': 'zEfTDpfyt1o', 'textDisplay': 'Cara isso é inacreditável partir para agressão, ambos espectro não pode partir para barbara.', 'textOriginal': 'Cara isso é inacreditável partir para agressão, ambos espectro não pode partir para barbara.', 'authorDisplayName': 'Fernando Pontes Missé', 'authorProfileImageUrl': 'https://yt3.ggpht.com/ytc/AGIKgqNkhqYvlzmFOwjpU8-Yn4xZXNg6bqNgLyAK2CMXcg=s48-c-k-c0x00ffffff-no-rj', 'authorChannelUrl': 'http://www.youtube.com/channel/UC6u1b0nxkfq4ssG4U4YMT0Q', 'authorChannelId': {'value': 'UC6u1b0nxkfq4ssG4U4YMT0Q'}, 'canRate': True, 'viewerRating': 'none', 'likeCount': 0, 'publishedAt': '2022-10-24T09:00:35Z', 'updatedAt': '2022-10-24T09:00:35Z'}}, 'canReply': True, 'totalReplyCount': 0, 'isPublic': True}",,UC6u1b0nxkfq4ssG4U4YMT0Q,2022-10-24T09:00:35Z,"Cara isso é inacreditável partir para agressão, ambos espectro não pode partir para barbara.",QURTSl9pMkxsbVJGeERtc2IwN1RLT24tOTN2M1hzRF9YVmtaUmo2anpYVWdKSHR0bHEtckRpR2FjOXc5T3BHTEUzeW5wdm9RaDVSSDd0MA==,2023-06-08 14:52:33.032373
youtube#commentThread,16ylF3p3hscJXYt4r2enEFDfSkM,Ugz-OyOow-8nbkiDeal4AaABAg,"{'videoId': 'zEfTDpfyt1o', 'topLevelComment': {'kind': 'youtube#comment', 'etag': 'RK4f-uh9ESCZX5R6brzzg8sa--g', 'id': 'Ugz-OyOow-8nbkiDeal4AaABAg', 'snippet': {'videoId': 'zEfTDpfyt1o', 'textDisplay': 'podemos sim ,  a   globo  que  destruir  o  povo  br.    se  voce  nao  que  apanhar   respeite  o  pai  de  familia  br   ok', 'textOriginal': 'podemos sim ,  a   globo  que  destruir  o  povo  br.    se  voce  nao  que  apanhar   respeite  o  pai  de  familia  br   ok', 'authorDisplayName': 'cowboy bolad0', 'authorProfileImageUrl': 'https://yt3.ggpht.com/ytc/AGIKgqMjEmzn1SrTcb2hqVHTa9p0JgZXgKpaWbjK3g=s48-c-k-c0x00ffffff-no-rj', 'authorChannelUrl': 'http://www.youtube.com/channel/UCK5eIsesZDRSEqZ4Q8qVc3g', 'authorChannelId': {'value': 'UCK5eIsesZDRSEqZ4Q8qVc3g'}, 'canRate': True, 'viewerRating': 'none', 'likeCount': 0, 'publishedAt': '2022-10-24T08:56:34Z', 'updatedAt': '2022-10-24T08:57:14Z'}}, 'canReply': True, 'totalReplyCount': 0, 'isPublic': True}",,UCK5eIsesZDRSEqZ4Q8qVc3g,2022-10-24T08:56:34Z,"podemos sim ,  a   globo  que  destruir  o  povo  br.    se  voce  nao  que  apanhar   respeite  o  pai  de  familia  br   ok",QURTSl9pMkxsbVJGeERtc2IwN1RLT24tOTN2M1hzRF9YVmtaUmo2anpYVWdKSHR0bHEtckRpR2FjOXc5T3BHTEUzeW5wdm9RaDVSSDd0MA==,2023-06-08 14:52:33.032373
youtube#commentThread,mDyJZ0dA2UaY4xno1oPn7Z2uIfA,UgxiqWUap9-ShQkZO3d4AaABAg,"{'videoId': 'zEfTDpfyt1o', 'topLevelComment': {'kind': 'youtube#comment', 'etag': 'IpHntNogB_5BSL7gOsXa4NuA-f4', 'id': 'UgxiqWUap9-ShQkZO3d4AaABAg', 'snippet': {'videoId': 'zEfTDpfyt1o', 'textDisplay': 'Liberdade de expressão tem limites , <br>O q não pode é ofender as pessoas principalmente os poderes', 'textOriginal': 'Liberdade de expressão tem limites , \\nO q não pode é ofender as pessoas principalmente os poderes', 'authorDisplayName': 'Vânia Maradei', 'authorProfileImageUrl': 'https://yt3.ggpht.com/ytc/AGIKgqPyckLNaMW-EYBZ0L8Cg6Dmq4S7xBYc9BWNsg=s48-c-k-c0x00ffffff-no-rj', 'authorChannelUrl': 'http://www.youtube.com/channel/UC6jRkPem-bouVgGK_rk_jPw', 'authorChannelId': {'value': 'UC6jRkPem-bouVgGK_rk_jPw'}, 'canRate': True, 'viewerRating': 'none', 'likeCount': 0, 'publishedAt': '2022-10-24T08:56:09Z', 'updatedAt': '2022-10-24T08:56:09Z'}}, 'canReply': True, 'totalReplyCount': 0, 'isPublic': True}",,UC6jRkPem-bouVgGK_rk_jPw,2022-10-24T08:56:09Z,"Liberdade de expressão tem limites , 
O q não pode é ofender as pessoas principalmente os poderes",QURTSl9pMkxsbVJGeERtc2IwN1RLT24tOTN2M1hzRF9YVmtaUmo2anpYVWdKSHR0bHEtckRpR2FjOXc5T3BHTEUzeW5wdm9RaDVSSDd0MA==,2023-06-08 14:52:33.032373
youtube#commentThread,Uz5_Ifgc5waTneixjrriX7vKxVE,UgwSL9qEyAPvfbpdvNJ4AaABAg,"{'videoId': 'zEfTDpfyt1o', 'topLevelComment': {'kind': 'youtube#comment', 'etag': '3u1PD47CApE2TUrmZ5gwdKXaaCA', 'id': 'UgwSL9qEyAPvfbpdvNJ4AaABAg', 'snippet': {'videoId': 'zEfTDpfyt1o', 'textDisplay': 'Não são intocáveis muitos outros trabalhadores de diversas áreas foram agredidos e presos e isso tudo com o apoio de muitos reporte e emissora a conta ta chegando', 'textOriginal': 'Não são intocáveis muitos outros trabalhadores de diversas áreas foram agredidos e presos e isso tudo com o apoio de muitos reporte e emissora a conta ta chegando', 'authorDisplayName': 'Claudio Roberto', 'authorProfileImageUrl': 'https://yt3.ggpht.com/ytc/AGIKgqND1goJO0pOPBy3P0qwA_LheYOjaWVLdnooPA=s48-c-k-c0x00ffffff-no-rj', 'authorChannelUrl': 'http://www.youtube.com/channel/UCAx9qq9G3sAf3jCPAOGP3VA', 'authorChannelId': {'value': 'UCAx9qq9G3sAf3jCPAOGP3VA'}, 'canRate': True, 'viewerRating': 'none', 'likeCount': 0, 'publishedAt': '2022-10-24T08:54:19Z', 'updatedAt': '2022-10-24T08:54:19Z'}}, 'canReply': True, 'totalReplyCount': 0, 'isPublic': True}",,UCAx9qq9G3sAf3jCPAOGP3VA,2022-10-24T08:54:19Z,Não são intocáveis muitos outros trabalhadores de diversas áreas foram agredidos e presos e isso tudo com o apoio de muitos reporte e emissora a conta ta chegando,QURTSl9pMkxsbVJGeERtc2IwN1RLT24tOTN2M1hzRF9YVmtaUmo2anpYVWdKSHR0bHEtckRpR2FjOXc5T3BHTEUzeW5wdm9RaDVSSDd0MA==,2023-06-08 14:52:33.032373
youtube#commentThread,AOe3ZglKU20eYlCl2AnWGqCkLg8,Ugy7F10dSr-t__T_pEN4AaABAg,"{'videoId': 'zEfTDpfyt1o', 'topLevelComment': {'kind': 'youtube#comment', 'etag': 'vJP-MDGWlxzv59JO25cD6I36BMw', 'id': 'Ugy7F10dSr-t__T_pEN4AaABAg', 'snippet': {'videoId': 'zEfTDpfyt1o', 'textDisplay': 'Existia outras forma para o Suprema Corte agora tá e evitar tudo isso', 'textOriginal': 'Existia outras forma para o Suprema Corte agora tá e evitar tudo isso', 'authorDisplayName': 'Flavio Fontenele', 'authorProfileImageUrl': 'https://yt3.ggpht.com/ytc/AGIKgqMuaLf5vO04aB_nEhqF-JW2jjouOeAvx2JH4Q=s48-c-k-c0x00ffffff-no-rj', 'authorChannelUrl': 'http://www.youtube.com/channel/UCRJcTClMOlmRGoIS5M03bZA', 'authorChannelId': {'value': 'UCRJcTClMOlmRGoIS5M03bZA'}, 'canRate': True, 'viewerRating': 'none', 'likeCount': 0, 'publishedAt': '2022-10-24T08:53:54Z', 'updatedAt': '2022-10-24T08:53:54Z'}}, 'canReply': True, 'totalReplyCount': 0, 'isPublic': True}",,UCRJcTClMOlmRGoIS5M03bZA,2022-10-24T08:53:54Z,Existia outras forma para o Suprema Corte agora tá e evitar tudo isso,QURTSl9pMkxsbVJGeERtc2IwN1RLT24tOTN2M1hzRF9YVmtaUmo2anpYVWdKSHR0bHEtckRpR2FjOXc5T3BHTEUzeW5wdm9RaDVSSDd0MA==,2023-06-08 14:52:33.032373
youtube#commentThread,FJFi3FzoQMtc4HOGpSmHq83rTUc,Ugy1TJwQ6z1buRMEevV4AaABAg,"{'videoId': 'zEfTDpfyt1o', 'topLevelComment': {'kind': 'youtube#comment', 'etag': 'Evm6fSz7_KwqddCcM7Lhd6opRPg', 'id': 'Ugy1TJwQ6z1buRMEevV4AaABAg', 'snippet': {'videoId': 'zEfTDpfyt1o', 'textDisplay': 'Ou aceitava as condições do regime do STF ou era fechada.Esse é o papel da Jp', 'textOriginal': 'Ou aceitava as condições do regime do STF ou era fechada.Esse é o papel da Jp', 'authorDisplayName': 'sousa', 'authorProfileImageUrl': 'https://yt3.ggpht.com/ytc/AGIKgqPLhlANsdVkHkf4gczeib1fzqCd6gx0-vIHC3aOzLajypymGXL2wD7GZ2CyPjmn=s48-c-k-c0x00ffffff-no-rj', 'authorChannelUrl': 'http://www.youtube.com/channel/UCmoHd6FwFgWfuLtty8k3_OQ', 'authorChannelId': {'value': 'UCmoHd6FwFgWfuLtty8k3_OQ'}, 'canRate': True, 'viewerRating': 'none', 'likeCount': 0, 'publishedAt': '2022-10-24T08:45:11Z', 'updatedAt': '2022-10-24T08:45:11Z'}}, 'canReply': True, 'totalReplyCount': 0, 'isPublic': True}",,UCmoHd6FwFgWfuLtty8k3_OQ,2022-10-24T08:45:11Z,Ou aceitava as condições do regime do STF ou era fechada.Esse é o papel da Jp,QURTSl9pMkxsbVJGeERtc2IwN1RLT24tOTN2M1hzRF9YVmtaUmo2anpYVWdKSHR0bHEtckRpR2FjOXc5T3BHTEUzeW5wdm9RaDVSSDd0MA==,2023-06-08 14:52:33.032373
youtube#commentThread,TKigb02Bm4oW1bxdpXfPQB9ig5Y,UgxWzOgl4z_s7wr6Fbd4AaABAg,"{'videoId': 'zEfTDpfyt1o', 'topLevelComment': {'kind': 'youtube#comment', 'etag': 'mTXsxAEwb_rCNEv2kTPEA4Iblp0', 'id': 'UgxWzOgl4z_s7wr6Fbd4AaABAg', 'snippet': {'videoId': 'zEfTDpfyt1o', 'textDisplay': 'Apoiador de Roberto Jeferson = apoiador de bolsonaro', 'textOriginal': 'Apoiador de Roberto Jeferson = apoiador de bolsonaro', 'authorDisplayName': 'Andre Gimenez', 'authorProfileImageUrl': 'https://yt3.ggpht.com/ytc/AGIKgqN9VvsclIe1A-dyYg0GKE4lR-dFRSXE9w88lg=s48-c-k-c0x00ffffff-no-rj', 'authorChannelUrl': 'http://www.youtube.com/channel/UCSUOF0Ae728dQND1K2fKngg', 'authorChannelId': {'value': 'UCSUOF0Ae728dQND1K2fKngg'}, 'canRate': True, 'viewerRating': 'none', 'likeCount': 0, 'publishedAt': '2022-10-24T08:39:51Z', 'updatedAt': '2022-10-24T08:39:51Z'}}, 'canReply': True, 'totalReplyCount': 0, 'isPublic': True}",,UCSUOF0Ae728dQND1K2fKngg,2022-10-24T08:39:51Z,Apoiador de Roberto Jeferson = apoiador de bolsonaro,QURTSl9pMkxsbVJGeERtc2IwN1RLT24tOTN2M1hzRF9YVmtaUmo2anpYVWdKSHR0bHEtckRpR2FjOXc5T3BHTEUzeW5wdm9RaDVSSDd0MA==,2023-06-08 14:52:33.032373
youtube#commentThread,zxdFoXOdf8GrqUSYB6NETqLJFhY,UgwnJUl-V6XPyK6aRzN4AaABAg,"{'videoId': 'zEfTDpfyt1o', 'topLevelComment': {'kind': 'youtube#comment', 'etag': 'OsCJRurX--c2F7Vj_fUg7UUX1VM', 'id': 'UgwnJUl-V6XPyK6aRzN4AaABAg', 'snippet': {'videoId': 'zEfTDpfyt1o', 'textDisplay': 'tudo isso tem um começo e todos sabem como é, não e Xandão .', 'textOriginal': 'tudo isso tem um começo e todos sabem como é, não e Xandão .', 'authorDisplayName': 'Helio Fernandes', 'authorProfileImageUrl': 'https://yt3.ggpht.com/ytc/AGIKgqM0nGY47sbSycqXQVZZ5kZONhLb5cftESkLuw=s48-c-k-c0x00ffffff-no-rj', 'authorChannelUrl': 'http://www.youtube.com/channel/UCcS5bWXMTef92mrWbFca4rQ', 'authorChannelId': {'value': 'UCcS5bWXMTef92mrWbFca4rQ'}, 'canRate': True, 'viewerRating': 'none', 'likeCount': 0, 'publishedAt': '2022-10-24T08:37:23Z', 'updatedAt': '2022-10-24T08:37:23Z'}}, 'canReply': True, 'totalReplyCount': 0, 'isPublic': True}",,UCcS5bWXMTef92mrWbFca4rQ,2022-10-24T08:37:23Z,"tudo isso tem um começo e todos sabem como é, não e Xandão .",QURTSl9pMkxsbVJGeERtc2IwN1RLT24tOTN2M1hzRF9YVmtaUmo2anpYVWdKSHR0bHEtckRpR2FjOXc5T3BHTEUzeW5wdm9RaDVSSDd0MA==,2023-06-08 14:52:33.032373
youtube#commentThread,fvkfr0phHTMa_1y1TKlBpmJpD10,Ugze5RDEPXHxTntph694AaABAg,"{'videoId': 'zEfTDpfyt1o', 'topLevelComment': {'kind': 'youtube#comment', 'etag': '2vxfPrgf8Uk-XYbIB3ItzcoBPP4', 'id': 'Ugze5RDEPXHxTntph694AaABAg', 'snippet': {'videoId': 'zEfTDpfyt1o', 'textDisplay': 'Selvageria inadmissível.Que este agressor seja identificado e punido', 'textOriginal': 'Selvageria inadmissível.Que este agressor seja identificado e punido', 'authorDisplayName': 'Mara Silva', 'authorProfileImageUrl': 'https://yt3.ggpht.com/ytc/AGIKgqOE1oGoE_swfrh3MoTsyz8AS3rLylzsApBzeQ=s48-c-k-c0x00ffffff-no-rj', 'authorChannelUrl': 'http://www.youtube.com/channel/UCTjXN8WLf_Y58SUzr0Z5oPg', 'authorChannelId': {'value': 'UCTjXN8WLf_Y58SUzr0Z5oPg'}, 'canRate': True, 'viewerRating': 'none', 'likeCount': 0, 'publishedAt': '2022-10-24T08:36:43Z', 'updatedAt': '2022-10-24T08:36:43Z'}}, 'canReply': True, 'totalReplyCount': 0, 'isPublic': True}",,UCTjXN8WLf_Y58SUzr0Z5oPg,2022-10-24T08:36:43Z,Selvageria inadmissível.Que este agressor seja identificado e punido,QURTSl9pMkxsbVJGeERtc2IwN1RLT24tOTN2M1hzRF9YVmtaUmo2anpYVWdKSHR0bHEtckRpR2FjOXc5T3BHTEUzeW5wdm9RaDVSSDd0MA==,2023-06-08 14:52:33.032373
youtube#commentThread,ZW7b5HAosZqwhegVmPX6LfakAHE,UgxmjjKyz9eGXNLfbMF4AaABAg,"{'videoId': 'zEfTDpfyt1o', 'topLevelComment': {'kind': 'youtube#comment', 'etag': 'KyAVNYdprdR2YpClh21maP7EI4M', 'id': 'UgxmjjKyz9eGXNLfbMF4AaABAg', 'snippet': {'videoId': 'zEfTDpfyt1o', 'textDisplay': 'O stf está provocando isso. A globo provoca isso. Se lamente c eles.', 'textOriginal': 'O stf está provocando isso. A globo provoca isso. Se lamente c eles.', 'authorDisplayName': 'HERBERT BETMAN', 'authorProfileImageUrl': 'https://yt3.ggpht.com/ytc/AGIKgqPIQcN9ZavOZc9kjz8RZuhVnmm7RrkuqNUpG5oL=s48-c-k-c0x00ffffff-no-rj', 'authorChannelUrl': 'http://www.youtube.com/channel/UCelgmmWdEZ_XvoK1yA4aAkA', 'authorChannelId': {'value': 'UCelgmmWdEZ_XvoK1yA4aAkA'}, 'canRate': True, 'viewerRating': 'none', 'likeCount': 0, 'publishedAt': '2022-10-24T08:35:51Z', 'updatedAt': '2022-10-24T08:35:51Z'}}, 'canReply': True, 'totalReplyCount': 0, 'isPublic': True}",,UCelgmmWdEZ_XvoK1yA4aAkA,2022-10-24T08:35:51Z,O stf está provocando isso. A globo provoca isso. Se lamente c eles.,QURTSl9pMkxsbVJGeERtc2IwN1RLT24tOTN2M1hzRF9YVmtaUmo2anpYVWdKSHR0bHEtckRpR2FjOXc5T3BHTEUzeW5wdm9RaDVSSDd0MA==,2023-06-08 14:52:33.032373
youtube#commentThread,diLLjShaYJ-r6GXqHrsGemOdryw,Ugzjo00cvHYEEtM8guN4AaABAg,"{'videoId': 'zEfTDpfyt1o', 'topLevelComment': {'kind': 'youtube#comment', 'etag': 'vHdQYXQhQixgfSSzlAEFPotgOt8', 'id': 'Ugzjo00cvHYEEtM8guN4AaABAg', 'snippet': {'videoId': 'zEfTDpfyt1o', 'textDisplay': 'Apoiador de Roberto Jefferson e bolsonarista!!! Não omitam os fatos,  toda censura pra vcs é pouca', 'textOriginal': 'Apoiador de Roberto Jefferson e bolsonarista!!! Não omitam os fatos,  toda censura pra vcs é pouca', 'authorDisplayName': 'Marcos Rocha', 'authorProfileImageUrl': 'https://yt3.ggpht.com/ytc/AGIKgqN44pkPZdZxS4p1IIBhBp5cuvG-svY-OZZ70Jpn=s48-c-k-c0x00ffffff-no-rj', 'authorChannelUrl': 'http://www.youtube.com/channel/UCRNVmfgxD2eLgbWdLg3kKyw', 'authorChannelId': {'value': 'UCRNVmfgxD2eLgbWdLg3kKyw'}, 'canRate': True, 'viewerRating': 'none', 'likeCount': 0, 'publishedAt': '2022-10-24T08:35:08Z', 'updatedAt': '2022-10-24T08:35:08Z'}}, 'canReply': True, 'totalReplyCount': 0, 'isPublic': True}",,UCRNVmfgxD2eLgbWdLg3kKyw,2022-10-24T08:35:08Z,"Apoiador de Roberto Jefferson e bolsonarista!!! Não omitam os fatos,  toda censura pra vcs é pouca",QURTSl9pMkxsbVJGeERtc2IwN1RLT24tOTN2M1hzRF9YVmtaUmo2anpYVWdKSHR0bHEtckRpR2FjOXc5T3BHTEUzeW5wdm9RaDVSSDd0MA==,2023-06-08 14:52:33.032373
youtube#commentThread,lthS3Cz_3j5HZfBYEUkQXx7oYr0,UgzXjNf6zT6ItHiwe0l4AaABAg,"{'videoId': 'zEfTDpfyt1o', 'topLevelComment': {'kind': 'youtube#comment', 'etag': 'Ej36A5VDuhVv2ESMVh0KX4lYjbo', 'id': 'UgzXjNf6zT6ItHiwe0l4AaABAg', 'snippet': {'videoId': 'zEfTDpfyt1o', 'textDisplay': 'O q justificacorender Eustáquio ele ficou paraplégico na prisão. Vc se lamenta?', 'textOriginal': 'O q justificacorender Eustáquio ele ficou paraplégico na prisão. Vc se lamenta?', 'authorDisplayName': 'HERBERT BETMAN', 'authorProfileImageUrl': 'https://yt3.ggpht.com/ytc/AGIKgqPIQcN9ZavOZc9kjz8RZuhVnmm7RrkuqNUpG5oL=s48-c-k-c0x00ffffff-no-rj', 'authorChannelUrl': 'http://www.youtube.com/channel/UCelgmmWdEZ_XvoK1yA4aAkA', 'authorChannelId': {'value': 'UCelgmmWdEZ_XvoK1yA4aAkA'}, 'canRate': True, 'viewerRating': 'none', 'likeCount': 0, 'publishedAt': '2022-10-24T08:35:07Z', 'updatedAt': '2022-10-24T08:35:07Z'}}, 'canReply': True, 'totalReplyCount': 0, 'isPublic': True}",,UCelgmmWdEZ_XvoK1yA4aAkA,2022-10-24T08:35:07Z,O q justificacorender Eustáquio ele ficou paraplégico na prisão. Vc se lamenta?,QURTSl9pMkxsbVJGeERtc2IwN1RLT24tOTN2M1hzRF9YVmtaUmo2anpYVWdKSHR0bHEtckRpR2FjOXc5T3BHTEUzeW5wdm9RaDVSSDd0MA==,2023-06-08 14:52:33.032373
youtube#commentThread,9HDT8loeIhuqFiUU-U_-WAnRH4E,Ugyrkz4oStVD43iWcyJ4AaABAg,"{'videoId': 'zEfTDpfyt1o', 'topLevelComment': {'kind': 'youtube#comment', 'etag': 'TRF4c8qzAoy7uVzI74ji00-7nm8', 'id': 'Ugyrkz4oStVD43iWcyJ4AaABAg', 'snippet': {'videoId': 'zEfTDpfyt1o', 'textDisplay': 'Esses caras são aboiador do Jair Bolsonaro', 'textOriginal': 'Esses caras são aboiador do Jair Bolsonaro', 'authorDisplayName': 'Thiago Silva', 'authorProfileImageUrl': 'https://yt3.ggpht.com/ytc/AGIKgqOPfAxFzqs5EonQ1bWIREoQwXdn_D7boPH0mSADaQ=s48-c-k-c0x00ffffff-no-rj', 'authorChannelUrl': 'http://www.youtube.com/channel/UCuOY7qAyWpZDJnV0NmFBJlQ', 'authorChannelId': {'value': 'UCuOY7qAyWpZDJnV0NmFBJlQ'}, 'canRate': True, 'viewerRating': 'none', 'likeCount': 0, 'publishedAt': '2022-10-24T08:34:30Z', 'updatedAt': '2022-10-24T08:34:30Z'}}, 'canReply': True, 'totalReplyCount': 0, 'isPublic': True}",,UCuOY7qAyWpZDJnV0NmFBJlQ,2022-10-24T08:34:30Z,Esses caras são aboiador do Jair Bolsonaro,QURTSl9pMkxsbVJGeERtc2IwN1RLT24tOTN2M1hzRF9YVmtaUmo2anpYVWdKSHR0bHEtckRpR2FjOXc5T3BHTEUzeW5wdm9RaDVSSDd0MA==,2023-06-08 14:52:33.032373
youtube#commentThread,WuwzP1eKbG-F988XlriIRKX0lRI,Ugxg3qU_5d4FJhB1d3p4AaABAg,"{'videoId': 'zEfTDpfyt1o', 'topLevelComment': {'kind': 'youtube#comment', 'etag': 'mTlo65F8iNlUolzNSZHZFfjaZl4', 'id': 'Ugxg3qU_5d4FJhB1d3p4AaABAg', 'snippet': {'videoId': 'zEfTDpfyt1o', 'textDisplay': 'E a agressão do stf a pessoas de bem?  Prender alguém sem crimes?', 'textOriginal': 'E a agressão do stf a pessoas de bem?  Prender alguém sem crimes?', 'authorDisplayName': 'HERBERT BETMAN', 'authorProfileImageUrl': 'https://yt3.ggpht.com/ytc/AGIKgqPIQcN9ZavOZc9kjz8RZuhVnmm7RrkuqNUpG5oL=s48-c-k-c0x00ffffff-no-rj', 'authorChannelUrl': 'http://www.youtube.com/channel/UCelgmmWdEZ_XvoK1yA4aAkA', 'authorChannelId': {'value': 'UCelgmmWdEZ_XvoK1yA4aAkA'}, 'canRate': True, 'viewerRating': 'none', 'likeCount': 0, 'publishedAt': '2022-10-24T08:34:25Z', 'updatedAt': '2022-10-24T08:34:25Z'}}, 'canReply': True, 'totalReplyCount': 0, 'isPublic': True}",,UCelgmmWdEZ_XvoK1yA4aAkA,2022-10-24T08:34:25Z,E a agressão do stf a pessoas de bem?  Prender alguém sem crimes?,QURTSl9pMkxsbVJGeERtc2IwN1RLT24tOTN2M1hzRF9YVmtaUmo2anpYVWdKSHR0bHEtckRpR2FjOXc5T3BHTEUzeW5wdm9RaDVSSDd0MA==,2023-06-08 14:52:33.032373
youtube#commentThread,07ly5cXD_1cpl3-vgefvYWsY2rM,UgxwY1FtTeukicKF-np4AaABAg,"{'videoId': 'zEfTDpfyt1o', 'topLevelComment': {'kind': 'youtube#comment', 'etag': 'ZMqntEFXtnRNP4K54Rkty6_oklw', 'id': 'UgxwY1FtTeukicKF-np4AaABAg', 'snippet': {'videoId': 'zEfTDpfyt1o', 'textDisplay': 'Globolixo e seus funcionários estão colhendo o que plantaram. Simples assim meu amigo.', 'textOriginal': 'Globolixo e seus funcionários estão colhendo o que plantaram. Simples assim meu amigo.', 'authorDisplayName': 'chester harada', 'authorProfileImageUrl': 'https://yt3.ggpht.com/ytc/AGIKgqPBpJ68Tpn4QdF5TO716QdCD4Qw56_y66EvGQ=s48-c-k-c0x00ffffff-no-rj', 'authorChannelUrl': 'http://www.youtube.com/channel/UC_zflkZ7ZGkC5-SebaVdymA', 'authorChannelId': {'value': 'UC_zflkZ7ZGkC5-SebaVdymA'}, 'canRate': True, 'viewerRating': 'none', 'likeCount': 0, 'publishedAt': '2022-10-24T08:33:56Z', 'updatedAt': '2022-10-24T08:33:56Z'}}, 'canReply': True, 'totalReplyCount': 0, 'isPublic': True}",,UC_zflkZ7ZGkC5-SebaVdymA,2022-10-24T08:33:56Z,Globolixo e seus funcionários estão colhendo o que plantaram. Simples assim meu amigo.,QURTSl9pMkxsbVJGeERtc2IwN1RLT24tOTN2M1hzRF9YVmtaUmo2anpYVWdKSHR0bHEtckRpR2FjOXc5T3BHTEUzeW5wdm9RaDVSSDd0MA==,2023-06-08 14:52:33.032373
youtube#commentThread,ia_2ruLMpRjiaeMC2CYTrM6W9Ls,UgySbvZR4DdAMwq7HQN4AaABAg,"{'videoId': 'zEfTDpfyt1o', 'topLevelComment': {'kind': 'youtube#comment', 'etag': 'HA7AertLYwe__9S2jArOaPuPOAE', 'id': 'UgySbvZR4DdAMwq7HQN4AaABAg', 'snippet': {'videoId': 'zEfTDpfyt1o', 'textDisplay': 'Apoiadores fo bolsonaro vc quer dizer', 'textOriginal': 'Apoiadores fo bolsonaro vc quer dizer', 'authorDisplayName': 'Elvis Moratti', 'authorProfileImageUrl': 'https://yt3.ggpht.com/ytc/AGIKgqPvY-CLH2gMYLA50p1ukNrk5r0fkmJK0p_VWAKITg=s48-c-k-c0x00ffffff-no-rj', 'authorChannelUrl': 'http://www.youtube.com/channel/UCHAhNN8nSINyJ6ix0A0OzlQ', 'authorChannelId': {'value': 'UCHAhNN8nSINyJ6ix0A0OzlQ'}, 'canRate': True, 'viewerRating': 'none', 'likeCount': 1, 'publishedAt': '2022-10-24T08:27:43Z', 'updatedAt': '2022-10-24T08:27:43Z'}}, 'canReply': True, 'totalReplyCount': 0, 'isPublic': True}",,UCHAhNN8nSINyJ6ix0A0OzlQ,2022-10-24T08:27:43Z,Apoiadores fo bolsonaro vc quer dizer,QURTSl9pMkxsbVJGeERtc2IwN1RLT24tOTN2M1hzRF9YVmtaUmo2anpYVWdKSHR0bHEtckRpR2FjOXc5T3BHTEUzeW5wdm9RaDVSSDd0MA==,2023-06-08 14:52:33.032373
youtube#commentThread,4ZyVfzWw1K1gXv-DUTBIy15q26Q,UgyjX714Qp-A0MmotqB4AaABAg,"{'videoId': 'zEfTDpfyt1o', 'topLevelComment': {'kind': 'youtube#comment', 'etag': 'bB2RpVzJGPd-KURvCXGOuTCi48k', 'id': 'UgyjX714Qp-A0MmotqB4AaABAg', 'snippet': {'videoId': 'zEfTDpfyt1o', 'textDisplay': 'NADA JUSTIFICA ESSA AGRESSÃO ‼️‼️MAS SE O STF NÃO PARAR DE AGREDIR A POPULAÇÃO COM SEUS ATOS ANTI DEMOCRÁTICOS, ELES ACABARÃO LEVANDO O POVO EM MASSA AS RUAS‼️‼️‼️', 'textOriginal': 'NADA JUSTIFICA ESSA AGRESSÃO ‼️‼️MAS SE O STF NÃO PARAR DE AGREDIR A POPULAÇÃO COM SEUS ATOS ANTI DEMOCRÁTICOS, ELES ACABARÃO LEVANDO O POVO EM MASSA AS RUAS‼️‼️‼️', 'authorDisplayName': 'Marise Pavan', 'authorProfileImageUrl': 'https://yt3.ggpht.com/ytc/AGIKgqO9AcPrNVRf8a6JPwZbIQkgVpAwOo2NXFCVZ7A_xA=s48-c-k-c0x00ffffff-no-rj', 'authorChannelUrl': 'http://www.youtube.com/channel/UCr5rE50qu9m6jrzjlT80B8g', 'authorChannelId': {'value': 'UCr5rE50qu9m6jrzjlT80B8g'}, 'canRate': True, 'viewerRating': 'none', 'likeCount': 0, 'publishedAt': '2022-10-24T08:21:34Z', 'updatedAt': '2022-10-24T08:21:34Z'}}, 'canReply': True, 'totalReplyCount': 1, 'isPublic': True}","{'comments': [{'kind': 'youtube#comment', 'etag': 'd82Gt_PXbhV2FOLDZMByJ-EpcG0', 'id': 'UgyjX714Qp-A0MmotqB4AaABAg.9hZEko2Df6Y9hZNirE7uXs', 'snippet': {'videoId': 'zEfTDpfyt1o', 'textDisplay': 'Mais um patriota do bem.', 'textOriginal': 'Mais um patriota do bem.', 'parentId': 'UgyjX714Qp-A0MmotqB4AaABAg', 'authorDisplayName': 'Rogério Pereira', 'authorProfileImageUrl': 'https://yt3.ggpht.com/TLA_-6owIwDc4simN2m5Gixsi-dAjFnG9VImJzYETRLikIaVDn6d-bvCpp7To3EdLPCCBY4L-g=s48-c-k-c0x00ffffff-no-rj', 'authorChannelUrl': 'http://www.youtube.com/channel/UCOqWlHNGodq3VHR_2kCmrNw', 'authorChannelId': {'value': 'UCOqWlHNGodq3VHR_2kCmrNw'}, 'canRate': True, 'viewerRating': 'none', 'likeCount': 0, 'publishedAt': '2022-10-24T09:39:57Z', 'updatedAt': '2022-10-24T09:39:57Z'}}]}",UCr5rE50qu9m6jrzjlT80B8g,2022-10-24T08:21:34Z,"NADA JUSTIFICA ESSA AGRESSÃO ‼️‼️MAS SE O STF NÃO PARAR DE AGREDIR A POPULAÇÃO COM SEUS ATOS ANTI DEMOCRÁTICOS, ELES ACABARÃO LEVANDO O POVO EM MASSA AS RUAS‼️‼️‼️",QURTSl9pMkxsbVJGeERtc2IwN1RLT24tOTN2M1hzRF9YVmtaUmo2anpYVWdKSHR0bHEtckRpR2FjOXc5T3BHTEUzeW5wdm9RaDVSSDd0MA==,2023-06-08 14:52:33.032373
youtube#commentThread,vOsj2IKIKyoTshJrWj-yJaktb64,UgzUrYTOarjU5nRNfPl4AaABAg,"{'videoId': 'zEfTDpfyt1o', 'topLevelComment': {'kind': 'youtube#comment', 'etag': 'ZK7OLJ5Sq_wYzoFi5UilkY65fQU', 'id': 'UgzUrYTOarjU5nRNfPl4AaABAg', 'snippet': {'videoId': 'zEfTDpfyt1o', 'textDisplay': 'A jovem pam agora virou minhoca. Um acidente.', 'textOriginal': 'A jovem pam agora virou minhoca. Um acidente.', 'authorDisplayName': 'Aderbal Souza de Araujo', 'authorProfileImageUrl': 'https://yt3.ggpht.com/ytc/AGIKgqPC_4xjy3G8j5aALOpw7hFha18P1WZUPQcltVLVTzt5hK3SxDfDemO3IxubBdgu=s48-c-k-c0x00ffffff-no-rj', 'authorChannelUrl': 'http://www.youtube.com/channel/UCvKRwj-YC9a5qkxyZQtjJjw', 'authorChannelId': {'value': 'UCvKRwj-YC9a5qkxyZQtjJjw'}, 'canRate': True, 'viewerRating': 'none', 'likeCount': 0, 'publishedAt': '2022-10-24T08:21:05Z', 'updatedAt': '2022-10-24T08:21:05Z'}}, 'canReply': True, 'totalReplyCount': 0, 'isPublic': True}",,UCvKRwj-YC9a5qkxyZQtjJjw,2022-10-24T08:21:05Z,A jovem pam agora virou minhoca. Um acidente.,QURTSl9pMkxsbVJGeERtc2IwN1RLT24tOTN2M1hzRF9YVmtaUmo2anpYVWdKSHR0bHEtckRpR2FjOXc5T3BHTEUzeW5wdm9RaDVSSDd0MA==,2023-06-08 14:52:33.032373
youtube#commentThread,rX1NwWU9e2lI-wOXgcz5xm6xIPU,UgzfaA4OKegZl8pTC-h4AaABAg,"{'videoId': 'zEfTDpfyt1o', 'topLevelComment': {'kind': 'youtube#comment', 'etag': 'oOneFTRi_zhNZ_xoJ45DE4mMnkg', 'id': 'UgzfaA4OKegZl8pTC-h4AaABAg', 'snippet': {'videoId': 'zEfTDpfyt1o', 'textDisplay': 'Se jogou. Foi nada. Chamou o contato. o contato veio. Piada isso.', 'textOriginal': 'Se jogou. Foi nada. Chamou o contato. o contato veio. Piada isso.', 'authorDisplayName': 'RomirRs', 'authorProfileImageUrl': 'https://yt3.ggpht.com/sW-_zicCxZh9Y1h42x2OGnR2BWrhELPHRsfWAM6rOBFLl6cc5lYYnzXUZ9-OeITYPpRZo4uxcg=s48-c-k-c0x00ffffff-no-rj', 'authorChannelUrl': 'http://www.youtube.com/channel/UC61XXOGY-SF9yHEJvqMSENQ', 'authorChannelId': {'value': 'UC61XXOGY-SF9yHEJvqMSENQ'}, 'canRate': True, 'viewerRating': 'none', 'likeCount': 0, 'publishedAt': '2022-10-24T08:21:02Z', 'updatedAt': '2022-10-24T08:21:02Z'}}, 'canReply': True, 'totalReplyCount': 0, 'isPublic': True}",,UC61XXOGY-SF9yHEJvqMSENQ,2022-10-24T08:21:02Z,Se jogou. Foi nada. Chamou o contato. o contato veio. Piada isso.,QURTSl9pMkxsbVJGeERtc2IwN1RLT24tOTN2M1hzRF9YVmtaUmo2anpYVWdKSHR0bHEtckRpR2FjOXc5T3BHTEUzeW5wdm9RaDVSSDd0MA==,2023-06-08 14:52:33.032373
youtube#commentThread,2ju0QRa0Jn8NFAyuZvP0WNNs66A,Ugw_3QXjzNe3UqIJ0yF4AaABAg,"{'videoId': 'zEfTDpfyt1o', 'topLevelComment': {'kind': 'youtube#comment', 'etag': 'HPQWG5Zu9i4ho0mKtouRBkY2FY4', 'id': 'Ugw_3QXjzNe3UqIJ0yF4AaABAg', 'snippet': {'videoId': 'zEfTDpfyt1o', 'textDisplay': 'Tudo isso esta acontecendo por causa das atitudes da imprensa marron e das arbitrariedades de Alexandre de Moraes e os companheiros dele .... O CAOS VAI INSTAURAR NO PAÍS SE TENTAREM FAZER O POVO ENGOLIR  GOELA ABAIXO O EX-PRESIDIÁRIO.   Esta muito clero de qula lado a maioria dos nossos SERVIDORES PÚBLICOS DO STF ESTAO.', 'textOriginal': 'Tudo isso esta acontecendo por causa das atitudes da imprensa marron e das arbitrariedades de Alexandre de Moraes e os companheiros dele .... O CAOS VAI INSTAURAR NO PAÍS SE TENTAREM FAZER O POVO ENGOLIR  GOELA ABAIXO O EX-PRESIDIÁRIO.   Esta muito clero de qula lado a maioria dos nossos SERVIDORES PÚBLICOS DO STF ESTAO.', 'authorDisplayName': 'SILÊNCIO 607', 'authorProfileImageUrl': 'https://yt3.ggpht.com/ytc/AGIKgqN29tRkQA_mxg5ikBAUsWb_BaJGlyvkqHuYww=s48-c-k-c0x00ffffff-no-rj', 'authorChannelUrl': 'http://www.youtube.com/channel/UCS-U69sk1LkfxnrYJp8SUGQ', 'authorChannelId': {'value': 'UCS-U69sk1LkfxnrYJp8SUGQ'}, 'canRate': True, 'viewerRating': 'none', 'likeCount': 0, 'publishedAt': '2022-10-24T08:20:19Z', 'updatedAt': '2022-10-24T08:20:19Z'}}, 'canReply': True, 'totalReplyCount': 0, 'isPublic': True}",,UCS-U69sk1LkfxnrYJp8SUGQ,2022-10-24T08:20:19Z,Tudo isso esta acontecendo por causa das atitudes da imprensa marron e das arbitrariedades de Alexandre de Moraes e os companheiros dele .... O CAOS VAI INSTAURAR NO PAÍS SE TENTAREM FAZER O POVO ENGOLIR  GOELA ABAIXO O EX-PRESIDIÁRIO.   Esta muito clero de qula lado a maioria dos nossos SERVIDORES PÚBLICOS DO STF ESTAO.,QURTSl9pMkxsbVJGeERtc2IwN1RLT24tOTN2M1hzRF9YVmtaUmo2anpYVWdKSHR0bHEtckRpR2FjOXc5T3BHTEUzeW5wdm9RaDVSSDd0MA==,2023-06-08 14:52:33.032373
youtube#commentThread,kmCI_2YPrKBziiGVpRh_apG7FmE,UgzVQS_VKfE-ycLOyC54AaABAg,"{'videoId': 'zEfTDpfyt1o', 'topLevelComment': {'kind': 'youtube#comment', 'etag': 'iCOcfNmT4HLIqHLO5C3RVfdPE3g', 'id': 'UgzVQS_VKfE-ycLOyC54AaABAg', 'snippet': {'videoId': 'zEfTDpfyt1o', 'textDisplay': 'Tá mentindo jovem Pan por isto xandao censurou vocês bem feito.', 'textOriginal': 'Tá mentindo jovem Pan por isto xandao censurou vocês bem feito.', 'authorDisplayName': 'Aderbal Souza de Araujo', 'authorProfileImageUrl': 'https://yt3.ggpht.com/ytc/AGIKgqPC_4xjy3G8j5aALOpw7hFha18P1WZUPQcltVLVTzt5hK3SxDfDemO3IxubBdgu=s48-c-k-c0x00ffffff-no-rj', 'authorChannelUrl': 'http://www.youtube.com/channel/UCvKRwj-YC9a5qkxyZQtjJjw', 'authorChannelId': {'value': 'UCvKRwj-YC9a5qkxyZQtjJjw'}, 'canRate': True, 'viewerRating': 'none', 'likeCount': 0, 'publishedAt': '2022-10-24T08:20:02Z', 'updatedAt': '2022-10-24T08:20:02Z'}}, 'canReply': True, 'totalReplyCount': 0, 'isPublic': True}",,UCvKRwj-YC9a5qkxyZQtjJjw,2022-10-24T08:20:02Z,Tá mentindo jovem Pan por isto xandao censurou vocês bem feito.,QURTSl9pMkxsbVJGeERtc2IwN1RLT24tOTN2M1hzRF9YVmtaUmo2anpYVWdKSHR0bHEtckRpR2FjOXc5T3BHTEUzeW5wdm9RaDVSSDd0MA==,2023-06-08 14:52:33.032373
youtube#commentThread,tt1fHRWKEdUebTAem936c0DCeIk,Ugx4XcgOwjdYd31fU5l4AaABAg,"{'videoId': 'zEfTDpfyt1o', 'topLevelComment': {'kind': 'youtube#comment', 'etag': 'BkuV-echE7Im17dzZYTe1zEf0oE', 'id': 'Ugx4XcgOwjdYd31fU5l4AaABAg', 'snippet': {'videoId': 'zEfTDpfyt1o', 'textDisplay': 'kkkk DONA BELA DO PROFESSOR RAIMUNDO.', 'textOriginal': 'kkkk DONA BELA DO PROFESSOR RAIMUNDO.', 'authorDisplayName': 'RomirRs', 'authorProfileImageUrl': 'https://yt3.ggpht.com/sW-_zicCxZh9Y1h42x2OGnR2BWrhELPHRsfWAM6rOBFLl6cc5lYYnzXUZ9-OeITYPpRZo4uxcg=s48-c-k-c0x00ffffff-no-rj', 'authorChannelUrl': 'http://www.youtube.com/channel/UC61XXOGY-SF9yHEJvqMSENQ', 'authorChannelId': {'value': 'UC61XXOGY-SF9yHEJvqMSENQ'}, 'canRate': True, 'viewerRating': 'none', 'likeCount': 0, 'publishedAt': '2022-10-24T08:19:58Z', 'updatedAt': '2022-10-24T08:19:58Z'}}, 'canReply': True, 'totalReplyCount': 0, 'isPublic': True}",,UC61XXOGY-SF9yHEJvqMSENQ,2022-10-24T08:19:58Z,kkkk DONA BELA DO PROFESSOR RAIMUNDO.,QURTSl9pMkxsbVJGeERtc2IwN1RLT24tOTN2M1hzRF9YVmtaUmo2anpYVWdKSHR0bHEtckRpR2FjOXc5T3BHTEUzeW5wdm9RaDVSSDd0MA==,2023-06-08 14:52:33.032373
youtube#commentThread,jEykwk8-b5S3b7Qjmzm8NwQb_3o,UgwHxsAO0xflIXyKat14AaABAg,"{'videoId': 'zEfTDpfyt1o', 'topLevelComment': {'kind': 'youtube#comment', 'etag': 'NZt1HHXzgnhDxImwQMLhfaaxp0E', 'id': 'UgwHxsAO0xflIXyKat14AaABAg', 'snippet': {'videoId': 'zEfTDpfyt1o', 'textDisplay': 'Se jogou. Foi nada. Chamou o contato. o contato veio. Piada isso.', 'textOriginal': 'Se jogou. Foi nada. Chamou o contato. o contato veio. Piada isso.', 'authorDisplayName': 'RomirRs', 'authorProfileImageUrl': 'https://yt3.ggpht.com/sW-_zicCxZh9Y1h42x2OGnR2BWrhELPHRsfWAM6rOBFLl6cc5lYYnzXUZ9-OeITYPpRZo4uxcg=s48-c-k-c0x00ffffff-no-rj', 'authorChannelUrl': 'http://www.youtube.com/channel/UC61XXOGY-SF9yHEJvqMSENQ', 'authorChannelId': {'value': 'UC61XXOGY-SF9yHEJvqMSENQ'}, 'canRate': True, 'viewerRating': 'none', 'likeCount': 0, 'publishedAt': '2022-10-24T08:18:59Z', 'updatedAt': '2022-10-24T08:18:59Z'}}, 'canReply': True, 'totalReplyCount': 0, 'isPublic': True}",,UC61XXOGY-SF9yHEJvqMSENQ,2022-10-24T08:18:59Z,Se jogou. Foi nada. Chamou o contato. o contato veio. Piada isso.,QURTSl9pMkxsbVJGeERtc2IwN1RLT24tOTN2M1hzRF9YVmtaUmo2anpYVWdKSHR0bHEtckRpR2FjOXc5T3BHTEUzeW5wdm9RaDVSSDd0MA==,2023-06-08 14:52:33.032373
youtube#commentThread,xPbw2N0LHTC5O7F2RTa0wxxKQDA,UgydfRbSKNn6RA_KPIp4AaABAg,"{'videoId': 'zEfTDpfyt1o', 'topLevelComment': {'kind': 'youtube#comment', 'etag': 'C6r1npS7AQGCkwE5B-vj4oK3Uzg', 'id': 'UgydfRbSKNn6RA_KPIp4AaABAg', 'snippet': {'videoId': 'zEfTDpfyt1o', 'textDisplay': 'Isso é culpa do xandao', 'textOriginal': 'Isso é culpa do xandao', 'authorDisplayName': 'Dimas Prado', 'authorProfileImageUrl': 'https://yt3.ggpht.com/ytc/AGIKgqNc24zWTj-aFhYJAm0SpaG5BQaJ7ix5ExC1tB-TOQaIqmRQWiI9uEKCjCstLT7V=s48-c-k-c0x00ffffff-no-rj', 'authorChannelUrl': 'http://www.youtube.com/channel/UClRIZHoydTbQ9cjtYxA0dMg', 'authorChannelId': {'value': 'UClRIZHoydTbQ9cjtYxA0dMg'}, 'canRate': True, 'viewerRating': 'none', 'likeCount': 0, 'publishedAt': '2022-10-24T07:53:49Z', 'updatedAt': '2022-10-24T07:53:49Z'}}, 'canReply': True, 'totalReplyCount': 0, 'isPublic': True}",,UClRIZHoydTbQ9cjtYxA0dMg,2022-10-24T07:53:49Z,Isso é culpa do xandao,QURTSl9pMkxsbVJGeERtc2IwN1RLT24tOTN2M1hzRF9YVmtaUmo2anpYVWdKSHR0bHEtckRpR2FjOXc5T3BHTEUzeW5wdm9RaDVSSDd0MA==,2023-06-08 14:52:33.032373
youtube#commentThread,jvpBOTCt9mLDSKJKvltErCRUVLs,UgzIj6nJMrpnpv0SZE54AaABAg,"{'videoId': 'zEfTDpfyt1o', 'topLevelComment': {'kind': 'youtube#comment', 'etag': 'Dk7YVJctVWWhEAKrJjOLIfx3Ypo', 'id': 'UgzIj6nJMrpnpv0SZE54AaABAg', 'snippet': {'videoId': 'zEfTDpfyt1o', 'textDisplay': 'A Globo distorce tudo e o povo a detesta.....', 'textOriginal': 'A Globo distorce tudo e o povo a detesta.....', 'authorDisplayName': 'ex-miqueinha.', 'authorProfileImageUrl': 'https://yt3.ggpht.com/-0wzR8vYO3AOGP4ZNhC2-E4vqLzKLJnhchvfd6RkCVQXtrJ_OoFfCDeUDZKIf7v10pDt15mW=s48-c-k-c0x00ffffff-no-rj', 'authorChannelUrl': 'http://www.youtube.com/channel/UCJokmmWD88xIPZaXJqs4SZQ', 'authorChannelId': {'value': 'UCJokmmWD88xIPZaXJqs4SZQ'}, 'canRate': True, 'viewerRating': 'none', 'likeCount': 1, 'publishedAt': '2022-10-24T07:52:54Z', 'updatedAt': '2022-10-24T07:52:54Z'}}, 'canReply': True, 'totalReplyCount': 0, 'isPublic': True}",,UCJokmmWD88xIPZaXJqs4SZQ,2022-10-24T07:52:54Z,A Globo distorce tudo e o povo a detesta.....,QURTSl9pMkxsbVJGeERtc2IwN1RLT24tOTN2M1hzRF9YVmtaUmo2anpYVWdKSHR0bHEtckRpR2FjOXc5T3BHTEUzeW5wdm9RaDVSSDd0MA==,2023-06-08 14:52:33.032373
youtube#commentThread,upLzs7iQeLCBe1VxVzrZlqPlcCs,UgxAuol651dClAGyZml4AaABAg,"{'videoId': 'zEfTDpfyt1o', 'topLevelComment': {'kind': 'youtube#comment', 'etag': 'cOs1PjzpezpUxw2lQd0H__bvKGo', 'id': 'UgxAuol651dClAGyZml4AaABAg', 'snippet': {'videoId': 'zEfTDpfyt1o', 'textDisplay': 'Também sou contra a violência mas pelo jeito que tá as coisas poder até piorar  pós a justiça e para dá exemplo a mesma e cega a balança tem que pensa  na mesma medida pra os dois lados  e quando isso não acontece dá tudo errado.', 'textOriginal': 'Também sou contra a violência mas pelo jeito que tá as coisas poder até piorar  pós a justiça e para dá exemplo a mesma e cega a balança tem que pensa  na mesma medida pra os dois lados  e quando isso não acontece dá tudo errado.', 'authorDisplayName': 'Luciano Bahia', 'authorProfileImageUrl': 'https://yt3.ggpht.com/ytc/AGIKgqPR93_KtaoeiMaM1sSc8x9Hvau7uIGZ4Sn2FSfL1g=s48-c-k-c0x00ffffff-no-rj', 'authorChannelUrl': 'http://www.youtube.com/channel/UC2ytkb2KF_WzzZb_74DkpPg', 'authorChannelId': {'value': 'UC2ytkb2KF_WzzZb_74DkpPg'}, 'canRate': True, 'viewerRating': 'none', 'likeCount': 0, 'publishedAt': '2022-10-24T07:50:07Z', 'updatedAt': '2022-10-24T07:50:07Z'}}, 'canReply': True, 'totalReplyCount': 0, 'isPublic': True}",,UC2ytkb2KF_WzzZb_74DkpPg,2022-10-24T07:50:07Z,Também sou contra a violência mas pelo jeito que tá as coisas poder até piorar  pós a justiça e para dá exemplo a mesma e cega a balança tem que pensa  na mesma medida pra os dois lados  e quando isso não acontece dá tudo errado.,QURTSl9pMkxsbVJGeERtc2IwN1RLT24tOTN2M1hzRF9YVmtaUmo2anpYVWdKSHR0bHEtckRpR2FjOXc5T3BHTEUzeW5wdm9RaDVSSDd0MA==,2023-06-08 14:52:33.032373
youtube#commentThread,U-UBsEkmhYNeEKdUcW47LPbwNeE,UgzdQ1NqSQsF0kiew7N4AaABAg,"{'videoId': 'zEfTDpfyt1o', 'topLevelComment': {'kind': 'youtube#comment', 'etag': 'N8Ix52afFKSEJEIllZ52c2y2x10', 'id': 'UgzdQ1NqSQsF0kiew7N4AaABAg', 'snippet': {'videoId': 'zEfTDpfyt1o', 'textDisplay': 'Acordem! VamosPraRuaVerdeeAmarelo. Ainda Podemos.', 'textOriginal': 'Acordem! VamosPraRuaVerdeeAmarelo. Ainda Podemos.', 'authorDisplayName': 'Ailton Mariano', 'authorProfileImageUrl': 'https://yt3.ggpht.com/ytc/AGIKgqPMTzGnD_tqu5wIsAWg3htWEEhASX0tB7mUOg=s48-c-k-c0x00ffffff-no-rj', 'authorChannelUrl': 'http://www.youtube.com/channel/UCTSkvoAf50dxhCt77B1nRUQ', 'authorChannelId': {'value': 'UCTSkvoAf50dxhCt77B1nRUQ'}, 'canRate': True, 'viewerRating': 'none', 'likeCount': 0, 'publishedAt': '2022-10-24T07:49:59Z', 'updatedAt': '2022-10-24T07:49:59Z'}}, 'canReply': True, 'totalReplyCount': 0, 'isPublic': True}",,UCTSkvoAf50dxhCt77B1nRUQ,2022-10-24T07:49:59Z,Acordem! VamosPraRuaVerdeeAmarelo. Ainda Podemos.,QURTSl9pMkxsbVJGeERtc2IwN1RLT24tOTN2M1hzRF9YVmtaUmo2anpYVWdKSHR0bHEtckRpR2FjOXc5T3BHTEUzeW5wdm9RaDVSSDd0MA==,2023-06-08 14:52:33.032373
youtube#commentThread,GnZ-K3Ea_uLn26vIj3xCCmUh750,UgwTHi9rPtdrkqQssD94AaABAg,"{'videoId': 'zEfTDpfyt1o', 'topLevelComment': {'kind': 'youtube#comment', 'etag': '8sr459BNJ5VrCcCQqNC62Iq-eFA', 'id': 'UgwTHi9rPtdrkqQssD94AaABAg', 'snippet': {'videoId': 'zEfTDpfyt1o', 'textDisplay': 'APOIADORES DO BOLSONARO, AGREDIRAM O CINEGRAFISTA. ROBERTO JEFFERSON É COORDENADOR DA CAMPANHA DO BOZO, AMIGO E UM DE SEUS CONSELHEIROS. JOVEM CLAN, MENTIROSA QUER DISSOCIA- LO DO PRESIDENTE MILICIANO', 'textOriginal': 'APOIADORES DO BOLSONARO, AGREDIRAM O CINEGRAFISTA. ROBERTO JEFFERSON É COORDENADOR DA CAMPANHA DO BOZO, AMIGO E UM DE SEUS CONSELHEIROS. JOVEM CLAN, MENTIROSA QUER DISSOCIA- LO DO PRESIDENTE MILICIANO', 'authorDisplayName': 'Le Pereira', 'authorProfileImageUrl': 'https://yt3.ggpht.com/ytc/AGIKgqMrCEouHP1mqD5P-DCAcZkrzINr0lg9u6DraMDlEA=s48-c-k-c0x00ffffff-no-rj', 'authorChannelUrl': 'http://www.youtube.com/channel/UCm40dtgYv2sg-lpp7_56HDQ', 'authorChannelId': {'value': 'UCm40dtgYv2sg-lpp7_56HDQ'}, 'canRate': True, 'viewerRating': 'none', 'likeCount': 0, 'publishedAt': '2022-10-24T07:49:01Z', 'updatedAt': '2022-10-24T07:51:25Z'}}, 'canReply': True, 'totalReplyCount': 0, 'isPublic': True}",,UCm40dtgYv2sg-lpp7_56HDQ,2022-10-24T07:49:01Z,"APOIADORES DO BOLSONARO, AGREDIRAM O CINEGRAFISTA. ROBERTO JEFFERSON É COORDENADOR DA CAMPANHA DO BOZO, AMIGO E UM DE SEUS CONSELHEIROS. JOVEM CLAN, MENTIROSA QUER DISSOCIA- LO DO PRESIDENTE MILICIANO",QURTSl9pMkxsbVJGeERtc2IwN1RLT24tOTN2M1hzRF9YVmtaUmo2anpYVWdKSHR0bHEtckRpR2FjOXc5T3BHTEUzeW5wdm9RaDVSSDd0MA==,2023-06-08 14:52:33.032373
youtube#commentThread,mmRpBeq0HRURZVSSJm5-GrPdino,UgxFDD12cGTiVX0qEOl4AaABAg,"{'videoId': 'zEfTDpfyt1o', 'topLevelComment': {'kind': 'youtube#comment', 'etag': '8C7a2hfu4qclvZ1XfhQD_Rw5MAQ', 'id': 'UgxFDD12cGTiVX0qEOl4AaABAg', 'snippet': {'videoId': 'zEfTDpfyt1o', 'textDisplay': 'Deveria pegar o bandido e levar preso sem fiança', 'textOriginal': 'Deveria pegar o bandido e levar preso sem fiança', 'authorDisplayName': 'Luci Stocker', 'authorProfileImageUrl': 'https://yt3.ggpht.com/ytc/AGIKgqONe_dl4-e1hSqeeqJeYi15fqUPgRPuM64QCg=s48-c-k-c0x00ffffff-no-rj', 'authorChannelUrl': 'http://www.youtube.com/channel/UCmpjuKXbz-3EmOxDfHHNXaA', 'authorChannelId': {'value': 'UCmpjuKXbz-3EmOxDfHHNXaA'}, 'canRate': True, 'viewerRating': 'none', 'likeCount': 0, 'publishedAt': '2022-10-24T07:42:26Z', 'updatedAt': '2022-10-24T07:42:26Z'}}, 'canReply': True, 'totalReplyCount': 0, 'isPublic': True}",,UCmpjuKXbz-3EmOxDfHHNXaA,2022-10-24T07:42:26Z,Deveria pegar o bandido e levar preso sem fiança,QURTSl9pMkxsbVJGeERtc2IwN1RLT24tOTN2M1hzRF9YVmtaUmo2anpYVWdKSHR0bHEtckRpR2FjOXc5T3BHTEUzeW5wdm9RaDVSSDd0MA==,2023-06-08 14:52:33.032373
youtube#commentThread,D_xAB2kyyuh2YZTSbr3YE7vDAnE,UgzeCFbqUqsSyaDDNt94AaABAg,"{'videoId': 'zEfTDpfyt1o', 'topLevelComment': {'kind': 'youtube#comment', 'etag': 'mo_UKbqacKLM9g6XgCd10d9SQeI', 'id': 'UgzeCFbqUqsSyaDDNt94AaABAg', 'snippet': {'videoId': 'zEfTDpfyt1o', 'textDisplay': 'Se fosse um da jovem pan, a globo não iria defender VCS mas sim iria fala que membro da jovem pan intimidou manifestante do PT e mesmo se defendeu, jovem pan parem de hipocrisia vamos defender a democracia e sim depois restabelecer a ordem junto com o governo', 'textOriginal': 'Se fosse um da jovem pan, a globo não iria defender VCS mas sim iria fala que membro da jovem pan intimidou manifestante do PT e mesmo se defendeu, jovem pan parem de hipocrisia vamos defender a democracia e sim depois restabelecer a ordem junto com o governo', 'authorDisplayName': 'Marcos Pretinho', 'authorProfileImageUrl': 'https://yt3.ggpht.com/ytc/AGIKgqMenFIceH3w7ey55e6SuRaGavUdaFaYv5mLqo_phQ=s48-c-k-c0x00ffffff-no-rj', 'authorChannelUrl': 'http://www.youtube.com/channel/UCM_Spofo3Xj4tSIZEBzOfeQ', 'authorChannelId': {'value': 'UCM_Spofo3Xj4tSIZEBzOfeQ'}, 'canRate': True, 'viewerRating': 'none', 'likeCount': 0, 'publishedAt': '2022-10-24T07:36:55Z', 'updatedAt': '2022-10-24T07:36:55Z'}}, 'canReply': True, 'totalReplyCount': 0, 'isPublic': True}",,UCM_Spofo3Xj4tSIZEBzOfeQ,2022-10-24T07:36:55Z,"Se fosse um da jovem pan, a globo não iria defender VCS mas sim iria fala que membro da jovem pan intimidou manifestante do PT e mesmo se defendeu, jovem pan parem de hipocrisia vamos defender a democracia e sim depois restabelecer a ordem junto com o governo",QURTSl9pMkxsbVJGeERtc2IwN1RLT24tOTN2M1hzRF9YVmtaUmo2anpYVWdKSHR0bHEtckRpR2FjOXc5T3BHTEUzeW5wdm9RaDVSSDd0MA==,2023-06-08 14:52:33.032373
youtube#commentThread,nfK2-GU2TBXuE71jGEf8zziND78,Ugwl4H9wLiqcvIf04Lx4AaABAg,"{'videoId': 'zEfTDpfyt1o', 'topLevelComment': {'kind': 'youtube#comment', 'etag': 'XgCe42G1bng57zK6-jJgTmuN8TU', 'id': 'Ugwl4H9wLiqcvIf04Lx4AaABAg', 'snippet': {'videoId': 'zEfTDpfyt1o', 'textDisplay': '<a href=""http://www.youtube.com/results?search_query=%23robertojeferson2026"">#robertojeferson2026</a> presidente deixa de ser covarde vos não pode deixar de defender ao menos sua família', 'textOriginal': '#robertojeferson2026 presidente deixa de ser covarde vos não pode deixar de defender ao menos sua família', 'authorDisplayName': 'VLOG DO LUIS ALEXANDRE', 'authorProfileImageUrl': 'https://yt3.ggpht.com/V2cwryAM3VnprCjWzR0iFjbo8fZ6yJ2XFcZY2aqc3IcVBjqOGU4E523F9BUsI9OyGOAkI7fMKqk=s48-c-k-c0x00ffffff-no-rj', 'authorChannelUrl': 'http://www.youtube.com/channel/UC0Co8GMQqfr99y0DGVYrfjA', 'authorChannelId': {'value': 'UC0Co8GMQqfr99y0DGVYrfjA'}, 'canRate': True, 'viewerRating': 'none', 'likeCount': 0, 'publishedAt': '2022-10-24T07:34:36Z', 'updatedAt': '2022-10-24T07:35:53Z'}}, 'canReply': True, 'totalReplyCount': 0, 'isPublic': True}",,UC0Co8GMQqfr99y0DGVYrfjA,2022-10-24T07:34:36Z,#robertojeferson2026 presidente deixa de ser covarde vos não pode deixar de defender ao menos sua família,QURTSl9pMkxsbVJGeERtc2IwN1RLT24tOTN2M1hzRF9YVmtaUmo2anpYVWdKSHR0bHEtckRpR2FjOXc5T3BHTEUzeW5wdm9RaDVSSDd0MA==,2023-06-08 14:52:33.032373
youtube#commentThread,Ys_43liif018JfjV1eBhcEiBvX8,UgzQcXDOncJ9tRAW9mN4AaABAg,"{'videoId': 'zEfTDpfyt1o', 'topLevelComment': {'kind': 'youtube#comment', 'etag': '4RKRqdbVqo6TWMcJEj9Sb99nzGw', 'id': 'UgzQcXDOncJ9tRAW9mN4AaABAg', 'snippet': {'videoId': 'zEfTDpfyt1o', 'textDisplay': 'Os fins não justifica os meios, mas os meios muitas vezes gera resultados nos fins !!', 'textOriginal': 'Os fins não justifica os meios, mas os meios muitas vezes gera resultados nos fins !!', 'authorDisplayName': 'Valmir Silva', 'authorProfileImageUrl': 'https://yt3.ggpht.com/ytc/AGIKgqOrwuFIGfD7uycMSHTa1-fIdbGowe4dqzZLyw=s48-c-k-c0x00ffffff-no-rj', 'authorChannelUrl': 'http://www.youtube.com/channel/UCk36YJQUt3oxiKMixUgyCig', 'authorChannelId': {'value': 'UCk36YJQUt3oxiKMixUgyCig'}, 'canRate': True, 'viewerRating': 'none', 'likeCount': 0, 'publishedAt': '2022-10-24T07:34:26Z', 'updatedAt': '2022-10-24T07:34:26Z'}}, 'canReply': True, 'totalReplyCount': 0, 'isPublic': True}",,UCk36YJQUt3oxiKMixUgyCig,2022-10-24T07:34:26Z,"Os fins não justifica os meios, mas os meios muitas vezes gera resultados nos fins !!",QURTSl9pMkxsbVJGeERtc2IwN1RLT24tOTN2M1hzRF9YVmtaUmo2anpYVWdKSHR0bHEtckRpR2FjOXc5T3BHTEUzeW5wdm9RaDVSSDd0MA==,2023-06-08 14:52:33.032373
youtube#commentThread,OlgOCdfaaJi69A8tQFJ4awiOdhI,Ugyolvkbwt33quPZRfx4AaABAg,"{'videoId': 'zEfTDpfyt1o', 'topLevelComment': {'kind': 'youtube#comment', 'etag': 'kG4PKnS34lzk5sXQ99Q8xnmUtvw', 'id': 'Ugyolvkbwt33quPZRfx4AaABAg', 'snippet': {'videoId': 'zEfTDpfyt1o', 'textDisplay': 'O povo está se revoltando, e eu aceito essa revolta como revolta valida, as soberbas e mandos e desmandos do alto da magia do STF impôs que o povo tomassem um lado, e é isto que está acontecendo, e eu digo mais, se ngm peitar la dentro esses autoritarismo o povo irá se revoltar ainda mais, e eu estarei com Meu povo venha o que vinher, não importa as cartas ou falas que políticos que ganham o deles e o bolso está cheio diga, se tem violência é pq algo aconteceu e nesse caso, vem acontecendo a anos, Policia omissa, Exercito omisso, e quem irá defender o povo? Nação brasileira, a gente tem que aprender a bater, pq ngm de la de cima estará com nós, e se não está com nós está contra nós, não podemos permitir esses abusos contra a democracia e liberdade, vamos as ruas, o povo nas ruas fizeram cair ditadores.', 'textOriginal': 'O povo está se revoltando, e eu aceito essa revolta como revolta valida, as soberbas e mandos e desmandos do alto da magia do STF impôs que o povo tomassem um lado, e é isto que está acontecendo, e eu digo mais, se ngm peitar la dentro esses autoritarismo o povo irá se revoltar ainda mais, e eu estarei com Meu povo venha o que vinher, não importa as cartas ou falas que políticos que ganham o deles e o bolso está cheio diga, se tem violência é pq algo aconteceu e nesse caso, vem acontecendo a anos, Policia omissa, Exercito omisso, e quem irá defender o povo? Nação brasileira, a gente tem que aprender a bater, pq ngm de la de cima estará com nós, e se não está com nós está contra nós, não podemos permitir esses abusos contra a democracia e liberdade, vamos as ruas, o povo nas ruas fizeram cair ditadores.', 'authorDisplayName': 'Dev_Rodrigues', 'authorProfileImageUrl': 'https://yt3.ggpht.com/3bF4rYtuarndjP3K2EGs77S5xkDd-kG7E-fSNEtLjVZeuNNCO8czFCx3wifoR_6u42hTBrt-XA=s48-c-k-c0x00ffffff-no-rj', 'authorChannelUrl': 'http://www.youtube.com/channel/UCn3LrcyldEtP5MO7LA-dZmg', 'authorChannelId': {'value': 'UCn3LrcyldEtP5MO7LA-dZmg'}, 'canRate': True, 'viewerRating': 'none', 'likeCount': 0, 'publishedAt': '2022-10-24T07:29:42Z', 'updatedAt': '2022-10-24T07:29:42Z'}}, 'canReply': True, 'totalReplyCount': 0, 'isPublic': True}",,UCn3LrcyldEtP5MO7LA-dZmg,2022-10-24T07:29:42Z,"O povo está se revoltando, e eu aceito essa revolta como revolta valida, as soberbas e mandos e desmandos do alto da magia do STF impôs que o povo tomassem um lado, e é isto que está acontecendo, e eu digo mais, se ngm peitar la dentro esses autoritarismo o povo irá se revoltar ainda mais, e eu estarei com Meu povo venha o que vinher, não importa as cartas ou falas que políticos que ganham o deles e o bolso está cheio diga, se tem violência é pq algo aconteceu e nesse caso, vem acontecendo a anos, Policia omissa, Exercito omisso, e quem irá defender o povo? Nação brasileira, a gente tem que aprender a bater, pq ngm de la de cima estará com nós, e se não está com nós está contra nós, não podemos permitir esses abusos contra a democracia e liberdade, vamos as ruas, o povo nas ruas fizeram cair ditadores.",QURTSl9pMkxsbVJGeERtc2IwN1RLT24tOTN2M1hzRF9YVmtaUmo2anpYVWdKSHR0bHEtckRpR2FjOXc5T3BHTEUzeW5wdm9RaDVSSDd0MA==,2023-06-08 14:52:33.032373
youtube#commentThread,HlJhWMhSYUmV5LfQkN8WVBtPM7M,UgwbqNoCWuyubxGyP8x4AaABAg,"{'videoId': 'zEfTDpfyt1o', 'topLevelComment': {'kind': 'youtube#comment', 'etag': 'CKVUxwIeqNvyvg7XzgOtnw2vNRk', 'id': 'UgwbqNoCWuyubxGyP8x4AaABAg', 'snippet': {'videoId': 'zEfTDpfyt1o', 'textDisplay': 'E o kiko', 'textOriginal': 'E o kiko', 'authorDisplayName': 'Marcos Pretinho', 'authorProfileImageUrl': 'https://yt3.ggpht.com/ytc/AGIKgqMenFIceH3w7ey55e6SuRaGavUdaFaYv5mLqo_phQ=s48-c-k-c0x00ffffff-no-rj', 'authorChannelUrl': 'http://www.youtube.com/channel/UCM_Spofo3Xj4tSIZEBzOfeQ', 'authorChannelId': {'value': 'UCM_Spofo3Xj4tSIZEBzOfeQ'}, 'canRate': True, 'viewerRating': 'none', 'likeCount': 0, 'publishedAt': '2022-10-24T07:28:41Z', 'updatedAt': '2022-10-24T07:28:41Z'}}, 'canReply': True, 'totalReplyCount': 0, 'isPublic': True}",,UCM_Spofo3Xj4tSIZEBzOfeQ,2022-10-24T07:28:41Z,E o kiko,QURTSl9pMkxsbVJGeERtc2IwN1RLT24tOTN2M1hzRF9YVmtaUmo2anpYVWdKSHR0bHEtckRpR2FjOXc5T3BHTEUzeW5wdm9RaDVSSDd0MA==,2023-06-08 14:52:33.032373
youtube#commentThread,NN0i25jOGTiXb50zQw8LDFMV2FM,UgzXWNfTOsrIRlgW8D94AaABAg,"{'videoId': 'zEfTDpfyt1o', 'topLevelComment': {'kind': 'youtube#comment', 'etag': 'wPaaiPeKrXKptbObKnQcaYyLoWc', 'id': 'UgzXWNfTOsrIRlgW8D94AaABAg', 'snippet': {'videoId': 'zEfTDpfyt1o', 'textDisplay': 'Os caras apoiam Roberto Jeferson,  querem o que , espero nada dessa gente ...', 'textOriginal': 'Os caras apoiam Roberto Jeferson,  querem o que , espero nada dessa gente ...', 'authorDisplayName': 'Iuri Nascimento', 'authorProfileImageUrl': 'https://yt3.ggpht.com/4WDJ310c-0SVQxB0uU2Twb1d8BW2BTozbLWwTcTZiaDZNSWC3NWqm6ruT1x9HOJW2eI_Jw92r6E=s48-c-k-c0x00ffffff-no-rj', 'authorChannelUrl': 'http://www.youtube.com/channel/UCtt8Q4Bljmji-lwcL4ZwEDw', 'authorChannelId': {'value': 'UCtt8Q4Bljmji-lwcL4ZwEDw'}, 'canRate': True, 'viewerRating': 'none', 'likeCount': 0, 'publishedAt': '2022-10-24T07:16:47Z', 'updatedAt': '2022-10-24T07:16:47Z'}}, 'canReply': True, 'totalReplyCount': 0, 'isPublic': True}",,UCtt8Q4Bljmji-lwcL4ZwEDw,2022-10-24T07:16:47Z,"Os caras apoiam Roberto Jeferson,  querem o que , espero nada dessa gente ...",QURTSl9pMkxsbVJGeERtc2IwN1RLT24tOTN2M1hzRF9YVmtaUmo2anpYVWdKSHR0bHEtckRpR2FjOXc5T3BHTEUzeW5wdm9RaDVSSDd0MA==,2023-06-08 14:52:33.032373
youtube#commentThread,f_Sris2iLQrE9hcC4cluZjtGaHg,UgwsOV5Cabv9gxKZPSV4AaABAg,"{'videoId': 'zEfTDpfyt1o', 'topLevelComment': {'kind': 'youtube#comment', 'etag': '5EZdQS9hZS3xKcrUtJc8a7Ia630', 'id': 'UgwsOV5Cabv9gxKZPSV4AaABAg', 'snippet': {'videoId': 'zEfTDpfyt1o', 'textDisplay': 'Năo justifica o que esse senhor fez ,mas năo sei se sò eu ,a culpa desse nervoso da populaçäo brasileira è dos ministros do STF ,a culpa è somente deles ,cambada de inuteis', 'textOriginal': 'Năo justifica o que esse senhor fez ,mas năo sei se sò eu ,a culpa desse nervoso da populaçäo brasileira è dos ministros do STF ,a culpa è somente deles ,cambada de inuteis', 'authorDisplayName': 'Maria Josè', 'authorProfileImageUrl': 'https://yt3.ggpht.com/ytc/AGIKgqOthd0es-tUZQ1wXdnyWmlDbcuGwqHqT7cRJFtk1Q=s48-c-k-c0x00ffffff-no-rj', 'authorChannelUrl': 'http://www.youtube.com/channel/UCqsNQLLlz1x0JVooMD2FiuA', 'authorChannelId': {'value': 'UCqsNQLLlz1x0JVooMD2FiuA'}, 'canRate': True, 'viewerRating': 'none', 'likeCount': 0, 'publishedAt': '2022-10-24T07:15:28Z', 'updatedAt': '2022-10-24T07:15:28Z'}}, 'canReply': True, 'totalReplyCount': 0, 'isPublic': True}",,UCqsNQLLlz1x0JVooMD2FiuA,2022-10-24T07:15:28Z,"Năo justifica o que esse senhor fez ,mas năo sei se sò eu ,a culpa desse nervoso da populaçäo brasileira è dos ministros do STF ,a culpa è somente deles ,cambada de inuteis",QURTSl9pMkxsbVJGeERtc2IwN1RLT24tOTN2M1hzRF9YVmtaUmo2anpYVWdKSHR0bHEtckRpR2FjOXc5T3BHTEUzeW5wdm9RaDVSSDd0MA==,2023-06-08 14:52:33.032373
youtube#commentThread,LaZvptfLLIk7BpMppxclodX0DG8,UgwVaUiNvbZgRHoF7ql4AaABAg,"{'videoId': 'zEfTDpfyt1o', 'topLevelComment': {'kind': 'youtube#comment', 'etag': 'EIO6ubAjYwpsvFAYKekUz7n7kmY', 'id': 'UgwVaUiNvbZgRHoF7ql4AaABAg', 'snippet': {'videoId': 'zEfTDpfyt1o', 'textDisplay': 'Indefensável o ataque recebido !Que nada grave aconteça a este senhor.<br>O título da matéria está &quot;sensacionalista&quot;A emissora não precisa seguir o exemplo de outras., Um brutamontes atacou covardemente uma pessoa no exercício da profissão.', 'textOriginal': 'Indefensável o ataque recebido !Que nada grave aconteça a este senhor.\\nO título da matéria está ""sensacionalista""A emissora não precisa seguir o exemplo de outras., Um brutamontes atacou covardemente uma pessoa no exercício da profissão.', 'authorDisplayName': 'Ana Clara Vinhas', 'authorProfileImageUrl': 'https://yt3.ggpht.com/ytc/AGIKgqM04li14XLQiTIOBXkt7PAh9RHzoGiuXqV9c2c8Cg=s48-c-k-c0x00ffffff-no-rj', 'authorChannelUrl': 'http://www.youtube.com/channel/UC0ccNfCIuVaaMyINPc_FOPw', 'authorChannelId': {'value': 'UC0ccNfCIuVaaMyINPc_FOPw'}, 'canRate': True, 'viewerRating': 'none', 'likeCount': 0, 'publishedAt': '2022-10-24T07:10:29Z', 'updatedAt': '2022-10-24T07:10:29Z'}}, 'canReply': True, 'totalReplyCount': 0, 'isPublic': True}",,UC0ccNfCIuVaaMyINPc_FOPw,2022-10-24T07:10:29Z,"Indefensável o ataque recebido !Que nada grave aconteça a este senhor.
O título da matéria está ""sensacionalista""A emissora não precisa seguir o exemplo de outras., Um brutamontes atacou covardemente uma pessoa no exercício da profissão.",QURTSl9pMkxsbVJGeERtc2IwN1RLT24tOTN2M1hzRF9YVmtaUmo2anpYVWdKSHR0bHEtckRpR2FjOXc5T3BHTEUzeW5wdm9RaDVSSDd0MA==,2023-06-08 14:52:33.032373
youtube#commentThread,Q6wAiEMgoYg4W4ytUQw3tJ9Vugw,UgyXpSjDnXHfdeJEYFt4AaABAg,"{'videoId': 'zEfTDpfyt1o', 'topLevelComment': {'kind': 'youtube#comment', 'etag': 'vsnpqNewZ0LQfKATc0LlaoEK2v0', 'id': 'UgyXpSjDnXHfdeJEYFt4AaABAg', 'snippet': {'videoId': 'zEfTDpfyt1o', 'textDisplay': 'A LIBERDADE É UMA VOISA OUTRA COISA É MENTIR COMO VCS FAZEM E SÃO A FAVOR DE UM BANDIDOOO GENOCIDAAAA ESCROTOS DA JOVEM PAN 🤮🤮🤮🤮🤮🤮🤮🤮', 'textOriginal': 'A LIBERDADE É UMA VOISA OUTRA COISA É MENTIR COMO VCS FAZEM E SÃO A FAVOR DE UM BANDIDOOO GENOCIDAAAA ESCROTOS DA JOVEM PAN 🤮🤮🤮🤮🤮🤮🤮🤮', 'authorDisplayName': ""Daniela Sant'Anna"", 'authorProfileImageUrl': 'https://yt3.ggpht.com/ytc/AGIKgqNbTxrusXskGTSs6_V_fcMIP-qUgo5484ehilbQ9XBGvsJmzXgUW08TjVLy4b0f=s48-c-k-c0x00ffffff-no-rj', 'authorChannelUrl': 'http://www.youtube.com/channel/UCCkcc5ZWV_EY4RSJJSiwNsQ', 'authorChannelId': {'value': 'UCCkcc5ZWV_EY4RSJJSiwNsQ'}, 'canRate': True, 'viewerRating': 'none', 'likeCount': 1, 'publishedAt': '2022-10-24T07:03:03Z', 'updatedAt': '2022-10-24T07:03:03Z'}}, 'canReply': True, 'totalReplyCount': 0, 'isPublic': True}",,UCCkcc5ZWV_EY4RSJJSiwNsQ,2022-10-24T07:03:03Z,A LIBERDADE É UMA VOISA OUTRA COISA É MENTIR COMO VCS FAZEM E SÃO A FAVOR DE UM BANDIDOOO GENOCIDAAAA ESCROTOS DA JOVEM PAN 🤮🤮🤮🤮🤮🤮🤮🤮,QURTSl9pMkxsbVJGeERtc2IwN1RLT24tOTN2M1hzRF9YVmtaUmo2anpYVWdKSHR0bHEtckRpR2FjOXc5T3BHTEUzeW5wdm9RaDVSSDd0MA==,2023-06-08 14:52:33.032373
youtube#commentThread,sdx8uQsGMJdlN3kj6ulZ0Jdkv7U,UgzgZJID29A8xiHxjAx4AaABAg,"{'videoId': 'zEfTDpfyt1o', 'topLevelComment': {'kind': 'youtube#comment', 'etag': 'vyGdqSTSk0w9S21NQ_f4W5B4TRo', 'id': 'UgzgZJID29A8xiHxjAx4AaABAg', 'snippet': {'videoId': 'zEfTDpfyt1o', 'textDisplay': 'BANDIDOS BOLSONARISTASSS AGREDINDOOO OS JORNALISTAS 🤮🤮🤮🤮🤮 PARABÉNS BANDIDOS DO GENOCIDAAAA PARABÉNS BANDIDOS WUE AQUI FALAM NESSE MOMENTOOOO🤮🤮🤮🤮', 'textOriginal': 'BANDIDOS BOLSONARISTASSS AGREDINDOOO OS JORNALISTAS 🤮🤮🤮🤮🤮 PARABÉNS BANDIDOS DO GENOCIDAAAA PARABÉNS BANDIDOS WUE AQUI FALAM NESSE MOMENTOOOO🤮🤮🤮🤮', 'authorDisplayName': ""Daniela Sant'Anna"", 'authorProfileImageUrl': 'https://yt3.ggpht.com/ytc/AGIKgqNbTxrusXskGTSs6_V_fcMIP-qUgo5484ehilbQ9XBGvsJmzXgUW08TjVLy4b0f=s48-c-k-c0x00ffffff-no-rj', 'authorChannelUrl': 'http://www.youtube.com/channel/UCCkcc5ZWV_EY4RSJJSiwNsQ', 'authorChannelId': {'value': 'UCCkcc5ZWV_EY4RSJJSiwNsQ'}, 'canRate': True, 'viewerRating': 'none', 'likeCount': 1, 'publishedAt': '2022-10-24T07:01:32Z', 'updatedAt': '2022-10-24T07:01:32Z'}}, 'canReply': True, 'totalReplyCount': 0, 'isPublic': True}",,UCCkcc5ZWV_EY4RSJJSiwNsQ,2022-10-24T07:01:32Z,BANDIDOS BOLSONARISTASSS AGREDINDOOO OS JORNALISTAS 🤮🤮🤮🤮🤮 PARABÉNS BANDIDOS DO GENOCIDAAAA PARABÉNS BANDIDOS WUE AQUI FALAM NESSE MOMENTOOOO🤮🤮🤮🤮,QURTSl9pMkxsbVJGeERtc2IwN1RLT24tOTN2M1hzRF9YVmtaUmo2anpYVWdKSHR0bHEtckRpR2FjOXc5T3BHTEUzeW5wdm9RaDVSSDd0MA==,2023-06-08 14:52:33.032373
youtube#commentThread,-vEt5YIuS1bxR5IlcrCtw47Kqj8,UgyuUbPRaTOLQp6pWb54AaABAg,"{'videoId': 'zEfTDpfyt1o', 'topLevelComment': {'kind': 'youtube#comment', 'etag': 'fQdO4PxusA-BU5oWEYGM-8j9SG8', 'id': 'UgyuUbPRaTOLQp6pWb54AaABAg', 'snippet': {'videoId': 'zEfTDpfyt1o', 'textDisplay': 'Parabens STF/STE o povo esta cansado de ser abusado', 'textOriginal': 'Parabens STF/STE o povo esta cansado de ser abusado', 'authorDisplayName': 'Matheus_Garcia', 'authorProfileImageUrl': 'https://yt3.ggpht.com/ytc/AGIKgqNZJo8nauYvzgqOkpo8gMpeP-Kl8aU3a-x5Sc9FUAY=s48-c-k-c0x00ffffff-no-rj', 'authorChannelUrl': 'http://www.youtube.com/channel/UCzvqhURDJ8WYJWNwV--VAow', 'authorChannelId': {'value': 'UCzvqhURDJ8WYJWNwV--VAow'}, 'canRate': True, 'viewerRating': 'none', 'likeCount': 0, 'publishedAt': '2022-10-24T06:56:36Z', 'updatedAt': '2022-10-24T06:56:36Z'}}, 'canReply': True, 'totalReplyCount': 0, 'isPublic': True}",,UCzvqhURDJ8WYJWNwV--VAow,2022-10-24T06:56:36Z,Parabens STF/STE o povo esta cansado de ser abusado,QURTSl9pMkxsbVJGeERtc2IwN1RLT24tOTN2M1hzRF9YVmtaUmo2anpYVWdKSHR0bHEtckRpR2FjOXc5T3BHTEUzeW5wdm9RaDVSSDd0MA==,2023-06-08 14:52:33.032373
youtube#commentThread,KOTaXPQEF5wZPFzzXxKjbvY2ugA,Ugz-aP1FgPMwpsrroTV4AaABAg,"{'videoId': 'zEfTDpfyt1o', 'topLevelComment': {'kind': 'youtube#comment', 'etag': 'QNeHLkDlskUrmEV7WicfcgLJAhQ', 'id': 'Ugz-aP1FgPMwpsrroTV4AaABAg', 'snippet': {'videoId': 'zEfTDpfyt1o', 'textDisplay': 'Vão culpar o Bolsonaro!', 'textOriginal': 'Vão culpar o Bolsonaro!', 'authorDisplayName': 'Joseph w rocha Silva', 'authorProfileImageUrl': 'https://yt3.ggpht.com/ytc/AGIKgqOdcyIFwk3s2yzQ1wEgl7GHlqHTTQzF0a6-4NBnww=s48-c-k-c0x00ffffff-no-rj', 'authorChannelUrl': 'http://www.youtube.com/channel/UCnhnBr3wUHmD02DtzgY4tvA', 'authorChannelId': {'value': 'UCnhnBr3wUHmD02DtzgY4tvA'}, 'canRate': True, 'viewerRating': 'none', 'likeCount': 0, 'publishedAt': '2022-10-24T06:54:00Z', 'updatedAt': '2022-10-24T06:54:00Z'}}, 'canReply': True, 'totalReplyCount': 0, 'isPublic': True}",,UCnhnBr3wUHmD02DtzgY4tvA,2022-10-24T06:54:00Z,Vão culpar o Bolsonaro!,QURTSl9pMkxsbVJGeERtc2IwN1RLT24tOTN2M1hzRF9YVmtaUmo2anpYVWdKSHR0bHEtckRpR2FjOXc5T3BHTEUzeW5wdm9RaDVSSDd0MA==,2023-06-08 14:52:33.032373
youtube#commentThread,oZtMkYJxqrT1zdRastHbwSvMf1g,Ugwciv7xzYd6OClxmqF4AaABAg,"{'videoId': 'zEfTDpfyt1o', 'topLevelComment': {'kind': 'youtube#comment', 'etag': 'UA6oaMg1TbvRD-mDtFVZjGNqGt0', 'id': 'Ugwciv7xzYd6OClxmqF4AaABAg', 'snippet': {'videoId': 'zEfTDpfyt1o', 'textDisplay': 'Tá errado isso.', 'textOriginal': 'Tá errado isso.', 'authorDisplayName': 'Joseph w rocha Silva', 'authorProfileImageUrl': 'https://yt3.ggpht.com/ytc/AGIKgqOdcyIFwk3s2yzQ1wEgl7GHlqHTTQzF0a6-4NBnww=s48-c-k-c0x00ffffff-no-rj', 'authorChannelUrl': 'http://www.youtube.com/channel/UCnhnBr3wUHmD02DtzgY4tvA', 'authorChannelId': {'value': 'UCnhnBr3wUHmD02DtzgY4tvA'}, 'canRate': True, 'viewerRating': 'none', 'likeCount': 0, 'publishedAt': '2022-10-24T06:53:38Z', 'updatedAt': '2022-10-24T06:53:38Z'}}, 'canReply': True, 'totalReplyCount': 0, 'isPublic': True}",,UCnhnBr3wUHmD02DtzgY4tvA,2022-10-24T06:53:38Z,Tá errado isso.,QURTSl9pMkxsbVJGeERtc2IwN1RLT24tOTN2M1hzRF9YVmtaUmo2anpYVWdKSHR0bHEtckRpR2FjOXc5T3BHTEUzeW5wdm9RaDVSSDd0MA==,2023-06-08 14:52:33.032373
youtube#commentThread,-vKjz_6rvyvK4vCO_hxTZhWOet8,UgzCdan0nDBVYIpn9DB4AaABAg,"{'videoId': 'zEfTDpfyt1o', 'topLevelComment': {'kind': 'youtube#comment', 'etag': 'dtbsfiIX0QoAHF-rBz5CJ4ak_HU', 'id': 'UgzCdan0nDBVYIpn9DB4AaABAg', 'snippet': {'videoId': 'zEfTDpfyt1o', 'textDisplay': 'SE  O PAU QUE BATE EM XICO, BATESSE EM  FRANCISCO  TAMBEM, ISSO NÃO  ESTARIA ACONTECENDO.', 'textOriginal': 'SE  O PAU QUE BATE EM XICO, BATESSE EM  FRANCISCO  TAMBEM, ISSO NÃO  ESTARIA ACONTECENDO.', 'authorDisplayName': 'Mauro Moreira', 'authorProfileImageUrl': 'https://yt3.ggpht.com/ytc/AGIKgqOd5czpTAgbNAIaf90nNy5pfrSDjuRjkmdEL1vpEtXyHN1WDWMBOKeo6YGPPC6-=s48-c-k-c0x00ffffff-no-rj', 'authorChannelUrl': 'http://www.youtube.com/channel/UCDlwJ3o7fme1PCxVfAnnsbA', 'authorChannelId': {'value': 'UCDlwJ3o7fme1PCxVfAnnsbA'}, 'canRate': True, 'viewerRating': 'none', 'likeCount': 0, 'publishedAt': '2022-10-24T06:50:22Z', 'updatedAt': '2022-10-24T06:50:22Z'}}, 'canReply': True, 'totalReplyCount': 0, 'isPublic': True}",,UCDlwJ3o7fme1PCxVfAnnsbA,2022-10-24T06:50:22Z,"SE  O PAU QUE BATE EM XICO, BATESSE EM  FRANCISCO  TAMBEM, ISSO NÃO  ESTARIA ACONTECENDO.",QURTSl9pMkxsbVJGeERtc2IwN1RLT24tOTN2M1hzRF9YVmtaUmo2anpYVWdKSHR0bHEtckRpR2FjOXc5T3BHTEUzeW5wdm9RaDVSSDd0MA==,2023-06-08 14:52:33.032373
youtube#commentThread,gM3oJEpgePsozBP-RBfvrd7r7dI,UgxG9lEHtRMga43Ogyl4AaABAg,"{'videoId': 'zEfTDpfyt1o', 'topLevelComment': {'kind': 'youtube#comment', 'etag': '-uRGsSiRbZdf3EpIyJrj7aOL6vc', 'id': 'UgxG9lEHtRMga43Ogyl4AaABAg', 'snippet': {'videoId': 'zEfTDpfyt1o', 'textDisplay': 'E esse o Brasil  que estamos vendo hoje  misericórdia  povo Brasileiro  vamos  mudar isso  a Nossa democracia esta em Risco', 'textOriginal': 'E esse o Brasil  que estamos vendo hoje  misericórdia  povo Brasileiro  vamos  mudar isso  a Nossa democracia esta em Risco', 'authorDisplayName': 'Raimundo Evangelistaa', 'authorProfileImageUrl': 'https://yt3.ggpht.com/ytc/AGIKgqO6LbpI765WWrzt5j1-mF9xnLXy1wOKTSERndAsVAHHJyLlU3aUg1fnL-AqjeOq=s48-c-k-c0x00ffffff-no-rj', 'authorChannelUrl': 'http://www.youtube.com/channel/UCILAKByV3q9QK3prnLr0f9g', 'authorChannelId': {'value': 'UCILAKByV3q9QK3prnLr0f9g'}, 'canRate': True, 'viewerRating': 'none', 'likeCount': 0, 'publishedAt': '2022-10-24T06:48:45Z', 'updatedAt': '2022-10-24T06:48:45Z'}}, 'canReply': True, 'totalReplyCount': 0, 'isPublic': True}",,UCILAKByV3q9QK3prnLr0f9g,2022-10-24T06:48:45Z,E esse o Brasil  que estamos vendo hoje  misericórdia  povo Brasileiro  vamos  mudar isso  a Nossa democracia esta em Risco,QURTSl9pMkxsbVJGeERtc2IwN1RLT24tOTN2M1hzRF9YVmtaUmo2anpYVWdKSHR0bHEtckRpR2FjOXc5T3BHTEUzeW5wdm9RaDVSSDd0MA==,2023-06-08 14:52:33.032373
youtube#commentThread,kzwhQ8htVE0cT-KsAGqR2L-NddU,UgxTCZTLdh8UZrqvyFB4AaABAg,"{'videoId': 'zEfTDpfyt1o', 'topLevelComment': {'kind': 'youtube#comment', 'etag': 'H59p51PSxPrjva4zGC5Xwi52Qco', 'id': 'UgxTCZTLdh8UZrqvyFB4AaABAg', 'snippet': {'videoId': 'zEfTDpfyt1o', 'textDisplay': 'Deus do céu temos que respeitar as pessoas', 'textOriginal': 'Deus do céu temos que respeitar as pessoas', 'authorDisplayName': 'Fátima Regina De Carvalho', 'authorProfileImageUrl': 'https://yt3.ggpht.com/ytc/AGIKgqOziFT2E2Irfp3eyw3cYmT675_wXKf0JwT5if4KsPU=s48-c-k-c0x00ffffff-no-rj', 'authorChannelUrl': 'http://www.youtube.com/channel/UChfl04Nan8fbYIOVmM-RDOA', 'authorChannelId': {'value': 'UChfl04Nan8fbYIOVmM-RDOA'}, 'canRate': True, 'viewerRating': 'none', 'likeCount': 0, 'publishedAt': '2022-10-24T06:42:01Z', 'updatedAt': '2022-10-24T06:42:01Z'}}, 'canReply': True, 'totalReplyCount': 0, 'isPublic': True}",,UChfl04Nan8fbYIOVmM-RDOA,2022-10-24T06:42:01Z,Deus do céu temos que respeitar as pessoas,QURTSl9pMkxsbVJGeERtc2IwN1RLT24tOTN2M1hzRF9YVmtaUmo2anpYVWdKSHR0bHEtckRpR2FjOXc5T3BHTEUzeW5wdm9RaDVSSDd0MA==,2023-06-08 14:52:33.032373
youtube#commentThread,4vLmlQ6BNxlVa_FkEb9lb9jV2K4,Ugw9v-ROUECjsdScmV54AaABAg,"{'videoId': 'zEfTDpfyt1o', 'topLevelComment': {'kind': 'youtube#comment', 'etag': 'FJFbym2xVXSONbfqCJRZvqev5-Q', 'id': 'Ugw9v-ROUECjsdScmV54AaABAg', 'snippet': {'videoId': 'zEfTDpfyt1o', 'textDisplay': 'Isso tudo que está acontecendo é graças a última estância chamada STF, está gente são pagos para proteger o Brasil e o povo mas estão destruindo o povo de bem e deixando os bandidos e as ideias criminosas do PT ir adiante, nunca imaginei ver tal coisa de um grupo que se diz juízes e ministros ser tão baixo  como o que estou vendo eles estão brincando com o Brasil e com o povo.', 'textOriginal': 'Isso tudo que está acontecendo é graças a última estância chamada STF, está gente são pagos para proteger o Brasil e o povo mas estão destruindo o povo de bem e deixando os bandidos e as ideias criminosas do PT ir adiante, nunca imaginei ver tal coisa de um grupo que se diz juízes e ministros ser tão baixo  como o que estou vendo eles estão brincando com o Brasil e com o povo.', 'authorDisplayName': 'Pereira', 'authorProfileImageUrl': 'https://yt3.ggpht.com/ytc/AGIKgqNXSvCwS1TOWVFerZnmVI0QUk67HH0L_JsLvYgdOcMZ3yqDye-lKr_Yt49S1GfS=s48-c-k-c0x00ffffff-no-rj', 'authorChannelUrl': 'http://www.youtube.com/channel/UCokl2VgrP-gkJ5pvWhlU7Sg', 'authorChannelId': {'value': 'UCokl2VgrP-gkJ5pvWhlU7Sg'}, 'canRate': True, 'viewerRating': 'none', 'likeCount': 0, 'publishedAt': '2022-10-24T06:38:44Z', 'updatedAt': '2022-10-24T06:38:44Z'}}, 'canReply': True, 'totalReplyCount': 0, 'isPublic': True}",,UCokl2VgrP-gkJ5pvWhlU7Sg,2022-10-24T06:38:44Z,"Isso tudo que está acontecendo é graças a última estância chamada STF, está gente são pagos para proteger o Brasil e o povo mas estão destruindo o povo de bem e deixando os bandidos e as ideias criminosas do PT ir adiante, nunca imaginei ver tal coisa de um grupo que se diz juízes e ministros ser tão baixo  como o que estou vendo eles estão brincando com o Brasil e com o povo.",QURTSl9pMkxsbVJGeERtc2IwN1RLT24tOTN2M1hzRF9YVmtaUmo2anpYVWdKSHR0bHEtckRpR2FjOXc5T3BHTEUzeW5wdm9RaDVSSDd0MA==,2023-06-08 14:52:33.032373
youtube#commentThread,13_mm-pyRH6dyhR5WhwWkabvGOU,UgwFr9_Cq9rrPj09ykl4AaABAg,"{'videoId': 'zEfTDpfyt1o', 'topLevelComment': {'kind': 'youtube#comment', 'etag': 'NN_wlMa-zd8yfGcUmntyjQP2aBM', 'id': 'UgwFr9_Cq9rrPj09ykl4AaABAg', 'snippet': {'videoId': 'zEfTDpfyt1o', 'textDisplay': 'A Jovem Pan defendendo o agressor do seu próprio colega de profissão. O apoiador é de Bolsonaro, vamos falar a verdade?', 'textOriginal': 'A Jovem Pan defendendo o agressor do seu próprio colega de profissão. O apoiador é de Bolsonaro, vamos falar a verdade?', 'authorDisplayName': 'junio agripino', 'authorProfileImageUrl': 'https://yt3.ggpht.com/ytc/AGIKgqM-ggvw3ggv-ROiAOk0Ay5eQhpkTrv3uZg77xQd=s48-c-k-c0x00ffffff-no-rj', 'authorChannelUrl': 'http://www.youtube.com/channel/UCmp94NB4uNzuiN59tvN5nzg', 'authorChannelId': {'value': 'UCmp94NB4uNzuiN59tvN5nzg'}, 'canRate': True, 'viewerRating': 'none', 'likeCount': 1, 'publishedAt': '2022-10-24T06:35:51Z', 'updatedAt': '2022-10-24T06:35:51Z'}}, 'canReply': True, 'totalReplyCount': 0, 'isPublic': True}",,UCmp94NB4uNzuiN59tvN5nzg,2022-10-24T06:35:51Z,"A Jovem Pan defendendo o agressor do seu próprio colega de profissão. O apoiador é de Bolsonaro, vamos falar a verdade?",QURTSl9pMkxsbVJGeERtc2IwN1RLT24tOTN2M1hzRF9YVmtaUmo2anpYVWdKSHR0bHEtckRpR2FjOXc5T3BHTEUzeW5wdm9RaDVSSDd0MA==,2023-06-08 14:52:33.032373
youtube#commentThread,GXNv16yWK2K00tpSNGtNjhh9LPg,UgzR0xIaecbwFbj0I5Z4AaABAg,"{'videoId': 'zEfTDpfyt1o', 'topLevelComment': {'kind': 'youtube#comment', 'etag': 'Gm6K9CPdvMxGPcv5wTLgrZmf40E', 'id': 'UgzR0xIaecbwFbj0I5Z4AaABAg', 'snippet': {'videoId': 'zEfTDpfyt1o', 'textDisplay': 'Está começando,o Brasil está despertando', 'textOriginal': 'Está começando,o Brasil está despertando', 'authorDisplayName': 'renan da silva Silva', 'authorProfileImageUrl': 'https://yt3.ggpht.com/ytc/AGIKgqN_o0TKj-2A7j32KHflahkTDqXMOdN9Abl-FQ=s48-c-k-c0x00ffffff-no-rj', 'authorChannelUrl': 'http://www.youtube.com/channel/UC8qcGNm0WNsqESaw1r5O7Iw', 'authorChannelId': {'value': 'UC8qcGNm0WNsqESaw1r5O7Iw'}, 'canRate': True, 'viewerRating': 'none', 'likeCount': 0, 'publishedAt': '2022-10-24T06:30:44Z', 'updatedAt': '2022-10-24T06:30:44Z'}}, 'canReply': True, 'totalReplyCount': 0, 'isPublic': True}",,UC8qcGNm0WNsqESaw1r5O7Iw,2022-10-24T06:30:44Z,"Está começando,o Brasil está despertando",QURTSl9pMkxsbVJGeERtc2IwN1RLT24tOTN2M1hzRF9YVmtaUmo2anpYVWdKSHR0bHEtckRpR2FjOXc5T3BHTEUzeW5wdm9RaDVSSDd0MA==,2023-06-08 14:52:33.032373
youtube#commentThread,Du3tcpsYW7Yk3lgtm3DFmpPyXpw,UgwmwKU5ADG4M-WaVeh4AaABAg,"{'videoId': 'zEfTDpfyt1o', 'topLevelComment': {'kind': 'youtube#comment', 'etag': 'MvxViKRfDVc0_fLlR90cnCa7Ltg', 'id': 'UgwmwKU5ADG4M-WaVeh4AaABAg', 'snippet': {'videoId': 'zEfTDpfyt1o', 'textDisplay': 'Agressão e coisa de bandido <br>Oração tem mais poder que agressão <br>DEUS NO CONTROLE .', 'textOriginal': 'Agressão e coisa de bandido \\nOração tem mais poder que agressão \\nDEUS NO CONTROLE .', 'authorDisplayName': 'Lucia Freitas', 'authorProfileImageUrl': 'https://yt3.ggpht.com/ytc/AGIKgqPRZCBxmdqxzZrMFCUJ0S5TvLQ0Po1DJRTkV03X=s48-c-k-c0x00ffffff-no-rj', 'authorChannelUrl': 'http://www.youtube.com/channel/UCfO1eV1ksDszwoUFVTF5M-w', 'authorChannelId': {'value': 'UCfO1eV1ksDszwoUFVTF5M-w'}, 'canRate': True, 'viewerRating': 'none', 'likeCount': 0, 'publishedAt': '2022-10-24T06:15:05Z', 'updatedAt': '2022-10-24T06:15:05Z'}}, 'canReply': True, 'totalReplyCount': 0, 'isPublic': True}",,UCfO1eV1ksDszwoUFVTF5M-w,2022-10-24T06:15:05Z,"Agressão e coisa de bandido 
Oração tem mais poder que agressão 
DEUS NO CONTROLE .",QURTSl9pMkxsbVJGeERtc2IwN1RLT24tOTN2M1hzRF9YVmtaUmo2anpYVWdKSHR0bHEtckRpR2FjOXc5T3BHTEUzeW5wdm9RaDVSSDd0MA==,2023-06-08 14:52:33.032373
youtube#commentThread,p73ZPBWkyNM_sNp3YwSG8w0QNIM,Ugy-WDIVn_pC7txw-114AaABAg,"{'videoId': 'zEfTDpfyt1o', 'topLevelComment': {'kind': 'youtube#comment', 'etag': 'XkMhwrT49bPKjFAnAt_6lSHH7_0', 'id': 'Ugy-WDIVn_pC7txw-114AaABAg', 'snippet': {'videoId': 'zEfTDpfyt1o', 'textDisplay': 'Tudo isso por culpa do STF TSE e do Pacheco e da Midia marron de Esquerda e do Luladrão 👹', 'textOriginal': 'Tudo isso por culpa do STF TSE e do Pacheco e da Midia marron de Esquerda e do Luladrão 👹', 'authorDisplayName': 'Vanderlei Bispo', 'authorProfileImageUrl': 'https://yt3.ggpht.com/ytc/AGIKgqOxBKeohZUY9X5hRpORd2M3JM1s9x950IyOzV3fYr8Hu9xaL4qiNLplVtkHffJL=s48-c-k-c0x00ffffff-no-rj', 'authorChannelUrl': 'http://www.youtube.com/channel/UCvuYNHPMtn9oBGAR48TamEQ', 'authorChannelId': {'value': 'UCvuYNHPMtn9oBGAR48TamEQ'}, 'canRate': True, 'viewerRating': 'none', 'likeCount': 0, 'publishedAt': '2022-10-24T06:06:23Z', 'updatedAt': '2022-10-24T06:06:23Z'}}, 'canReply': True, 'totalReplyCount': 0, 'isPublic': True}",,UCvuYNHPMtn9oBGAR48TamEQ,2022-10-24T06:06:23Z,Tudo isso por culpa do STF TSE e do Pacheco e da Midia marron de Esquerda e do Luladrão 👹,QURTSl9pMkxsbVJGeERtc2IwN1RLT24tOTN2M1hzRF9YVmtaUmo2anpYVWdKSHR0bHEtckRpR2FjOXc5T3BHTEUzeW5wdm9RaDVSSDd0MA==,2023-06-08 14:52:33.032373
youtube#commentThread,46bfcTfttP_ZgnSEM6FISdESqdY,UgzU2cyfq3GQZ6u-4mF4AaABAg,"{'videoId': 'zEfTDpfyt1o', 'topLevelComment': {'kind': 'youtube#comment', 'etag': 'XyfdDodcgMxsjn6L6-R6BqjltW0', 'id': 'UgzU2cyfq3GQZ6u-4mF4AaABAg', 'snippet': {'videoId': 'zEfTDpfyt1o', 'textDisplay': 'Na verdade o agressor é apoiador do BOLSONARO e não do Bob Jeff. <br>Adesivo do &quot;MITO&quot; colada na camisa &quot;VERDE PATRIOTA&quot;', 'textOriginal': 'Na verdade o agressor é apoiador do BOLSONARO e não do Bob Jeff. \\nAdesivo do ""MITO"" colada na camisa ""VERDE PATRIOTA""', 'authorDisplayName': 'Fabio Tamarozzi', 'authorProfileImageUrl': 'https://yt3.ggpht.com/ytc/AGIKgqMOTGXN0VWDWjm8nv9jorfEQgD2CITP81bGdgfD=s48-c-k-c0x00ffffff-no-rj', 'authorChannelUrl': 'http://www.youtube.com/channel/UC8UQ3nISjtyUdMqveBUU3wA', 'authorChannelId': {'value': 'UC8UQ3nISjtyUdMqveBUU3wA'}, 'canRate': True, 'viewerRating': 'none', 'likeCount': 0, 'publishedAt': '2022-10-24T06:04:38Z', 'updatedAt': '2022-10-24T06:04:38Z'}}, 'canReply': True, 'totalReplyCount': 0, 'isPublic': True}",,UC8UQ3nISjtyUdMqveBUU3wA,2022-10-24T06:04:38Z,"Na verdade o agressor é apoiador do BOLSONARO e não do Bob Jeff. 
Adesivo do ""MITO"" colada na camisa ""VERDE PATRIOTA""",QURTSl9pMkxsbVJGeERtc2IwN1RLT24tOTN2M1hzRF9YVmtaUmo2anpYVWdKSHR0bHEtckRpR2FjOXc5T3BHTEUzeW5wdm9RaDVSSDd0MA==,2023-06-08 14:52:33.032373
youtube#commentThread,vr2leMnowylQC3rccjajFDxOBP4,UgzOXrVWr4kfGVa_ahp4AaABAg,"{'videoId': 'zEfTDpfyt1o', 'topLevelComment': {'kind': 'youtube#comment', 'etag': 'ZrKe35Af2bTMy1zMRrs_3AeOivk', 'id': 'UgzOXrVWr4kfGVa_ahp4AaABAg', 'snippet': {'videoId': 'zEfTDpfyt1o', 'textDisplay': 'NÃO SÃO AS IMAGENS AQUI!: (AO VIVO) SUPER LIVE DO ROBERTO JEFFERSON CANAL OZZY RETURN.', 'textOriginal': 'NÃO SÃO AS IMAGENS AQUI!: (AO VIVO) SUPER LIVE DO ROBERTO JEFFERSON CANAL OZZY RETURN.', 'authorDisplayName': 'Sandra Gouvea', 'authorProfileImageUrl': 'https://yt3.ggpht.com/ytc/AGIKgqN-QJFfhLJzFvEQ-vXLAEH9GQc5qotZh5mr=s48-c-k-c0x00ffffff-no-rj', 'authorChannelUrl': 'http://www.youtube.com/channel/UC_DwG1jyfFmvDZ9lMS6PsIQ', 'authorChannelId': {'value': 'UC_DwG1jyfFmvDZ9lMS6PsIQ'}, 'canRate': True, 'viewerRating': 'none', 'likeCount': 0, 'publishedAt': '2022-10-24T05:49:01Z', 'updatedAt': '2022-10-24T05:49:01Z'}}, 'canReply': True, 'totalReplyCount': 0, 'isPublic': True}",,UC_DwG1jyfFmvDZ9lMS6PsIQ,2022-10-24T05:49:01Z,NÃO SÃO AS IMAGENS AQUI!: (AO VIVO) SUPER LIVE DO ROBERTO JEFFERSON CANAL OZZY RETURN.,QURTSl9pMkxsbVJGeERtc2IwN1RLT24tOTN2M1hzRF9YVmtaUmo2anpYVWdKSHR0bHEtckRpR2FjOXc5T3BHTEUzeW5wdm9RaDVSSDd0MA==,2023-06-08 14:52:33.032373
youtube#commentThread,m_XWh8KPCpk187ksKRWXluiwzhY,UgzF4tFNPthRcymZ0ix4AaABAg,"{'videoId': 'zEfTDpfyt1o', 'topLevelComment': {'kind': 'youtube#comment', 'etag': 'C0bduk-A9aZPCiEciTD6CjPDoKY', 'id': 'UgzF4tFNPthRcymZ0ix4AaABAg', 'snippet': {'videoId': 'zEfTDpfyt1o', 'textDisplay': 'O povo não aguenta mais a globo filmando para levantar narrativas dirigidas negativamente ao presidente, qualquer que seja o fato. <br>Vejam se eles fazem alguma cobertura quando de algum evento positivo do presidente o negócio é só filmar algo para denegrir a imagem do Bolsonaro, completamente  imparciais. Termina desta forma porque a justiça só tem um lado.', 'textOriginal': 'O povo não aguenta mais a globo filmando para levantar narrativas dirigidas negativamente ao presidente, qualquer que seja o fato. \\nVejam se eles fazem alguma cobertura quando de algum evento positivo do presidente o negócio é só filmar algo para denegrir a imagem do Bolsonaro, completamente  imparciais. Termina desta forma porque a justiça só tem um lado.', 'authorDisplayName': 'Emanuel Moraes Moraes', 'authorProfileImageUrl': 'https://yt3.ggpht.com/ytc/AGIKgqOMo8POHXAsM5z-B_c2ydb5D_jye4B3yDVrkQ=s48-c-k-c0x00ffffff-no-rj', 'authorChannelUrl': 'http://www.youtube.com/channel/UCadSQT4Z_RIw1zvrgokmd4A', 'authorChannelId': {'value': 'UCadSQT4Z_RIw1zvrgokmd4A'}, 'canRate': True, 'viewerRating': 'none', 'likeCount': 0, 'publishedAt': '2022-10-24T05:47:45Z', 'updatedAt': '2022-10-24T05:55:32Z'}}, 'canReply': True, 'totalReplyCount': 0, 'isPublic': True}",,UCadSQT4Z_RIw1zvrgokmd4A,2022-10-24T05:47:45Z,"O povo não aguenta mais a globo filmando para levantar narrativas dirigidas negativamente ao presidente, qualquer que seja o fato. 
Vejam se eles fazem alguma cobertura quando de algum evento positivo do presidente o negócio é só filmar algo para denegrir a imagem do Bolsonaro, completamente  imparciais. Termina desta forma porque a justiça só tem um lado.",QURTSl9pMkxsbVJGeERtc2IwN1RLT24tOTN2M1hzRF9YVmtaUmo2anpYVWdKSHR0bHEtckRpR2FjOXc5T3BHTEUzeW5wdm9RaDVSSDd0MA==,2023-06-08 14:52:33.032373
youtube#commentThread,C2qyrdnsEuyrjnGuLP22gvvPcds,UgwxqVA7148GWecjbOh4AaABAg,"{'videoId': 'zEfTDpfyt1o', 'topLevelComment': {'kind': 'youtube#comment', 'etag': 'Jf7dDR19SZqnjgKYdETBg2zUYV8', 'id': 'UgwxqVA7148GWecjbOh4AaABAg', 'snippet': {'videoId': 'zEfTDpfyt1o', 'textDisplay': 'TUDO ISSO DEVE-SE INFELIZMENTE A INSEGURANÇA JURÍDICA, QUE ACONTECE NO PAÍS PROTAGONIZADO PELO STF!', 'textOriginal': 'TUDO ISSO DEVE-SE INFELIZMENTE A INSEGURANÇA JURÍDICA, QUE ACONTECE NO PAÍS PROTAGONIZADO PELO STF!', 'authorDisplayName': 'Romildo Dias de Lima', 'authorProfileImageUrl': 'https://yt3.ggpht.com/ytc/AGIKgqPymGwY_1or98YjrLAEMNDQviY3wgcfIGovWA=s48-c-k-c0x00ffffff-no-rj', 'authorChannelUrl': 'http://www.youtube.com/channel/UCVnuRlZHyTGXe2OsgqCKRlg', 'authorChannelId': {'value': 'UCVnuRlZHyTGXe2OsgqCKRlg'}, 'canRate': True, 'viewerRating': 'none', 'likeCount': 0, 'publishedAt': '2022-10-24T05:47:38Z', 'updatedAt': '2022-10-24T05:47:38Z'}}, 'canReply': True, 'totalReplyCount': 1, 'isPublic': True}","{'comments': [{'kind': 'youtube#comment', 'etag': 'WOOvF9cmtuGAeiUJsf-NA3efd5E', 'id': 'UgwxqVA7148GWecjbOh4AaABAg.9hYy8KukOok9ibwlxoa8FG', 'snippet': {'videoId': 'zEfTDpfyt1o', 'textDisplay': '&quot;, É EXATAMENTE ISSO QUE VOCÊ DISSE,&quot;<br>MAS ACONTECE COM OS SINISTROS SÓ CONSEGUEM ENXERGAREM OS PRÓPRIOS  UMBIGOS ,&quot; <br>NA REALIDADE SÃO ASSIM QUE ACONTE QUANDO NÃO SABEMOS ESCOLHER OS NOSSOS FUNCIONÁRIOS PÚBLICOS ,&quot;<br><br>TODO MUNDO SABE QUE ELES SÃO NOSSOS EMPREGADOS PÚBLICOS ,&quot; SÓ QUE ELES GANHAM PRA NOS ENGANAREM HUMILHAREM SACRIFICAR NÓS DE TODAS AS FORMAS ,&#39;', 'textOriginal': '"", É EXATAMENTE ISSO QUE VOCÊ DISSE,""\\nMAS ACONTECE COM OS SINISTROS SÓ CONSEGUEM ENXERGAREM OS PRÓPRIOS  UMBIGOS ,"" \\nNA REALIDADE SÃO ASSIM QUE ACONTE QUANDO NÃO SABEMOS ESCOLHER OS NOSSOS FUNCIONÁRIOS PÚBLICOS ,""\\n\\nTODO MUNDO SABE QUE ELES SÃO NOSSOS EMPREGADOS PÚBLICOS ,"" SÓ QUE ELES GANHAM PRA NOS ENGANAREM HUMILHAREM SACRIFICAR NÓS DE TODAS AS FORMAS ,\\'', 'parentId': 'UgwxqVA7148GWecjbOh4AaABAg', 'authorDisplayName': 'Irene Rocha', 'authorProfileImageUrl': 'https://yt3.ggpht.com/ytc/AGIKgqOoP9hf97z-k4DyaGw1EPATeL4bW3HdfGAO_RvtPg=s48-c-k-c0x00ffffff-no-rj', 'authorChannelUrl': 'http://www.youtube.com/channel/UCRuCOBLuiCdipx0IyeC60iA', 'authorChannelId': {'value': 'UCRuCOBLuiCdipx0IyeC60iA'}, 'canRate': True, 'viewerRating': 'none', 'likeCount': 0, 'publishedAt': '2022-11-19T15:24:04Z', 'updatedAt': '2022-11-19T15:24:04Z'}}]}",UCVnuRlZHyTGXe2OsgqCKRlg,2022-10-24T05:47:38Z,"TUDO ISSO DEVE-SE INFELIZMENTE A INSEGURANÇA JURÍDICA, QUE ACONTECE NO PAÍS PROTAGONIZADO PELO STF!",QURTSl9pMkxsbVJGeERtc2IwN1RLT24tOTN2M1hzRF9YVmtaUmo2anpYVWdKSHR0bHEtckRpR2FjOXc5T3BHTEUzeW5wdm9RaDVSSDd0MA==,2023-06-08 14:52:33.032373
youtube#commentThread,L3MdeYFRdcLXiWI3sTZ64MFCn00,UgwX0XKtOuxGIqPdoEx4AaABAg,"{'videoId': 'zEfTDpfyt1o', 'topLevelComment': {'kind': 'youtube#comment', 'etag': 'lU4NEFGlpd3eTOp37_6oHgxeFkc', 'id': 'UgwX0XKtOuxGIqPdoEx4AaABAg', 'snippet': {'videoId': 'zEfTDpfyt1o', 'textDisplay': 'o cara de verde agrediu na  barba do policial e a policia não fez nada...', 'textOriginal': 'o cara de verde agrediu na  barba do policial e a policia não fez nada...', 'authorDisplayName': 'Marcos Shows e Eventos', 'authorProfileImageUrl': 'https://yt3.ggpht.com/06I74w-00OCvK36CJXcYn09UDi-f6FmqIZUl9lJrGfrDLR7EWBP9g1_1BkNPqjLSv0w9KJlZHQ=s48-c-k-c0x00ffffff-no-rj', 'authorChannelUrl': 'http://www.youtube.com/channel/UC0TED_wlBhoABmgc0oI-86A', 'authorChannelId': {'value': 'UC0TED_wlBhoABmgc0oI-86A'}, 'canRate': True, 'viewerRating': 'none', 'likeCount': 0, 'publishedAt': '2022-10-24T05:47:02Z', 'updatedAt': '2022-10-24T05:47:02Z'}}, 'canReply': True, 'totalReplyCount': 0, 'isPublic': True}",,UC0TED_wlBhoABmgc0oI-86A,2022-10-24T05:47:02Z,o cara de verde agrediu na  barba do policial e a policia não fez nada...,QURTSl9pMkxsbVJGeERtc2IwN1RLT24tOTN2M1hzRF9YVmtaUmo2anpYVWdKSHR0bHEtckRpR2FjOXc5T3BHTEUzeW5wdm9RaDVSSDd0MA==,2023-06-08 14:52:33.032373
youtube#commentThread,ligl7ipQSGhXXZWAOCT2KKQMb4o,UgwHZDNS9_DIvafx5254AaABAg,"{'videoId': 'zEfTDpfyt1o', 'topLevelComment': {'kind': 'youtube#comment', 'etag': 'DjjvDHSTrFcNpFZbXoZ7sjY3y9c', 'id': 'UgwHZDNS9_DIvafx5254AaABAg', 'snippet': {'videoId': 'zEfTDpfyt1o', 'textDisplay': 'O que mais me deixa indignado é a jovem pan fazer sensacionalismo por conta de um rapaz que agrediu um cinegrafista dizer que os apoiadores de Roberto Jefferson agrediram o repórter foi um caso isolado a jovem pan está sofrendo censura por conta de um ministro do STF que hoje preside o TSE e ainda fica falando que por conta de um rapaz que cometer um crime agredindo cinegrafista diz que é apoiador de Roberto Jefferson vocês devem sofrer censura mesmo porque eu assistia vocês mas a partir do momento que vocês fazem um jornalismo c*<b>***</b> desse por conta de um cara que comete um erro você julga todo os apoiadores do Roberto Jefferson que reagiu legalmente contra uma agressão que foi sofrido contra polícia federal vocês continua sendo c*<b>***</b> assim como o Alexandre de Moraes devem sofrer censura mesmo vocês deveria sair do ar', 'textOriginal': 'O que mais me deixa indignado é a jovem pan fazer sensacionalismo por conta de um rapaz que agrediu um cinegrafista dizer que os apoiadores de Roberto Jefferson agrediram o repórter foi um caso isolado a jovem pan está sofrendo censura por conta de um ministro do STF que hoje preside o TSE e ainda fica falando que por conta de um rapaz que cometer um crime agredindo cinegrafista diz que é apoiador de Roberto Jefferson vocês devem sofrer censura mesmo porque eu assistia vocês mas a partir do momento que vocês fazem um jornalismo c****** desse por conta de um cara que comete um erro você julga todo os apoiadores do Roberto Jefferson que reagiu legalmente contra uma agressão que foi sofrido contra polícia federal vocês continua sendo c****** assim como o Alexandre de Moraes devem sofrer censura mesmo vocês deveria sair do ar', 'authorDisplayName': 'diham Pinheiro', 'authorProfileImageUrl': 'https://yt3.ggpht.com/ytc/AGIKgqOcPsrGr9OpZDZZwa61Nw_4EWZnTwRTi3AUL0lowKk=s48-c-k-c0x00ffffff-no-rj', 'authorChannelUrl': 'http://www.youtube.com/channel/UCdWR3VpKQNkuZYQrsWnxBQw', 'authorChannelId': {'value': 'UCdWR3VpKQNkuZYQrsWnxBQw'}, 'canRate': True, 'viewerRating': 'none', 'likeCount': 0, 'publishedAt': '2022-10-24T05:42:29Z', 'updatedAt': '2022-10-24T05:42:29Z'}}, 'canReply': True, 'totalReplyCount': 0, 'isPublic': True}",,UCdWR3VpKQNkuZYQrsWnxBQw,2022-10-24T05:42:29Z,O que mais me deixa indignado é a jovem pan fazer sensacionalismo por conta de um rapaz que agrediu um cinegrafista dizer que os apoiadores de Roberto Jefferson agrediram o repórter foi um caso isolado a jovem pan está sofrendo censura por conta de um ministro do STF que hoje preside o TSE e ainda fica falando que por conta de um rapaz que cometer um crime agredindo cinegrafista diz que é apoiador de Roberto Jefferson vocês devem sofrer censura mesmo porque eu assistia vocês mas a partir do momento que vocês fazem um jornalismo c****** desse por conta de um cara que comete um erro você julga todo os apoiadores do Roberto Jefferson que reagiu legalmente contra uma agressão que foi sofrido contra polícia federal vocês continua sendo c****** assim como o Alexandre de Moraes devem sofrer censura mesmo vocês deveria sair do ar,QURTSl9pMkxsbVJGeERtc2IwN1RLT24tOTN2M1hzRF9YVmtaUmo2anpYVWdKSHR0bHEtckRpR2FjOXc5T3BHTEUzeW5wdm9RaDVSSDd0MA==,2023-06-08 14:52:33.032373
youtube#commentThread,hvDLaBYUTkR02lGbZn8t1Axotf4,UgzsLQbev95pkz_jNqB4AaABAg,"{'videoId': 'zEfTDpfyt1o', 'topLevelComment': {'kind': 'youtube#comment', 'etag': 'JmP4ALV5TRhCJ8UfXbf1C1iAjEk', 'id': 'UgzsLQbev95pkz_jNqB4AaABAg', 'snippet': {'videoId': 'zEfTDpfyt1o', 'textDisplay': 'É sério isso JP? Não algo melhor para nos passar?', 'textOriginal': 'É sério isso JP? Não algo melhor para nos passar?', 'authorDisplayName': 'R A F A', 'authorProfileImageUrl': 'https://yt3.ggpht.com/ytc/AGIKgqM4O58PXYrytQYWjHfvHZDObgQONjuwB0d8dQ=s48-c-k-c0x00ffffff-no-rj', 'authorChannelUrl': 'http://www.youtube.com/channel/UCiCDV-OZ7IM8OZAiEZ8-3ig', 'authorChannelId': {'value': 'UCiCDV-OZ7IM8OZAiEZ8-3ig'}, 'canRate': True, 'viewerRating': 'none', 'likeCount': 1, 'publishedAt': '2022-10-24T05:42:14Z', 'updatedAt': '2022-10-24T05:42:14Z'}}, 'canReply': True, 'totalReplyCount': 0, 'isPublic': True}",,UCiCDV-OZ7IM8OZAiEZ8-3ig,2022-10-24T05:42:14Z,É sério isso JP? Não algo melhor para nos passar?,QURTSl9pMkxsbVJGeERtc2IwN1RLT24tOTN2M1hzRF9YVmtaUmo2anpYVWdKSHR0bHEtckRpR2FjOXc5T3BHTEUzeW5wdm9RaDVSSDd0MA==,2023-06-08 14:52:33.032373
youtube#commentThread,b2O7xGyGsgJow2AF5UI1ZBC4E9s,Ugxk3GS-lrfjG-7uJdN4AaABAg,"{'videoId': 'zEfTDpfyt1o', 'topLevelComment': {'kind': 'youtube#comment', 'etag': 'FEig64zgPuEyv8rbfR2sM5TWKI0', 'id': 'Ugxk3GS-lrfjG-7uJdN4AaABAg', 'snippet': {'videoId': 'zEfTDpfyt1o', 'textDisplay': 'o primeiro a atacar é o presidente da Republica apartir do monento que ele ataca a Imprensa....', 'textOriginal': 'o primeiro a atacar é o presidente da Republica apartir do monento que ele ataca a Imprensa....', 'authorDisplayName': 'Marcos Shows e Eventos', 'authorProfileImageUrl': 'https://yt3.ggpht.com/06I74w-00OCvK36CJXcYn09UDi-f6FmqIZUl9lJrGfrDLR7EWBP9g1_1BkNPqjLSv0w9KJlZHQ=s48-c-k-c0x00ffffff-no-rj', 'authorChannelUrl': 'http://www.youtube.com/channel/UC0TED_wlBhoABmgc0oI-86A', 'authorChannelId': {'value': 'UC0TED_wlBhoABmgc0oI-86A'}, 'canRate': True, 'viewerRating': 'none', 'likeCount': 0, 'publishedAt': '2022-10-24T05:40:08Z', 'updatedAt': '2022-10-24T05:40:54Z'}}, 'canReply': True, 'totalReplyCount': 0, 'isPublic': True}",,UC0TED_wlBhoABmgc0oI-86A,2022-10-24T05:40:08Z,o primeiro a atacar é o presidente da Republica apartir do monento que ele ataca a Imprensa....,QURTSl9pMkxsbVJGeERtc2IwN1RLT24tOTN2M1hzRF9YVmtaUmo2anpYVWdKSHR0bHEtckRpR2FjOXc5T3BHTEUzeW5wdm9RaDVSSDd0MA==,2023-06-08 14:52:33.032373
youtube#commentThread,JlPznH1ua09mN5-d4Wcp6gh7pn8,Ugwygy-5_82_dipwBjZ4AaABAg,"{'videoId': 'zEfTDpfyt1o', 'topLevelComment': {'kind': 'youtube#comment', 'etag': 'ENlEo9PUftJCiWRhiTe5JbEzJZo', 'id': 'Ugwygy-5_82_dipwBjZ4AaABAg', 'snippet': {'videoId': 'zEfTDpfyt1o', 'textDisplay': 'Apoiadores de Bolsonaro , seja sincero...', 'textOriginal': 'Apoiadores de Bolsonaro , seja sincero...', 'authorDisplayName': 'Marcos Shows e Eventos', 'authorProfileImageUrl': 'https://yt3.ggpht.com/06I74w-00OCvK36CJXcYn09UDi-f6FmqIZUl9lJrGfrDLR7EWBP9g1_1BkNPqjLSv0w9KJlZHQ=s48-c-k-c0x00ffffff-no-rj', 'authorChannelUrl': 'http://www.youtube.com/channel/UC0TED_wlBhoABmgc0oI-86A', 'authorChannelId': {'value': 'UC0TED_wlBhoABmgc0oI-86A'}, 'canRate': True, 'viewerRating': 'none', 'likeCount': 0, 'publishedAt': '2022-10-24T05:36:00Z', 'updatedAt': '2022-10-24T05:36:00Z'}}, 'canReply': True, 'totalReplyCount': 0, 'isPublic': True}",,UC0TED_wlBhoABmgc0oI-86A,2022-10-24T05:36:00Z,"Apoiadores de Bolsonaro , seja sincero...",QURTSl9pMkxsbVJGeERtc2IwN1RLT24tOTN2M1hzRF9YVmtaUmo2anpYVWdKSHR0bHEtckRpR2FjOXc5T3BHTEUzeW5wdm9RaDVSSDd0MA==,2023-06-08 14:52:33.032373
youtube#commentThread,q1mHjp0OW88yDsbq6RHeg31UD_0,UgzVLDlNUI4nEOxpWZZ4AaABAg,"{'videoId': 'zEfTDpfyt1o', 'topLevelComment': {'kind': 'youtube#comment', 'etag': 'drLfOEPClHJqgB5RMDDTYU-Kw-g', 'id': 'UgzVLDlNUI4nEOxpWZZ4AaABAg', 'snippet': {'videoId': 'zEfTDpfyt1o', 'textDisplay': 'Triste de ver uma imagem dessa. Somos trabalhadores. Espero que o homem esteja bem. Minha solidariedade ao cinegrafista.', 'textOriginal': 'Triste de ver uma imagem dessa. Somos trabalhadores. Espero que o homem esteja bem. Minha solidariedade ao cinegrafista.', 'authorDisplayName': 'Liberdade de expressão', 'authorProfileImageUrl': 'https://yt3.ggpht.com/ytc/AGIKgqM-VIhNpd8bbQGpJX4HOP4KDr2nGsZd7TIGK1TFom4wXipC4Hp7IRGT_UrymJcf=s48-c-k-c0x00ffffff-no-rj', 'authorChannelUrl': 'http://www.youtube.com/channel/UCNrVVLjVm5eTaI8nuizBz7A', 'authorChannelId': {'value': 'UCNrVVLjVm5eTaI8nuizBz7A'}, 'canRate': True, 'viewerRating': 'none', 'likeCount': 0, 'publishedAt': '2022-10-24T05:32:23Z', 'updatedAt': '2022-10-24T05:32:23Z'}}, 'canReply': True, 'totalReplyCount': 0, 'isPublic': True}",,UCNrVVLjVm5eTaI8nuizBz7A,2022-10-24T05:32:23Z,Triste de ver uma imagem dessa. Somos trabalhadores. Espero que o homem esteja bem. Minha solidariedade ao cinegrafista.,QURTSl9pMkxsbVJGeERtc2IwN1RLT24tOTN2M1hzRF9YVmtaUmo2anpYVWdKSHR0bHEtckRpR2FjOXc5T3BHTEUzeW5wdm9RaDVSSDd0MA==,2023-06-08 14:52:33.032373
youtube#commentThread,XqxWpc3YWvA5uBMBB1WuMBRweR4,Ugxy_KMmNatV5GXwchV4AaABAg,"{'videoId': 'zEfTDpfyt1o', 'topLevelComment': {'kind': 'youtube#comment', 'etag': 'gh8V9KdAta7YMTc16UuJXcQkQN8', 'id': 'Ugxy_KMmNatV5GXwchV4AaABAg', 'snippet': {'videoId': 'zEfTDpfyt1o', 'textDisplay': 'Oxi ates de agredir era apoiador do Bolsonaro,  depois que agrediu virou apoiador do Roberto? Kkkkkkkkkk cada um enxerga a mentira que quer.', 'textOriginal': 'Oxi ates de agredir era apoiador do Bolsonaro,  depois que agrediu virou apoiador do Roberto? Kkkkkkkkkk cada um enxerga a mentira que quer.', 'authorDisplayName': 'Sérgio Ricardo', 'authorProfileImageUrl': 'https://yt3.ggpht.com/ytc/AGIKgqPntsDia32XPFgH0PVMOD7xQMNGGqSciAX3vg=s48-c-k-c0x00ffffff-no-rj', 'authorChannelUrl': 'http://www.youtube.com/channel/UCto9_5K5QXzHIxftu3W2N8w', 'authorChannelId': {'value': 'UCto9_5K5QXzHIxftu3W2N8w'}, 'canRate': True, 'viewerRating': 'none', 'likeCount': 0, 'publishedAt': '2022-10-24T05:29:51Z', 'updatedAt': '2022-10-24T05:29:51Z'}}, 'canReply': True, 'totalReplyCount': 0, 'isPublic': True}",,UCto9_5K5QXzHIxftu3W2N8w,2022-10-24T05:29:51Z,"Oxi ates de agredir era apoiador do Bolsonaro,  depois que agrediu virou apoiador do Roberto? Kkkkkkkkkk cada um enxerga a mentira que quer.",QURTSl9pMkxsbVJGeERtc2IwN1RLT24tOTN2M1hzRF9YVmtaUmo2anpYVWdKSHR0bHEtckRpR2FjOXc5T3BHTEUzeW5wdm9RaDVSSDd0MA==,2023-06-08 14:52:33.032373
youtube#commentThread,wFJHLk4QgfxelXNSqsVqxuX-kyc,UgwQFwch-PLuyoJMUl54AaABAg,"{'videoId': 'zEfTDpfyt1o', 'topLevelComment': {'kind': 'youtube#comment', 'etag': 'dt9e_Op3oFsr6vTjGUkh3J8wTfs', 'id': 'UgwQFwch-PLuyoJMUl54AaABAg', 'snippet': {'videoId': 'zEfTDpfyt1o', 'textDisplay': 'Se contrariar os camisas verde-amarela eles mete tiro.', 'textOriginal': 'Se contrariar os camisas verde-amarela eles mete tiro.', 'authorDisplayName': 'Sérgio Ricardo', 'authorProfileImageUrl': 'https://yt3.ggpht.com/ytc/AGIKgqPntsDia32XPFgH0PVMOD7xQMNGGqSciAX3vg=s48-c-k-c0x00ffffff-no-rj', 'authorChannelUrl': 'http://www.youtube.com/channel/UCto9_5K5QXzHIxftu3W2N8w', 'authorChannelId': {'value': 'UCto9_5K5QXzHIxftu3W2N8w'}, 'canRate': True, 'viewerRating': 'none', 'likeCount': 0, 'publishedAt': '2022-10-24T05:25:21Z', 'updatedAt': '2022-10-24T05:25:21Z'}}, 'canReply': True, 'totalReplyCount': 0, 'isPublic': True}",,UCto9_5K5QXzHIxftu3W2N8w,2022-10-24T05:25:21Z,Se contrariar os camisas verde-amarela eles mete tiro.,QURTSl9pMkxsbVJGeERtc2IwN1RLT24tOTN2M1hzRF9YVmtaUmo2anpYVWdKSHR0bHEtckRpR2FjOXc5T3BHTEUzeW5wdm9RaDVSSDd0MA==,2023-06-08 14:52:33.032373
youtube#commentThread,19Viw8CAuLmKjlXCrFTZ3Ptzb0g,Ugy9jir4O7wbjYmv3K94AaABAg,"{'videoId': 'zEfTDpfyt1o', 'topLevelComment': {'kind': 'youtube#comment', 'etag': '0zLCHPOolQ5ZjzniRQuhMlbYTeA', 'id': 'Ugy9jir4O7wbjYmv3K94AaABAg', 'snippet': {'videoId': 'zEfTDpfyt1o', 'textDisplay': 'AO INVÉS DAS PESSOAS FALAREM DA PRISÃO ILEGAL, COM MANDATO DE OFÍCIO, TOTALMENTE ILEGAL, EM PLENO DOMINGO, ONDE OS RESPONSÁVEIS SÃO VÍTIMAS E ALGOZES AO MESMO TEMPO,  COMO O RÉU VAI TER UM JULGAMENTO JUSTO SE A VÍTIMA É O PRÓPRIO JUIZ QUE VAI JULGAR O RÉU ?, PASSANDO POR CIMA DOS CÓDIGOS E PROCEDIMENTOS LEGAIS, E AINDA CONFESSANDO QUE ESTÃO PROMOVENDO A CENSURA, COM UM CENÁRIO POLÍTICO QUE PODE LEVAR À TODOS NÓS À DITADURA COMUNISTA, VAMOS MESMO GASTAR NOSSO PRECIOSO TEMPO FALANDO DE CINEGRAFISTA DA GLOBOLIXO ?  TAH TUDO ERRADO NESSE BRASIL. QUEM DEVERIA FOCAR NA LIBERDADE, ESTÁ CUIDANDO DE MIMIMI DE TERCEIROS.', 'textOriginal': 'AO INVÉS DAS PESSOAS FALAREM DA PRISÃO ILEGAL, COM MANDATO DE OFÍCIO, TOTALMENTE ILEGAL, EM PLENO DOMINGO, ONDE OS RESPONSÁVEIS SÃO VÍTIMAS E ALGOZES AO MESMO TEMPO,  COMO O RÉU VAI TER UM JULGAMENTO JUSTO SE A VÍTIMA É O PRÓPRIO JUIZ QUE VAI JULGAR O RÉU ?, PASSANDO POR CIMA DOS CÓDIGOS E PROCEDIMENTOS LEGAIS, E AINDA CONFESSANDO QUE ESTÃO PROMOVENDO A CENSURA, COM UM CENÁRIO POLÍTICO QUE PODE LEVAR À TODOS NÓS À DITADURA COMUNISTA, VAMOS MESMO GASTAR NOSSO PRECIOSO TEMPO FALANDO DE CINEGRAFISTA DA GLOBOLIXO ?  TAH TUDO ERRADO NESSE BRASIL. QUEM DEVERIA FOCAR NA LIBERDADE, ESTÁ CUIDANDO DE MIMIMI DE TERCEIROS.', 'authorDisplayName': 'Johnny Whitemage', 'authorProfileImageUrl': 'https://yt3.ggpht.com/ytc/AGIKgqNN7nfH_2ZQ4KzBBjh1Jy9MiPu6EVtcuxsvOhUSWA=s48-c-k-c0x00ffffff-no-rj', 'authorChannelUrl': 'http://www.youtube.com/channel/UCnmUFD7rNoUhKbGQS_16pCQ', 'authorChannelId': {'value': 'UCnmUFD7rNoUhKbGQS_16pCQ'}, 'canRate': True, 'viewerRating': 'none', 'likeCount': 1, 'publishedAt': '2022-10-24T05:21:15Z', 'updatedAt': '2022-10-24T05:21:15Z'}}, 'canReply': True, 'totalReplyCount': 0, 'isPublic': True}",,UCnmUFD7rNoUhKbGQS_16pCQ,2022-10-24T05:21:15Z,"AO INVÉS DAS PESSOAS FALAREM DA PRISÃO ILEGAL, COM MANDATO DE OFÍCIO, TOTALMENTE ILEGAL, EM PLENO DOMINGO, ONDE OS RESPONSÁVEIS SÃO VÍTIMAS E ALGOZES AO MESMO TEMPO,  COMO O RÉU VAI TER UM JULGAMENTO JUSTO SE A VÍTIMA É O PRÓPRIO JUIZ QUE VAI JULGAR O RÉU ?, PASSANDO POR CIMA DOS CÓDIGOS E PROCEDIMENTOS LEGAIS, E AINDA CONFESSANDO QUE ESTÃO PROMOVENDO A CENSURA, COM UM CENÁRIO POLÍTICO QUE PODE LEVAR À TODOS NÓS À DITADURA COMUNISTA, VAMOS MESMO GASTAR NOSSO PRECIOSO TEMPO FALANDO DE CINEGRAFISTA DA GLOBOLIXO ?  TAH TUDO ERRADO NESSE BRASIL. QUEM DEVERIA FOCAR NA LIBERDADE, ESTÁ CUIDANDO DE MIMIMI DE TERCEIROS.",QURTSl9pMkxsbVJGeERtc2IwN1RLT24tOTN2M1hzRF9YVmtaUmo2anpYVWdKSHR0bHEtckRpR2FjOXc5T3BHTEUzeW5wdm9RaDVSSDd0MA==,2023-06-08 14:52:33.032373
youtube#commentThread,38Aa6qxUBR23xGNpSUJQJrNk8zw,UgzwkdnYJcaOel-i07h4AaABAg,"{'videoId': 'zEfTDpfyt1o', 'topLevelComment': {'kind': 'youtube#comment', 'etag': 'GIpNacLqbaZwTiQBbquMqR0vIsU', 'id': 'UgzwkdnYJcaOel-i07h4AaABAg', 'snippet': {'videoId': 'zEfTDpfyt1o', 'textDisplay': 'QUAL PROBLEMA ? SAO JORNALISTAS QUE DEFENDEM OS TIRANOS DO STF', 'textOriginal': 'QUAL PROBLEMA ? SAO JORNALISTAS QUE DEFENDEM OS TIRANOS DO STF', 'authorDisplayName': 'Hugo Delmas', 'authorProfileImageUrl': 'https://yt3.ggpht.com/ytc/AGIKgqMf1F9qBRDF-l0WsM7REaBckpk3_sHpaMuKi6o0v1-qp7LHTPz66CpPXe5SW8sx=s48-c-k-c0x00ffffff-no-rj', 'authorChannelUrl': 'http://www.youtube.com/channel/UCdDMkCh9MQUWfif8QvRF1eQ', 'authorChannelId': {'value': 'UCdDMkCh9MQUWfif8QvRF1eQ'}, 'canRate': True, 'viewerRating': 'none', 'likeCount': 0, 'publishedAt': '2022-10-24T05:17:41Z', 'updatedAt': '2022-10-24T05:17:41Z'}}, 'canReply': True, 'totalReplyCount': 0, 'isPublic': True}",,UCdDMkCh9MQUWfif8QvRF1eQ,2022-10-24T05:17:41Z,QUAL PROBLEMA ? SAO JORNALISTAS QUE DEFENDEM OS TIRANOS DO STF,QURTSl9pMkxsbVJGeERtc2IwN1RLT24tOTN2M1hzRF9YVmtaUmo2anpYVWdKSHR0bHEtckRpR2FjOXc5T3BHTEUzeW5wdm9RaDVSSDd0MA==,2023-06-08 14:52:33.032373
youtube#commentThread,OD_ttQ5dO4rl8jHxZeeKIncGUmg,UgzFtVIix7d-_S7TaTN4AaABAg,"{'videoId': 'zEfTDpfyt1o', 'topLevelComment': {'kind': 'youtube#comment', 'etag': '8fIl7nzvSDx-f7-k-zoTLn-UckY', 'id': 'UgzFtVIix7d-_S7TaTN4AaABAg', 'snippet': {'videoId': 'zEfTDpfyt1o', 'textDisplay': 'Jovem Passa Pano, não sao apoiadores', 'textOriginal': 'Jovem Passa Pano, não sao apoiadores', 'authorDisplayName': 'Césarbn Bolinelli', 'authorProfileImageUrl': 'https://yt3.ggpht.com/ytc/AGIKgqMWrNPxw41644zzsQgT_hIB9Cx3hyCNzLgdxQ=s48-c-k-c0x00ffffff-no-rj', 'authorChannelUrl': 'http://www.youtube.com/channel/UCFjwlLFvvz3tlIX9PmI3kiA', 'authorChannelId': {'value': 'UCFjwlLFvvz3tlIX9PmI3kiA'}, 'canRate': True, 'viewerRating': 'none', 'likeCount': 0, 'publishedAt': '2022-10-24T05:15:01Z', 'updatedAt': '2022-10-24T05:15:01Z'}}, 'canReply': True, 'totalReplyCount': 1, 'isPublic': True}","{'comments': [{'kind': 'youtube#comment', 'etag': 'Bfp5X_uqZoyz7yca6bhcLBXqcN8', 'id': 'UgzFtVIix7d-_S7TaTN4AaABAg.9hYuPNqUvum9hYuY3m8MYK', 'snippet': {'videoId': 'zEfTDpfyt1o', 'textDisplay': 'Não são apoiadores de R J , são de Bolsonaro.', 'textOriginal': 'Não são apoiadores de R J , são de Bolsonaro.', 'parentId': 'UgzFtVIix7d-_S7TaTN4AaABAg', 'authorDisplayName': 'Césarbn Bolinelli', 'authorProfileImageUrl': 'https://yt3.ggpht.com/ytc/AGIKgqMWrNPxw41644zzsQgT_hIB9Cx3hyCNzLgdxQ=s48-c-k-c0x00ffffff-no-rj', 'authorChannelUrl': 'http://www.youtube.com/channel/UCFjwlLFvvz3tlIX9PmI3kiA', 'authorChannelId': {'value': 'UCFjwlLFvvz3tlIX9PmI3kiA'}, 'canRate': True, 'viewerRating': 'none', 'likeCount': 0, 'publishedAt': '2022-10-24T05:16:12Z', 'updatedAt': '2022-10-24T05:16:12Z'}}]}",UCFjwlLFvvz3tlIX9PmI3kiA,2022-10-24T05:15:01Z,"Jovem Passa Pano, não sao apoiadores",QURTSl9pMkxsbVJGeERtc2IwN1RLT24tOTN2M1hzRF9YVmtaUmo2anpYVWdKSHR0bHEtckRpR2FjOXc5T3BHTEUzeW5wdm9RaDVSSDd0MA==,2023-06-08 14:52:33.032373
youtube#commentThread,RSO6q1RHWsOxrf_gj8uoosiLlXU,UgyoM1soHx-hr9fylnR4AaABAg,"{'videoId': 'zEfTDpfyt1o', 'topLevelComment': {'kind': 'youtube#comment', 'etag': 'XiUDI7tEsMx79yUP6kSDPEwnGW4', 'id': 'UgyoM1soHx-hr9fylnR4AaABAg', 'snippet': {'videoId': 'zEfTDpfyt1o', 'textDisplay': 'EMPURRÃOZINHO.  FOI NADA.  MUITO MIMIMIMIMI.  ESPEROU O CONTATO, E SE JOGOU, FEZ CENA, SEGUE O JOGO.', 'textOriginal': 'EMPURRÃOZINHO.  FOI NADA.  MUITO MIMIMIMIMI.  ESPEROU O CONTATO, E SE JOGOU, FEZ CENA, SEGUE O JOGO.', 'authorDisplayName': 'Johnny Whitemage', 'authorProfileImageUrl': 'https://yt3.ggpht.com/ytc/AGIKgqNN7nfH_2ZQ4KzBBjh1Jy9MiPu6EVtcuxsvOhUSWA=s48-c-k-c0x00ffffff-no-rj', 'authorChannelUrl': 'http://www.youtube.com/channel/UCnmUFD7rNoUhKbGQS_16pCQ', 'authorChannelId': {'value': 'UCnmUFD7rNoUhKbGQS_16pCQ'}, 'canRate': True, 'viewerRating': 'none', 'likeCount': 1, 'publishedAt': '2022-10-24T05:14:07Z', 'updatedAt': '2022-10-24T05:14:07Z'}}, 'canReply': True, 'totalReplyCount': 0, 'isPublic': True}",,UCnmUFD7rNoUhKbGQS_16pCQ,2022-10-24T05:14:07Z,"EMPURRÃOZINHO.  FOI NADA.  MUITO MIMIMIMIMI.  ESPEROU O CONTATO, E SE JOGOU, FEZ CENA, SEGUE O JOGO.",QURTSl9pMkxsbVJGeERtc2IwN1RLT24tOTN2M1hzRF9YVmtaUmo2anpYVWdKSHR0bHEtckRpR2FjOXc5T3BHTEUzeW5wdm9RaDVSSDd0MA==,2023-06-08 14:52:33.032373
youtube#commentThread,BqUrqsKA5W8buEsVomIO__dwoPs,Ugy_H_m_WoEjTdnzrHB4AaABAg,"{'videoId': 'zEfTDpfyt1o', 'topLevelComment': {'kind': 'youtube#comment', 'etag': 'idUp3GLPUQidrUyRiuTJKKDpNVo', 'id': 'Ugy_H_m_WoEjTdnzrHB4AaABAg', 'snippet': {'videoId': 'zEfTDpfyt1o', 'textDisplay': 'JP vai mentir também.<br>Foi uma das pessoas e não apoiadores.<br>A verdade, só a verdade e nada mais que a verdade.', 'textOriginal': 'JP vai mentir também.\\nFoi uma das pessoas e não apoiadores.\\nA verdade, só a verdade e nada mais que a verdade.', 'authorDisplayName': 'Maricota Tati', 'authorProfileImageUrl': 'https://yt3.ggpht.com/ytc/AGIKgqNN_wCx9lFJ9W04P2ROUF7F3hJpQ7A2RRcF3w=s48-c-k-c0x00ffffff-no-rj', 'authorChannelUrl': 'http://www.youtube.com/channel/UCSm7lhh_zkFOu0apl5J0r-A', 'authorChannelId': {'value': 'UCSm7lhh_zkFOu0apl5J0r-A'}, 'canRate': True, 'viewerRating': 'none', 'likeCount': 0, 'publishedAt': '2022-10-24T05:08:38Z', 'updatedAt': '2022-10-24T05:08:38Z'}}, 'canReply': True, 'totalReplyCount': 0, 'isPublic': True}",,UCSm7lhh_zkFOu0apl5J0r-A,2022-10-24T05:08:38Z,"JP vai mentir também.
Foi uma das pessoas e não apoiadores.
A verdade, só a verdade e nada mais que a verdade.",QURTSl9pMkxsbVJGeERtc2IwN1RLT24tOTN2M1hzRF9YVmtaUmo2anpYVWdKSHR0bHEtckRpR2FjOXc5T3BHTEUzeW5wdm9RaDVSSDd0MA==,2023-06-08 14:52:33.032373
youtube#commentThread,IsFvIMGQkvi29J7pxvuTfkQimcA,Ugykx0TctmEUWbQJ-nd4AaABAg,"{'videoId': 'zEfTDpfyt1o', 'topLevelComment': {'kind': 'youtube#comment', 'etag': 'uxeEa5XGfYEBgJllBU68gmEisS4', 'id': 'Ugykx0TctmEUWbQJ-nd4AaABAg', 'snippet': {'videoId': 'zEfTDpfyt1o', 'textDisplay': 'É a crise que o supremo está causando no país.', 'textOriginal': 'É a crise que o supremo está causando no país.', 'authorDisplayName': 'Lafaider Carreiro', 'authorProfileImageUrl': 'https://yt3.ggpht.com/ytc/AGIKgqOeLmWQjIvtzMlEMTZvj-6gMsrRApK22WMpmA=s48-c-k-c0x00ffffff-no-rj', 'authorChannelUrl': 'http://www.youtube.com/channel/UCUsQ_JaMuj88zayTgCLteUw', 'authorChannelId': {'value': 'UCUsQ_JaMuj88zayTgCLteUw'}, 'canRate': True, 'viewerRating': 'none', 'likeCount': 0, 'publishedAt': '2022-10-24T05:06:56Z', 'updatedAt': '2022-10-24T05:06:56Z'}}, 'canReply': True, 'totalReplyCount': 0, 'isPublic': True}",,UCUsQ_JaMuj88zayTgCLteUw,2022-10-24T05:06:56Z,É a crise que o supremo está causando no país.,QURTSl9pMkxsbVJGeERtc2IwN1RLT24tOTN2M1hzRF9YVmtaUmo2anpYVWdKSHR0bHEtckRpR2FjOXc5T3BHTEUzeW5wdm9RaDVSSDd0MA==,2023-06-08 14:52:33.032373
youtube#commentThread,EMTEceW4ozORhBE4uZ0WsHXm59o,Ugxohs_CEjSPV-GwOBV4AaABAg,"{'videoId': 'zEfTDpfyt1o', 'topLevelComment': {'kind': 'youtube#comment', 'etag': 'wENtD_Lh5nx_HjCPbAh0BN4ehRk', 'id': 'Ugxohs_CEjSPV-GwOBV4AaABAg', 'snippet': {'videoId': 'zEfTDpfyt1o', 'textDisplay': 'se o STF não fosse assim isso não estaria acontecendo, tudo por culpa do ativismo judicial', 'textOriginal': 'se o STF não fosse assim isso não estaria acontecendo, tudo por culpa do ativismo judicial', 'authorDisplayName': 'Brasil', 'authorProfileImageUrl': 'https://yt3.ggpht.com/N3wLRIeCeUO4MEjJyn1xlycPIiAMKB1fV-TkphHegnKwY531WWxkuG2lWU94bm_MCddiLMfN=s48-c-k-c0x00ffffff-no-rj', 'authorChannelUrl': 'http://www.youtube.com/channel/UCULnMhQJse8haHDz42WY8ow', 'authorChannelId': {'value': 'UCULnMhQJse8haHDz42WY8ow'}, 'canRate': True, 'viewerRating': 'none', 'likeCount': 1, 'publishedAt': '2022-10-24T04:53:54Z', 'updatedAt': '2022-10-24T04:53:54Z'}}, 'canReply': True, 'totalReplyCount': 0, 'isPublic': True}",,UCULnMhQJse8haHDz42WY8ow,2022-10-24T04:53:54Z,"se o STF não fosse assim isso não estaria acontecendo, tudo por culpa do ativismo judicial",QURTSl9pMkxsbVJGeERtc2IwN1RLT24tOTN2M1hzRF9YVmtaUmo2anpYVWdKSHR0bHEtckRpR2FjOXc5T3BHTEUzeW5wdm9RaDVSSDd0MA==,2023-06-08 14:52:33.032373
youtube#commentThread,F17srBsABA9f_RxWAwVdv_wUWDs,UgwqBxrn0q8HKivjN6Z4AaABAg,"{'videoId': 'zEfTDpfyt1o', 'topLevelComment': {'kind': 'youtube#comment', 'etag': '3EJYjF49YSW5kN__I5fMs5MakOo', 'id': 'UgwqBxrn0q8HKivjN6Z4AaABAg', 'snippet': {'videoId': 'zEfTDpfyt1o', 'textDisplay': 'isto e injustificavel <br>independente  de qual emissora pertença', 'textOriginal': 'isto e injustificavel \\nindependente  de qual emissora pertença', 'authorDisplayName': 'Maria das Graças Ferreira da Silva', 'authorProfileImageUrl': 'https://yt3.ggpht.com/ytc/AGIKgqPBP58jjMNZp0rEAKMmQWb7eObFruFRF1XX3Q=s48-c-k-c0x00ffffff-no-rj', 'authorChannelUrl': 'http://www.youtube.com/channel/UCc8h7YoVzOKhVINQCIpp4uA', 'authorChannelId': {'value': 'UCc8h7YoVzOKhVINQCIpp4uA'}, 'canRate': True, 'viewerRating': 'none', 'likeCount': 0, 'publishedAt': '2022-10-24T04:52:35Z', 'updatedAt': '2022-10-24T04:52:35Z'}}, 'canReply': True, 'totalReplyCount': 0, 'isPublic': True}",,UCc8h7YoVzOKhVINQCIpp4uA,2022-10-24T04:52:35Z,"isto e injustificavel 
independente  de qual emissora pertença",QURTSl9pMkxsbVJGeERtc2IwN1RLT24tOTN2M1hzRF9YVmtaUmo2anpYVWdKSHR0bHEtckRpR2FjOXc5T3BHTEUzeW5wdm9RaDVSSDd0MA==,2023-06-08 14:52:33.032373
youtube#commentThread,PW6u5bUsdvRBHXOh9do7wpM1k18,Ugy_ZD6hWHubEoJ8SOF4AaABAg,"{'videoId': 'zEfTDpfyt1o', 'topLevelComment': {'kind': 'youtube#comment', 'etag': 'BW0rM1_Add6MBGs-I93opFOPPto', 'id': 'Ugy_ZD6hWHubEoJ8SOF4AaABAg', 'snippet': {'videoId': 'zEfTDpfyt1o', 'textDisplay': 'Babaquice somos patriotas. Nos poupe. Esses bolsonaristas já ultrapassaram todos os limites.', 'textOriginal': 'Babaquice somos patriotas. Nos poupe. Esses bolsonaristas já ultrapassaram todos os limites.', 'authorDisplayName': 'Fátima Maranhao', 'authorProfileImageUrl': 'https://yt3.ggpht.com/ytc/AGIKgqOWSoH22TZvvJiRaZiAjOCTLfvNo1YOSV9_7Q=s48-c-k-c0x00ffffff-no-rj', 'authorChannelUrl': 'http://www.youtube.com/channel/UCeLIui7KpH1F0oaDuSRq5lg', 'authorChannelId': {'value': 'UCeLIui7KpH1F0oaDuSRq5lg'}, 'canRate': True, 'viewerRating': 'none', 'likeCount': 0, 'publishedAt': '2022-10-24T04:51:52Z', 'updatedAt': '2022-10-24T04:51:52Z'}}, 'canReply': True, 'totalReplyCount': 0, 'isPublic': True}",,UCeLIui7KpH1F0oaDuSRq5lg,2022-10-24T04:51:52Z,Babaquice somos patriotas. Nos poupe. Esses bolsonaristas já ultrapassaram todos os limites.,QURTSl9pMkxsbVJGeERtc2IwN1RLT24tOTN2M1hzRF9YVmtaUmo2anpYVWdKSHR0bHEtckRpR2FjOXc5T3BHTEUzeW5wdm9RaDVSSDd0MA==,2023-06-08 14:52:33.032373
youtube#commentThread,PILydfSG-eB7XvOzL0s2pNJP3fQ,UgwDY3sqDcPMq3bNJdl4AaABAg,"{'videoId': 'zEfTDpfyt1o', 'topLevelComment': {'kind': 'youtube#comment', 'etag': 'AWGGf1gRurF8mgA0R-EXni9nfpg', 'id': 'UgwDY3sqDcPMq3bNJdl4AaABAg', 'snippet': {'videoId': 'zEfTDpfyt1o', 'textDisplay': 'Bolsonarista só pode ser', 'textOriginal': 'Bolsonarista só pode ser', 'authorDisplayName': 'Fátima Maranhao', 'authorProfileImageUrl': 'https://yt3.ggpht.com/ytc/AGIKgqOWSoH22TZvvJiRaZiAjOCTLfvNo1YOSV9_7Q=s48-c-k-c0x00ffffff-no-rj', 'authorChannelUrl': 'http://www.youtube.com/channel/UCeLIui7KpH1F0oaDuSRq5lg', 'authorChannelId': {'value': 'UCeLIui7KpH1F0oaDuSRq5lg'}, 'canRate': True, 'viewerRating': 'none', 'likeCount': 0, 'publishedAt': '2022-10-24T04:50:14Z', 'updatedAt': '2022-10-24T04:50:14Z'}}, 'canReply': True, 'totalReplyCount': 0, 'isPublic': True}",,UCeLIui7KpH1F0oaDuSRq5lg,2022-10-24T04:50:14Z,Bolsonarista só pode ser,QURTSl9pMkNiSk90eXJMNUhBbThTSkJrU3FheFktZjc0XzFsM3pQVWRFTHBzbzk4LWp4cnBmMnI3dS1LSDhFNnZqNW1kZjRvcW41R0RQTQ==,2023-06-08 14:52:33.903598
youtube#commentThread,Nf8Jd1NROarFShYSM0mw9BQtWHw,Ugx_MN1nyV1PZ-9FxuZ4AaABAg,"{'videoId': 'zEfTDpfyt1o', 'topLevelComment': {'kind': 'youtube#comment', 'etag': 'CGBLolxHnB13blYF4CcQZwLtdsg', 'id': 'Ugx_MN1nyV1PZ-9FxuZ4AaABAg', 'snippet': {'videoId': 'zEfTDpfyt1o', 'textDisplay': 'Esse cara que conversa com os policias tentando se explicar por causa da camisa era igual  nao e o mesma pessoal pode ver nas imagem o outro estava com boné era mais  alto esse  oque agrediu caiu fora .', 'textOriginal': 'Esse cara que conversa com os policias tentando se explicar por causa da camisa era igual  nao e o mesma pessoal pode ver nas imagem o outro estava com boné era mais  alto esse  oque agrediu caiu fora .', 'authorDisplayName': 'Alex', 'authorProfileImageUrl': 'https://yt3.ggpht.com/gEw2U-49lzcp4cCfB3K1yYAT7afKuOM3TRYPVQfvcwy5xQ4UmtTcyn9OiTNOtGhHXNgriVGGqEg=s48-c-k-c0x00ffffff-no-rj', 'authorChannelUrl': 'http://www.youtube.com/channel/UCymlfnEwwqHK4MFTozCSsaw', 'authorChannelId': {'value': 'UCymlfnEwwqHK4MFTozCSsaw'}, 'canRate': True, 'viewerRating': 'none', 'likeCount': 0, 'publishedAt': '2022-10-24T04:49:11Z', 'updatedAt': '2022-10-24T05:01:23Z'}}, 'canReply': True, 'totalReplyCount': 0, 'isPublic': True}",,UCymlfnEwwqHK4MFTozCSsaw,2022-10-24T04:49:11Z,Esse cara que conversa com os policias tentando se explicar por causa da camisa era igual  nao e o mesma pessoal pode ver nas imagem o outro estava com boné era mais  alto esse  oque agrediu caiu fora .,QURTSl9pMkNiSk90eXJMNUhBbThTSkJrU3FheFktZjc0XzFsM3pQVWRFTHBzbzk4LWp4cnBmMnI3dS1LSDhFNnZqNW1kZjRvcW41R0RQTQ==,2023-06-08 14:52:33.903598
youtube#commentThread,EFkJZ1XgxEIgoHkRApHwy-j3P58,Ugxnb8aCLRvPUI3V3L14AaABAg,"{'videoId': 'zEfTDpfyt1o', 'topLevelComment': {'kind': 'youtube#comment', 'etag': 'Kfw8tXW-xyOHiYqUkwiHwgk92sM', 'id': 'Ugxnb8aCLRvPUI3V3L14AaABAg', 'snippet': {'videoId': 'zEfTDpfyt1o', 'textDisplay': 'absurdo. não tem outro palavra .', 'textOriginal': 'absurdo. não tem outro palavra .', 'authorDisplayName': 'Myung Chung', 'authorProfileImageUrl': 'https://yt3.ggpht.com/ytc/AGIKgqNlIOEvpBijm3ECOzjzPXTXC6_KW2FHSaMm8w=s48-c-k-c0x00ffffff-no-rj', 'authorChannelUrl': 'http://www.youtube.com/channel/UCVRQc1WrEt_dnDW9VFo3hVQ', 'authorChannelId': {'value': 'UCVRQc1WrEt_dnDW9VFo3hVQ'}, 'canRate': True, 'viewerRating': 'none', 'likeCount': 0, 'publishedAt': '2022-10-24T04:48:57Z', 'updatedAt': '2022-10-24T04:48:57Z'}}, 'canReply': True, 'totalReplyCount': 0, 'isPublic': True}",,UCVRQc1WrEt_dnDW9VFo3hVQ,2022-10-24T04:48:57Z,absurdo. não tem outro palavra .,QURTSl9pMkNiSk90eXJMNUhBbThTSkJrU3FheFktZjc0XzFsM3pQVWRFTHBzbzk4LWp4cnBmMnI3dS1LSDhFNnZqNW1kZjRvcW41R0RQTQ==,2023-06-08 14:52:33.903598
youtube#commentThread,ZrUulndpg5iAsIqXEkFeQQlAjHk,UgxCK6OMN-ByGmlxXxt4AaABAg,"{'videoId': 'zEfTDpfyt1o', 'topLevelComment': {'kind': 'youtube#comment', 'etag': 'lG_pP4RwTvyFdx3uiubU1Rqqvc0', 'id': 'UgxCK6OMN-ByGmlxXxt4AaABAg', 'snippet': {'videoId': 'zEfTDpfyt1o', 'textDisplay': 'Nós sempre lutamos de forma correta e justa, mas a esquerda está precisando tomar uma dose do próprio veneno!!', 'textOriginal': 'Nós sempre lutamos de forma correta e justa, mas a esquerda está precisando tomar uma dose do próprio veneno!!', 'authorDisplayName': 'Silas Miranda', 'authorProfileImageUrl': 'https://yt3.ggpht.com/ytc/AGIKgqPADFbwjOl2N7qe3NBwi0Qp5jrWWTlr6-NYSQ=s48-c-k-c0x00ffffff-no-rj', 'authorChannelUrl': 'http://www.youtube.com/channel/UCBZaG_i45DkosKzQjKXJ4FQ', 'authorChannelId': {'value': 'UCBZaG_i45DkosKzQjKXJ4FQ'}, 'canRate': True, 'viewerRating': 'none', 'likeCount': 0, 'publishedAt': '2022-10-24T04:48:47Z', 'updatedAt': '2022-10-24T04:48:47Z'}}, 'canReply': True, 'totalReplyCount': 0, 'isPublic': True}",,UCBZaG_i45DkosKzQjKXJ4FQ,2022-10-24T04:48:47Z,"Nós sempre lutamos de forma correta e justa, mas a esquerda está precisando tomar uma dose do próprio veneno!!",QURTSl9pMkNiSk90eXJMNUhBbThTSkJrU3FheFktZjc0XzFsM3pQVWRFTHBzbzk4LWp4cnBmMnI3dS1LSDhFNnZqNW1kZjRvcW41R0RQTQ==,2023-06-08 14:52:33.903598
youtube#commentThread,QUk2xpbDIWaMFUE7Vu-RaYcfYQc,UgxobOsRVBhetnXqz414AaABAg,"{'videoId': 'zEfTDpfyt1o', 'topLevelComment': {'kind': 'youtube#comment', 'etag': 'B5eV7e-vPeL2RktLSqbQRH1kvxU', 'id': 'UgxobOsRVBhetnXqz414AaABAg', 'snippet': {'videoId': 'zEfTDpfyt1o', 'textDisplay': 'que ninguém, pode ser agredido, em qualquer produção,ninguém e melhor que  ninguém.', 'textOriginal': 'que ninguém, pode ser agredido, em qualquer produção,ninguém e melhor que  ninguém.', 'authorDisplayName': 'Carlos Antonio Graziano', 'authorProfileImageUrl': 'https://yt3.ggpht.com/ytc/AGIKgqND90GWYBGWM0gdK9o2mZVX5WSnHCwSAfPhpA=s48-c-k-c0x00ffffff-no-rj', 'authorChannelUrl': 'http://www.youtube.com/channel/UCq53unFLjQK3tieEtZ5as5A', 'authorChannelId': {'value': 'UCq53unFLjQK3tieEtZ5as5A'}, 'canRate': True, 'viewerRating': 'none', 'likeCount': 0, 'publishedAt': '2022-10-24T04:45:08Z', 'updatedAt': '2022-10-24T04:45:08Z'}}, 'canReply': True, 'totalReplyCount': 0, 'isPublic': True}",,UCq53unFLjQK3tieEtZ5as5A,2022-10-24T04:45:08Z,"que ninguém, pode ser agredido, em qualquer produção,ninguém e melhor que  ninguém.",QURTSl9pMkNiSk90eXJMNUhBbThTSkJrU3FheFktZjc0XzFsM3pQVWRFTHBzbzk4LWp4cnBmMnI3dS1LSDhFNnZqNW1kZjRvcW41R0RQTQ==,2023-06-08 14:52:33.903598
youtube#commentThread,6kGTwXXFdkmol0IzgefgWI3Oq_s,UgxbyBaBxP2epZwCIDN4AaABAg,"{'videoId': 'zEfTDpfyt1o', 'topLevelComment': {'kind': 'youtube#comment', 'etag': '81f47mTes1mZoCYcSs0_7feDETQ', 'id': 'UgxbyBaBxP2epZwCIDN4AaABAg', 'snippet': {'videoId': 'zEfTDpfyt1o', 'textDisplay': 'Suano vc comenta este ato horrível se justificando com a liberdade de expressão , vc me dá vomitos', 'textOriginal': 'Suano vc comenta este ato horrível se justificando com a liberdade de expressão , vc me dá vomitos', 'authorDisplayName': 'Manuel Almeida', 'authorProfileImageUrl': 'https://yt3.ggpht.com/ytc/AGIKgqNnTBny3ie_TQZbQ9KB1Aw5VEbHbC2dNCY4Bg=s48-c-k-c0x00ffffff-no-rj', 'authorChannelUrl': 'http://www.youtube.com/channel/UCqWVscATfIuK0vSPpZzVyYw', 'authorChannelId': {'value': 'UCqWVscATfIuK0vSPpZzVyYw'}, 'canRate': True, 'viewerRating': 'none', 'likeCount': 0, 'publishedAt': '2022-10-24T04:44:30Z', 'updatedAt': '2022-10-24T04:45:57Z'}}, 'canReply': True, 'totalReplyCount': 0, 'isPublic': True}",,UCqWVscATfIuK0vSPpZzVyYw,2022-10-24T04:44:30Z,"Suano vc comenta este ato horrível se justificando com a liberdade de expressão , vc me dá vomitos",QURTSl9pMkNiSk90eXJMNUhBbThTSkJrU3FheFktZjc0XzFsM3pQVWRFTHBzbzk4LWp4cnBmMnI3dS1LSDhFNnZqNW1kZjRvcW41R0RQTQ==,2023-06-08 14:52:33.903598
youtube#commentThread,Vwov-mKqlAEF22RRKbcgLDNNwTQ,Ugwoze7_OQbNvnznO8h4AaABAg,"{'videoId': 'zEfTDpfyt1o', 'topLevelComment': {'kind': 'youtube#comment', 'etag': '1PvZ0pCYWHIKBc7i8JmpduBt3Yc', 'id': 'Ugwoze7_OQbNvnznO8h4AaABAg', 'snippet': {'videoId': 'zEfTDpfyt1o', 'textDisplay': 'Agrediu perde a razão nesse caso', 'textOriginal': 'Agrediu perde a razão nesse caso', 'authorDisplayName': 'Mary Mari Marie', 'authorProfileImageUrl': 'https://yt3.ggpht.com/ytc/AGIKgqOjFVvggSxucsjeQ92EhY7dOFl8wbbr5uNxXlFR57c=s48-c-k-c0x00ffffff-no-rj', 'authorChannelUrl': 'http://www.youtube.com/channel/UCWzSMu3bpEGlPKNRQJ2RvAw', 'authorChannelId': {'value': 'UCWzSMu3bpEGlPKNRQJ2RvAw'}, 'canRate': True, 'viewerRating': 'none', 'likeCount': 0, 'publishedAt': '2022-10-24T04:42:58Z', 'updatedAt': '2022-10-24T04:42:58Z'}}, 'canReply': True, 'totalReplyCount': 0, 'isPublic': True}",,UCWzSMu3bpEGlPKNRQJ2RvAw,2022-10-24T04:42:58Z,Agrediu perde a razão nesse caso,QURTSl9pMkNiSk90eXJMNUhBbThTSkJrU3FheFktZjc0XzFsM3pQVWRFTHBzbzk4LWp4cnBmMnI3dS1LSDhFNnZqNW1kZjRvcW41R0RQTQ==,2023-06-08 14:52:33.903598
youtube#commentThread,A7SRJ6qjjvmfKm3EHFBRpMpeM40,UgyrLaEFBZLnjbfL6pR4AaABAg,"{'videoId': 'zEfTDpfyt1o', 'topLevelComment': {'kind': 'youtube#comment', 'etag': '0v2n6JugaP1pQI6BSYVPa3e0Njc', 'id': 'UgyrLaEFBZLnjbfL6pR4AaABAg', 'snippet': {'videoId': 'zEfTDpfyt1o', 'textDisplay': 'Toda essa situação é responsabilidade do sr Alexandre de Moraes que se acha um deus, responsabilize ele por esta situação', 'textOriginal': 'Toda essa situação é responsabilidade do sr Alexandre de Moraes que se acha um deus, responsabilize ele por esta situação', 'authorDisplayName': 'Possoli Possoli', 'authorProfileImageUrl': 'https://yt3.ggpht.com/ytc/AGIKgqOsgoXn8lhuJFREX_qJ-SBBQ-bggecJOYqXL-U-0gRJ53bpXOxSxqc3uOHcIv-f=s48-c-k-c0x00ffffff-no-rj', 'authorChannelUrl': 'http://www.youtube.com/channel/UCTnlGXnI_dnJMkN9J6AZ6XQ', 'authorChannelId': {'value': 'UCTnlGXnI_dnJMkN9J6AZ6XQ'}, 'canRate': True, 'viewerRating': 'none', 'likeCount': 0, 'publishedAt': '2022-10-24T04:38:26Z', 'updatedAt': '2022-10-24T04:38:26Z'}}, 'canReply': True, 'totalReplyCount': 0, 'isPublic': True}",,UCTnlGXnI_dnJMkN9J6AZ6XQ,2022-10-24T04:38:26Z,"Toda essa situação é responsabilidade do sr Alexandre de Moraes que se acha um deus, responsabilize ele por esta situação",QURTSl9pMkNiSk90eXJMNUhBbThTSkJrU3FheFktZjc0XzFsM3pQVWRFTHBzbzk4LWp4cnBmMnI3dS1LSDhFNnZqNW1kZjRvcW41R0RQTQ==,2023-06-08 14:52:33.903598
youtube#commentThread,RhtuJhvJPfuGU74tNgBVGs_TQ-s,UgwRXZacMCw3rUBnl094AaABAg,"{'videoId': 'zEfTDpfyt1o', 'topLevelComment': {'kind': 'youtube#comment', 'etag': '2En3sDu9rWA1PvFOp5gi7Zw22Zg', 'id': 'UgwRXZacMCw3rUBnl094AaABAg', 'snippet': {'videoId': 'zEfTDpfyt1o', 'textDisplay': 'Roberto Jefferson foi agredido na sua íntegra por mais errado que seja, a polícia federal não tem direito de invadir sua casa e humilhar a família.', 'textOriginal': 'Roberto Jefferson foi agredido na sua íntegra por mais errado que seja, a polícia federal não tem direito de invadir sua casa e humilhar a família.', 'authorDisplayName': 'Possoli Possoli', 'authorProfileImageUrl': 'https://yt3.ggpht.com/ytc/AGIKgqOsgoXn8lhuJFREX_qJ-SBBQ-bggecJOYqXL-U-0gRJ53bpXOxSxqc3uOHcIv-f=s48-c-k-c0x00ffffff-no-rj', 'authorChannelUrl': 'http://www.youtube.com/channel/UCTnlGXnI_dnJMkN9J6AZ6XQ', 'authorChannelId': {'value': 'UCTnlGXnI_dnJMkN9J6AZ6XQ'}, 'canRate': True, 'viewerRating': 'none', 'likeCount': 0, 'publishedAt': '2022-10-24T04:36:31Z', 'updatedAt': '2022-10-24T04:36:31Z'}}, 'canReply': True, 'totalReplyCount': 0, 'isPublic': True}",,UCTnlGXnI_dnJMkN9J6AZ6XQ,2022-10-24T04:36:31Z,"Roberto Jefferson foi agredido na sua íntegra por mais errado que seja, a polícia federal não tem direito de invadir sua casa e humilhar a família.",QURTSl9pMkNiSk90eXJMNUhBbThTSkJrU3FheFktZjc0XzFsM3pQVWRFTHBzbzk4LWp4cnBmMnI3dS1LSDhFNnZqNW1kZjRvcW41R0RQTQ==,2023-06-08 14:52:33.903598
youtube#commentThread,hfiFZ_tBxkCgTrlmkBzD5YQX-IM,Ugzk8IUDDkr0E8zLBEN4AaABAg,"{'videoId': 'zEfTDpfyt1o', 'topLevelComment': {'kind': 'youtube#comment', 'etag': '-xOHVGlqxoksirVSC15wHIMp83E', 'id': 'Ugzk8IUDDkr0E8zLBEN4AaABAg', 'snippet': {'videoId': 'zEfTDpfyt1o', 'textDisplay': 'O que podemos observar é que os nervos estão à flor da pele ! O STF esta agindo permanentemente como um ditador e a população brasileira está chegando num limite de nervos ! <br>O STF tem que parar com seu fascismo  !', 'textOriginal': 'O que podemos observar é que os nervos estão à flor da pele ! O STF esta agindo permanentemente como um ditador e a população brasileira está chegando num limite de nervos ! \\nO STF tem que parar com seu fascismo  !', 'authorDisplayName': 'Hermann Köhler', 'authorProfileImageUrl': 'https://yt3.ggpht.com/ytc/AGIKgqMEM-OAt5OjMYxYGKyuBGSgTlG5yxeB5P4ESg=s48-c-k-c0x00ffffff-no-rj', 'authorChannelUrl': 'http://www.youtube.com/channel/UCIDObna09ecrHXOgf3JrWAg', 'authorChannelId': {'value': 'UCIDObna09ecrHXOgf3JrWAg'}, 'canRate': True, 'viewerRating': 'none', 'likeCount': 0, 'publishedAt': '2022-10-24T04:33:39Z', 'updatedAt': '2022-10-24T04:33:39Z'}}, 'canReply': True, 'totalReplyCount': 0, 'isPublic': True}",,UCIDObna09ecrHXOgf3JrWAg,2022-10-24T04:33:39Z,"O que podemos observar é que os nervos estão à flor da pele ! O STF esta agindo permanentemente como um ditador e a população brasileira está chegando num limite de nervos ! 
O STF tem que parar com seu fascismo  !",QURTSl9pMkNiSk90eXJMNUhBbThTSkJrU3FheFktZjc0XzFsM3pQVWRFTHBzbzk4LWp4cnBmMnI3dS1LSDhFNnZqNW1kZjRvcW41R0RQTQ==,2023-06-08 14:52:33.903598
youtube#commentThread,dG_4XMT3z04eAJCu46bIexTs6tw,UgxIrcM3kz7YJRXmWBR4AaABAg,"{'videoId': 'zEfTDpfyt1o', 'topLevelComment': {'kind': 'youtube#comment', 'etag': '5onuSrny9rnKkLHDONBcM4Nc-QA', 'id': 'UgxIrcM3kz7YJRXmWBR4AaABAg', 'snippet': {'videoId': 'zEfTDpfyt1o', 'textDisplay': 'Meu Deus tenha misericórdia do povo brasileiro.', 'textOriginal': 'Meu Deus tenha misericórdia do povo brasileiro.', 'authorDisplayName': 'Canal Fala maria', 'authorProfileImageUrl': 'https://yt3.ggpht.com/ytc/AGIKgqPeazet0csO2-A5I0ddkvCirdtQnA1v1SwFuEQK=s48-c-k-c0x00ffffff-no-rj', 'authorChannelUrl': 'http://www.youtube.com/channel/UCy13Eq5TaTpNMvL4NZAFhzw', 'authorChannelId': {'value': 'UCy13Eq5TaTpNMvL4NZAFhzw'}, 'canRate': True, 'viewerRating': 'none', 'likeCount': 0, 'publishedAt': '2022-10-24T04:32:00Z', 'updatedAt': '2022-10-24T04:32:00Z'}}, 'canReply': True, 'totalReplyCount': 0, 'isPublic': True}",,UCy13Eq5TaTpNMvL4NZAFhzw,2022-10-24T04:32:00Z,Meu Deus tenha misericórdia do povo brasileiro.,QURTSl9pMkNiSk90eXJMNUhBbThTSkJrU3FheFktZjc0XzFsM3pQVWRFTHBzbzk4LWp4cnBmMnI3dS1LSDhFNnZqNW1kZjRvcW41R0RQTQ==,2023-06-08 14:52:33.903598
youtube#commentThread,xRwAl3XdI8MiPQr7ByaR7kNstVg,UgwmvjX1XErFv1opLp54AaABAg,"{'videoId': 'zEfTDpfyt1o', 'topLevelComment': {'kind': 'youtube#comment', 'etag': 'Cmubcg1mLfyxcai1RzCX_9TnTNs', 'id': 'UgwmvjX1XErFv1opLp54AaABAg', 'snippet': {'videoId': 'zEfTDpfyt1o', 'textDisplay': 'ISSO NÃO É UMA NOTA, UMA VEZ QUE COMPARA COM OUTRO CASO QUE NÃO TEM NADA A VER, ISSO É PASSAR PANO 👊🏼👍', 'textOriginal': 'ISSO NÃO É UMA NOTA, UMA VEZ QUE COMPARA COM OUTRO CASO QUE NÃO TEM NADA A VER, ISSO É PASSAR PANO 👊🏼👍', 'authorDisplayName': 'Junior Guilherme', 'authorProfileImageUrl': 'https://yt3.ggpht.com/ytc/AGIKgqPbvl0kArSAKb2D15w5yjazaFYwUBY2fM0ePg=s48-c-k-c0x00ffffff-no-rj', 'authorChannelUrl': 'http://www.youtube.com/channel/UCQmlFMrEafqpEDVMS60JvDA', 'authorChannelId': {'value': 'UCQmlFMrEafqpEDVMS60JvDA'}, 'canRate': True, 'viewerRating': 'none', 'likeCount': 0, 'publishedAt': '2022-10-24T04:29:07Z', 'updatedAt': '2022-10-24T04:29:07Z'}}, 'canReply': True, 'totalReplyCount': 0, 'isPublic': True}",,UCQmlFMrEafqpEDVMS60JvDA,2022-10-24T04:29:07Z,"ISSO NÃO É UMA NOTA, UMA VEZ QUE COMPARA COM OUTRO CASO QUE NÃO TEM NADA A VER, ISSO É PASSAR PANO 👊🏼👍",QURTSl9pMkNiSk90eXJMNUhBbThTSkJrU3FheFktZjc0XzFsM3pQVWRFTHBzbzk4LWp4cnBmMnI3dS1LSDhFNnZqNW1kZjRvcW41R0RQTQ==,2023-06-08 14:52:33.903598
youtube#commentThread,IlaM1-KPPbYR6BHOICfMoGuaLc4,Ugwm-jJazNzqGtf0te54AaABAg,"{'videoId': 'zEfTDpfyt1o', 'topLevelComment': {'kind': 'youtube#comment', 'etag': 'Mz-ZzONr_mpfG1jIQIvr2iwaNO0', 'id': 'Ugwm-jJazNzqGtf0te54AaABAg', 'snippet': {'videoId': 'zEfTDpfyt1o', 'textDisplay': 'GENTE NÃO SEI QUE ESTA ACONTECENDO..MAIS TIVE QUE PROCUAR O CANAL..NÃO ESTOU RECEBENDO NO YUITB.🤔', 'textOriginal': 'GENTE NÃO SEI QUE ESTA ACONTECENDO..MAIS TIVE QUE PROCUAR O CANAL..NÃO ESTOU RECEBENDO NO YUITB.🤔', 'authorDisplayName': 'Marcia Belli', 'authorProfileImageUrl': 'https://yt3.ggpht.com/akaPRMs1x64A5voMuQ4Z4WW5wIyhMq2BuA5dj4CPBWJSp3NotLoLQ-OyyIUWUAFBsWZ2KT0n=s48-c-k-c0x00ffffff-no-rj', 'authorChannelUrl': 'http://www.youtube.com/channel/UCy0RKNkDc7MkJsxj9o98Eig', 'authorChannelId': {'value': 'UCy0RKNkDc7MkJsxj9o98Eig'}, 'canRate': True, 'viewerRating': 'none', 'likeCount': 0, 'publishedAt': '2022-10-24T04:26:41Z', 'updatedAt': '2022-10-24T04:26:41Z'}}, 'canReply': True, 'totalReplyCount': 0, 'isPublic': True}",,UCy0RKNkDc7MkJsxj9o98Eig,2022-10-24T04:26:41Z,GENTE NÃO SEI QUE ESTA ACONTECENDO..MAIS TIVE QUE PROCUAR O CANAL..NÃO ESTOU RECEBENDO NO YUITB.🤔,QURTSl9pMkNiSk90eXJMNUhBbThTSkJrU3FheFktZjc0XzFsM3pQVWRFTHBzbzk4LWp4cnBmMnI3dS1LSDhFNnZqNW1kZjRvcW41R0RQTQ==,2023-06-08 14:52:33.903598
youtube#commentThread,HQBExgMYt_ZlKu4it3kOx-88z7c,Ugxl8m69BhN_yA8Ng-h4AaABAg,"{'videoId': 'zEfTDpfyt1o', 'topLevelComment': {'kind': 'youtube#comment', 'etag': 'EzzMCxzlqV3PA7c93iCQIajsUNY', 'id': 'Ugxl8m69BhN_yA8Ng-h4AaABAg', 'snippet': {'videoId': 'zEfTDpfyt1o', 'textDisplay': 'SE O STF DA MAL EXEMPLO,  ATROPELANDO A CONSTITUIÇÃO, O CAUS VAI ACONTECER, A RESPONSÁVEL POR TUDO ISSO E O STF!!!', 'textOriginal': 'SE O STF DA MAL EXEMPLO,  ATROPELANDO A CONSTITUIÇÃO, O CAUS VAI ACONTECER, A RESPONSÁVEL POR TUDO ISSO E O STF!!!', 'authorDisplayName': 'PETRINA Souza', 'authorProfileImageUrl': 'https://yt3.ggpht.com/ytc/AGIKgqMPBm5FE6SHcsm8SmlD9nFzGoFsJhT_yyIUN-ZE=s48-c-k-c0x00ffffff-no-rj', 'authorChannelUrl': 'http://www.youtube.com/channel/UCHh0hyyjnKEiO9KKo__4PUA', 'authorChannelId': {'value': 'UCHh0hyyjnKEiO9KKo__4PUA'}, 'canRate': True, 'viewerRating': 'none', 'likeCount': 0, 'publishedAt': '2022-10-24T04:26:27Z', 'updatedAt': '2022-10-24T04:26:27Z'}}, 'canReply': True, 'totalReplyCount': 0, 'isPublic': True}",,UCHh0hyyjnKEiO9KKo__4PUA,2022-10-24T04:26:27Z,"SE O STF DA MAL EXEMPLO,  ATROPELANDO A CONSTITUIÇÃO, O CAUS VAI ACONTECER, A RESPONSÁVEL POR TUDO ISSO E O STF!!!",QURTSl9pMkNiSk90eXJMNUhBbThTSkJrU3FheFktZjc0XzFsM3pQVWRFTHBzbzk4LWp4cnBmMnI3dS1LSDhFNnZqNW1kZjRvcW41R0RQTQ==,2023-06-08 14:52:33.903598
youtube#commentThread,3bEGVKEBCSI8hymU9T1r_sQDxRM,UgzMuh6eyt9H8C4CCb54AaABAg,"{'videoId': 'zEfTDpfyt1o', 'topLevelComment': {'kind': 'youtube#comment', 'etag': '4rNzeq7U_H7herbwVezJ2WRs3lE', 'id': 'UgzMuh6eyt9H8C4CCb54AaABAg', 'snippet': {'videoId': 'zEfTDpfyt1o', 'textDisplay': 'O bolsonarismo é um câncer que será extirpado no dia 30.<br>Fora bandidos e agressores.<br><a href=""http://www.youtube.com/results?search_query=%23forabolsonaro"">#forabolsonaro</a>', 'textOriginal': 'O bolsonarismo é um câncer que será extirpado no dia 30.\\nFora bandidos e agressores.\\n#forabolsonaro', 'authorDisplayName': 'R. Guimarães', 'authorProfileImageUrl': 'https://yt3.ggpht.com/ytc/AGIKgqOfbbSA--yiPWXDOO5UYWkbBj8k6JyTBbbE6_h-=s48-c-k-c0x00ffffff-no-rj', 'authorChannelUrl': 'http://www.youtube.com/channel/UCFVH6IgjiNmWV8JslqIVORA', 'authorChannelId': {'value': 'UCFVH6IgjiNmWV8JslqIVORA'}, 'canRate': True, 'viewerRating': 'none', 'likeCount': 0, 'publishedAt': '2022-10-24T04:22:10Z', 'updatedAt': '2022-10-24T04:22:10Z'}}, 'canReply': True, 'totalReplyCount': 0, 'isPublic': True}",,UCFVH6IgjiNmWV8JslqIVORA,2022-10-24T04:22:10Z,"O bolsonarismo é um câncer que será extirpado no dia 30.
Fora bandidos e agressores.
#forabolsonaro",QURTSl9pMkNiSk90eXJMNUhBbThTSkJrU3FheFktZjc0XzFsM3pQVWRFTHBzbzk4LWp4cnBmMnI3dS1LSDhFNnZqNW1kZjRvcW41R0RQTQ==,2023-06-08 14:52:33.903598
youtube#commentThread,Fg0ZxYnCYAnHgN2XaM3xFLSeIDA,UgwcqtGz20eWCcJTNw14AaABAg,"{'videoId': 'zEfTDpfyt1o', 'topLevelComment': {'kind': 'youtube#comment', 'etag': 'cJG9qEEkUsFkI5qAYM-iLqH6E1g', 'id': 'UgwcqtGz20eWCcJTNw14AaABAg', 'snippet': {'videoId': 'zEfTDpfyt1o', 'textDisplay': 'Essa covardia começou no congresso<br>Sr Rodrigo Pacheco e outros com rabo preso não limitaram os poderes desses ministros safados', 'textOriginal': 'Essa covardia começou no congresso\\nSr Rodrigo Pacheco e outros com rabo preso não limitaram os poderes desses ministros safados', 'authorDisplayName': 'Flamenguista iludido ❤️🖤', 'authorProfileImageUrl': 'https://yt3.ggpht.com/wxUHByY3tg6eL-Mvsx5xa43mzrA0tgozTXRK4VDWMLCugfnPhVcyyNNxbILVRGhP1pUXu95Hk7s=s48-c-k-c0x00ffffff-no-rj', 'authorChannelUrl': 'http://www.youtube.com/channel/UCw6Cyexo-vKLRyjd3m7zhTg', 'authorChannelId': {'value': 'UCw6Cyexo-vKLRyjd3m7zhTg'}, 'canRate': True, 'viewerRating': 'none', 'likeCount': 0, 'publishedAt': '2022-10-24T04:22:09Z', 'updatedAt': '2022-10-24T04:22:09Z'}}, 'canReply': True, 'totalReplyCount': 0, 'isPublic': True}",,UCw6Cyexo-vKLRyjd3m7zhTg,2022-10-24T04:22:09Z,"Essa covardia começou no congresso
Sr Rodrigo Pacheco e outros com rabo preso não limitaram os poderes desses ministros safados",QURTSl9pMkNiSk90eXJMNUhBbThTSkJrU3FheFktZjc0XzFsM3pQVWRFTHBzbzk4LWp4cnBmMnI3dS1LSDhFNnZqNW1kZjRvcW41R0RQTQ==,2023-06-08 14:52:33.903598
youtube#commentThread,ydv2qX5FJwafU2tytq45fIVU4Mk,UgzrF6e00tjnHpLH7Dl4AaABAg,"{'videoId': 'zEfTDpfyt1o', 'topLevelComment': {'kind': 'youtube#comment', 'etag': '6LwFZawjIk5Zm1iOl_u9Bq6U-O8', 'id': 'UgzrF6e00tjnHpLH7Dl4AaABAg', 'snippet': {'videoId': 'zEfTDpfyt1o', 'textDisplay': 'Tudo culpa do STF QUE COMECOU COM IMPARCIALIDADE e açoes antidemocraticas!!!', 'textOriginal': 'Tudo culpa do STF QUE COMECOU COM IMPARCIALIDADE e açoes antidemocraticas!!!', 'authorDisplayName': 'PETRINA Souza', 'authorProfileImageUrl': 'https://yt3.ggpht.com/ytc/AGIKgqMPBm5FE6SHcsm8SmlD9nFzGoFsJhT_yyIUN-ZE=s48-c-k-c0x00ffffff-no-rj', 'authorChannelUrl': 'http://www.youtube.com/channel/UCHh0hyyjnKEiO9KKo__4PUA', 'authorChannelId': {'value': 'UCHh0hyyjnKEiO9KKo__4PUA'}, 'canRate': True, 'viewerRating': 'none', 'likeCount': 0, 'publishedAt': '2022-10-24T04:21:23Z', 'updatedAt': '2022-10-24T04:21:23Z'}}, 'canReply': True, 'totalReplyCount': 0, 'isPublic': True}",,UCHh0hyyjnKEiO9KKo__4PUA,2022-10-24T04:21:23Z,Tudo culpa do STF QUE COMECOU COM IMPARCIALIDADE e açoes antidemocraticas!!!,QURTSl9pMkNiSk90eXJMNUhBbThTSkJrU3FheFktZjc0XzFsM3pQVWRFTHBzbzk4LWp4cnBmMnI3dS1LSDhFNnZqNW1kZjRvcW41R0RQTQ==,2023-06-08 14:52:33.903598
youtube#commentThread,yy9RSiVTTdjdKDFDInkA2W-zDyA,UgwP2JS5uN5Fe2-zoaV4AaABAg,"{'videoId': 'zEfTDpfyt1o', 'topLevelComment': {'kind': 'youtube#comment', 'etag': 'XBYQ745_RGMd55VUEIjERuxpAXk', 'id': 'UgwP2JS5uN5Fe2-zoaV4AaABAg', 'snippet': {'videoId': 'zEfTDpfyt1o', 'textDisplay': 'STF vai acender o país. eles estão brincando. o povo vai inflamar.', 'textOriginal': 'STF vai acender o país. eles estão brincando. o povo vai inflamar.', 'authorDisplayName': 'Pra Cima com BRUNÃO', 'authorProfileImageUrl': 'https://yt3.ggpht.com/2UtQTNjYtrJ63Q76wD62dAsQHBZEG2FfRPAo02XO3oyKOdmFBhEzSujop2CuZ0pE-7_W7zdk=s48-c-k-c0x00ffffff-no-rj', 'authorChannelUrl': 'http://www.youtube.com/channel/UCxeIb0ZRY9fafrd6GJFnA0Q', 'authorChannelId': {'value': 'UCxeIb0ZRY9fafrd6GJFnA0Q'}, 'canRate': True, 'viewerRating': 'none', 'likeCount': 0, 'publishedAt': '2022-10-24T04:19:04Z', 'updatedAt': '2022-10-24T04:19:04Z'}}, 'canReply': True, 'totalReplyCount': 0, 'isPublic': True}",,UCxeIb0ZRY9fafrd6GJFnA0Q,2022-10-24T04:19:04Z,STF vai acender o país. eles estão brincando. o povo vai inflamar.,QURTSl9pMkNiSk90eXJMNUhBbThTSkJrU3FheFktZjc0XzFsM3pQVWRFTHBzbzk4LWp4cnBmMnI3dS1LSDhFNnZqNW1kZjRvcW41R0RQTQ==,2023-06-08 14:52:33.903598
youtube#commentThread,I3RNHEqZtc1fe7Ohk-K4f7nxYn4,UgxuKw--WyzKL3EnVGR4AaABAg,"{'videoId': 'zEfTDpfyt1o', 'topLevelComment': {'kind': 'youtube#comment', 'etag': 'j0V5xFNrUZz1c5ISEBRx-u1wuBc', 'id': 'UgxuKw--WyzKL3EnVGR4AaABAg', 'snippet': {'videoId': 'zEfTDpfyt1o', 'textDisplay': 'E se o Lula Ladrão ganhar isto tudo ae vai piorar, volte Bolsonaro 22...', 'textOriginal': 'E se o Lula Ladrão ganhar isto tudo ae vai piorar, volte Bolsonaro 22...', 'authorDisplayName': 'Glauber Candido Pita', 'authorProfileImageUrl': 'https://yt3.ggpht.com/ytc/AGIKgqPmFdD-hI26TOh_6OrS9GYJaqj3L_fNYwCWeTB18Q=s48-c-k-c0x00ffffff-no-rj', 'authorChannelUrl': 'http://www.youtube.com/channel/UCuc9BobGbyATn2yYCM66pgg', 'authorChannelId': {'value': 'UCuc9BobGbyATn2yYCM66pgg'}, 'canRate': True, 'viewerRating': 'none', 'likeCount': 0, 'publishedAt': '2022-10-24T04:15:17Z', 'updatedAt': '2022-10-24T04:15:17Z'}}, 'canReply': True, 'totalReplyCount': 0, 'isPublic': True}",,UCuc9BobGbyATn2yYCM66pgg,2022-10-24T04:15:17Z,"E se o Lula Ladrão ganhar isto tudo ae vai piorar, volte Bolsonaro 22...",QURTSl9pMkNiSk90eXJMNUhBbThTSkJrU3FheFktZjc0XzFsM3pQVWRFTHBzbzk4LWp4cnBmMnI3dS1LSDhFNnZqNW1kZjRvcW41R0RQTQ==,2023-06-08 14:52:33.903598
youtube#commentThread,qu3ble-xLVAsAQPiUS_0I7dMX4o,UgxbCWSlP3vK2iPG0sl4AaABAg,"{'videoId': 'zEfTDpfyt1o', 'topLevelComment': {'kind': 'youtube#comment', 'etag': 'sM_9sdqnWmSS0S9NLSxhP8hgkYE', 'id': 'UgxbCWSlP3vK2iPG0sl4AaABAg', 'snippet': {'videoId': 'zEfTDpfyt1o', 'textDisplay': 'O.povo adora a grobo.', 'textOriginal': 'O.povo adora a grobo.', 'authorDisplayName': 'Sonia Mara Mendes', 'authorProfileImageUrl': 'https://yt3.ggpht.com/ytc/AGIKgqNkDpaqtczJMVWPXGFp5ihbtE1ujraJIihAUQ=s48-c-k-c0x00ffffff-no-rj', 'authorChannelUrl': 'http://www.youtube.com/channel/UCpbWc9HY6lVWCxq3NtfiV4g', 'authorChannelId': {'value': 'UCpbWc9HY6lVWCxq3NtfiV4g'}, 'canRate': True, 'viewerRating': 'none', 'likeCount': 1, 'publishedAt': '2022-10-24T04:14:37Z', 'updatedAt': '2022-10-24T04:15:13Z'}}, 'canReply': True, 'totalReplyCount': 0, 'isPublic': True}",,UCpbWc9HY6lVWCxq3NtfiV4g,2022-10-24T04:14:37Z,O.povo adora a grobo.,QURTSl9pMkNiSk90eXJMNUhBbThTSkJrU3FheFktZjc0XzFsM3pQVWRFTHBzbzk4LWp4cnBmMnI3dS1LSDhFNnZqNW1kZjRvcW41R0RQTQ==,2023-06-08 14:52:33.903598
youtube#commentThread,YyEIWOZhrKsdElcL7MyNb9GGp_w,UgwPLcXza_KX10eFd8p4AaABAg,"{'videoId': 'zEfTDpfyt1o', 'topLevelComment': {'kind': 'youtube#comment', 'etag': '3o-X2oIdAJ3q-t1JRy0W-S9kG8M', 'id': 'UgwPLcXza_KX10eFd8p4AaABAg', 'snippet': {'videoId': 'zEfTDpfyt1o', 'textDisplay': 'Não se pode agredir ninguém. Porém o que vi foi um homem sendo empurrado. Foi o que deu para ver. Mas o fato é ninguém, sabe se ouve INSULTOS. Porque está distante e não dá para ver o que realmente aconteceu.  Porque a câmera é pesada e ele ao ser empurrado acabou caindo. Infelizmente o povo está com os nervos a flor da pele...', 'textOriginal': 'Não se pode agredir ninguém. Porém o que vi foi um homem sendo empurrado. Foi o que deu para ver. Mas o fato é ninguém, sabe se ouve INSULTOS. Porque está distante e não dá para ver o que realmente aconteceu.  Porque a câmera é pesada e ele ao ser empurrado acabou caindo. Infelizmente o povo está com os nervos a flor da pele...', 'authorDisplayName': 'Delmira Carvalho', 'authorProfileImageUrl': 'https://yt3.ggpht.com/EAzEutaasryr5VRN_0kZBCdsLoUlCDd-qJ9IUDzEyLDBQtxx8i-RIoT4mtqQekyS_rMB_cZ6ww=s48-c-k-c0x00ffffff-no-rj', 'authorChannelUrl': 'http://www.youtube.com/channel/UC9-BaQBxtkPSDLc7Uh-xPzQ', 'authorChannelId': {'value': 'UC9-BaQBxtkPSDLc7Uh-xPzQ'}, 'canRate': True, 'viewerRating': 'none', 'likeCount': 1, 'publishedAt': '2022-10-24T04:14:01Z', 'updatedAt': '2022-10-24T04:14:01Z'}}, 'canReply': True, 'totalReplyCount': 0, 'isPublic': True}",,UC9-BaQBxtkPSDLc7Uh-xPzQ,2022-10-24T04:14:01Z,"Não se pode agredir ninguém. Porém o que vi foi um homem sendo empurrado. Foi o que deu para ver. Mas o fato é ninguém, sabe se ouve INSULTOS. Porque está distante e não dá para ver o que realmente aconteceu.  Porque a câmera é pesada e ele ao ser empurrado acabou caindo. Infelizmente o povo está com os nervos a flor da pele...",QURTSl9pMkNiSk90eXJMNUhBbThTSkJrU3FheFktZjc0XzFsM3pQVWRFTHBzbzk4LWp4cnBmMnI3dS1LSDhFNnZqNW1kZjRvcW41R0RQTQ==,2023-06-08 14:52:33.903598
youtube#commentThread,nK2NZ02BY5cINS-UE0yitHHoWGU,Ugzth8zlf8csw0eGRHp4AaABAg,"{'videoId': 'zEfTDpfyt1o', 'topLevelComment': {'kind': 'youtube#comment', 'etag': 'AmWb95IEOdYk6rodTmoKeMMXfW8', 'id': 'Ugzth8zlf8csw0eGRHp4AaABAg', 'snippet': {'videoId': 'zEfTDpfyt1o', 'textDisplay': 'Agora na reta final da eleição, vão jogar mais isso na conta do presidente.', 'textOriginal': 'Agora na reta final da eleição, vão jogar mais isso na conta do presidente.', 'authorDisplayName': 'Juliana.', 'authorProfileImageUrl': 'https://yt3.ggpht.com/ytc/AGIKgqNaMF7AnYBtLRO1szHoHP074ANAQFyBhVYLp1NNFHSH0n9dMJci2oOYiJb6xHTz=s48-c-k-c0x00ffffff-no-rj', 'authorChannelUrl': 'http://www.youtube.com/channel/UC41K1TNfnZhKrAsWXDY8dHQ', 'authorChannelId': {'value': 'UC41K1TNfnZhKrAsWXDY8dHQ'}, 'canRate': True, 'viewerRating': 'none', 'likeCount': 1, 'publishedAt': '2022-10-24T04:10:00Z', 'updatedAt': '2022-10-24T04:10:00Z'}}, 'canReply': True, 'totalReplyCount': 1, 'isPublic': True}","{'comments': [{'kind': 'youtube#comment', 'etag': 'rPyBSjAftam-1LJy0dzDW3LTb6Y', 'id': 'Ugzth8zlf8csw0eGRHp4AaABAg.9hYmyGv9lzs9hYw5YPHkx0', 'snippet': {'videoId': 'zEfTDpfyt1o', 'textDisplay': 'Pois é', 'textOriginal': 'Pois é', 'parentId': 'Ugzth8zlf8csw0eGRHp4AaABAg', 'authorDisplayName': 'Susu Freitas', 'authorProfileImageUrl': 'https://yt3.ggpht.com/ytc/AGIKgqNBH-ZU04QqUi_QWcm04wKYeBSUwykDTYuubA=s48-c-k-c0x00ffffff-no-rj', 'authorChannelUrl': 'http://www.youtube.com/channel/UC_VCw83D0NXAbGtESxosOQw', 'authorChannelId': {'value': 'UC_VCw83D0NXAbGtESxosOQw'}, 'canRate': True, 'viewerRating': 'none', 'likeCount': 0, 'publishedAt': '2022-10-24T05:29:47Z', 'updatedAt': '2022-10-24T05:29:47Z'}}]}",UC41K1TNfnZhKrAsWXDY8dHQ,2022-10-24T04:10:00Z,"Agora na reta final da eleição, vão jogar mais isso na conta do presidente.",QURTSl9pMkNiSk90eXJMNUhBbThTSkJrU3FheFktZjc0XzFsM3pQVWRFTHBzbzk4LWp4cnBmMnI3dS1LSDhFNnZqNW1kZjRvcW41R0RQTQ==,2023-06-08 14:52:33.903598
youtube#commentThread,GKBr1G2-ftTbq2rRlnIKqK8Vkl0,UgxLPeh8hHWBE8FQ5s14AaABAg,"{'videoId': 'zEfTDpfyt1o', 'topLevelComment': {'kind': 'youtube#comment', 'etag': 'KhmkGazEVfVcMiUfsI27DW9jfYs', 'id': 'UgxLPeh8hHWBE8FQ5s14AaABAg', 'snippet': {'videoId': 'zEfTDpfyt1o', 'textDisplay': 'Roberto Jefferson é vítima do <a href=""http://www.youtube.com/results?search_query=%23stfpuaxadinhodopt"">#StfPuaxadinhoDoPT</a><br>Onde voces estao  vendo democracia?<br>Estamos vendo é uma PERSEGUIÇAO politica para com o povo Patriota<br><a href=""http://www.youtube.com/results?search_query=%23soumaisrobertojefferson"">#SouMaisRobertoJefferson</a>', 'textOriginal': 'Roberto Jefferson é vítima do #StfPuaxadinhoDoPT\\nOnde voces estao  vendo democracia?\\nEstamos vendo é uma PERSEGUIÇAO politica para com o povo Patriota\\n#SouMaisRobertoJefferson', 'authorDisplayName': 'atinelE ❤️Angel', 'authorProfileImageUrl': 'https://yt3.ggpht.com/Y7OLLx2WAHWwIPJnI8ggfSIEzsVfe9kJPUNQVX8Q8TJXBGUWQmItkzEE3j5ckC1HPOCE6cu4=s48-c-k-c0x00ffffff-no-rj', 'authorChannelUrl': 'http://www.youtube.com/channel/UC2oT5Bd3esJAS5nJATO_jFg', 'authorChannelId': {'value': 'UC2oT5Bd3esJAS5nJATO_jFg'}, 'canRate': True, 'viewerRating': 'none', 'likeCount': 0, 'publishedAt': '2022-10-24T04:10:00Z', 'updatedAt': '2022-10-24T04:10:00Z'}}, 'canReply': True, 'totalReplyCount': 0, 'isPublic': True}",,UC2oT5Bd3esJAS5nJATO_jFg,2022-10-24T04:10:00Z,"Roberto Jefferson é vítima do #StfPuaxadinhoDoPT
Onde voces estao  vendo democracia?
Estamos vendo é uma PERSEGUIÇAO politica para com o povo Patriota
#SouMaisRobertoJefferson",QURTSl9pMkNiSk90eXJMNUhBbThTSkJrU3FheFktZjc0XzFsM3pQVWRFTHBzbzk4LWp4cnBmMnI3dS1LSDhFNnZqNW1kZjRvcW41R0RQTQ==,2023-06-08 14:52:33.903598
youtube#commentThread,HNG61CTfsYtnW-JngHvq2TG9-us,Ugx0nmlEkeDSdoHJbCl4AaABAg,"{'videoId': 'zEfTDpfyt1o', 'topLevelComment': {'kind': 'youtube#comment', 'etag': 'NJ5zotkF9Zg849h4wNNXKMoLmfI', 'id': 'Ugx0nmlEkeDSdoHJbCl4AaABAg', 'snippet': {'videoId': 'zEfTDpfyt1o', 'textDisplay': 'Com certeza ,errado msm ,agressão injustificável ,o cara tava trabalhando não justifica', 'textOriginal': 'Com certeza ,errado msm ,agressão injustificável ,o cara tava trabalhando não justifica', 'authorDisplayName': 'Fran Beserra', 'authorProfileImageUrl': 'https://yt3.ggpht.com/1uHyt1LrrfTshEc7HpSzfdiXZLdWXHsx4GJQnwtXCZ3a7saBqOmP0akoR2ulf-CHvTOnDLw9MJo=s48-c-k-c0x00ffffff-no-rj', 'authorChannelUrl': 'http://www.youtube.com/channel/UCglZxqC95YzO_omNee0GKCA', 'authorChannelId': {'value': 'UCglZxqC95YzO_omNee0GKCA'}, 'canRate': True, 'viewerRating': 'none', 'likeCount': 0, 'publishedAt': '2022-10-24T04:06:23Z', 'updatedAt': '2022-10-24T04:06:23Z'}}, 'canReply': True, 'totalReplyCount': 0, 'isPublic': True}",,UCglZxqC95YzO_omNee0GKCA,2022-10-24T04:06:23Z,"Com certeza ,errado msm ,agressão injustificável ,o cara tava trabalhando não justifica",QURTSl9pMkNiSk90eXJMNUhBbThTSkJrU3FheFktZjc0XzFsM3pQVWRFTHBzbzk4LWp4cnBmMnI3dS1LSDhFNnZqNW1kZjRvcW41R0RQTQ==,2023-06-08 14:52:33.903598
youtube#commentThread,azkISwmqQBUTgjFrVUgfXBVwrIQ,UgwvfSwrzhqZC-5gbnh4AaABAg,"{'videoId': 'zEfTDpfyt1o', 'topLevelComment': {'kind': 'youtube#comment', 'etag': 'XNESYmt9YxZsOzTja_DwY_Ut-v8', 'id': 'UgwvfSwrzhqZC-5gbnh4AaABAg', 'snippet': {'videoId': 'zEfTDpfyt1o', 'textDisplay': 'Jesus ilumina nossa população   para que não haja nais violência! A imprensa, independente de quem seja, não à violência 🙏🙏🙏🙏', 'textOriginal': 'Jesus ilumina nossa população   para que não haja nais violência! A imprensa, independente de quem seja, não à violência 🙏🙏🙏🙏', 'authorDisplayName': 'Dorotéa Teresinha Jansen', 'authorProfileImageUrl': 'https://yt3.ggpht.com/ytc/AGIKgqNikVf7VLM2-kONxKpnY14oyu3rj-pDDyMHiQ=s48-c-k-c0x00ffffff-no-rj', 'authorChannelUrl': 'http://www.youtube.com/channel/UCfINGiEzzGHSto9qPm8Spvg', 'authorChannelId': {'value': 'UCfINGiEzzGHSto9qPm8Spvg'}, 'canRate': True, 'viewerRating': 'none', 'likeCount': 0, 'publishedAt': '2022-10-24T04:04:53Z', 'updatedAt': '2022-10-24T04:04:53Z'}}, 'canReply': True, 'totalReplyCount': 0, 'isPublic': True}",,UCfINGiEzzGHSto9qPm8Spvg,2022-10-24T04:04:53Z,"Jesus ilumina nossa população   para que não haja nais violência! A imprensa, independente de quem seja, não à violência 🙏🙏🙏🙏",QURTSl9pMkNiSk90eXJMNUhBbThTSkJrU3FheFktZjc0XzFsM3pQVWRFTHBzbzk4LWp4cnBmMnI3dS1LSDhFNnZqNW1kZjRvcW41R0RQTQ==,2023-06-08 14:52:33.903598
youtube#commentThread,rc2HstAxJpO2FVMzYcGjsqwD2oQ,UgzlRZAiL1RvddATN294AaABAg,"{'videoId': 'zEfTDpfyt1o', 'topLevelComment': {'kind': 'youtube#comment', 'etag': 'qllRrxfplzdNoz5bjNI0tnN4ixk', 'id': 'UgzlRZAiL1RvddATN294AaABAg', 'snippet': {'videoId': 'zEfTDpfyt1o', 'textDisplay': 'É, não sou a favor de nenhuma violência mas também eu acredito que o povo está revoltado com esses casos de abuso aos nossos direitos, essa perseguição que parece que não quer se acabar. O presidente Bolsonaro foi atacado, esfaqueado e ficaram dizendo que era mentira dele e todos brasileiros viram o tamanho da cirurgia na barriga dele.E a Rede Globo pega muito no pé do presidente ou alguém que esteja apoiando ou votar pra ele.', 'textOriginal': 'É, não sou a favor de nenhuma violência mas também eu acredito que o povo está revoltado com esses casos de abuso aos nossos direitos, essa perseguição que parece que não quer se acabar. O presidente Bolsonaro foi atacado, esfaqueado e ficaram dizendo que era mentira dele e todos brasileiros viram o tamanho da cirurgia na barriga dele.E a Rede Globo pega muito no pé do presidente ou alguém que esteja apoiando ou votar pra ele.', 'authorDisplayName': 'Regina Sousa', 'authorProfileImageUrl': 'https://yt3.ggpht.com/ytc/AGIKgqNCGZ7Qn_4m8_6OCy4kAAxSWvErnNM2Hz4Wew=s48-c-k-c0x00ffffff-no-rj', 'authorChannelUrl': 'http://www.youtube.com/channel/UCmL0Dj-PSNAQN0TG2o4LQQg', 'authorChannelId': {'value': 'UCmL0Dj-PSNAQN0TG2o4LQQg'}, 'canRate': True, 'viewerRating': 'none', 'likeCount': 0, 'publishedAt': '2022-10-24T04:03:10Z', 'updatedAt': '2022-10-24T04:03:10Z'}}, 'canReply': True, 'totalReplyCount': 0, 'isPublic': True}",,UCmL0Dj-PSNAQN0TG2o4LQQg,2022-10-24T04:03:10Z,"É, não sou a favor de nenhuma violência mas também eu acredito que o povo está revoltado com esses casos de abuso aos nossos direitos, essa perseguição que parece que não quer se acabar. O presidente Bolsonaro foi atacado, esfaqueado e ficaram dizendo que era mentira dele e todos brasileiros viram o tamanho da cirurgia na barriga dele.E a Rede Globo pega muito no pé do presidente ou alguém que esteja apoiando ou votar pra ele.",QURTSl9pMkNiSk90eXJMNUhBbThTSkJrU3FheFktZjc0XzFsM3pQVWRFTHBzbzk4LWp4cnBmMnI3dS1LSDhFNnZqNW1kZjRvcW41R0RQTQ==,2023-06-08 14:52:33.903598
youtube#commentThread,XBPXMFUTRJKZ9utB7e93B0oQNKM,Ugz7sJA-zYEnlU24YAB4AaABAg,"{'videoId': 'zEfTDpfyt1o', 'topLevelComment': {'kind': 'youtube#comment', 'etag': 'xzdLRSGFpVL5QkEKZFexWfRdFKU', 'id': 'Ugz7sJA-zYEnlU24YAB4AaABAg', 'snippet': {'videoId': 'zEfTDpfyt1o', 'textDisplay': 'Da mesma forma covardia calarem a imprensa livre _ uma agressão a nossa liberdade democratica', 'textOriginal': 'Da mesma forma covardia calarem a imprensa livre _ uma agressão a nossa liberdade democratica', 'authorDisplayName': 'Esther Discini', 'authorProfileImageUrl': 'https://yt3.ggpht.com/ytc/AGIKgqNDaFele8fr1WVt0YqI_QjzGUTXdKyQixhsoQjA=s48-c-k-c0x00ffffff-no-rj', 'authorChannelUrl': 'http://www.youtube.com/channel/UCQp0-K-4ACxPMnD2jsZC6QA', 'authorChannelId': {'value': 'UCQp0-K-4ACxPMnD2jsZC6QA'}, 'canRate': True, 'viewerRating': 'none', 'likeCount': 0, 'publishedAt': '2022-10-24T04:03:03Z', 'updatedAt': '2022-10-24T04:03:03Z'}}, 'canReply': True, 'totalReplyCount': 0, 'isPublic': True}",,UCQp0-K-4ACxPMnD2jsZC6QA,2022-10-24T04:03:03Z,Da mesma forma covardia calarem a imprensa livre _ uma agressão a nossa liberdade democratica,QURTSl9pMkNiSk90eXJMNUhBbThTSkJrU3FheFktZjc0XzFsM3pQVWRFTHBzbzk4LWp4cnBmMnI3dS1LSDhFNnZqNW1kZjRvcW41R0RQTQ==,2023-06-08 14:52:33.903598
youtube#commentThread,CqNk9_YaV808Nrh-qVhz31l5OLc,UgwtNxz7WY9lf2OQRJt4AaABAg,"{'videoId': 'zEfTDpfyt1o', 'topLevelComment': {'kind': 'youtube#comment', 'etag': '2OK6_epfDqGyEHns-IPd9ulIqAo', 'id': 'UgwtNxz7WY9lf2OQRJt4AaABAg', 'snippet': {'videoId': 'zEfTDpfyt1o', 'textDisplay': 'Apoiadores? Um cara empurrou o cinegrafista! Dá a  notícia da forma correta , estamos vendo!', 'textOriginal': 'Apoiadores? Um cara empurrou o cinegrafista! Dá a  notícia da forma correta , estamos vendo!', 'authorDisplayName': 'Lores.rosa@com.br Lores', 'authorProfileImageUrl': 'https://yt3.ggpht.com/ytc/AGIKgqMA2CVgkq27esclz-Oidx3fQUDF_1JF9EERpjwQf0A=s48-c-k-c0x00ffffff-no-rj', 'authorChannelUrl': 'http://www.youtube.com/channel/UCk3mOUtKICZ2asDN3ycF7wg', 'authorChannelId': {'value': 'UCk3mOUtKICZ2asDN3ycF7wg'}, 'canRate': True, 'viewerRating': 'none', 'likeCount': 1, 'publishedAt': '2022-10-24T04:02:36Z', 'updatedAt': '2022-10-24T04:02:36Z'}}, 'canReply': True, 'totalReplyCount': 0, 'isPublic': True}",,UCk3mOUtKICZ2asDN3ycF7wg,2022-10-24T04:02:36Z,"Apoiadores? Um cara empurrou o cinegrafista! Dá a  notícia da forma correta , estamos vendo!",QURTSl9pMkNiSk90eXJMNUhBbThTSkJrU3FheFktZjc0XzFsM3pQVWRFTHBzbzk4LWp4cnBmMnI3dS1LSDhFNnZqNW1kZjRvcW41R0RQTQ==,2023-06-08 14:52:33.903598
youtube#commentThread,_ujAB9wB7SB6B9xRRyrTQtwklC8,UgzOlnB0Y6k8i4B17bt4AaABAg,"{'videoId': 'zEfTDpfyt1o', 'topLevelComment': {'kind': 'youtube#comment', 'etag': 'x0xEf9_sBAzWJFDfPKmN-AxdNsk', 'id': 'UgzOlnB0Y6k8i4B17bt4AaABAg', 'snippet': {'videoId': 'zEfTDpfyt1o', 'textDisplay': 'O povo tá cansado desses jornalistas', 'textOriginal': 'O povo tá cansado desses jornalistas', 'authorDisplayName': 'Maria Floriana', 'authorProfileImageUrl': 'https://yt3.ggpht.com/ytc/AGIKgqMeXGTwu2ckjVYVSqimgVRyPFFz_bg5YSONag=s48-c-k-c0x00ffffff-no-rj', 'authorChannelUrl': 'http://www.youtube.com/channel/UCWhFYIbGsLuJQv2HxgKgbKw', 'authorChannelId': {'value': 'UCWhFYIbGsLuJQv2HxgKgbKw'}, 'canRate': True, 'viewerRating': 'none', 'likeCount': 1, 'publishedAt': '2022-10-24T04:01:28Z', 'updatedAt': '2022-10-24T04:01:28Z'}}, 'canReply': True, 'totalReplyCount': 0, 'isPublic': True}",,UCWhFYIbGsLuJQv2HxgKgbKw,2022-10-24T04:01:28Z,O povo tá cansado desses jornalistas,QURTSl9pMkNiSk90eXJMNUhBbThTSkJrU3FheFktZjc0XzFsM3pQVWRFTHBzbzk4LWp4cnBmMnI3dS1LSDhFNnZqNW1kZjRvcW41R0RQTQ==,2023-06-08 14:52:33.903598
youtube#commentThread,6UWKjzSpu4a7RrN4xL8vJClfuJM,UgyojedttS1sPZYgmnN4AaABAg,"{'videoId': 'zEfTDpfyt1o', 'topLevelComment': {'kind': 'youtube#comment', 'etag': 'M3Ovhx0kcI1DeqkH7ughvGzLyIk', 'id': 'UgyojedttS1sPZYgmnN4AaABAg', 'snippet': {'videoId': 'zEfTDpfyt1o', 'textDisplay': 'Tudo isso devido ao presidente ser tão omisso e nunca fez algo para PARAR O STF', 'textOriginal': 'Tudo isso devido ao presidente ser tão omisso e nunca fez algo para PARAR O STF', 'authorDisplayName': 'Maria Tereza', 'authorProfileImageUrl': 'https://yt3.ggpht.com/ytc/AGIKgqMVEtE9FzdieFy7Zhc4yPoggSf0_Ggxze5cgg=s48-c-k-c0x00ffffff-no-rj', 'authorChannelUrl': 'http://www.youtube.com/channel/UCWzx4p-0FZ_HyjosWYQGnpA', 'authorChannelId': {'value': 'UCWzx4p-0FZ_HyjosWYQGnpA'}, 'canRate': True, 'viewerRating': 'none', 'likeCount': 1, 'publishedAt': '2022-10-24T04:00:50Z', 'updatedAt': '2022-10-24T04:00:50Z'}}, 'canReply': True, 'totalReplyCount': 0, 'isPublic': True}",,UCWzx4p-0FZ_HyjosWYQGnpA,2022-10-24T04:00:50Z,Tudo isso devido ao presidente ser tão omisso e nunca fez algo para PARAR O STF,QURTSl9pMkNiSk90eXJMNUhBbThTSkJrU3FheFktZjc0XzFsM3pQVWRFTHBzbzk4LWp4cnBmMnI3dS1LSDhFNnZqNW1kZjRvcW41R0RQTQ==,2023-06-08 14:52:33.903598
youtube#commentThread,LXLImjOMv2pgnWptqELP1zKOvFw,UgzFhycVegUJgN4fDc94AaABAg,"{'videoId': 'zEfTDpfyt1o', 'topLevelComment': {'kind': 'youtube#comment', 'etag': 'ofy__K5pWUYQYHb8mrsBlvPA5fY', 'id': 'UgzFhycVegUJgN4fDc94AaABAg', 'snippet': {'videoId': 'zEfTDpfyt1o', 'textDisplay': 'Tudo que está acontecendo no Brasil de ruim é culpa dos ministros do STF principalmente o Alexandre de Morais em seguidos ao Parlamentares do senado covardes', 'textOriginal': 'Tudo que está acontecendo no Brasil de ruim é culpa dos ministros do STF principalmente o Alexandre de Morais em seguidos ao Parlamentares do senado covardes', 'authorDisplayName': 'Mazzarop', 'authorProfileImageUrl': 'https://yt3.ggpht.com/oYbOvdKLlTmGVX_ebR6B2jL7iQ8EJ7K_udo6eKVPM6dZxAwyYw7xDEf8Wzu8JXfus9Nti0omTQ=s48-c-k-c0x00ffffff-no-rj', 'authorChannelUrl': 'http://www.youtube.com/channel/UCck7yvu8V6wQVkBAy8ozQ8Q', 'authorChannelId': {'value': 'UCck7yvu8V6wQVkBAy8ozQ8Q'}, 'canRate': True, 'viewerRating': 'none', 'likeCount': 1, 'publishedAt': '2022-10-24T03:59:03Z', 'updatedAt': '2022-10-24T12:15:52Z'}}, 'canReply': True, 'totalReplyCount': 0, 'isPublic': True}",,UCck7yvu8V6wQVkBAy8ozQ8Q,2022-10-24T03:59:03Z,Tudo que está acontecendo no Brasil de ruim é culpa dos ministros do STF principalmente o Alexandre de Morais em seguidos ao Parlamentares do senado covardes,QURTSl9pMkNiSk90eXJMNUhBbThTSkJrU3FheFktZjc0XzFsM3pQVWRFTHBzbzk4LWp4cnBmMnI3dS1LSDhFNnZqNW1kZjRvcW41R0RQTQ==,2023-06-08 14:52:33.903598
youtube#commentThread,GhWN2bdje526kvfu_uwhs8pTikQ,UgyJlt0LKPmpsBm9BHt4AaABAg,"{'videoId': 'zEfTDpfyt1o', 'topLevelComment': {'kind': 'youtube#comment', 'etag': 'HRH4fjYuT1Z1I9Htypce-rxso3s', 'id': 'UgyJlt0LKPmpsBm9BHt4AaABAg', 'snippet': {'videoId': 'zEfTDpfyt1o', 'textDisplay': 'Meu Deus, onde vamos parar?', 'textOriginal': 'Meu Deus, onde vamos parar?', 'authorDisplayName': 'jose santana de miranda kroebel', 'authorProfileImageUrl': 'https://yt3.ggpht.com/ytc/AGIKgqMIDU9JAsqmM7KpBi4PecRZEhGdlxMNkfZfsQ=s48-c-k-c0x00ffffff-no-rj', 'authorChannelUrl': 'http://www.youtube.com/channel/UCgGPLzF7Zi7PuT_-bOY3Inw', 'authorChannelId': {'value': 'UCgGPLzF7Zi7PuT_-bOY3Inw'}, 'canRate': True, 'viewerRating': 'none', 'likeCount': 0, 'publishedAt': '2022-10-24T03:56:46Z', 'updatedAt': '2022-10-24T03:56:46Z'}}, 'canReply': True, 'totalReplyCount': 0, 'isPublic': True}",,UCgGPLzF7Zi7PuT_-bOY3Inw,2022-10-24T03:56:46Z,"Meu Deus, onde vamos parar?",QURTSl9pMkNiSk90eXJMNUhBbThTSkJrU3FheFktZjc0XzFsM3pQVWRFTHBzbzk4LWp4cnBmMnI3dS1LSDhFNnZqNW1kZjRvcW41R0RQTQ==,2023-06-08 14:52:33.903598
youtube#commentThread,IFp0_LXqHSQ__JF5F614e8At2Bk,Ugyd4G1Gxh39CoADA4V4AaABAg,"{'videoId': 'zEfTDpfyt1o', 'topLevelComment': {'kind': 'youtube#comment', 'etag': 'Q-TL-bsiXSwVk3A0_Bt_fKh3yXY', 'id': 'Ugyd4G1Gxh39CoADA4V4AaABAg', 'snippet': {'videoId': 'zEfTDpfyt1o', 'textDisplay': 'Alguém tem que frear esse tirano da toga', 'textOriginal': 'Alguém tem que frear esse tirano da toga', 'authorDisplayName': 'I I', 'authorProfileImageUrl': 'https://yt3.ggpht.com/ytc/AGIKgqMezo8-ZsesAnlv8QAiDLGa04yh_FbgVSFwTQ=s48-c-k-c0x00ffffff-no-rj', 'authorChannelUrl': 'http://www.youtube.com/channel/UCrpz1CWeuf04PZE23kl5yVw', 'authorChannelId': {'value': 'UCrpz1CWeuf04PZE23kl5yVw'}, 'canRate': True, 'viewerRating': 'none', 'likeCount': 2, 'publishedAt': '2022-10-24T03:55:39Z', 'updatedAt': '2022-10-24T03:55:39Z'}}, 'canReply': True, 'totalReplyCount': 0, 'isPublic': True}",,UCrpz1CWeuf04PZE23kl5yVw,2022-10-24T03:55:39Z,Alguém tem que frear esse tirano da toga,QURTSl9pMkNiSk90eXJMNUhBbThTSkJrU3FheFktZjc0XzFsM3pQVWRFTHBzbzk4LWp4cnBmMnI3dS1LSDhFNnZqNW1kZjRvcW41R0RQTQ==,2023-06-08 14:52:33.903598
youtube#commentThread,mZ4yNK-WHf7wqDziBzqA0GrX0xM,UgzzZR5Nwal4kFJg1Yp4AaABAg,"{'videoId': 'zEfTDpfyt1o', 'topLevelComment': {'kind': 'youtube#comment', 'etag': '6N0LKCq3oGNPNDw0lz8MXP_bals', 'id': 'UgzzZR5Nwal4kFJg1Yp4AaABAg', 'snippet': {'videoId': 'zEfTDpfyt1o', 'textDisplay': 'Só tem um culpado em tudo isso Alexandre de morais ele está levando a ira e causando muita revolta as pessoas tem que ser inteligente e não cair no jogo sujo dele o qual é destruir o nosso presidente; não a violência e Bolsonaro reeleito 🙏 Mg 22', 'textOriginal': 'Só tem um culpado em tudo isso Alexandre de morais ele está levando a ira e causando muita revolta as pessoas tem que ser inteligente e não cair no jogo sujo dele o qual é destruir o nosso presidente; não a violência e Bolsonaro reeleito 🙏 Mg 22', 'authorDisplayName': 'Maria das Graças', 'authorProfileImageUrl': 'https://yt3.ggpht.com/ytc/AGIKgqMksXW38O-1VU80mB-lFs3T9aYZQUVPnlLg3fY9_DyCahA_Q4vrL3-uSrL3SZ4U=s48-c-k-c0x00ffffff-no-rj', 'authorChannelUrl': 'http://www.youtube.com/channel/UC76saonkFOSFJPnvIWwKyOA', 'authorChannelId': {'value': 'UC76saonkFOSFJPnvIWwKyOA'}, 'canRate': True, 'viewerRating': 'none', 'likeCount': 1, 'publishedAt': '2022-10-24T03:55:15Z', 'updatedAt': '2022-10-24T03:55:15Z'}}, 'canReply': True, 'totalReplyCount': 0, 'isPublic': True}",,UC76saonkFOSFJPnvIWwKyOA,2022-10-24T03:55:15Z,Só tem um culpado em tudo isso Alexandre de morais ele está levando a ira e causando muita revolta as pessoas tem que ser inteligente e não cair no jogo sujo dele o qual é destruir o nosso presidente; não a violência e Bolsonaro reeleito 🙏 Mg 22,QURTSl9pMkNiSk90eXJMNUhBbThTSkJrU3FheFktZjc0XzFsM3pQVWRFTHBzbzk4LWp4cnBmMnI3dS1LSDhFNnZqNW1kZjRvcW41R0RQTQ==,2023-06-08 14:52:33.903598
youtube#commentThread,09vjxiyMO7TRiPIAvuIbXrUpsrU,Ugzd_4i0900ualteQoh4AaABAg,"{'videoId': 'zEfTDpfyt1o', 'topLevelComment': {'kind': 'youtube#comment', 'etag': 'pV4NPhoMJaTMcXj9rCePJ6ExKpQ', 'id': 'Ugzd_4i0900ualteQoh4AaABAg', 'snippet': {'videoId': 'zEfTDpfyt1o', 'textDisplay': 'Eu tambem nao concordo com a violencia, mas os que fazem esse povo com raiva, nao chegam perto deles, mas mandam os coitados de seus fucionarios se meterem no meio do fogo da guerra, esses tambem tem uma culpa nisso.', 'textOriginal': 'Eu tambem nao concordo com a violencia, mas os que fazem esse povo com raiva, nao chegam perto deles, mas mandam os coitados de seus fucionarios se meterem no meio do fogo da guerra, esses tambem tem uma culpa nisso.', 'authorDisplayName': 'Clesio Mendes', 'authorProfileImageUrl': 'https://yt3.ggpht.com/ytc/AGIKgqM6Xuh0WVn80vk1EGBYytVDyUdvgTj7muw8zcq5nQ=s48-c-k-c0x00ffffff-no-rj', 'authorChannelUrl': 'http://www.youtube.com/channel/UC6y-hMdMsM6puTw4SG4XkPw', 'authorChannelId': {'value': 'UC6y-hMdMsM6puTw4SG4XkPw'}, 'canRate': True, 'viewerRating': 'none', 'likeCount': 1, 'publishedAt': '2022-10-24T03:53:37Z', 'updatedAt': '2022-10-24T03:53:37Z'}}, 'canReply': True, 'totalReplyCount': 0, 'isPublic': True}",,UC6y-hMdMsM6puTw4SG4XkPw,2022-10-24T03:53:37Z,"Eu tambem nao concordo com a violencia, mas os que fazem esse povo com raiva, nao chegam perto deles, mas mandam os coitados de seus fucionarios se meterem no meio do fogo da guerra, esses tambem tem uma culpa nisso.",QURTSl9pMkNiSk90eXJMNUhBbThTSkJrU3FheFktZjc0XzFsM3pQVWRFTHBzbzk4LWp4cnBmMnI3dS1LSDhFNnZqNW1kZjRvcW41R0RQTQ==,2023-06-08 14:52:33.903598
youtube#commentThread,RmjtMowy11oo1MkV5_l_d5gmZug,Ugx2_XiDg_hxXa40to94AaABAg,"{'videoId': 'zEfTDpfyt1o', 'topLevelComment': {'kind': 'youtube#comment', 'etag': 'OFIcoxgQ-OwzGZNqHJofbjAxW5g', 'id': 'Ugx2_XiDg_hxXa40to94AaABAg', 'snippet': {'videoId': 'zEfTDpfyt1o', 'textDisplay': 'dksnsdnvds vkdnvd', 'textOriginal': 'dksnsdnvds vkdnvd', 'authorDisplayName': 'Alecap', 'authorProfileImageUrl': 'https://yt3.ggpht.com/ytc/AGIKgqNL1lHz3Afb7JgOuFibT51fsOd5TCExd24Bhdy8gg=s48-c-k-c0x00ffffff-no-rj', 'authorChannelUrl': 'http://www.youtube.com/channel/UCspZREMvbRB_Gh9BVtKmKRg', 'authorChannelId': {'value': 'UCspZREMvbRB_Gh9BVtKmKRg'}, 'canRate': True, 'viewerRating': 'none', 'likeCount': 0, 'publishedAt': '2022-10-24T03:50:58Z', 'updatedAt': '2022-10-24T03:50:58Z'}}, 'canReply': True, 'totalReplyCount': 0, 'isPublic': True}",,UCspZREMvbRB_Gh9BVtKmKRg,2022-10-24T03:50:58Z,dksnsdnvds vkdnvd,QURTSl9pMkNiSk90eXJMNUhBbThTSkJrU3FheFktZjc0XzFsM3pQVWRFTHBzbzk4LWp4cnBmMnI3dS1LSDhFNnZqNW1kZjRvcW41R0RQTQ==,2023-06-08 14:52:33.903598
youtube#commentThread,p-jcGd7YunIqFSRrFNBPXfPGeWI,UgyFHeW49IsSZcHUgPx4AaABAg,"{'videoId': 'zEfTDpfyt1o', 'topLevelComment': {'kind': 'youtube#comment', 'etag': 'WbumU-zekf4B7NqeyT4nHRg7TFQ', 'id': 'UgyFHeW49IsSZcHUgPx4AaABAg', 'snippet': {'videoId': 'zEfTDpfyt1o', 'textDisplay': 'O agressor tá com camisa do apoiador do Bolsonaro sim', 'textOriginal': 'O agressor tá com camisa do apoiador do Bolsonaro sim', 'authorDisplayName': 'Leandro Santos', 'authorProfileImageUrl': 'https://yt3.ggpht.com/ytc/AGIKgqMbB3NlvCmWFg5eYwXdnUiMgVVuQ7Xzw31FjqkiCA=s48-c-k-c0x00ffffff-no-rj', 'authorChannelUrl': 'http://www.youtube.com/channel/UCbssnOWZLuSabF96liASqsg', 'authorChannelId': {'value': 'UCbssnOWZLuSabF96liASqsg'}, 'canRate': True, 'viewerRating': 'none', 'likeCount': 0, 'publishedAt': '2022-10-24T03:49:37Z', 'updatedAt': '2022-10-24T03:49:37Z'}}, 'canReply': True, 'totalReplyCount': 0, 'isPublic': True}",,UCbssnOWZLuSabF96liASqsg,2022-10-24T03:49:37Z,O agressor tá com camisa do apoiador do Bolsonaro sim,QURTSl9pMkNiSk90eXJMNUhBbThTSkJrU3FheFktZjc0XzFsM3pQVWRFTHBzbzk4LWp4cnBmMnI3dS1LSDhFNnZqNW1kZjRvcW41R0RQTQ==,2023-06-08 14:52:33.903598
youtube#commentThread,29Vlti0WCq9HsfLhV9srUZ78Bgg,UgxbUG_uU3KVhZzszV14AaABAg,"{'videoId': 'zEfTDpfyt1o', 'topLevelComment': {'kind': 'youtube#comment', 'etag': 'ZOruU1GNK7841uPHSvpvsc09oek', 'id': 'UgxbUG_uU3KVhZzszV14AaABAg', 'snippet': {'videoId': 'zEfTDpfyt1o', 'textDisplay': 'Tudo que tá acontecendo é culpa do Xandão ele sim tá promovendo esse ódio Essa guerra aí ó isso aí tudo culpa dele ele sim é culpado de tudo que tá acontecendo pela soberba entendeu então é assim manda ela Xandão senão você vai arrumar uma crise aqui no Brasil só que você vai se lascar também porque o povo tá com ódio de você você tá transmitindo ódio você e essa sua turminha não é bolsonaro  é você', 'textOriginal': 'Tudo que tá acontecendo é culpa do Xandão ele sim tá promovendo esse ódio Essa guerra aí ó isso aí tudo culpa dele ele sim é culpado de tudo que tá acontecendo pela soberba entendeu então é assim manda ela Xandão senão você vai arrumar uma crise aqui no Brasil só que você vai se lascar também porque o povo tá com ódio de você você tá transmitindo ódio você e essa sua turminha não é bolsonaro  é você', 'authorDisplayName': 'mariceli silva', 'authorProfileImageUrl': 'https://yt3.ggpht.com/ytc/AGIKgqNygxIhpjuP7fAmnana2GbKgNPpdc9XAzdN8g=s48-c-k-c0x00ffffff-no-rj', 'authorChannelUrl': 'http://www.youtube.com/channel/UCljjceP2ZkGpnQj_UVxxllw', 'authorChannelId': {'value': 'UCljjceP2ZkGpnQj_UVxxllw'}, 'canRate': True, 'viewerRating': 'none', 'likeCount': 1, 'publishedAt': '2022-10-24T03:48:46Z', 'updatedAt': '2022-10-24T03:48:46Z'}}, 'canReply': True, 'totalReplyCount': 0, 'isPublic': True}",,UCljjceP2ZkGpnQj_UVxxllw,2022-10-24T03:48:46Z,Tudo que tá acontecendo é culpa do Xandão ele sim tá promovendo esse ódio Essa guerra aí ó isso aí tudo culpa dele ele sim é culpado de tudo que tá acontecendo pela soberba entendeu então é assim manda ela Xandão senão você vai arrumar uma crise aqui no Brasil só que você vai se lascar também porque o povo tá com ódio de você você tá transmitindo ódio você e essa sua turminha não é bolsonaro  é você,QURTSl9pMkNiSk90eXJMNUhBbThTSkJrU3FheFktZjc0XzFsM3pQVWRFTHBzbzk4LWp4cnBmMnI3dS1LSDhFNnZqNW1kZjRvcW41R0RQTQ==,2023-06-08 14:52:33.903598
youtube#commentThread,H_980YPreAzrXdidRSKOZcDWr3w,UgxG9IXRl9jao_GNojl4AaABAg,"{'videoId': 'zEfTDpfyt1o', 'topLevelComment': {'kind': 'youtube#comment', 'etag': 'iV9HpNDkUEKmkmbyKqMHzzE1HEw', 'id': 'UgxG9IXRl9jao_GNojl4AaABAg', 'snippet': {'videoId': 'zEfTDpfyt1o', 'textDisplay': 'Kkkk apoiador de Roberto Jefferson ele e apoiador do Bolsonaro quanta passada de pano tá igual o presidente', 'textOriginal': 'Kkkk apoiador de Roberto Jefferson ele e apoiador do Bolsonaro quanta passada de pano tá igual o presidente', 'authorDisplayName': 'Leandro Santos', 'authorProfileImageUrl': 'https://yt3.ggpht.com/ytc/AGIKgqMbB3NlvCmWFg5eYwXdnUiMgVVuQ7Xzw31FjqkiCA=s48-c-k-c0x00ffffff-no-rj', 'authorChannelUrl': 'http://www.youtube.com/channel/UCbssnOWZLuSabF96liASqsg', 'authorChannelId': {'value': 'UCbssnOWZLuSabF96liASqsg'}, 'canRate': True, 'viewerRating': 'none', 'likeCount': 0, 'publishedAt': '2022-10-24T03:48:40Z', 'updatedAt': '2022-10-24T03:48:40Z'}}, 'canReply': True, 'totalReplyCount': 0, 'isPublic': True}",,UCbssnOWZLuSabF96liASqsg,2022-10-24T03:48:40Z,Kkkk apoiador de Roberto Jefferson ele e apoiador do Bolsonaro quanta passada de pano tá igual o presidente,QURTSl9pMkNiSk90eXJMNUhBbThTSkJrU3FheFktZjc0XzFsM3pQVWRFTHBzbzk4LWp4cnBmMnI3dS1LSDhFNnZqNW1kZjRvcW41R0RQTQ==,2023-06-08 14:52:33.903598
youtube#commentThread,p9uiWHY-3sORcoy0oS_d4hkOslM,Ugz4SPmoJjny0XIHWCB4AaABAg,"{'videoId': 'zEfTDpfyt1o', 'topLevelComment': {'kind': 'youtube#comment', 'etag': '9C81OfKpODUdYl4UYVyDTR6j_X4', 'id': 'Ugz4SPmoJjny0XIHWCB4AaABAg', 'snippet': {'videoId': 'zEfTDpfyt1o', 'textDisplay': 'Apoiadores de Roberto Jefferson? <br>O cara de verde que agrediu o cinegrafista estava com um adesivo de BOLSONARO, e vocês vêm com um título desse? APOIADOR DO JAIR BOLSONARO AGRIDE CINEGRAFISTA<br>Que se dê nome aos bois!', 'textOriginal': 'Apoiadores de Roberto Jefferson? \\nO cara de verde que agrediu o cinegrafista estava com um adesivo de BOLSONARO, e vocês vêm com um título desse? APOIADOR DO JAIR BOLSONARO AGRIDE CINEGRAFISTA\\nQue se dê nome aos bois!', 'authorDisplayName': 'Vitor Sousa', 'authorProfileImageUrl': 'https://yt3.ggpht.com/ytc/AGIKgqNdbjMh_2XqDBTeJ0rPSbPDhY2_ljYQlXvjnbBB=s48-c-k-c0x00ffffff-no-rj', 'authorChannelUrl': 'http://www.youtube.com/channel/UCaWCKM6zH4I4xrnwQhekoyw', 'authorChannelId': {'value': 'UCaWCKM6zH4I4xrnwQhekoyw'}, 'canRate': True, 'viewerRating': 'none', 'likeCount': 0, 'publishedAt': '2022-10-24T03:38:08Z', 'updatedAt': '2022-10-24T03:38:08Z'}}, 'canReply': True, 'totalReplyCount': 0, 'isPublic': True}",,UCaWCKM6zH4I4xrnwQhekoyw,2022-10-24T03:38:08Z,"Apoiadores de Roberto Jefferson? 
O cara de verde que agrediu o cinegrafista estava com um adesivo de BOLSONARO, e vocês vêm com um título desse? APOIADOR DO JAIR BOLSONARO AGRIDE CINEGRAFISTA
Que se dê nome aos bois!",QURTSl9pMkNiSk90eXJMNUhBbThTSkJrU3FheFktZjc0XzFsM3pQVWRFTHBzbzk4LWp4cnBmMnI3dS1LSDhFNnZqNW1kZjRvcW41R0RQTQ==,2023-06-08 14:52:33.903598
youtube#commentThread,F2wGX7HcJO5P32czc6_JS6QkNJs,Ugx-O6Mflzq3x99dfZx4AaABAg,"{'videoId': 'zEfTDpfyt1o', 'topLevelComment': {'kind': 'youtube#comment', 'etag': 'IuQYtUnsmXcFm6jnobyWBiTpvWM', 'id': 'Ugx-O6Mflzq3x99dfZx4AaABAg', 'snippet': {'videoId': 'zEfTDpfyt1o', 'textDisplay': 'Eu já deixei de assistir a Globo<br>Não concordo com a violência.', 'textOriginal': 'Eu já deixei de assistir a Globo\\nNão concordo com a violência.', 'authorDisplayName': 'Luiza Dohorto', 'authorProfileImageUrl': 'https://yt3.ggpht.com/ytc/AGIKgqMq2eFZblw5v2Ia09Wm9pJq7orB3Aoft6U3_MwPs0KglwOfuw5O20f8pkX-hl2g=s48-c-k-c0x00ffffff-no-rj', 'authorChannelUrl': 'http://www.youtube.com/channel/UCrRsOqINWAdrPYw5j-epNKw', 'authorChannelId': {'value': 'UCrRsOqINWAdrPYw5j-epNKw'}, 'canRate': True, 'viewerRating': 'none', 'likeCount': 1, 'publishedAt': '2022-10-24T03:34:42Z', 'updatedAt': '2022-10-24T03:34:42Z'}}, 'canReply': True, 'totalReplyCount': 0, 'isPublic': True}",,UCrRsOqINWAdrPYw5j-epNKw,2022-10-24T03:34:42Z,"Eu já deixei de assistir a Globo
Não concordo com a violência.",QURTSl9pMkNiSk90eXJMNUhBbThTSkJrU3FheFktZjc0XzFsM3pQVWRFTHBzbzk4LWp4cnBmMnI3dS1LSDhFNnZqNW1kZjRvcW41R0RQTQ==,2023-06-08 14:52:33.903598
youtube#commentThread,lFvjI2BKqfSZcU8czPqMiju9rSE,Ugy6s31UFsY1K8Rr7Nh4AaABAg,"{'videoId': 'zEfTDpfyt1o', 'topLevelComment': {'kind': 'youtube#comment', 'etag': 'fNNz3cPWtt6F9CrbGzw-H3InPwU', 'id': 'Ugy6s31UFsY1K8Rr7Nh4AaABAg', 'snippet': {'videoId': 'zEfTDpfyt1o', 'textDisplay': 'Na verdade senhores. Embora não concordando com a forma com que o ex deputado Jeferson se manifestou usando palavras ofensivas não se justifica ter essa atitude tão drástica. Porém devo dizer que quem está provocando toda essa desordem política     etica são exatamente essas autoridades que nos sabemos quem são , que deveriam promover  harmonia  acaba provocando uma situação como essa que acabamos de ver. Violência  chamando Violência. O povo brasileiro não está aguentando mais . Estamos extremamente indignados com esse cala boca. Vamos mudar isso Brasil no próximo domingo.  Você que  não votou no 1 turno . Vá exercer o seu direito , pra depois não se sentir culpado quando tivermos passando o que a maioria das pessoas da América Latina estão passando hoje. Não anule o seu voto porque você é uma pessoa de bem e ama a nossa querida nação,  que tem tanta coisa boa pra nos oferecer. DEUS , SALVE A NOSSA NACAO', 'textOriginal': 'Na verdade senhores. Embora não concordando com a forma com que o ex deputado Jeferson se manifestou usando palavras ofensivas não se justifica ter essa atitude tão drástica. Porém devo dizer que quem está provocando toda essa desordem política     etica são exatamente essas autoridades que nos sabemos quem são , que deveriam promover  harmonia  acaba provocando uma situação como essa que acabamos de ver. Violência  chamando Violência. O povo brasileiro não está aguentando mais . Estamos extremamente indignados com esse cala boca. Vamos mudar isso Brasil no próximo domingo.  Você que  não votou no 1 turno . Vá exercer o seu direito , pra depois não se sentir culpado quando tivermos passando o que a maioria das pessoas da América Latina estão passando hoje. Não anule o seu voto porque você é uma pessoa de bem e ama a nossa querida nação,  que tem tanta coisa boa pra nos oferecer. DEUS , SALVE A NOSSA NACAO', 'authorDisplayName': 'Florizete Gonçalves', 'authorProfileImageUrl': 'https://yt3.ggpht.com/ytc/AGIKgqOWp2_Fq7WHZTK08F7w7hyeDLcPHA1qA2Xb7Q=s48-c-k-c0x00ffffff-no-rj', 'authorChannelUrl': 'http://www.youtube.com/channel/UCEogKAS9Lk9S-kVdMlTFmuQ', 'authorChannelId': {'value': 'UCEogKAS9Lk9S-kVdMlTFmuQ'}, 'canRate': True, 'viewerRating': 'none', 'likeCount': 0, 'publishedAt': '2022-10-24T03:32:47Z', 'updatedAt': '2022-10-24T03:32:47Z'}}, 'canReply': True, 'totalReplyCount': 0, 'isPublic': True}",,UCEogKAS9Lk9S-kVdMlTFmuQ,2022-10-24T03:32:47Z,"Na verdade senhores. Embora não concordando com a forma com que o ex deputado Jeferson se manifestou usando palavras ofensivas não se justifica ter essa atitude tão drástica. Porém devo dizer que quem está provocando toda essa desordem política     etica são exatamente essas autoridades que nos sabemos quem são , que deveriam promover  harmonia  acaba provocando uma situação como essa que acabamos de ver. Violência  chamando Violência. O povo brasileiro não está aguentando mais . Estamos extremamente indignados com esse cala boca. Vamos mudar isso Brasil no próximo domingo.  Você que  não votou no 1 turno . Vá exercer o seu direito , pra depois não se sentir culpado quando tivermos passando o que a maioria das pessoas da América Latina estão passando hoje. Não anule o seu voto porque você é uma pessoa de bem e ama a nossa querida nação,  que tem tanta coisa boa pra nos oferecer. DEUS , SALVE A NOSSA NACAO",QURTSl9pMkNiSk90eXJMNUhBbThTSkJrU3FheFktZjc0XzFsM3pQVWRFTHBzbzk4LWp4cnBmMnI3dS1LSDhFNnZqNW1kZjRvcW41R0RQTQ==,2023-06-08 14:52:33.903598
youtube#commentThread,LHu-nXV7-O_XFnlXasTL9o8HJ6A,Ugz-I7-j6uAa_1-f6BV4AaABAg,"{'videoId': 'zEfTDpfyt1o', 'topLevelComment': {'kind': 'youtube#comment', 'etag': 'ZE95i8eBXgzDupUbsrdAlv8kQNw', 'id': 'Ugz-I7-j6uAa_1-f6BV4AaABAg', 'snippet': {'videoId': 'zEfTDpfyt1o', 'textDisplay': 'Apoiadores de bolsonaro como sempre cidadão de bem da família cristão', 'textOriginal': 'Apoiadores de bolsonaro como sempre cidadão de bem da família cristão', 'authorDisplayName': 'ckp', 'authorProfileImageUrl': 'https://yt3.ggpht.com/ytc/AGIKgqPdd6GLVlK2qZxasORvTe5C5kS1KbE-DvvHlhbeCv0IAjAnevDZJ-p1u8Kwi7vs=s48-c-k-c0x00ffffff-no-rj', 'authorChannelUrl': 'http://www.youtube.com/channel/UCARGrDmghe0Q0QTuVQo-XEg', 'authorChannelId': {'value': 'UCARGrDmghe0Q0QTuVQo-XEg'}, 'canRate': True, 'viewerRating': 'none', 'likeCount': 0, 'publishedAt': '2022-10-24T03:30:07Z', 'updatedAt': '2022-10-24T03:30:07Z'}}, 'canReply': True, 'totalReplyCount': 0, 'isPublic': True}",,UCARGrDmghe0Q0QTuVQo-XEg,2022-10-24T03:30:07Z,Apoiadores de bolsonaro como sempre cidadão de bem da família cristão,QURTSl9pMkNiSk90eXJMNUhBbThTSkJrU3FheFktZjc0XzFsM3pQVWRFTHBzbzk4LWp4cnBmMnI3dS1LSDhFNnZqNW1kZjRvcW41R0RQTQ==,2023-06-08 14:52:33.903598
youtube#commentThread,p7JM68UY1BI5IVLZVWWTTNvzrSQ,UgxAJzRa3cNHvix2_Cx4AaABAg,"{'videoId': 'zEfTDpfyt1o', 'topLevelComment': {'kind': 'youtube#comment', 'etag': 'ALRUiljGkXFjurZxMq20a5pAnJs', 'id': 'UgxAJzRa3cNHvix2_Cx4AaABAg', 'snippet': {'videoId': 'zEfTDpfyt1o', 'textDisplay': 'Apoiadores Bolsonaristas 🤔🤔🤔🤔Apoiadores de Jeferson', 'textOriginal': 'Apoiadores Bolsonaristas 🤔🤔🤔🤔Apoiadores de Jeferson', 'authorDisplayName': 'Pinto De Souza Augusto Cesar', 'authorProfileImageUrl': 'https://yt3.ggpht.com/ytc/AGIKgqON0Pd_qu6JE9-lyQNLZYG1x80aq__v8Rx3OA=s48-c-k-c0x00ffffff-no-rj', 'authorChannelUrl': 'http://www.youtube.com/channel/UCjihyKu6i2bODdZu05iINxg', 'authorChannelId': {'value': 'UCjihyKu6i2bODdZu05iINxg'}, 'canRate': True, 'viewerRating': 'none', 'likeCount': 0, 'publishedAt': '2022-10-24T03:29:11Z', 'updatedAt': '2022-10-24T03:29:11Z'}}, 'canReply': True, 'totalReplyCount': 0, 'isPublic': True}",,UCjihyKu6i2bODdZu05iINxg,2022-10-24T03:29:11Z,Apoiadores Bolsonaristas 🤔🤔🤔🤔Apoiadores de Jeferson,QURTSl9pMkNiSk90eXJMNUhBbThTSkJrU3FheFktZjc0XzFsM3pQVWRFTHBzbzk4LWp4cnBmMnI3dS1LSDhFNnZqNW1kZjRvcW41R0RQTQ==,2023-06-08 14:52:33.903598
youtube#commentThread,HezBmrbWI02mkdFrHJnW4eHU5oc,UgwxDWWh9bPOfev91SN4AaABAg,"{'videoId': 'zEfTDpfyt1o', 'topLevelComment': {'kind': 'youtube#comment', 'etag': 'fuJQ1Gq5J7yG_Ex58a0ZS7whmu4', 'id': 'UgwxDWWh9bPOfev91SN4AaABAg', 'snippet': {'videoId': 'zEfTDpfyt1o', 'textDisplay': 'Culpa do xandão', 'textOriginal': 'Culpa do xandão', 'authorDisplayName': 'Mr. Wealthy', 'authorProfileImageUrl': 'https://yt3.ggpht.com/ytc/AGIKgqOFm0uXdW1HJ2VzQXXkQQUbOQ48GRN73fc-Q4ur=s48-c-k-c0x00ffffff-no-rj', 'authorChannelUrl': 'http://www.youtube.com/channel/UCSQXqlPz3j5Pd1beRFDcq9g', 'authorChannelId': {'value': 'UCSQXqlPz3j5Pd1beRFDcq9g'}, 'canRate': True, 'viewerRating': 'none', 'likeCount': 1, 'publishedAt': '2022-10-24T03:27:42Z', 'updatedAt': '2022-10-24T03:27:42Z'}}, 'canReply': True, 'totalReplyCount': 0, 'isPublic': True}",,UCSQXqlPz3j5Pd1beRFDcq9g,2022-10-24T03:27:42Z,Culpa do xandão,QURTSl9pMkNiSk90eXJMNUhBbThTSkJrU3FheFktZjc0XzFsM3pQVWRFTHBzbzk4LWp4cnBmMnI3dS1LSDhFNnZqNW1kZjRvcW41R0RQTQ==,2023-06-08 14:52:33.903598
youtube#commentThread,4cM2PZ8WHdHu1VEe2juabuCCniY,UgzvXCPZd69Y4Voo8G14AaABAg,"{'videoId': 'zEfTDpfyt1o', 'topLevelComment': {'kind': 'youtube#comment', 'etag': '5_P7e4AfT0vo4O593olcZCPUHh0', 'id': 'UgzvXCPZd69Y4Voo8G14AaABAg', 'snippet': {'videoId': 'zEfTDpfyt1o', 'textDisplay': 'Apoiadores de Roberto Jefferson? <br>kkkk... conta outra....', 'textOriginal': 'Apoiadores de Roberto Jefferson? \\nkkkk... conta outra....', 'authorDisplayName': 'Eduardo Vilela', 'authorProfileImageUrl': 'https://yt3.ggpht.com/ytc/AGIKgqOGb-iY9sFS7x4USOoq_250a00IyxvIChpEukwKoL7LP8se6soiqDWeaFhbX4SQ=s48-c-k-c0x00ffffff-no-rj', 'authorChannelUrl': 'http://www.youtube.com/channel/UCQ7HvrjOfUY1yVxyxbBFAQg', 'authorChannelId': {'value': 'UCQ7HvrjOfUY1yVxyxbBFAQg'}, 'canRate': True, 'viewerRating': 'none', 'likeCount': 0, 'publishedAt': '2022-10-24T03:24:02Z', 'updatedAt': '2022-10-24T03:24:02Z'}}, 'canReply': True, 'totalReplyCount': 0, 'isPublic': True}",,UCQ7HvrjOfUY1yVxyxbBFAQg,2022-10-24T03:24:02Z,"Apoiadores de Roberto Jefferson? 
kkkk... conta outra....",QURTSl9pMkNiSk90eXJMNUhBbThTSkJrU3FheFktZjc0XzFsM3pQVWRFTHBzbzk4LWp4cnBmMnI3dS1LSDhFNnZqNW1kZjRvcW41R0RQTQ==,2023-06-08 14:52:33.903598
youtube#commentThread,1KqG4S810gDDFgnYZXYgbml0iHA,UgzdP6AwRLU8mkzs1Fh4AaABAg,"{'videoId': 'zEfTDpfyt1o', 'topLevelComment': {'kind': 'youtube#comment', 'etag': 'h-cpzUpJ3ZdzcsSxepoQkK-ZOeI', 'id': 'UgzdP6AwRLU8mkzs1Fh4AaABAg', 'snippet': {'videoId': 'zEfTDpfyt1o', 'textDisplay': 'Durante essa semana vai pegar fogo, Deus tenha misericórdia desse povo.', 'textOriginal': 'Durante essa semana vai pegar fogo, Deus tenha misericórdia desse povo.', 'authorDisplayName': 'Francisca Marcelino', 'authorProfileImageUrl': 'https://yt3.ggpht.com/ytc/AGIKgqMkpv_98ojiMjw-Pcc5nc0lLhJmJAL8oqTVwg=s48-c-k-c0x00ffffff-no-rj', 'authorChannelUrl': 'http://www.youtube.com/channel/UCA0dkEWGn3nnToB-hybXfFA', 'authorChannelId': {'value': 'UCA0dkEWGn3nnToB-hybXfFA'}, 'canRate': True, 'viewerRating': 'none', 'likeCount': 0, 'publishedAt': '2022-10-24T03:23:14Z', 'updatedAt': '2022-10-24T03:23:40Z'}}, 'canReply': True, 'totalReplyCount': 0, 'isPublic': True}",,UCA0dkEWGn3nnToB-hybXfFA,2022-10-24T03:23:14Z,"Durante essa semana vai pegar fogo, Deus tenha misericórdia desse povo.",QURTSl9pMkNiSk90eXJMNUhBbThTSkJrU3FheFktZjc0XzFsM3pQVWRFTHBzbzk4LWp4cnBmMnI3dS1LSDhFNnZqNW1kZjRvcW41R0RQTQ==,2023-06-08 14:52:33.903598
youtube#commentThread,hkjvYpfSTd0DXxmRWTB4BYhPWyI,Ugzeswys4Qpmpaf5S8h4AaABAg,"{'videoId': 'zEfTDpfyt1o', 'topLevelComment': {'kind': 'youtube#comment', 'etag': 'zg1JSW6rL-X9mtaE_4HG9kwZVmg', 'id': 'Ugzeswys4Qpmpaf5S8h4AaABAg', 'snippet': {'videoId': 'zEfTDpfyt1o', 'textDisplay': 'Nem agressão e nem censura!!!😬', 'textOriginal': 'Nem agressão e nem censura!!!😬', 'authorDisplayName': 'Joelma Teles', 'authorProfileImageUrl': 'https://yt3.ggpht.com/ytc/AGIKgqMtvIhY_ITLYmaTZO5j8cdgLWLmM1a79dUojvf_4Gw=s48-c-k-c0x00ffffff-no-rj', 'authorChannelUrl': 'http://www.youtube.com/channel/UCj5JV92Drl8ZkXU5PKsDzVA', 'authorChannelId': {'value': 'UCj5JV92Drl8ZkXU5PKsDzVA'}, 'canRate': True, 'viewerRating': 'none', 'likeCount': 1, 'publishedAt': '2022-10-24T03:22:24Z', 'updatedAt': '2022-10-24T03:22:24Z'}}, 'canReply': True, 'totalReplyCount': 0, 'isPublic': True}",,UCj5JV92Drl8ZkXU5PKsDzVA,2022-10-24T03:22:24Z,Nem agressão e nem censura!!!😬,QURTSl9pMkNiSk90eXJMNUhBbThTSkJrU3FheFktZjc0XzFsM3pQVWRFTHBzbzk4LWp4cnBmMnI3dS1LSDhFNnZqNW1kZjRvcW41R0RQTQ==,2023-06-08 14:52:33.903598
youtube#commentThread,UsfLNlycKyo7yQsMbpGn2RTfVn4,UgxoaCAxb3klWLq_Z7J4AaABAg,"{'videoId': 'zEfTDpfyt1o', 'topLevelComment': {'kind': 'youtube#comment', 'etag': '9vH1UR8rFiHG_Z1ihTo-m8YcfBw', 'id': 'UgxoaCAxb3klWLq_Z7J4AaABAg', 'snippet': {'videoId': 'zEfTDpfyt1o', 'textDisplay': 'Vocês são solidários a eles e eles não são solidários com vocês. Como se a CENSURA não fosse chegar a eles?!😬', 'textOriginal': 'Vocês são solidários a eles e eles não são solidários com vocês. Como se a CENSURA não fosse chegar a eles?!😬', 'authorDisplayName': 'Joelma Teles', 'authorProfileImageUrl': 'https://yt3.ggpht.com/ytc/AGIKgqMtvIhY_ITLYmaTZO5j8cdgLWLmM1a79dUojvf_4Gw=s48-c-k-c0x00ffffff-no-rj', 'authorChannelUrl': 'http://www.youtube.com/channel/UCj5JV92Drl8ZkXU5PKsDzVA', 'authorChannelId': {'value': 'UCj5JV92Drl8ZkXU5PKsDzVA'}, 'canRate': True, 'viewerRating': 'none', 'likeCount': 1, 'publishedAt': '2022-10-24T03:20:53Z', 'updatedAt': '2022-10-24T03:20:53Z'}}, 'canReply': True, 'totalReplyCount': 0, 'isPublic': True}",,UCj5JV92Drl8ZkXU5PKsDzVA,2022-10-24T03:20:53Z,Vocês são solidários a eles e eles não são solidários com vocês. Como se a CENSURA não fosse chegar a eles?!😬,QURTSl9pMkNiSk90eXJMNUhBbThTSkJrU3FheFktZjc0XzFsM3pQVWRFTHBzbzk4LWp4cnBmMnI3dS1LSDhFNnZqNW1kZjRvcW41R0RQTQ==,2023-06-08 14:52:33.903598
youtube#commentThread,NZxTZggdQYI0lw6mV2nA5831YW8,Ugy5jNGLxF6t179SFud4AaABAg,"{'videoId': 'zEfTDpfyt1o', 'topLevelComment': {'kind': 'youtube#comment', 'etag': 'AQ4ig5xpkt-nrrRRBjUOldzu_b0', 'id': 'Ugy5jNGLxF6t179SFud4AaABAg', 'snippet': {'videoId': 'zEfTDpfyt1o', 'textDisplay': 'O povo não aguenta mais! Uma emissora que declarou guerra ao seu próprio País.<br><br>Um Judiciário que tem partido e ideologias!<br><br>Caros irmãos, estamos na eminência de uma Guerra Cívil, sem procedentes, jamais vistos.', 'textOriginal': 'O povo não aguenta mais! Uma emissora que declarou guerra ao seu próprio País.\\n\\nUm Judiciário que tem partido e ideologias!\\n\\nCaros irmãos, estamos na eminência de uma Guerra Cívil, sem procedentes, jamais vistos.', 'authorDisplayName': 'Paullo Sousa', 'authorProfileImageUrl': 'https://yt3.ggpht.com/ytc/AGIKgqPQD9NpkiJ-E-QRG9MszHjy1YAe6MuCUQlGYFvZ=s48-c-k-c0x00ffffff-no-rj', 'authorChannelUrl': 'http://www.youtube.com/channel/UCwSuwcbPKnLo0DeUDFi51UQ', 'authorChannelId': {'value': 'UCwSuwcbPKnLo0DeUDFi51UQ'}, 'canRate': True, 'viewerRating': 'none', 'likeCount': 1, 'publishedAt': '2022-10-24T03:19:30Z', 'updatedAt': '2022-10-24T03:19:30Z'}}, 'canReply': True, 'totalReplyCount': 0, 'isPublic': True}",,UCwSuwcbPKnLo0DeUDFi51UQ,2022-10-24T03:19:30Z,"O povo não aguenta mais! Uma emissora que declarou guerra ao seu próprio País.

Um Judiciário que tem partido e ideologias!

Caros irmãos, estamos na eminência de uma Guerra Cívil, sem procedentes, jamais vistos.",QURTSl9pMkNiSk90eXJMNUhBbThTSkJrU3FheFktZjc0XzFsM3pQVWRFTHBzbzk4LWp4cnBmMnI3dS1LSDhFNnZqNW1kZjRvcW41R0RQTQ==,2023-06-08 14:52:33.903598
youtube#commentThread,JgIKynCUF3feD_m7LJtUSu_TuvM,UgyX6gx509UggToklN54AaABAg,"{'videoId': 'zEfTDpfyt1o', 'topLevelComment': {'kind': 'youtube#comment', 'etag': 'AVqNiF3BPED20oQ43yn3mKV70KA', 'id': 'UgyX6gx509UggToklN54AaABAg', 'snippet': {'videoId': 'zEfTDpfyt1o', 'textDisplay': 'Esse ato é tepugnante! Esse cara é um covarde!!!', 'textOriginal': 'Esse ato é tepugnante! Esse cara é um covarde!!!', 'authorDisplayName': 'Arlene Carneiro', 'authorProfileImageUrl': 'https://yt3.ggpht.com/ytc/AGIKgqMWimUDSj0QH9BKTzcYKp5gnOyS7_KVKC5aryBE67C1I28Y6duIU0MQo9hyylLD=s48-c-k-c0x00ffffff-no-rj', 'authorChannelUrl': 'http://www.youtube.com/channel/UC85QYGqejDYnnj--Oh6bFag', 'authorChannelId': {'value': 'UC85QYGqejDYnnj--Oh6bFag'}, 'canRate': True, 'viewerRating': 'none', 'likeCount': 0, 'publishedAt': '2022-10-24T03:18:53Z', 'updatedAt': '2022-10-24T03:18:53Z'}}, 'canReply': True, 'totalReplyCount': 0, 'isPublic': True}",,UC85QYGqejDYnnj--Oh6bFag,2022-10-24T03:18:53Z,Esse ato é tepugnante! Esse cara é um covarde!!!,QURTSl9pMkNiSk90eXJMNUhBbThTSkJrU3FheFktZjc0XzFsM3pQVWRFTHBzbzk4LWp4cnBmMnI3dS1LSDhFNnZqNW1kZjRvcW41R0RQTQ==,2023-06-08 14:52:33.903598
youtube#commentThread,ukaROq0iJOszUSnDpO8DKULCA38,UgyE6XpNW-dtoGRy4Yh4AaABAg,"{'videoId': 'zEfTDpfyt1o', 'topLevelComment': {'kind': 'youtube#comment', 'etag': 'b18qMPEL_knB6XWB7iy4YMXsDMk', 'id': 'UgyE6XpNW-dtoGRy4Yh4AaABAg', 'snippet': {'videoId': 'zEfTDpfyt1o', 'textDisplay': 'Apoiadores de Bolsonaro, falem a verdade.', 'textOriginal': 'Apoiadores de Bolsonaro, falem a verdade.', 'authorDisplayName': 'Tthiagocastro', 'authorProfileImageUrl': 'https://yt3.ggpht.com/U2Ds37hYsA8o1K42zCisTUZiKxkMCEuoT7Vu7W_3NfWoGEoN6H0fYSmYjvXcruNzH1mbLBG7AA=s48-c-k-c0x00ffffff-no-rj', 'authorChannelUrl': 'http://www.youtube.com/channel/UC94uzcCrHZqWFU3Fx0a8WwA', 'authorChannelId': {'value': 'UC94uzcCrHZqWFU3Fx0a8WwA'}, 'canRate': True, 'viewerRating': 'none', 'likeCount': 0, 'publishedAt': '2022-10-24T03:18:20Z', 'updatedAt': '2022-10-24T03:18:20Z'}}, 'canReply': True, 'totalReplyCount': 0, 'isPublic': True}",,UC94uzcCrHZqWFU3Fx0a8WwA,2022-10-24T03:18:20Z,"Apoiadores de Bolsonaro, falem a verdade.",QURTSl9pMkNiSk90eXJMNUhBbThTSkJrU3FheFktZjc0XzFsM3pQVWRFTHBzbzk4LWp4cnBmMnI3dS1LSDhFNnZqNW1kZjRvcW41R0RQTQ==,2023-06-08 14:52:33.903598
youtube#commentThread,a-T5VCj30_ka-yTLvHBm5w1UtqU,UgxMEBl9TzSNbx3WDO54AaABAg,"{'videoId': 'zEfTDpfyt1o', 'topLevelComment': {'kind': 'youtube#comment', 'etag': 'DZz5MiMfJslsV8g-lAtP7Jtwxms', 'id': 'UgxMEBl9TzSNbx3WDO54AaABAg', 'snippet': {'videoId': 'zEfTDpfyt1o', 'textDisplay': 'Galera tá dando mole repúdio total', 'textOriginal': 'Galera tá dando mole repúdio total', 'authorDisplayName': 'Matheus Brito', 'authorProfileImageUrl': 'https://yt3.ggpht.com/ytc/AGIKgqPkhxeYD8pdn-n_J9j6xdna1b73hrDmtqXQROvXgg=s48-c-k-c0x00ffffff-no-rj', 'authorChannelUrl': 'http://www.youtube.com/channel/UCiXcbLBabQubXWywInBnhXA', 'authorChannelId': {'value': 'UCiXcbLBabQubXWywInBnhXA'}, 'canRate': True, 'viewerRating': 'none', 'likeCount': 0, 'publishedAt': '2022-10-24T03:18:13Z', 'updatedAt': '2022-10-24T03:18:13Z'}}, 'canReply': True, 'totalReplyCount': 0, 'isPublic': True}",,UCiXcbLBabQubXWywInBnhXA,2022-10-24T03:18:13Z,Galera tá dando mole repúdio total,QURTSl9pMkNiSk90eXJMNUhBbThTSkJrU3FheFktZjc0XzFsM3pQVWRFTHBzbzk4LWp4cnBmMnI3dS1LSDhFNnZqNW1kZjRvcW41R0RQTQ==,2023-06-08 14:52:33.903598
youtube#commentThread,jiGTmS_dZvgDNsezpE0bPJxIhPo,UgzKNb_biNUaWX3OvDh4AaABAg,"{'videoId': 'zEfTDpfyt1o', 'topLevelComment': {'kind': 'youtube#comment', 'etag': 'fSVBiv9ZgC4dmwJJ7d7QdNhUAAg', 'id': 'UgzKNb_biNUaWX3OvDh4AaABAg', 'snippet': {'videoId': 'zEfTDpfyt1o', 'textDisplay': 'Mídia escrota e nojenta essa JP. E dessa forma que vocês vão dar a notícia?  Falem a verdade, tenham vergonha na cara.', 'textOriginal': 'Mídia escrota e nojenta essa JP. E dessa forma que vocês vão dar a notícia?  Falem a verdade, tenham vergonha na cara.', 'authorDisplayName': 'Tthiagocastro', 'authorProfileImageUrl': 'https://yt3.ggpht.com/U2Ds37hYsA8o1K42zCisTUZiKxkMCEuoT7Vu7W_3NfWoGEoN6H0fYSmYjvXcruNzH1mbLBG7AA=s48-c-k-c0x00ffffff-no-rj', 'authorChannelUrl': 'http://www.youtube.com/channel/UC94uzcCrHZqWFU3Fx0a8WwA', 'authorChannelId': {'value': 'UC94uzcCrHZqWFU3Fx0a8WwA'}, 'canRate': True, 'viewerRating': 'none', 'likeCount': 0, 'publishedAt': '2022-10-24T03:16:43Z', 'updatedAt': '2022-10-24T03:16:43Z'}}, 'canReply': True, 'totalReplyCount': 0, 'isPublic': True}",,UC94uzcCrHZqWFU3Fx0a8WwA,2022-10-24T03:16:43Z,"Mídia escrota e nojenta essa JP. E dessa forma que vocês vão dar a notícia?  Falem a verdade, tenham vergonha na cara.",QURTSl9pMkNiSk90eXJMNUhBbThTSkJrU3FheFktZjc0XzFsM3pQVWRFTHBzbzk4LWp4cnBmMnI3dS1LSDhFNnZqNW1kZjRvcW41R0RQTQ==,2023-06-08 14:52:33.903598
youtube#commentThread,UkuUi_Yu664yOoIS-qAsPi_R9sE,UgxermUwHdt720W-ZY94AaABAg,"{'videoId': 'zEfTDpfyt1o', 'topLevelComment': {'kind': 'youtube#comment', 'etag': 'p3Q4K1iFoEzMk8sl_pEJqDbWSSM', 'id': 'UgxermUwHdt720W-ZY94AaABAg', 'snippet': {'videoId': 'zEfTDpfyt1o', 'textDisplay': 'LAMENTÁVEL  TUDO QUE ACONTECEU HOJE....MUITO TRISTE.', 'textOriginal': 'LAMENTÁVEL  TUDO QUE ACONTECEU HOJE....MUITO TRISTE.', 'authorDisplayName': 'diracy dorneles', 'authorProfileImageUrl': 'https://yt3.ggpht.com/ytc/AGIKgqOM6qijplKflRF3BoCc-JWf2ABq5cX_l9Ds0A=s48-c-k-c0x00ffffff-no-rj', 'authorChannelUrl': 'http://www.youtube.com/channel/UCRStX3p-LKAXTZ9dYCMbtWA', 'authorChannelId': {'value': 'UCRStX3p-LKAXTZ9dYCMbtWA'}, 'canRate': True, 'viewerRating': 'none', 'likeCount': 0, 'publishedAt': '2022-10-24T03:16:06Z', 'updatedAt': '2022-10-24T03:16:06Z'}}, 'canReply': True, 'totalReplyCount': 0, 'isPublic': True}",,UCRStX3p-LKAXTZ9dYCMbtWA,2022-10-24T03:16:06Z,LAMENTÁVEL  TUDO QUE ACONTECEU HOJE....MUITO TRISTE.,QURTSl9pMkNiSk90eXJMNUhBbThTSkJrU3FheFktZjc0XzFsM3pQVWRFTHBzbzk4LWp4cnBmMnI3dS1LSDhFNnZqNW1kZjRvcW41R0RQTQ==,2023-06-08 14:52:33.903598
youtube#commentThread,d7rwe6g9NnKgN0VY8mmMmTXshqM,Ugz0f4jUZVd8WLoUvJV4AaABAg,"{'videoId': 'zEfTDpfyt1o', 'topLevelComment': {'kind': 'youtube#comment', 'etag': 'ZqeBeFU3BSyEF12KJsZtcHvLznw', 'id': 'Ugz0f4jUZVd8WLoUvJV4AaABAg', 'snippet': {'videoId': 'zEfTDpfyt1o', 'textDisplay': 'Também são Apoiadores<br> do presidente Bolsonaro', 'textOriginal': 'Também são Apoiadores\\n do presidente Bolsonaro', 'authorDisplayName': 'william rodrigues', 'authorProfileImageUrl': 'https://yt3.ggpht.com/ytc/AGIKgqN4GT-tmB5fAKNaR6KvNa3GcZjPng7jw1Nb-Q=s48-c-k-c0x00ffffff-no-rj', 'authorChannelUrl': 'http://www.youtube.com/channel/UCyGml2iHCI9CWxO2zI-Ct7A', 'authorChannelId': {'value': 'UCyGml2iHCI9CWxO2zI-Ct7A'}, 'canRate': True, 'viewerRating': 'none', 'likeCount': 0, 'publishedAt': '2022-10-24T03:16:06Z', 'updatedAt': '2022-10-24T03:16:06Z'}}, 'canReply': True, 'totalReplyCount': 0, 'isPublic': True}",,UCyGml2iHCI9CWxO2zI-Ct7A,2022-10-24T03:16:06Z,"Também são Apoiadores
 do presidente Bolsonaro",QURTSl9pMkNiSk90eXJMNUhBbThTSkJrU3FheFktZjc0XzFsM3pQVWRFTHBzbzk4LWp4cnBmMnI3dS1LSDhFNnZqNW1kZjRvcW41R0RQTQ==,2023-06-08 14:52:33.903598
youtube#commentThread,587KxsdSUrpZo1_B3ewCeuVtoqE,Ugycg0YKES0qTFL9TRl4AaABAg,"{'videoId': 'zEfTDpfyt1o', 'topLevelComment': {'kind': 'youtube#comment', 'etag': 'zEAQSJ4NeFkxz6oJFW0m8oyPQPk', 'id': 'Ugycg0YKES0qTFL9TRl4AaABAg', 'snippet': {'videoId': 'zEfTDpfyt1o', 'textDisplay': 'O bom apoiador de político não gera violência.  Só minha esposa sabe em quem eu vou votar.', 'textOriginal': 'O bom apoiador de político não gera violência.  Só minha esposa sabe em quem eu vou votar.', 'authorDisplayName': 'Carlito Moreira', 'authorProfileImageUrl': 'https://yt3.ggpht.com/ytc/AGIKgqMHOMj4whV1_CvzlwkRgO8Oj8D8wOo8sTW26GS99g=s48-c-k-c0x00ffffff-no-rj', 'authorChannelUrl': 'http://www.youtube.com/channel/UCJcfq-EXVTKQS7jIg4-Fe8Q', 'authorChannelId': {'value': 'UCJcfq-EXVTKQS7jIg4-Fe8Q'}, 'canRate': True, 'viewerRating': 'none', 'likeCount': 0, 'publishedAt': '2022-10-24T03:15:48Z', 'updatedAt': '2022-10-24T03:15:48Z'}}, 'canReply': True, 'totalReplyCount': 0, 'isPublic': True}",,UCJcfq-EXVTKQS7jIg4-Fe8Q,2022-10-24T03:15:48Z,O bom apoiador de político não gera violência.  Só minha esposa sabe em quem eu vou votar.,QURTSl9pMkNiSk90eXJMNUhBbThTSkJrU3FheFktZjc0XzFsM3pQVWRFTHBzbzk4LWp4cnBmMnI3dS1LSDhFNnZqNW1kZjRvcW41R0RQTQ==,2023-06-08 14:52:33.903598
youtube#commentThread,fMUPu25bMBPUISOZp72ZXp9SkGo,Ugx36XGvA6KD1zAxquF4AaABAg,"{'videoId': 'zEfTDpfyt1o', 'topLevelComment': {'kind': 'youtube#comment', 'etag': 'aokwqcCJEakdQKhaMCMOnbZUUiU', 'id': 'Ugx36XGvA6KD1zAxquF4AaABAg', 'snippet': {'videoId': 'zEfTDpfyt1o', 'textDisplay': 'Apoiadores de Bolsonaro!', 'textOriginal': 'Apoiadores de Bolsonaro!', 'authorDisplayName': 'Tthiagocastro', 'authorProfileImageUrl': 'https://yt3.ggpht.com/U2Ds37hYsA8o1K42zCisTUZiKxkMCEuoT7Vu7W_3NfWoGEoN6H0fYSmYjvXcruNzH1mbLBG7AA=s48-c-k-c0x00ffffff-no-rj', 'authorChannelUrl': 'http://www.youtube.com/channel/UC94uzcCrHZqWFU3Fx0a8WwA', 'authorChannelId': {'value': 'UC94uzcCrHZqWFU3Fx0a8WwA'}, 'canRate': True, 'viewerRating': 'none', 'likeCount': 0, 'publishedAt': '2022-10-24T03:15:29Z', 'updatedAt': '2022-10-24T03:15:29Z'}}, 'canReply': True, 'totalReplyCount': 0, 'isPublic': True}",,UC94uzcCrHZqWFU3Fx0a8WwA,2022-10-24T03:15:29Z,Apoiadores de Bolsonaro!,QURTSl9pMkNiSk90eXJMNUhBbThTSkJrU3FheFktZjc0XzFsM3pQVWRFTHBzbzk4LWp4cnBmMnI3dS1LSDhFNnZqNW1kZjRvcW41R0RQTQ==,2023-06-08 14:52:33.903598
youtube#commentThread,lmgckC6cXp-b9e1FtN7UyNsQZtw,UgwWKLrvo0oPPjdT6wN4AaABAg,"{'videoId': 'zEfTDpfyt1o', 'topLevelComment': {'kind': 'youtube#comment', 'etag': 'oHL3Bw_QO6iZxbn0sknKtlS04zE', 'id': 'UgwWKLrvo0oPPjdT6wN4AaABAg', 'snippet': {'videoId': 'zEfTDpfyt1o', 'textDisplay': 'Sério mesmo jovem pan que foram apoiadores do Roberto Jeferson q agrediram o repórter kkkkk q vergonha uma emissora tão antiga merecia ser mais séria e imparcial, virou um meio de comunicação da extrema direita, perdeu completamente a credibilidade, e ainda se faz de coitada falando de censura... piada, o Brasil virou o país da intolerância por causa desse falso Messias q assumiu a presidência, o cara q compra mansão com dinheiro vivo e mente descaradamente na cara do povo, acorda Brasil! lula 13', 'textOriginal': 'Sério mesmo jovem pan que foram apoiadores do Roberto Jeferson q agrediram o repórter kkkkk q vergonha uma emissora tão antiga merecia ser mais séria e imparcial, virou um meio de comunicação da extrema direita, perdeu completamente a credibilidade, e ainda se faz de coitada falando de censura... piada, o Brasil virou o país da intolerância por causa desse falso Messias q assumiu a presidência, o cara q compra mansão com dinheiro vivo e mente descaradamente na cara do povo, acorda Brasil! lula 13', 'authorDisplayName': 'Luan Braz titato', 'authorProfileImageUrl': 'https://yt3.ggpht.com/ytc/AGIKgqM04a78vThlyEvNxrPVxiHIeLdYbMM15ixEaY8S=s48-c-k-c0x00ffffff-no-rj', 'authorChannelUrl': 'http://www.youtube.com/channel/UC3y9y5TCQhQQU0ErM3tVecg', 'authorChannelId': {'value': 'UC3y9y5TCQhQQU0ErM3tVecg'}, 'canRate': True, 'viewerRating': 'none', 'likeCount': 1, 'publishedAt': '2022-10-24T03:14:55Z', 'updatedAt': '2022-10-24T03:14:55Z'}}, 'canReply': True, 'totalReplyCount': 0, 'isPublic': True}",,UC3y9y5TCQhQQU0ErM3tVecg,2022-10-24T03:14:55Z,"Sério mesmo jovem pan que foram apoiadores do Roberto Jeferson q agrediram o repórter kkkkk q vergonha uma emissora tão antiga merecia ser mais séria e imparcial, virou um meio de comunicação da extrema direita, perdeu completamente a credibilidade, e ainda se faz de coitada falando de censura... piada, o Brasil virou o país da intolerância por causa desse falso Messias q assumiu a presidência, o cara q compra mansão com dinheiro vivo e mente descaradamente na cara do povo, acorda Brasil! lula 13",QURTSl9pMkNiSk90eXJMNUhBbThTSkJrU3FheFktZjc0XzFsM3pQVWRFTHBzbzk4LWp4cnBmMnI3dS1LSDhFNnZqNW1kZjRvcW41R0RQTQ==,2023-06-08 14:52:33.903598
youtube#commentThread,3w5-OEFaFssB_BmVkFPHnuC7_6g,UgzeIywpTWmLSFc_OLV4AaABAg,"{'videoId': 'zEfTDpfyt1o', 'topLevelComment': {'kind': 'youtube#comment', 'etag': 'Nv0ViA5XERZs1D_TknRz3xEWfmg', 'id': 'UgzeIywpTWmLSFc_OLV4AaABAg', 'snippet': {'videoId': 'zEfTDpfyt1o', 'textDisplay': 'Quem começou tudo foi o STF e o TSE. Fato.', 'textOriginal': 'Quem começou tudo foi o STF e o TSE. Fato.', 'authorDisplayName': 'Joelma Teles', 'authorProfileImageUrl': 'https://yt3.ggpht.com/ytc/AGIKgqMtvIhY_ITLYmaTZO5j8cdgLWLmM1a79dUojvf_4Gw=s48-c-k-c0x00ffffff-no-rj', 'authorChannelUrl': 'http://www.youtube.com/channel/UCj5JV92Drl8ZkXU5PKsDzVA', 'authorChannelId': {'value': 'UCj5JV92Drl8ZkXU5PKsDzVA'}, 'canRate': True, 'viewerRating': 'none', 'likeCount': 1, 'publishedAt': '2022-10-24T03:14:19Z', 'updatedAt': '2022-10-24T03:14:19Z'}}, 'canReply': True, 'totalReplyCount': 0, 'isPublic': True}",,UCj5JV92Drl8ZkXU5PKsDzVA,2022-10-24T03:14:19Z,Quem começou tudo foi o STF e o TSE. Fato.,QURTSl9pMkNiSk90eXJMNUhBbThTSkJrU3FheFktZjc0XzFsM3pQVWRFTHBzbzk4LWp4cnBmMnI3dS1LSDhFNnZqNW1kZjRvcW41R0RQTQ==,2023-06-08 14:52:33.903598
youtube#commentThread,-xyE4Hduw4HKLJCF0-5FNHeH-Os,UgzYiQ-Koz5CnPt0RP94AaABAg,"{'videoId': 'zEfTDpfyt1o', 'topLevelComment': {'kind': 'youtube#comment', 'etag': 'vsQoLYZHLZ-WF6MajkY0lLgXeoY', 'id': 'UgzYiQ-Koz5CnPt0RP94AaABAg', 'snippet': {'videoId': 'zEfTDpfyt1o', 'textDisplay': 'Justiça com dois pesos e duas medidas. O Bob Jeff xingou a ministra e o Alexandre de Moraes mandou prendê-lo e ele nem tem foro privilegiado, mas a esposa do Presidente e a filha foram xingadas e não fizeram nada absolutamente. Contra um lado pode tudo?! E do outro lado nada?!🤔🤔🤔', 'textOriginal': 'Justiça com dois pesos e duas medidas. O Bob Jeff xingou a ministra e o Alexandre de Moraes mandou prendê-lo e ele nem tem foro privilegiado, mas a esposa do Presidente e a filha foram xingadas e não fizeram nada absolutamente. Contra um lado pode tudo?! E do outro lado nada?!🤔🤔🤔', 'authorDisplayName': 'Joelma Teles', 'authorProfileImageUrl': 'https://yt3.ggpht.com/ytc/AGIKgqMtvIhY_ITLYmaTZO5j8cdgLWLmM1a79dUojvf_4Gw=s48-c-k-c0x00ffffff-no-rj', 'authorChannelUrl': 'http://www.youtube.com/channel/UCj5JV92Drl8ZkXU5PKsDzVA', 'authorChannelId': {'value': 'UCj5JV92Drl8ZkXU5PKsDzVA'}, 'canRate': True, 'viewerRating': 'none', 'likeCount': 0, 'publishedAt': '2022-10-24T03:12:36Z', 'updatedAt': '2022-10-24T03:12:36Z'}}, 'canReply': True, 'totalReplyCount': 0, 'isPublic': True}",,UCj5JV92Drl8ZkXU5PKsDzVA,2022-10-24T03:12:36Z,"Justiça com dois pesos e duas medidas. O Bob Jeff xingou a ministra e o Alexandre de Moraes mandou prendê-lo e ele nem tem foro privilegiado, mas a esposa do Presidente e a filha foram xingadas e não fizeram nada absolutamente. Contra um lado pode tudo?! E do outro lado nada?!🤔🤔🤔",QURTSl9pMkNiSk90eXJMNUhBbThTSkJrU3FheFktZjc0XzFsM3pQVWRFTHBzbzk4LWp4cnBmMnI3dS1LSDhFNnZqNW1kZjRvcW41R0RQTQ==,2023-06-08 14:52:33.903598
youtube#commentThread,N_oGio6PkaDAHxnOiaKvAgZ3kHU,UgzCIeNfWMhI-KUGUjx4AaABAg,"{'videoId': 'zEfTDpfyt1o', 'topLevelComment': {'kind': 'youtube#comment', 'etag': 'youVocs9_5izlMkC2AqwrSkVb5k', 'id': 'UgzCIeNfWMhI-KUGUjx4AaABAg', 'snippet': {'videoId': 'zEfTDpfyt1o', 'textDisplay': 'Apoiadores do Bolsonaro <br>Roberto Jefferson não  tem apoiador', 'textOriginal': 'Apoiadores do Bolsonaro \\nRoberto Jefferson não  tem apoiador', 'authorDisplayName': 'Ronaldo Pompeo Da Silva', 'authorProfileImageUrl': 'https://yt3.ggpht.com/ytc/AGIKgqPaEzINv4vLe4PfY4qrziN-eEXXgQuqPpfQ2A=s48-c-k-c0x00ffffff-no-rj', 'authorChannelUrl': 'http://www.youtube.com/channel/UCVXl2NXM1Ql6imlAOgz60zw', 'authorChannelId': {'value': 'UCVXl2NXM1Ql6imlAOgz60zw'}, 'canRate': True, 'viewerRating': 'none', 'likeCount': 0, 'publishedAt': '2022-10-24T03:11:32Z', 'updatedAt': '2022-10-24T03:11:32Z'}}, 'canReply': True, 'totalReplyCount': 0, 'isPublic': True}",,UCVXl2NXM1Ql6imlAOgz60zw,2022-10-24T03:11:32Z,"Apoiadores do Bolsonaro 
Roberto Jefferson não  tem apoiador",QURTSl9pMkNiSk90eXJMNUhBbThTSkJrU3FheFktZjc0XzFsM3pQVWRFTHBzbzk4LWp4cnBmMnI3dS1LSDhFNnZqNW1kZjRvcW41R0RQTQ==,2023-06-08 14:52:33.903598
youtube#commentThread,G8XjxlYag3qBfFEX4LxcuoNA3tU,UgwkX0uGtnOXIq9_-ph4AaABAg,"{'videoId': 'zEfTDpfyt1o', 'topLevelComment': {'kind': 'youtube#comment', 'etag': 'IfZX6kcoCZrBRT6jHm912N8RSfw', 'id': 'UgwkX0uGtnOXIq9_-ph4AaABAg', 'snippet': {'videoId': 'zEfTDpfyt1o', 'textDisplay': 'Investiguem o &quot;agressor&quot; , divulguem o nome e punam, independente quem for.', 'textOriginal': 'Investiguem o ""agressor"" , divulguem o nome e punam, independente quem for.', 'authorDisplayName': 'Vanderlei', 'authorProfileImageUrl': 'https://yt3.ggpht.com/ytc/AGIKgqNwh1fOSM4lEJsURDDJ7qkQoBdRwx-t5pigUHPexA=s48-c-k-c0x00ffffff-no-rj', 'authorChannelUrl': 'http://www.youtube.com/channel/UCsXAoCAOqQQKsoSY2NhflRg', 'authorChannelId': {'value': 'UCsXAoCAOqQQKsoSY2NhflRg'}, 'canRate': True, 'viewerRating': 'none', 'likeCount': 0, 'publishedAt': '2022-10-24T03:11:18Z', 'updatedAt': '2022-10-24T03:11:18Z'}}, 'canReply': True, 'totalReplyCount': 0, 'isPublic': True}",,UCsXAoCAOqQQKsoSY2NhflRg,2022-10-24T03:11:18Z,"Investiguem o ""agressor"" , divulguem o nome e punam, independente quem for.",QURTSl9pMkNiSk90eXJMNUhBbThTSkJrU3FheFktZjc0XzFsM3pQVWRFTHBzbzk4LWp4cnBmMnI3dS1LSDhFNnZqNW1kZjRvcW41R0RQTQ==,2023-06-08 14:52:33.903598
youtube#commentThread,b9-fY9KKMLCcJFuPZMJM8-QqkxU,UgxI7Vdol-RiQ7BSHxF4AaABAg,"{'videoId': 'zEfTDpfyt1o', 'topLevelComment': {'kind': 'youtube#comment', 'etag': 'sRtZ28E7SC7xiAsmmy4cboZpZJA', 'id': 'UgxI7Vdol-RiQ7BSHxF4AaABAg', 'snippet': {'videoId': 'zEfTDpfyt1o', 'textDisplay': 'Apoiadores do Bolsonaro*, arruma esse título ae..', 'textOriginal': 'Apoiadores do Bolsonaro*, arruma esse título ae..', 'authorDisplayName': 'MEGACRONO', 'authorProfileImageUrl': 'https://yt3.ggpht.com/hP18MrPVFFbhwh--lm6QFtRj1c479aF47EhkPZuWeZYEAfXqQgWDhNuWwzOVOpWlc7zdHw1tfj0=s48-c-k-c0x00ffffff-no-rj', 'authorChannelUrl': 'http://www.youtube.com/channel/UC-NVuhxD9pPIlbNmN14cBNA', 'authorChannelId': {'value': 'UC-NVuhxD9pPIlbNmN14cBNA'}, 'canRate': True, 'viewerRating': 'none', 'likeCount': 0, 'publishedAt': '2022-10-24T03:10:55Z', 'updatedAt': '2022-10-24T03:10:55Z'}}, 'canReply': True, 'totalReplyCount': 0, 'isPublic': True}",,UC-NVuhxD9pPIlbNmN14cBNA,2022-10-24T03:10:55Z,"Apoiadores do Bolsonaro*, arruma esse título ae..",QURTSl9pMkNiSk90eXJMNUhBbThTSkJrU3FheFktZjc0XzFsM3pQVWRFTHBzbzk4LWp4cnBmMnI3dS1LSDhFNnZqNW1kZjRvcW41R0RQTQ==,2023-06-08 14:52:33.903598
youtube#commentThread,-80wfoAERM7TUXUL5rPf4F8O8OQ,UgzkwDTHED8mJlJmBc14AaABAg,"{'videoId': 'zEfTDpfyt1o', 'topLevelComment': {'kind': 'youtube#comment', 'etag': 'O_BGy95wBuvlvjbqmGKRPmBXxGY', 'id': 'UgzkwDTHED8mJlJmBc14AaABAg', 'snippet': {'videoId': 'zEfTDpfyt1o', 'textDisplay': 'Chama o VAR', 'textOriginal': 'Chama o VAR', 'authorDisplayName': 'Wadson Duarte', 'authorProfileImageUrl': 'https://yt3.ggpht.com/ytc/AGIKgqMKlO3DLa-joeRL8DfWa9NFjIrOBroYImOlfw=s48-c-k-c0x00ffffff-no-rj', 'authorChannelUrl': 'http://www.youtube.com/channel/UCEqnlhBjcjTkoR8gluvWIdw', 'authorChannelId': {'value': 'UCEqnlhBjcjTkoR8gluvWIdw'}, 'canRate': True, 'viewerRating': 'none', 'likeCount': 0, 'publishedAt': '2022-10-24T03:08:02Z', 'updatedAt': '2022-10-24T03:08:02Z'}}, 'canReply': True, 'totalReplyCount': 0, 'isPublic': True}",,UCEqnlhBjcjTkoR8gluvWIdw,2022-10-24T03:08:02Z,Chama o VAR,QURTSl9pMkNiSk90eXJMNUhBbThTSkJrU3FheFktZjc0XzFsM3pQVWRFTHBzbzk4LWp4cnBmMnI3dS1LSDhFNnZqNW1kZjRvcW41R0RQTQ==,2023-06-08 14:52:33.903598
youtube#commentThread,mTECRmIgMXccdsIqms23KLxLUJM,UgzHqZgPMSOTJ8QrT7B4AaABAg,"{'videoId': 'zEfTDpfyt1o', 'topLevelComment': {'kind': 'youtube#comment', 'etag': 'fxdcwDmRXNUogpUl-JH7ZDPqfbI', 'id': 'UgzHqZgPMSOTJ8QrT7B4AaABAg', 'snippet': {'videoId': 'zEfTDpfyt1o', 'textDisplay': '❌❌❌❌ A QUE PONTO O SENADO ……..RESPONSÁVEIS TODO ESSE CAOS DEIXARAM PAÍS CHEGAR  ❌ DEVEM RESPONDER  AÇÃO NACIONAL X  ESTADO DEMOCRÁTICO DIREITO INÚMERAS INCONSTITUCIONALIDADES INSTITUIÇÕES APARELHADAS  ❌❌❌❌', 'textOriginal': '❌❌❌❌ A QUE PONTO O SENADO ……..RESPONSÁVEIS TODO ESSE CAOS DEIXARAM PAÍS CHEGAR  ❌ DEVEM RESPONDER  AÇÃO NACIONAL X  ESTADO DEMOCRÁTICO DIREITO INÚMERAS INCONSTITUCIONALIDADES INSTITUIÇÕES APARELHADAS  ❌❌❌❌', 'authorDisplayName': 'Cell Paes de Barros', 'authorProfileImageUrl': 'https://yt3.ggpht.com/ytc/AGIKgqO7M-M6nQc_hXFmNFgu-0JsK58GVEJEwGyoff4UUw=s48-c-k-c0x00ffffff-no-rj', 'authorChannelUrl': 'http://www.youtube.com/channel/UCBVmLjglAtux1bpErnjp4OQ', 'authorChannelId': {'value': 'UCBVmLjglAtux1bpErnjp4OQ'}, 'canRate': True, 'viewerRating': 'none', 'likeCount': 2, 'publishedAt': '2022-10-24T03:07:44Z', 'updatedAt': '2022-10-24T03:07:44Z'}}, 'canReply': True, 'totalReplyCount': 0, 'isPublic': True}",,UCBVmLjglAtux1bpErnjp4OQ,2022-10-24T03:07:44Z,❌❌❌❌ A QUE PONTO O SENADO ……..RESPONSÁVEIS TODO ESSE CAOS DEIXARAM PAÍS CHEGAR  ❌ DEVEM RESPONDER  AÇÃO NACIONAL X  ESTADO DEMOCRÁTICO DIREITO INÚMERAS INCONSTITUCIONALIDADES INSTITUIÇÕES APARELHADAS  ❌❌❌❌,QURTSl9pMkNiSk90eXJMNUhBbThTSkJrU3FheFktZjc0XzFsM3pQVWRFTHBzbzk4LWp4cnBmMnI3dS1LSDhFNnZqNW1kZjRvcW41R0RQTQ==,2023-06-08 14:52:33.903598
youtube#commentThread,mwe3hDShihFA5EGIQPB3EOpI8JU,UgzEuRMqTUH226ew1b94AaABAg,"{'videoId': 'zEfTDpfyt1o', 'topLevelComment': {'kind': 'youtube#comment', 'etag': 'iOkgJtqzSchkG6ikX2D7EVOlEg0', 'id': 'UgzEuRMqTUH226ew1b94AaABAg', 'snippet': {'videoId': 'zEfTDpfyt1o', 'textDisplay': 'você comentariasta canalha querer comparar a epoca do PT com a de hoje com Bolsonaro é absurdo, aprenda a ser mais profissional', 'textOriginal': 'você comentariasta canalha querer comparar a epoca do PT com a de hoje com Bolsonaro é absurdo, aprenda a ser mais profissional', 'authorDisplayName': 'Gleydson A.', 'authorProfileImageUrl': 'https://yt3.ggpht.com/ytc/AGIKgqPN-ie-g1wyt3zY-S3UvnhfBIRA842u2mZK1YacPw=s48-c-k-c0x00ffffff-no-rj', 'authorChannelUrl': 'http://www.youtube.com/channel/UCk_s7GUFD4WwdbXTwh_ibYw', 'authorChannelId': {'value': 'UCk_s7GUFD4WwdbXTwh_ibYw'}, 'canRate': True, 'viewerRating': 'none', 'likeCount': 0, 'publishedAt': '2022-10-24T03:07:39Z', 'updatedAt': '2022-10-24T03:07:39Z'}}, 'canReply': True, 'totalReplyCount': 0, 'isPublic': True}",,UCk_s7GUFD4WwdbXTwh_ibYw,2022-10-24T03:07:39Z,"você comentariasta canalha querer comparar a epoca do PT com a de hoje com Bolsonaro é absurdo, aprenda a ser mais profissional",QURTSl9pMkNiSk90eXJMNUhBbThTSkJrU3FheFktZjc0XzFsM3pQVWRFTHBzbzk4LWp4cnBmMnI3dS1LSDhFNnZqNW1kZjRvcW41R0RQTQ==,2023-06-08 14:52:33.903598
youtube#commentThread,mE4I5AvKo7Z8geHmEibM96o4Cok,Ugy07AiGC2KVd1s3G-B4AaABAg,"{'videoId': 'zEfTDpfyt1o', 'topLevelComment': {'kind': 'youtube#comment', 'etag': 'IS2wiHilmixxPdjK3LVghQ83J4M', 'id': 'Ugy07AiGC2KVd1s3G-B4AaABAg', 'snippet': {'videoId': 'zEfTDpfyt1o', 'textDisplay': 'PT ,STF e TSE. Censurado Jornalistas  e de outro lado pessoas usando violência contra profissionais da imprensa.   Tá complicado !..   A Liberdade constitucional sendo atacada...  Onde isso vai parar ???  Olha o desastre sendo produzido pela falta de EQUIDADE DA JUSTIÇA .       LIBERDADE.  LIBERDADE. LIBERDADE !!!', 'textOriginal': 'PT ,STF e TSE. Censurado Jornalistas  e de outro lado pessoas usando violência contra profissionais da imprensa.   Tá complicado !..   A Liberdade constitucional sendo atacada...  Onde isso vai parar ???  Olha o desastre sendo produzido pela falta de EQUIDADE DA JUSTIÇA .       LIBERDADE.  LIBERDADE. LIBERDADE !!!', 'authorDisplayName': 'Roberto Amaral', 'authorProfileImageUrl': 'https://yt3.ggpht.com/ytc/AGIKgqMzIqbJ46tXQ5asLXBQvlSBmOOYSZhMgv_-SW-8qbrhOVUzzbGlNDxCuntCaG-0=s48-c-k-c0x00ffffff-no-rj', 'authorChannelUrl': 'http://www.youtube.com/channel/UCNrYg6J1GBuk5nLLsDpWHaA', 'authorChannelId': {'value': 'UCNrYg6J1GBuk5nLLsDpWHaA'}, 'canRate': True, 'viewerRating': 'none', 'likeCount': 1, 'publishedAt': '2022-10-24T03:06:50Z', 'updatedAt': '2022-10-24T05:32:50Z'}}, 'canReply': True, 'totalReplyCount': 0, 'isPublic': True}",,UCNrYg6J1GBuk5nLLsDpWHaA,2022-10-24T03:06:50Z,"PT ,STF e TSE. Censurado Jornalistas  e de outro lado pessoas usando violência contra profissionais da imprensa.   Tá complicado !..   A Liberdade constitucional sendo atacada...  Onde isso vai parar ???  Olha o desastre sendo produzido pela falta de EQUIDADE DA JUSTIÇA .       LIBERDADE.  LIBERDADE. LIBERDADE !!!",QURTSl9pMkNiSk90eXJMNUhBbThTSkJrU3FheFktZjc0XzFsM3pQVWRFTHBzbzk4LWp4cnBmMnI3dS1LSDhFNnZqNW1kZjRvcW41R0RQTQ==,2023-06-08 14:52:33.903598
youtube#commentThread,IqBZ-HqsmPv9MMT-U7mcgBALgz0,UgwMkeMqznw2wEyxdLd4AaABAg,"{'videoId': 'zEfTDpfyt1o', 'topLevelComment': {'kind': 'youtube#comment', 'etag': 'ELFWTr1QJSwwXH-D0lC3seTpHmg', 'id': 'UgwMkeMqznw2wEyxdLd4AaABAg', 'snippet': {'videoId': 'zEfTDpfyt1o', 'textDisplay': 'Alguém da grobomerda emitiu alguma nota de repúdio à <b>censura</b> da JP?', 'textOriginal': 'Alguém da grobomerda emitiu alguma nota de repúdio à *censura* da JP?', 'authorDisplayName': 'daniel rodriguez', 'authorProfileImageUrl': 'https://yt3.ggpht.com/ytc/AGIKgqOrI06wfHygXxFIb2RcpQVOJLIr1jeI-idQs4DsqQ=s48-c-k-c0x00ffffff-no-rj', 'authorChannelUrl': 'http://www.youtube.com/channel/UC0anIdzcH9nIW5yFo0kLAGg', 'authorChannelId': {'value': 'UC0anIdzcH9nIW5yFo0kLAGg'}, 'canRate': True, 'viewerRating': 'none', 'likeCount': 1, 'publishedAt': '2022-10-24T03:06:32Z', 'updatedAt': '2022-10-24T03:06:32Z'}}, 'canReply': True, 'totalReplyCount': 0, 'isPublic': True}",,UC0anIdzcH9nIW5yFo0kLAGg,2022-10-24T03:06:32Z,Alguém da grobomerda emitiu alguma nota de repúdio à *censura* da JP?,QURTSl9pMkNiSk90eXJMNUhBbThTSkJrU3FheFktZjc0XzFsM3pQVWRFTHBzbzk4LWp4cnBmMnI3dS1LSDhFNnZqNW1kZjRvcW41R0RQTQ==,2023-06-08 14:52:33.903598
youtube#commentThread,m2yT4xbNr1nYXTEqL5duLDcTmfw,Ugyr3Zir9rJaj8U5_dB4AaABAg,"{'videoId': 'zEfTDpfyt1o', 'topLevelComment': {'kind': 'youtube#comment', 'etag': 'daU2rOMlf5b9YcITp030-9pZyIU', 'id': 'Ugyr3Zir9rJaj8U5_dB4AaABAg', 'snippet': {'videoId': 'zEfTDpfyt1o', 'textDisplay': 'Repúdio a violência. A melhor forma de protesto é não assistir essa emissora.', 'textOriginal': 'Repúdio a violência. A melhor forma de protesto é não assistir essa emissora.', 'authorDisplayName': 'Joelma Teles', 'authorProfileImageUrl': 'https://yt3.ggpht.com/ytc/AGIKgqMtvIhY_ITLYmaTZO5j8cdgLWLmM1a79dUojvf_4Gw=s48-c-k-c0x00ffffff-no-rj', 'authorChannelUrl': 'http://www.youtube.com/channel/UCj5JV92Drl8ZkXU5PKsDzVA', 'authorChannelId': {'value': 'UCj5JV92Drl8ZkXU5PKsDzVA'}, 'canRate': True, 'viewerRating': 'none', 'likeCount': 0, 'publishedAt': '2022-10-24T03:06:07Z', 'updatedAt': '2022-10-24T03:06:07Z'}}, 'canReply': True, 'totalReplyCount': 0, 'isPublic': True}",,UCj5JV92Drl8ZkXU5PKsDzVA,2022-10-24T03:06:07Z,Repúdio a violência. A melhor forma de protesto é não assistir essa emissora.,QURTSl9pMkNiSk90eXJMNUhBbThTSkJrU3FheFktZjc0XzFsM3pQVWRFTHBzbzk4LWp4cnBmMnI3dS1LSDhFNnZqNW1kZjRvcW41R0RQTQ==,2023-06-08 14:52:33.903598
youtube#commentThread,ZNfWA5SS_ewcYUu-wFYPx68nCTg,Ugw5ysjb-yp2eO82Guh4AaABAg,"{'videoId': 'zEfTDpfyt1o', 'topLevelComment': {'kind': 'youtube#comment', 'etag': '-yKiagr3lyMFCXaCErZoyVvPdak', 'id': 'Ugw5ysjb-yp2eO82Guh4AaABAg', 'snippet': {'videoId': 'zEfTDpfyt1o', 'textDisplay': 'Ninguém deve ser agredido seja por qualquer trabalho honesto. Agressões  viram sobre profissionais que queriam trabalhar na pandemia e não puderam. enquanto a mídia apoiava os ditadores governadores', 'textOriginal': 'Ninguém deve ser agredido seja por qualquer trabalho honesto. Agressões  viram sobre profissionais que queriam trabalhar na pandemia e não puderam. enquanto a mídia apoiava os ditadores governadores', 'authorDisplayName': 'Maria Sorroco', 'authorProfileImageUrl': 'https://yt3.ggpht.com/ytc/AGIKgqPdxOfvGp4lok9TA6ebGN7hMopisbP5b-AHsOVX6g=s48-c-k-c0x00ffffff-no-rj', 'authorChannelUrl': 'http://www.youtube.com/channel/UCZt-NyrfHCUVogHKQVj0gYw', 'authorChannelId': {'value': 'UCZt-NyrfHCUVogHKQVj0gYw'}, 'canRate': True, 'viewerRating': 'none', 'likeCount': 0, 'publishedAt': '2022-10-24T03:05:53Z', 'updatedAt': '2022-10-24T03:05:53Z'}}, 'canReply': True, 'totalReplyCount': 0, 'isPublic': True}",,UCZt-NyrfHCUVogHKQVj0gYw,2022-10-24T03:05:53Z,Ninguém deve ser agredido seja por qualquer trabalho honesto. Agressões  viram sobre profissionais que queriam trabalhar na pandemia e não puderam. enquanto a mídia apoiava os ditadores governadores,QURTSl9pMkNiSk90eXJMNUhBbThTSkJrU3FheFktZjc0XzFsM3pQVWRFTHBzbzk4LWp4cnBmMnI3dS1LSDhFNnZqNW1kZjRvcW41R0RQTQ==,2023-06-08 14:52:33.903598
youtube#commentThread,88PBIumbxJBSm5m_4jynBPqs2EE,UgwZVIuTgSkXTlHOTjd4AaABAg,"{'videoId': 'zEfTDpfyt1o', 'topLevelComment': {'kind': 'youtube#comment', 'etag': 'BZILfNJexSfwf1XaqReV4UBscx0', 'id': 'UgwZVIuTgSkXTlHOTjd4AaABAg', 'snippet': {'videoId': 'zEfTDpfyt1o', 'textDisplay': 'Parabéns ao jornalismo da JP. A única que falou a verdade sobre o ocorrido e revi a cena e vi que o cidadão empurrou a câmera e o cinegrafista se desequilibrou e caiu, diferente do que estão falando por aí. Jornalismo sério e imparcial.', 'textOriginal': 'Parabéns ao jornalismo da JP. A única que falou a verdade sobre o ocorrido e revi a cena e vi que o cidadão empurrou a câmera e o cinegrafista se desequilibrou e caiu, diferente do que estão falando por aí. Jornalismo sério e imparcial.', 'authorDisplayName': 'Joelma Teles', 'authorProfileImageUrl': 'https://yt3.ggpht.com/ytc/AGIKgqMtvIhY_ITLYmaTZO5j8cdgLWLmM1a79dUojvf_4Gw=s48-c-k-c0x00ffffff-no-rj', 'authorChannelUrl': 'http://www.youtube.com/channel/UCj5JV92Drl8ZkXU5PKsDzVA', 'authorChannelId': {'value': 'UCj5JV92Drl8ZkXU5PKsDzVA'}, 'canRate': True, 'viewerRating': 'none', 'likeCount': 2, 'publishedAt': '2022-10-24T03:04:32Z', 'updatedAt': '2022-10-24T03:04:32Z'}}, 'canReply': True, 'totalReplyCount': 1, 'isPublic': True}","{'comments': [{'kind': 'youtube#comment', 'etag': 'ihN6oF0-lnzK5bHuXmZVxdr2Grs', 'id': 'UgwZVIuTgSkXTlHOTjd4AaABAg.9hYfTlsQxH99hYip9kLXZ6', 'snippet': {'videoId': 'zEfTDpfyt1o', 'textDisplay': 'A Globo ia fazer uma reportagem  defendendo o Jefferson... kkkkkkk', 'textOriginal': 'A Globo ia fazer uma reportagem  defendendo o Jefferson... kkkkkkk', 'parentId': 'UgwZVIuTgSkXTlHOTjd4AaABAg', 'authorDisplayName': 'Tiburcio Nascimento', 'authorProfileImageUrl': 'https://yt3.ggpht.com/ytc/AGIKgqPYJ16XbloZp1nRif2q9UiINjE9b3aLcJFllVpYZmGF8L32gAvFuJ_fm0H5T6oa=s48-c-k-c0x00ffffff-no-rj', 'authorChannelUrl': 'http://www.youtube.com/channel/UCOpVT2WBtvOTmNgRgNreY3Q', 'authorChannelId': {'value': 'UCOpVT2WBtvOTmNgRgNreY3Q'}, 'canRate': True, 'viewerRating': 'none', 'likeCount': 0, 'publishedAt': '2022-10-24T03:33:48Z', 'updatedAt': '2022-10-24T03:33:48Z'}}]}",UCj5JV92Drl8ZkXU5PKsDzVA,2022-10-24T03:04:32Z,"Parabéns ao jornalismo da JP. A única que falou a verdade sobre o ocorrido e revi a cena e vi que o cidadão empurrou a câmera e o cinegrafista se desequilibrou e caiu, diferente do que estão falando por aí. Jornalismo sério e imparcial.",QURTSl9pMkNiSk90eXJMNUhBbThTSkJrU3FheFktZjc0XzFsM3pQVWRFTHBzbzk4LWp4cnBmMnI3dS1LSDhFNnZqNW1kZjRvcW41R0RQTQ==,2023-06-08 14:52:33.903598
youtube#commentThread,ye1V3Kv_vSUghYBDuncloUigv8w,UgwtHDAzLm1CjA8dEMx4AaABAg,"{'videoId': 'zEfTDpfyt1o', 'topLevelComment': {'kind': 'youtube#comment', 'etag': 'f2nnsRBXmDePLFbcPMAFTWIcESU', 'id': 'UgwtHDAzLm1CjA8dEMx4AaABAg', 'snippet': {'videoId': 'zEfTDpfyt1o', 'textDisplay': 'Meu voto era do Bolsonaro mais não apóio um ladrão que roubou bilhões do povo não devolveu 1 centavo. Não tenho bandido de estimação e quem apoia ladrão é sem vergonha.', 'textOriginal': 'Meu voto era do Bolsonaro mais não apóio um ladrão que roubou bilhões do povo não devolveu 1 centavo. Não tenho bandido de estimação e quem apoia ladrão é sem vergonha.', 'authorDisplayName': 'Fabiano', 'authorProfileImageUrl': 'https://yt3.ggpht.com/ytc/AGIKgqMewQ7Q5Wrq6GlPxMCm6BtNgrza3OiaXDLyxA=s48-c-k-c0x00ffffff-no-rj', 'authorChannelUrl': 'http://www.youtube.com/channel/UCfpCcIjMAyhoLTKiBN7s7eg', 'authorChannelId': {'value': 'UCfpCcIjMAyhoLTKiBN7s7eg'}, 'canRate': True, 'viewerRating': 'none', 'likeCount': 1, 'publishedAt': '2022-10-24T03:02:41Z', 'updatedAt': '2022-10-24T03:03:31Z'}}, 'canReply': True, 'totalReplyCount': 0, 'isPublic': True}",,UCfpCcIjMAyhoLTKiBN7s7eg,2022-10-24T03:02:41Z,Meu voto era do Bolsonaro mais não apóio um ladrão que roubou bilhões do povo não devolveu 1 centavo. Não tenho bandido de estimação e quem apoia ladrão é sem vergonha.,QURTSl9pMkNiSk90eXJMNUhBbThTSkJrU3FheFktZjc0XzFsM3pQVWRFTHBzbzk4LWp4cnBmMnI3dS1LSDhFNnZqNW1kZjRvcW41R0RQTQ==,2023-06-08 14:52:33.903598
youtube#commentThread,joz1grSg2BIbEF7NnBYjsAUa13Y,Ugz_1vj-p1PoEA0aJqZ4AaABAg,"{'videoId': 'zEfTDpfyt1o', 'topLevelComment': {'kind': 'youtube#comment', 'etag': '80b1C8FGESjM_-9GlF4gC3E4BcY', 'id': 'Ugz_1vj-p1PoEA0aJqZ4AaABAg', 'snippet': {'videoId': 'zEfTDpfyt1o', 'textDisplay': 'Apoiadores de BOLSONARO.', 'textOriginal': 'Apoiadores de BOLSONARO.', 'authorDisplayName': 'Sandro Pinto', 'authorProfileImageUrl': 'https://yt3.ggpht.com/ytc/AGIKgqM199TXaXmQVQiD72hbgHNE87z4bY3V5wdszkEv9A=s48-c-k-c0x00ffffff-no-rj', 'authorChannelUrl': 'http://www.youtube.com/channel/UCkeulyOm0KsHULuHz_nPocg', 'authorChannelId': {'value': 'UCkeulyOm0KsHULuHz_nPocg'}, 'canRate': True, 'viewerRating': 'none', 'likeCount': 0, 'publishedAt': '2022-10-24T03:01:08Z', 'updatedAt': '2022-10-24T03:01:08Z'}}, 'canReply': True, 'totalReplyCount': 0, 'isPublic': True}",,UCkeulyOm0KsHULuHz_nPocg,2022-10-24T03:01:08Z,Apoiadores de BOLSONARO.,QURTSl9pMkNiSk90eXJMNUhBbThTSkJrU3FheFktZjc0XzFsM3pQVWRFTHBzbzk4LWp4cnBmMnI3dS1LSDhFNnZqNW1kZjRvcW41R0RQTQ==,2023-06-08 14:52:33.903598
youtube#commentThread,nbyjkwoOXKqNkV0FLRzdZizhwUM,UgzGvq-WfMANT6PJdSZ4AaABAg,"{'videoId': 'zEfTDpfyt1o', 'topLevelComment': {'kind': 'youtube#comment', 'etag': 'DYqZvJKs-_d-HaOpQ4R0Ah-YWHE', 'id': 'UgzGvq-WfMANT6PJdSZ4AaABAg', 'snippet': {'videoId': 'zEfTDpfyt1o', 'textDisplay': 'E um pessoa só não é um monte que está ao lado de Jéferson falao demais não estou a favor do vagabundo', 'textOriginal': 'E um pessoa só não é um monte que está ao lado de Jéferson falao demais não estou a favor do vagabundo', 'authorDisplayName': 'Luiz Toledo', 'authorProfileImageUrl': 'https://yt3.ggpht.com/ytc/AGIKgqN9_qDJhPYeKy35fLeVklIC2nznwZl-qg7xfg=s48-c-k-c0x00ffffff-no-rj', 'authorChannelUrl': 'http://www.youtube.com/channel/UC6PV39xRoBHUlLW0UOfQVDg', 'authorChannelId': {'value': 'UC6PV39xRoBHUlLW0UOfQVDg'}, 'canRate': True, 'viewerRating': 'none', 'likeCount': 0, 'publishedAt': '2022-10-24T03:00:46Z', 'updatedAt': '2022-10-24T03:00:46Z'}}, 'canReply': True, 'totalReplyCount': 0, 'isPublic': True}",,UC6PV39xRoBHUlLW0UOfQVDg,2022-10-24T03:00:46Z,E um pessoa só não é um monte que está ao lado de Jéferson falao demais não estou a favor do vagabundo,QURTSl9pMkNiSk90eXJMNUhBbThTSkJrU3FheFktZjc0XzFsM3pQVWRFTHBzbzk4LWp4cnBmMnI3dS1LSDhFNnZqNW1kZjRvcW41R0RQTQ==,2023-06-08 14:52:33.903598
youtube#commentThread,2ebfEgo3rnQAxFbbMQeFx31Rhsc,UgwSnMN0LlMLgQhndQt4AaABAg,"{'videoId': 'zEfTDpfyt1o', 'topLevelComment': {'kind': 'youtube#comment', 'etag': 'RUv816G5CW6dd1gGCRQ8VPKkrms', 'id': 'UgwSnMN0LlMLgQhndQt4AaABAg', 'snippet': {'videoId': 'zEfTDpfyt1o', 'textDisplay': 'Povo está entrando na pilha da esquerda, não pode cair nessa cilada que a agressão física, a censura e uso da força bruta.. só perdem a razão...', 'textOriginal': 'Povo está entrando na pilha da esquerda, não pode cair nessa cilada que a agressão física, a censura e uso da força bruta.. só perdem a razão...', 'authorDisplayName': 'Sérgio Silva', 'authorProfileImageUrl': 'https://yt3.ggpht.com/ytc/AGIKgqPBWDZp_Qz0Rvl4jBc3EGRE-iAIBUy5JSZJAvgz2Q=s48-c-k-c0x00ffffff-no-rj', 'authorChannelUrl': 'http://www.youtube.com/channel/UCsz-4LGAHhkGqzRJ-3aAQqw', 'authorChannelId': {'value': 'UCsz-4LGAHhkGqzRJ-3aAQqw'}, 'canRate': True, 'viewerRating': 'none', 'likeCount': 1, 'publishedAt': '2022-10-24T02:59:28Z', 'updatedAt': '2022-10-24T02:59:28Z'}}, 'canReply': True, 'totalReplyCount': 0, 'isPublic': True}",,UCsz-4LGAHhkGqzRJ-3aAQqw,2022-10-24T02:59:28Z,"Povo está entrando na pilha da esquerda, não pode cair nessa cilada que a agressão física, a censura e uso da força bruta.. só perdem a razão...",QURTSl9pMkNiSk90eXJMNUhBbThTSkJrU3FheFktZjc0XzFsM3pQVWRFTHBzbzk4LWp4cnBmMnI3dS1LSDhFNnZqNW1kZjRvcW41R0RQTQ==,2023-06-08 14:52:33.903598
youtube#commentThread,fUKNBxQ8_B2UfXofIhLPtQc9-9w,Ugz255syariNcNOiXUB4AaABAg,"{'videoId': 'zEfTDpfyt1o', 'topLevelComment': {'kind': 'youtube#comment', 'etag': '0LmV2ijkVWcU30r-YVe5aqGfXBE', 'id': 'Ugz255syariNcNOiXUB4AaABAg', 'snippet': {'videoId': 'zEfTDpfyt1o', 'textDisplay': 'Nossa, agressividade gratuita q pode causar até uma morte! Eu não concordo com o q o Bob J. Fez. Mas defendo o direito a liberdade de expressão de todos! Precisamos ter muita calma...', 'textOriginal': 'Nossa, agressividade gratuita q pode causar até uma morte! Eu não concordo com o q o Bob J. Fez. Mas defendo o direito a liberdade de expressão de todos! Precisamos ter muita calma...', 'authorDisplayName': 'Soninha', 'authorProfileImageUrl': 'https://yt3.ggpht.com/ytc/AGIKgqNeUU4uUVwghf_kZmtvwXrSl7I5vi-8_DOmCc2rJA=s48-c-k-c0x00ffffff-no-rj', 'authorChannelUrl': 'http://www.youtube.com/channel/UC-te4yn1frDE6adVBs6PMwQ', 'authorChannelId': {'value': 'UC-te4yn1frDE6adVBs6PMwQ'}, 'canRate': True, 'viewerRating': 'none', 'likeCount': 1, 'publishedAt': '2022-10-24T02:59:12Z', 'updatedAt': '2022-10-24T02:59:12Z'}}, 'canReply': True, 'totalReplyCount': 0, 'isPublic': True}",,UC-te4yn1frDE6adVBs6PMwQ,2022-10-24T02:59:12Z,"Nossa, agressividade gratuita q pode causar até uma morte! Eu não concordo com o q o Bob J. Fez. Mas defendo o direito a liberdade de expressão de todos! Precisamos ter muita calma...",QURTSl9pMkNiSk90eXJMNUhBbThTSkJrU3FheFktZjc0XzFsM3pQVWRFTHBzbzk4LWp4cnBmMnI3dS1LSDhFNnZqNW1kZjRvcW41R0RQTQ==,2023-06-08 14:52:33.903598
youtube#commentThread,FH6x8ah11wuMZjQw688nICrxiAQ,Ugx-IT5ENEijtBgzgI54AaABAg,"{'videoId': 'zEfTDpfyt1o', 'topLevelComment': {'kind': 'youtube#comment', 'etag': 'CeSLsj5p2bVCXsXO0fMlTe_xRl8', 'id': 'Ugx-IT5ENEijtBgzgI54AaABAg', 'snippet': {'videoId': 'zEfTDpfyt1o', 'textDisplay': 'O cara realmente dá um empurrão na câmera. O cinegrafista solta a câmera e se atira no chão girando e deita. Só olhar em câmera lenta. Não justifica empurrar a câmera, mas o cara se joga no chão.', 'textOriginal': 'O cara realmente dá um empurrão na câmera. O cinegrafista solta a câmera e se atira no chão girando e deita. Só olhar em câmera lenta. Não justifica empurrar a câmera, mas o cara se joga no chão.', 'authorDisplayName': 'Roberson Silva', 'authorProfileImageUrl': 'https://yt3.ggpht.com/ytc/AGIKgqNM-uEuLhFFEpE_Ls0y0Yll1ThSlEUNCFzwt9CDCA=s48-c-k-c0x00ffffff-no-rj', 'authorChannelUrl': 'http://www.youtube.com/channel/UCUXNaDh3nHk54YbemoGmHQA', 'authorChannelId': {'value': 'UCUXNaDh3nHk54YbemoGmHQA'}, 'canRate': True, 'viewerRating': 'none', 'likeCount': 2, 'publishedAt': '2022-10-24T02:58:49Z', 'updatedAt': '2022-10-24T02:58:49Z'}}, 'canReply': True, 'totalReplyCount': 0, 'isPublic': True}",,UCUXNaDh3nHk54YbemoGmHQA,2022-10-24T02:58:49Z,"O cara realmente dá um empurrão na câmera. O cinegrafista solta a câmera e se atira no chão girando e deita. Só olhar em câmera lenta. Não justifica empurrar a câmera, mas o cara se joga no chão.",QURTSl9pMkNiSk90eXJMNUhBbThTSkJrU3FheFktZjc0XzFsM3pQVWRFTHBzbzk4LWp4cnBmMnI3dS1LSDhFNnZqNW1kZjRvcW41R0RQTQ==,2023-06-08 14:52:33.903598
youtube#commentThread,ZzbOMPnGGKYLrt20eD08MspYfv4,UgzKvT7c6Nl9ABeLdyN4AaABAg,"{'videoId': 'zEfTDpfyt1o', 'topLevelComment': {'kind': 'youtube#comment', 'etag': 'DeI3zpwyW0RRFbqo5RC12ACy7N4', 'id': 'UgzKvT7c6Nl9ABeLdyN4AaABAg', 'snippet': {'videoId': 'zEfTDpfyt1o', 'textDisplay': 'VAMOS  POVO!!!! ESSE CINEGRAFISTA  TINHA QUE APANHAR MESMO', 'textOriginal': 'VAMOS  POVO!!!! ESSE CINEGRAFISTA  TINHA QUE APANHAR MESMO', 'authorDisplayName': 'Cristina Santos', 'authorProfileImageUrl': 'https://yt3.ggpht.com/ytc/AGIKgqN6KgYRexW3-CQ_n9L8c4Ab8xzAiCtb4bytXQ=s48-c-k-c0x00ffffff-no-rj', 'authorChannelUrl': 'http://www.youtube.com/channel/UCzMpkUyuZbSon6hJpE4e7oA', 'authorChannelId': {'value': 'UCzMpkUyuZbSon6hJpE4e7oA'}, 'canRate': True, 'viewerRating': 'none', 'likeCount': 1, 'publishedAt': '2022-10-24T02:56:57Z', 'updatedAt': '2022-10-24T02:56:57Z'}}, 'canReply': True, 'totalReplyCount': 0, 'isPublic': True}",,UCzMpkUyuZbSon6hJpE4e7oA,2022-10-24T02:56:57Z,VAMOS  POVO!!!! ESSE CINEGRAFISTA  TINHA QUE APANHAR MESMO,QURTSl9pMkNiSk90eXJMNUhBbThTSkJrU3FheFktZjc0XzFsM3pQVWRFTHBzbzk4LWp4cnBmMnI3dS1LSDhFNnZqNW1kZjRvcW41R0RQTQ==,2023-06-08 14:52:33.903598
youtube#commentThread,D6yhkRux3Y-7wAUg-IjYdDd1DI8,UgyXI0y8KEo0hYZNPUp4AaABAg,"{'videoId': 'zEfTDpfyt1o', 'topLevelComment': {'kind': 'youtube#comment', 'etag': 'oPNAGTp8RN6G5BUGAaJZsBTQJb8', 'id': 'UgyXI0y8KEo0hYZNPUp4AaABAg', 'snippet': {'videoId': 'zEfTDpfyt1o', 'textDisplay': 'Eu sou totalmente contra qualquer tipo de agressão, eu admiro o caráter dos jornalistas da jovem PAN são muito sensatos', 'textOriginal': 'Eu sou totalmente contra qualquer tipo de agressão, eu admiro o caráter dos jornalistas da jovem PAN são muito sensatos', 'authorDisplayName': 'Zanilda Maria', 'authorProfileImageUrl': 'https://yt3.ggpht.com/ytc/AGIKgqOCnq47MRhO7p62jFjmHs7uiHVvjKKiVgvQCsApBDmvOD0fdRyQbmPC4hpXnSml=s48-c-k-c0x00ffffff-no-rj', 'authorChannelUrl': 'http://www.youtube.com/channel/UCRCEyRS841Tm2WnNS8mmqwQ', 'authorChannelId': {'value': 'UCRCEyRS841Tm2WnNS8mmqwQ'}, 'canRate': True, 'viewerRating': 'none', 'likeCount': 2, 'publishedAt': '2022-10-24T02:56:28Z', 'updatedAt': '2022-10-24T02:56:28Z'}}, 'canReply': True, 'totalReplyCount': 0, 'isPublic': True}",,UCRCEyRS841Tm2WnNS8mmqwQ,2022-10-24T02:56:28Z,"Eu sou totalmente contra qualquer tipo de agressão, eu admiro o caráter dos jornalistas da jovem PAN são muito sensatos",QURTSl9pMkNiSk90eXJMNUhBbThTSkJrU3FheFktZjc0XzFsM3pQVWRFTHBzbzk4LWp4cnBmMnI3dS1LSDhFNnZqNW1kZjRvcW41R0RQTQ==,2023-06-08 14:52:33.903598
youtube#commentThread,TjjUtywhgHmjPJDOPPn1LDUQIfY,Ugzp-jrn-tD81_v9UaN4AaABAg,"{'videoId': 'zEfTDpfyt1o', 'topLevelComment': {'kind': 'youtube#comment', 'etag': 'R7_W8emRVsVOAMgLY7B85qdFOTU', 'id': 'Ugzp-jrn-tD81_v9UaN4AaABAg', 'snippet': {'videoId': 'zEfTDpfyt1o', 'textDisplay': 'HUMMM. LOXO DA GLOBO MERECE UMAS BOAS PORRADAS SIM', 'textOriginal': 'HUMMM. LOXO DA GLOBO MERECE UMAS BOAS PORRADAS SIM', 'authorDisplayName': 'Gilson Antonio Bispo', 'authorProfileImageUrl': 'https://yt3.ggpht.com/ytc/AGIKgqMqWdAyuiSfgFo4lKByyRwgtULPeroA8y4X1A=s48-c-k-c0x00ffffff-no-rj', 'authorChannelUrl': 'http://www.youtube.com/channel/UCh-IipDVdCJGbDY07jxBy6Q', 'authorChannelId': {'value': 'UCh-IipDVdCJGbDY07jxBy6Q'}, 'canRate': True, 'viewerRating': 'none', 'likeCount': 1, 'publishedAt': '2022-10-24T02:55:39Z', 'updatedAt': '2022-10-24T02:55:39Z'}}, 'canReply': True, 'totalReplyCount': 0, 'isPublic': True}",,UCh-IipDVdCJGbDY07jxBy6Q,2022-10-24T02:55:39Z,HUMMM. LOXO DA GLOBO MERECE UMAS BOAS PORRADAS SIM,QURTSl9pMkNiSk90eXJMNUhBbThTSkJrU3FheFktZjc0XzFsM3pQVWRFTHBzbzk4LWp4cnBmMnI3dS1LSDhFNnZqNW1kZjRvcW41R0RQTQ==,2023-06-08 14:52:33.903598
youtube#commentThread,QA8sxW2zmahvK2RJxJnBAHhCDM0,Ugz9HxjY46cSzBr7iA94AaABAg,"{'videoId': 'zEfTDpfyt1o', 'topLevelComment': {'kind': 'youtube#comment', 'etag': 'rfxlYSNHCpQXjG11PDgDjQUwkHQ', 'id': 'Ugz9HxjY46cSzBr7iA94AaABAg', 'snippet': {'videoId': 'zEfTDpfyt1o', 'textDisplay': 'Bolsonaro disse que ia destruir para de novo reconstruir Michel temer deixou a reforma da previdência e trabalhista pronta no senado e no congresso para o mito e seus aliados detruir vieram as estatais a base de Alcântara a relação com os paises vizinhos mais a cereja do bolo é a Petrobrás e o STF TSE as instituições vão sendo minadas uma a uma os evangélicos serão os próximos vencidos peia ganância soberba e deslumbramento dos seus pastores cegos que estão seus fieis para ser escravos e fanáticos da política eles se afastam do seu deus e cai na lama política e será o fim inevitável porque está em curso este é o projeto viva e verá', 'textOriginal': 'Bolsonaro disse que ia destruir para de novo reconstruir Michel temer deixou a reforma da previdência e trabalhista pronta no senado e no congresso para o mito e seus aliados detruir vieram as estatais a base de Alcântara a relação com os paises vizinhos mais a cereja do bolo é a Petrobrás e o STF TSE as instituições vão sendo minadas uma a uma os evangélicos serão os próximos vencidos peia ganância soberba e deslumbramento dos seus pastores cegos que estão seus fieis para ser escravos e fanáticos da política eles se afastam do seu deus e cai na lama política e será o fim inevitável porque está em curso este é o projeto viva e verá', 'authorDisplayName': 'Cleonice Gomes', 'authorProfileImageUrl': 'https://yt3.ggpht.com/ytc/AGIKgqO_fjWjRA9YcDs7Wf6zSWWGUeS_rcRL81_MHA=s48-c-k-c0x00ffffff-no-rj', 'authorChannelUrl': 'http://www.youtube.com/channel/UCqtqlcWCSHd4g9_dY_d8yZA', 'authorChannelId': {'value': 'UCqtqlcWCSHd4g9_dY_d8yZA'}, 'canRate': True, 'viewerRating': 'none', 'likeCount': 0, 'publishedAt': '2022-10-24T02:55:11Z', 'updatedAt': '2022-10-24T02:55:11Z'}}, 'canReply': True, 'totalReplyCount': 0, 'isPublic': True}",,UCqtqlcWCSHd4g9_dY_d8yZA,2022-10-24T02:55:11Z,Bolsonaro disse que ia destruir para de novo reconstruir Michel temer deixou a reforma da previdência e trabalhista pronta no senado e no congresso para o mito e seus aliados detruir vieram as estatais a base de Alcântara a relação com os paises vizinhos mais a cereja do bolo é a Petrobrás e o STF TSE as instituições vão sendo minadas uma a uma os evangélicos serão os próximos vencidos peia ganância soberba e deslumbramento dos seus pastores cegos que estão seus fieis para ser escravos e fanáticos da política eles se afastam do seu deus e cai na lama política e será o fim inevitável porque está em curso este é o projeto viva e verá,QURTSl9pMkNiSk90eXJMNUhBbThTSkJrU3FheFktZjc0XzFsM3pQVWRFTHBzbzk4LWp4cnBmMnI3dS1LSDhFNnZqNW1kZjRvcW41R0RQTQ==,2023-06-08 14:52:33.903598
youtube#commentThread,hvT4AXhF6a2gonKh3wmpzUlq318,UgxINkUozTLg3MdUsRR4AaABAg,"{'videoId': 'zEfTDpfyt1o', 'topLevelComment': {'kind': 'youtube#comment', 'etag': '2NtqDE-vSTsYkltigXZ8R4tNoCA', 'id': 'UgxINkUozTLg3MdUsRR4AaABAg', 'snippet': {'videoId': 'zEfTDpfyt1o', 'textDisplay': 'Eu acho que a globo precisa entender que não tem mais lugar entre nós.', 'textOriginal': 'Eu acho que a globo precisa entender que não tem mais lugar entre nós.', 'authorDisplayName': 'Isaac da Trindade e Souza', 'authorProfileImageUrl': 'https://yt3.ggpht.com/ytc/AGIKgqN5GO86ysCDjpPuIQB-0CIOg6F2x9u4LIx84A=s48-c-k-c0x00ffffff-no-rj', 'authorChannelUrl': 'http://www.youtube.com/channel/UCAnOjWHnyDmV_0cp2dUNtbQ', 'authorChannelId': {'value': 'UCAnOjWHnyDmV_0cp2dUNtbQ'}, 'canRate': True, 'viewerRating': 'none', 'likeCount': 2, 'publishedAt': '2022-10-24T02:53:30Z', 'updatedAt': '2022-10-24T02:53:30Z'}}, 'canReply': True, 'totalReplyCount': 0, 'isPublic': True}",,UCAnOjWHnyDmV_0cp2dUNtbQ,2022-10-24T02:53:30Z,Eu acho que a globo precisa entender que não tem mais lugar entre nós.,QURTSl9pMkNiSk90eXJMNUhBbThTSkJrU3FheFktZjc0XzFsM3pQVWRFTHBzbzk4LWp4cnBmMnI3dS1LSDhFNnZqNW1kZjRvcW41R0RQTQ==,2023-06-08 14:52:33.903598
youtube#commentThread,TUaNScrcCj_9f2eMn6RV9H8wQr8,Ugzsv7qOnSmr76zsa7d4AaABAg,"{'videoId': 'zEfTDpfyt1o', 'topLevelComment': {'kind': 'youtube#comment', 'etag': 'PXXlQsTF84PnI5taatMaOBicyIs', 'id': 'Ugzsv7qOnSmr76zsa7d4AaABAg', 'snippet': {'videoId': 'zEfTDpfyt1o', 'textDisplay': 'acho que o cinegrafista se jogou', 'textOriginal': 'acho que o cinegrafista se jogou', 'authorDisplayName': 'Aílton Alves Nutri', 'authorProfileImageUrl': 'https://yt3.ggpht.com/ytc/AGIKgqMTWzgI3axql3RiCYw1Zr81wuy_0OgkwMMyqXc8Coc=s48-c-k-c0x00ffffff-no-rj', 'authorChannelUrl': 'http://www.youtube.com/channel/UCNcHkVN4M1qA9hZHBxOWK2A', 'authorChannelId': {'value': 'UCNcHkVN4M1qA9hZHBxOWK2A'}, 'canRate': True, 'viewerRating': 'none', 'likeCount': 1, 'publishedAt': '2022-10-24T02:53:27Z', 'updatedAt': '2022-10-24T02:53:27Z'}}, 'canReply': True, 'totalReplyCount': 0, 'isPublic': True}",,UCNcHkVN4M1qA9hZHBxOWK2A,2022-10-24T02:53:27Z,acho que o cinegrafista se jogou,QURTSl9pMkNiSk90eXJMNUhBbThTSkJrU3FheFktZjc0XzFsM3pQVWRFTHBzbzk4LWp4cnBmMnI3dS1LSDhFNnZqNW1kZjRvcW41R0RQTQ==,2023-06-08 14:52:33.903598
youtube#commentThread,oKooba4urYX-nJGI4KAo0ZaFHnY,UgytVDLj-2dE3x_KvkJ4AaABAg,"{'videoId': 'zEfTDpfyt1o', 'topLevelComment': {'kind': 'youtube#comment', 'etag': '1WpMWuyCWZjCQglbsrfSDOvy_sw', 'id': 'UgytVDLj-2dE3x_KvkJ4AaABAg', 'snippet': {'videoId': 'zEfTDpfyt1o', 'textDisplay': 'Eu fico só olhando o caos que o bandido Xadao e seus parceiros estão fazendo com o nosso País!', 'textOriginal': 'Eu fico só olhando o caos que o bandido Xadao e seus parceiros estão fazendo com o nosso País!', 'authorDisplayName': 'Tuka Costa', 'authorProfileImageUrl': 'https://yt3.ggpht.com/3t8YUju9PYgUUyqwStZqxZy4BFH9b_zkQS6jALo0oNsLerfSM_8qD0FRn4JskhKzAaa6atle=s48-c-k-c0x00ffffff-no-rj', 'authorChannelUrl': 'http://www.youtube.com/channel/UCUksQLrTuKbc-eXms_2Y7fQ', 'authorChannelId': {'value': 'UCUksQLrTuKbc-eXms_2Y7fQ'}, 'canRate': True, 'viewerRating': 'none', 'likeCount': 0, 'publishedAt': '2022-10-24T02:52:54Z', 'updatedAt': '2022-10-24T02:52:54Z'}}, 'canReply': True, 'totalReplyCount': 0, 'isPublic': True}",,UCUksQLrTuKbc-eXms_2Y7fQ,2022-10-24T02:52:54Z,Eu fico só olhando o caos que o bandido Xadao e seus parceiros estão fazendo com o nosso País!,QURTSl9pMkNiSk90eXJMNUhBbThTSkJrU3FheFktZjc0XzFsM3pQVWRFTHBzbzk4LWp4cnBmMnI3dS1LSDhFNnZqNW1kZjRvcW41R0RQTQ==,2023-06-08 14:52:33.903598
youtube#commentThread,DXrRRx_IdI088yIg6TIei46qffQ,UgyGoEx2_Wiqn2ymLUN4AaABAg,"{'videoId': 'zEfTDpfyt1o', 'topLevelComment': {'kind': 'youtube#comment', 'etag': '75MWM27GiFQjjuwUYadKg9lXE88', 'id': 'UgyGoEx2_Wiqn2ymLUN4AaABAg', 'snippet': {'videoId': 'zEfTDpfyt1o', 'textDisplay': '😎 A GLOBO JÁ COLOCOU BOLSONARO NA CONFUSÃO.', 'textOriginal': '😎 A GLOBO JÁ COLOCOU BOLSONARO NA CONFUSÃO.', 'authorDisplayName': 'Vera Carvalho', 'authorProfileImageUrl': 'https://yt3.ggpht.com/ytc/AGIKgqMbAFLaSkoiKaoCpEEl7LWz5GzG8d-gb_aQ9A=s48-c-k-c0x00ffffff-no-rj', 'authorChannelUrl': 'http://www.youtube.com/channel/UCSAMxXnkOJT5E0MFcT8LS8A', 'authorChannelId': {'value': 'UCSAMxXnkOJT5E0MFcT8LS8A'}, 'canRate': True, 'viewerRating': 'none', 'likeCount': 0, 'publishedAt': '2022-10-24T02:52:24Z', 'updatedAt': '2022-10-24T02:52:24Z'}}, 'canReply': True, 'totalReplyCount': 0, 'isPublic': True}",,UCSAMxXnkOJT5E0MFcT8LS8A,2022-10-24T02:52:24Z,😎 A GLOBO JÁ COLOCOU BOLSONARO NA CONFUSÃO.,QURTSl9pMkNiSk90eXJMNUhBbThTSkJrU3FheFktZjc0XzFsM3pQVWRFTHBzbzk4LWp4cnBmMnI3dS1LSDhFNnZqNW1kZjRvcW41R0RQTQ==,2023-06-08 14:52:33.903598
youtube#commentThread,4_mOQ70keYojR3eQ8AympojocWo,UgwU7OqOvy2RFY75-ER4AaABAg,"{'videoId': 'zEfTDpfyt1o', 'topLevelComment': {'kind': 'youtube#comment', 'etag': '0QaQ2oQS0PXotDhBPEgwD-FLMpw', 'id': 'UgwU7OqOvy2RFY75-ER4AaABAg', 'snippet': {'videoId': 'zEfTDpfyt1o', 'textDisplay': 'fazendo mentira ,pelo histórico', 'textOriginal': 'fazendo mentira ,pelo histórico', 'authorDisplayName': 'magnun suan', 'authorProfileImageUrl': 'https://yt3.ggpht.com/ot6woST27GDHxsQZ66yHjAdjQkqcwy1rJwkE-L7S-ASAO-1xRY8mic3iqWfUbf7s27nV20_r=s48-c-k-c0x00ffffff-no-rj', 'authorChannelUrl': 'http://www.youtube.com/channel/UCURXUq1tlZ8N-wsNc8aLfLA', 'authorChannelId': {'value': 'UCURXUq1tlZ8N-wsNc8aLfLA'}, 'canRate': True, 'viewerRating': 'none', 'likeCount': 0, 'publishedAt': '2022-10-24T02:52:18Z', 'updatedAt': '2022-10-24T02:52:18Z'}}, 'canReply': True, 'totalReplyCount': 0, 'isPublic': True}",,UCURXUq1tlZ8N-wsNc8aLfLA,2022-10-24T02:52:18Z,"fazendo mentira ,pelo histórico",QURTSl9pMkNiSk90eXJMNUhBbThTSkJrU3FheFktZjc0XzFsM3pQVWRFTHBzbzk4LWp4cnBmMnI3dS1LSDhFNnZqNW1kZjRvcW41R0RQTQ==,2023-06-08 14:52:33.903598
youtube#commentThread,yCkr-ohKEBBeCRsN6Nf-d5dQhvk,UgytyRjWXOC-O_XMjDt4AaABAg,"{'videoId': 'zEfTDpfyt1o', 'topLevelComment': {'kind': 'youtube#comment', 'etag': 'NrgSJoS2k5MMrR8oEBEI_RAfDgA', 'id': 'UgytyRjWXOC-O_XMjDt4AaABAg', 'snippet': {'videoId': 'zEfTDpfyt1o', 'textDisplay': 'COITADO, O CARA SÓ ESTÁ TRABALHANDO.<br>NÃO TEM CULPA DE NADA.<br>LASTIMÁVEL!', 'textOriginal': 'COITADO, O CARA SÓ ESTÁ TRABALHANDO.\\nNÃO TEM CULPA DE NADA.\\nLASTIMÁVEL!', 'authorDisplayName': 'BB', 'authorProfileImageUrl': 'https://yt3.ggpht.com/uv8C0MD2ijSgxK1y2V4NknOPsRfJFIjkpjrcUQlnEKfPC6bP-lImIlh7xHNv9rQb5qN69NcvJg=s48-c-k-c0x00ffffff-no-rj', 'authorChannelUrl': 'http://www.youtube.com/channel/UC-554u-sjiWCf0jHPIxaD7Q', 'authorChannelId': {'value': 'UC-554u-sjiWCf0jHPIxaD7Q'}, 'canRate': True, 'viewerRating': 'none', 'likeCount': 0, 'publishedAt': '2022-10-24T02:50:00Z', 'updatedAt': '2022-10-24T02:50:00Z'}}, 'canReply': True, 'totalReplyCount': 0, 'isPublic': True}",,UC-554u-sjiWCf0jHPIxaD7Q,2022-10-24T02:50:00Z,"COITADO, O CARA SÓ ESTÁ TRABALHANDO.
NÃO TEM CULPA DE NADA.
LASTIMÁVEL!",QURTSl9pMkNiSk90eXJMNUhBbThTSkJrU3FheFktZjc0XzFsM3pQVWRFTHBzbzk4LWp4cnBmMnI3dS1LSDhFNnZqNW1kZjRvcW41R0RQTQ==,2023-06-08 14:52:33.903598
youtube#commentThread,d-9n2VJRDiEgDJMEEZsARKsxJmI,UgzD9VN5gRLiummQ93Z4AaABAg,"{'videoId': 'zEfTDpfyt1o', 'topLevelComment': {'kind': 'youtube#comment', 'etag': 'LBXeByIbZLA8UY6HOyrr5Adyynw', 'id': 'UgzD9VN5gRLiummQ93Z4AaABAg', 'snippet': {'videoId': 'zEfTDpfyt1o', 'textDisplay': 'Profissional que ia falar que a culpa  é  do bolsonaro.', 'textOriginal': 'Profissional que ia falar que a culpa  é  do bolsonaro.', 'authorDisplayName': 'silvania sisil', 'authorProfileImageUrl': 'https://yt3.ggpht.com/1t3pa64jXxZ3rbaLT28ybSVxm5AfDrcL529aEGC0z_Y3JHtfdFYD-egep6H5LM8d9RJuUccaaa0=s48-c-k-c0x00ffffff-no-rj', 'authorChannelUrl': 'http://www.youtube.com/channel/UCZqvxRyZlRY-c2rxloOn8aQ', 'authorChannelId': {'value': 'UCZqvxRyZlRY-c2rxloOn8aQ'}, 'canRate': True, 'viewerRating': 'none', 'likeCount': 0, 'publishedAt': '2022-10-24T02:49:11Z', 'updatedAt': '2022-10-24T02:49:11Z'}}, 'canReply': True, 'totalReplyCount': 0, 'isPublic': True}",,UCZqvxRyZlRY-c2rxloOn8aQ,2022-10-24T02:49:11Z,Profissional que ia falar que a culpa  é  do bolsonaro.,QURTSl9pMkNiSk90eXJMNUhBbThTSkJrU3FheFktZjc0XzFsM3pQVWRFTHBzbzk4LWp4cnBmMnI3dS1LSDhFNnZqNW1kZjRvcW41R0RQTQ==,2023-06-08 14:52:33.903598
youtube#commentThread,fokKyMd_tSySviCBZhAkNE1oJ0w,UgyxbO8b465m-3QK4BN4AaABAg,"{'videoId': 'zEfTDpfyt1o', 'topLevelComment': {'kind': 'youtube#comment', 'etag': 'QSH15wHof2S8oJuxFcxyYjdfI4M', 'id': 'UgyxbO8b465m-3QK4BN4AaABAg', 'snippet': {'videoId': 'zEfTDpfyt1o', 'textDisplay': '🇧🇷Irmaos que ainda estao indecisos, vamos acabar com esta loucura no dia 30. Agora, Bolsonaro vai mentir de novo e dizer que nunca foi apoiado por Jeferson. Mas o povo nao esquece! Esta tragedia so acontece porque Jeferson ajudou a eleger BOLSONARO, O PIOR PRESIDENTE DA HISTORIA¡ 🇧🇷 Padre picareta Kelmon foi candidato no lugar de <a href=""http://www.youtube.com/results?search_query=%23robertojefersonbolsonarista"">#robertojefersonbolsonarista</a>🇧🇷DEUS ABENCOE NOSSO PAIS<a href=""http://www.youtube.com/results?search_query=%23cristaoscomlula"">#CRISTAOSCOMLULA</a>🇧🇷', 'textOriginal': '🇧🇷Irmaos que ainda estao indecisos, vamos acabar com esta loucura no dia 30. Agora, Bolsonaro vai mentir de novo e dizer que nunca foi apoiado por Jeferson. Mas o povo nao esquece! Esta tragedia so acontece porque Jeferson ajudou a eleger BOLSONARO, O PIOR PRESIDENTE DA HISTORIA¡ 🇧🇷 Padre picareta Kelmon foi candidato no lugar de #robertojefersonbolsonarista🇧🇷DEUS ABENCOE NOSSO PAIS#CRISTAOSCOMLULA🇧🇷', 'authorDisplayName': 'Carolina', 'authorProfileImageUrl': 'https://yt3.ggpht.com/ytc/AGIKgqMdx54kLBF9hIE6lr5qpQ_kOZu0FEItfLFK8Q=s48-c-k-c0x00ffffff-no-rj', 'authorChannelUrl': 'http://www.youtube.com/channel/UCe_MMo1h5QntJU6oZoZi6QQ', 'authorChannelId': {'value': 'UCe_MMo1h5QntJU6oZoZi6QQ'}, 'canRate': True, 'viewerRating': 'none', 'likeCount': 1, 'publishedAt': '2022-10-24T02:49:07Z', 'updatedAt': '2022-10-24T02:49:07Z'}}, 'canReply': True, 'totalReplyCount': 0, 'isPublic': True}",,UCe_MMo1h5QntJU6oZoZi6QQ,2022-10-24T02:49:07Z,"🇧🇷Irmaos que ainda estao indecisos, vamos acabar com esta loucura no dia 30. Agora, Bolsonaro vai mentir de novo e dizer que nunca foi apoiado por Jeferson. Mas o povo nao esquece! Esta tragedia so acontece porque Jeferson ajudou a eleger BOLSONARO, O PIOR PRESIDENTE DA HISTORIA¡ 🇧🇷 Padre picareta Kelmon foi candidato no lugar de #robertojefersonbolsonarista🇧🇷DEUS ABENCOE NOSSO PAIS#CRISTAOSCOMLULA🇧🇷",QURTSl9pMkNiSk90eXJMNUhBbThTSkJrU3FheFktZjc0XzFsM3pQVWRFTHBzbzk4LWp4cnBmMnI3dS1LSDhFNnZqNW1kZjRvcW41R0RQTQ==,2023-06-08 14:52:33.903598
youtube#commentThread,h-w1YEyZCM8exjWTOj3jRWKY8xk,UgzqGUQAaOeWra6msGJ4AaABAg,"{'videoId': 'zEfTDpfyt1o', 'topLevelComment': {'kind': 'youtube#comment', 'etag': 'EfGJ26y0mkWnbVjEC7cr0Fus2aE', 'id': 'UgzqGUQAaOeWra6msGJ4AaABAg', 'snippet': {'videoId': 'zEfTDpfyt1o', 'textDisplay': 'O limite do povo chegou ao fim, isso acende o sinal vermelho para os Grandões la do STF e outros orgãos do poder, para repensarem suas ideias..', 'textOriginal': 'O limite do povo chegou ao fim, isso acende o sinal vermelho para os Grandões la do STF e outros orgãos do poder, para repensarem suas ideias..', 'authorDisplayName': 'ezequiel mendes', 'authorProfileImageUrl': 'https://yt3.ggpht.com/2UKHZY01dplZgMVfIEqtbb2SnreggIxtx8S4-NTzcJRnCWrbHKf_9arLvmBVF_OqeWmhVdZykw=s48-c-k-c0x00ffffff-no-rj', 'authorChannelUrl': 'http://www.youtube.com/channel/UC2-VsAbw8l9o5M41wuJl6SA', 'authorChannelId': {'value': 'UC2-VsAbw8l9o5M41wuJl6SA'}, 'canRate': True, 'viewerRating': 'none', 'likeCount': 1, 'publishedAt': '2022-10-24T02:47:44Z', 'updatedAt': '2022-10-24T02:50:26Z'}}, 'canReply': True, 'totalReplyCount': 0, 'isPublic': True}",,UC2-VsAbw8l9o5M41wuJl6SA,2022-10-24T02:47:44Z,"O limite do povo chegou ao fim, isso acende o sinal vermelho para os Grandões la do STF e outros orgãos do poder, para repensarem suas ideias..",QURTSl9pMkNiSk90eXJMNUhBbThTSkJrU3FheFktZjc0XzFsM3pQVWRFTHBzbzk4LWp4cnBmMnI3dS1LSDhFNnZqNW1kZjRvcW41R0RQTQ==,2023-06-08 14:52:33.903598
youtube#commentThread,RbbHezmu-T_kGvEKUHIvYYo23zE,Ugytx-1D5t5kWB1MdbB4AaABAg,"{'videoId': 'zEfTDpfyt1o', 'topLevelComment': {'kind': 'youtube#comment', 'etag': 'SSTlqyAKWvMtPL7SR_uAZv3QYEA', 'id': 'Ugytx-1D5t5kWB1MdbB4AaABAg', 'snippet': {'videoId': 'zEfTDpfyt1o', 'textDisplay': 'Será daí para pior. Deus tenha misericórdia do meu país. É só ódio. Vocês do jornalismo deveriam ver e denunciar sempre, porque esta prática não é de hoje.', 'textOriginal': 'Será daí para pior. Deus tenha misericórdia do meu país. É só ódio. Vocês do jornalismo deveriam ver e denunciar sempre, porque esta prática não é de hoje.', 'authorDisplayName': 'SuperEdnalda', 'authorProfileImageUrl': 'https://yt3.ggpht.com/ytc/AGIKgqN8g5neuJG58F43MaRZTzdNAaemx1CXFEeKw-14pg=s48-c-k-c0x00ffffff-no-rj', 'authorChannelUrl': 'http://www.youtube.com/channel/UCVi8WvwcRwZR_CTe9aCN5wA', 'authorChannelId': {'value': 'UCVi8WvwcRwZR_CTe9aCN5wA'}, 'canRate': True, 'viewerRating': 'none', 'likeCount': 0, 'publishedAt': '2022-10-24T02:47:37Z', 'updatedAt': '2022-10-24T02:48:01Z'}}, 'canReply': True, 'totalReplyCount': 0, 'isPublic': True}",,UCVi8WvwcRwZR_CTe9aCN5wA,2022-10-24T02:47:37Z,"Será daí para pior. Deus tenha misericórdia do meu país. É só ódio. Vocês do jornalismo deveriam ver e denunciar sempre, porque esta prática não é de hoje.",QURTSl9pMkNiSk90eXJMNUhBbThTSkJrU3FheFktZjc0XzFsM3pQVWRFTHBzbzk4LWp4cnBmMnI3dS1LSDhFNnZqNW1kZjRvcW41R0RQTQ==,2023-06-08 14:52:33.903598
youtube#commentThread,_s2-X4mbkZlbjuBl-VQOemqObO4,UgzCr3UygUyHJSHz1d14AaABAg,"{'videoId': 'zEfTDpfyt1o', 'topLevelComment': {'kind': 'youtube#comment', 'etag': 'MkGaFufWaUdx5Y1jIxnyVoWRBi4', 'id': 'UgzCr3UygUyHJSHz1d14AaABAg', 'snippet': {'videoId': 'zEfTDpfyt1o', 'textDisplay': 'Simulação, o rapaz de verde empurra e o cinegrafista se joga ao chão, vejam em velocidade reduzida ,  0,25  ... o cinegrafista valorizou o ocorrido. Desnecessário o empurrão e agora temos uma vítima.', 'textOriginal': 'Simulação, o rapaz de verde empurra e o cinegrafista se joga ao chão, vejam em velocidade reduzida ,  0,25  ... o cinegrafista valorizou o ocorrido. Desnecessário o empurrão e agora temos uma vítima.', 'authorDisplayName': 'hemir san', 'authorProfileImageUrl': 'https://yt3.ggpht.com/ytc/AGIKgqNQpM2gzC7Te4IVwKBuHsWf4WdCpXe-Xboq-A=s48-c-k-c0x00ffffff-no-rj', 'authorChannelUrl': 'http://www.youtube.com/channel/UCmTgs3TK9dQLXVwpN9fsfFQ', 'authorChannelId': {'value': 'UCmTgs3TK9dQLXVwpN9fsfFQ'}, 'canRate': True, 'viewerRating': 'none', 'likeCount': 1, 'publishedAt': '2022-10-24T02:47:03Z', 'updatedAt': '2022-10-24T02:47:03Z'}}, 'canReply': True, 'totalReplyCount': 0, 'isPublic': True}",,UCmTgs3TK9dQLXVwpN9fsfFQ,2022-10-24T02:47:03Z,"Simulação, o rapaz de verde empurra e o cinegrafista se joga ao chão, vejam em velocidade reduzida ,  0,25  ... o cinegrafista valorizou o ocorrido. Desnecessário o empurrão e agora temos uma vítima.",QURTSl9pMkNiSk90eXJMNUhBbThTSkJrU3FheFktZjc0XzFsM3pQVWRFTHBzbzk4LWp4cnBmMnI3dS1LSDhFNnZqNW1kZjRvcW41R0RQTQ==,2023-06-08 14:52:33.903598
youtube#commentThread,KGhVlCm_Oqgo_plGHmSItUCOu70,Ugzw_qqmUd8kSa79D554AaABAg,"{'videoId': 'zEfTDpfyt1o', 'topLevelComment': {'kind': 'youtube#comment', 'etag': 'uJ83ZgSWhI5_CB3m3Z9-sci8X94', 'id': 'Ugzw_qqmUd8kSa79D554AaABAg', 'snippet': {'videoId': 'zEfTDpfyt1o', 'textDisplay': 'Onde tem apoiadores do Bolsonaro tem violência.', 'textOriginal': 'Onde tem apoiadores do Bolsonaro tem violência.', 'authorDisplayName': 'Jose nilson sales', 'authorProfileImageUrl': 'https://yt3.ggpht.com/ytc/AGIKgqMuCO5lJtZyyYLTDUMWLicEWRXF8le-7eEOMw=s48-c-k-c0x00ffffff-no-rj', 'authorChannelUrl': 'http://www.youtube.com/channel/UCvzAxp5kYyErKBXR9WTnZnw', 'authorChannelId': {'value': 'UCvzAxp5kYyErKBXR9WTnZnw'}, 'canRate': True, 'viewerRating': 'none', 'likeCount': 0, 'publishedAt': '2022-10-24T02:46:55Z', 'updatedAt': '2022-10-24T02:46:55Z'}}, 'canReply': True, 'totalReplyCount': 0, 'isPublic': True}",,UCvzAxp5kYyErKBXR9WTnZnw,2022-10-24T02:46:55Z,Onde tem apoiadores do Bolsonaro tem violência.,QURTSl9pMkNiSk90eXJMNUhBbThTSkJrU3FheFktZjc0XzFsM3pQVWRFTHBzbzk4LWp4cnBmMnI3dS1LSDhFNnZqNW1kZjRvcW41R0RQTQ==,2023-06-08 14:52:33.903598
youtube#commentThread,nqwsgO5V-67YO245uXt-lUKFGHc,UgzqrIgxReXibycfFyV4AaABAg,"{'videoId': 'zEfTDpfyt1o', 'topLevelComment': {'kind': 'youtube#comment', 'etag': 'MPr8-LZpR7MK0ymLpcNymFgzRSs', 'id': 'UgzqrIgxReXibycfFyV4AaABAg', 'snippet': {'videoId': 'zEfTDpfyt1o', 'textDisplay': 'Não a violência!!! O rapaz estava trabalhando com sua equipe, respeito, pelo profissional devem trabalhar com toda segurança. Não violência. Não a CENSURA!!!! Respeito o próximo.', 'textOriginal': 'Não a violência!!! O rapaz estava trabalhando com sua equipe, respeito, pelo profissional devem trabalhar com toda segurança. Não violência. Não a CENSURA!!!! Respeito o próximo.', 'authorDisplayName': 'Maria Soares', 'authorProfileImageUrl': 'https://yt3.ggpht.com/Ysl8oZb40Z8QbJXxRSdW6DBQGc7Wxk09rKnxrMgowdU4wvn5j9XF50pZXUWuuKfTWjoHuXWD=s48-c-k-c0x00ffffff-no-rj', 'authorChannelUrl': 'http://www.youtube.com/channel/UClvXzzoVs-2gLMFd3g5VtKw', 'authorChannelId': {'value': 'UClvXzzoVs-2gLMFd3g5VtKw'}, 'canRate': True, 'viewerRating': 'none', 'likeCount': 0, 'publishedAt': '2022-10-24T02:43:56Z', 'updatedAt': '2022-10-24T02:43:56Z'}}, 'canReply': True, 'totalReplyCount': 0, 'isPublic': True}",,UClvXzzoVs-2gLMFd3g5VtKw,2022-10-24T02:43:56Z,"Não a violência!!! O rapaz estava trabalhando com sua equipe, respeito, pelo profissional devem trabalhar com toda segurança. Não violência. Não a CENSURA!!!! Respeito o próximo.",QURTSl9pMkNiSk90eXJMNUhBbThTSkJrU3FheFktZjc0XzFsM3pQVWRFTHBzbzk4LWp4cnBmMnI3dS1LSDhFNnZqNW1kZjRvcW41R0RQTQ==,2023-06-08 14:52:33.903598
youtube#commentThread,XtDdKcK0emxGWfmAd0g0O_dAUnM,Ugz-mE1lEQgjOuH57zZ4AaABAg,"{'videoId': 'zEfTDpfyt1o', 'topLevelComment': {'kind': 'youtube#comment', 'etag': 'wbtbsmc0MeFUFbCVHD-ijEcIGPY', 'id': 'Ugz-mE1lEQgjOuH57zZ4AaABAg', 'snippet': {'videoId': 'zEfTDpfyt1o', 'textDisplay': 'um verdadeiro Teatro das Tesouras  arquitetado pelo sistema pra forçar Bolsonaro tomar uma atitude  e prejudicar sua campanha.<br>  O Sistema quer dividir os eleitores de Bolsonaro , fazendo com que uns critiquem o Presidente caso ele tome uma atitude e outros o critiquem caso o Presidente não faça nada.<br>  Acordem povo !', 'textOriginal': 'um verdadeiro Teatro das Tesouras  arquitetado pelo sistema pra forçar Bolsonaro tomar uma atitude  e prejudicar sua campanha.\\n  O Sistema quer dividir os eleitores de Bolsonaro , fazendo com que uns critiquem o Presidente caso ele tome uma atitude e outros o critiquem caso o Presidente não faça nada.\\n  Acordem povo !', 'authorDisplayName': 'Flavia Souza', 'authorProfileImageUrl': 'https://yt3.ggpht.com/ytc/AGIKgqMRkwUGDUE5iaiIE2kkGoqdTplaHy4BJQ7aOA=s48-c-k-c0x00ffffff-no-rj', 'authorChannelUrl': 'http://www.youtube.com/channel/UCUXhzHmcMI5MSTEaWJ-rmEA', 'authorChannelId': {'value': 'UCUXhzHmcMI5MSTEaWJ-rmEA'}, 'canRate': True, 'viewerRating': 'none', 'likeCount': 0, 'publishedAt': '2022-10-24T02:43:00Z', 'updatedAt': '2022-10-24T02:43:00Z'}}, 'canReply': True, 'totalReplyCount': 0, 'isPublic': True}",,UCUXhzHmcMI5MSTEaWJ-rmEA,2022-10-24T02:43:00Z,"um verdadeiro Teatro das Tesouras  arquitetado pelo sistema pra forçar Bolsonaro tomar uma atitude  e prejudicar sua campanha.
  O Sistema quer dividir os eleitores de Bolsonaro , fazendo com que uns critiquem o Presidente caso ele tome uma atitude e outros o critiquem caso o Presidente não faça nada.
  Acordem povo !",QURTSl9pMkNiSk90eXJMNUhBbThTSkJrU3FheFktZjc0XzFsM3pQVWRFTHBzbzk4LWp4cnBmMnI3dS1LSDhFNnZqNW1kZjRvcW41R0RQTQ==,2023-06-08 14:52:33.903598
youtube#commentThread,aPu8xgWmNpodIjO8yPmzNoQwYZY,UgzMi_LvuYGR_WCfZTd4AaABAg,"{'videoId': 'zEfTDpfyt1o', 'topLevelComment': {'kind': 'youtube#comment', 'etag': 'xfdH3ibxAUDwhZ1f_9OlsagDS3Y', 'id': 'UgzMi_LvuYGR_WCfZTd4AaABAg', 'snippet': {'videoId': 'zEfTDpfyt1o', 'textDisplay': 'Lamentável, um pai de família que está no exercício do trabalho.', 'textOriginal': 'Lamentável, um pai de família que está no exercício do trabalho.', 'authorDisplayName': 'ROGÉRIO SALES', 'authorProfileImageUrl': 'https://yt3.ggpht.com/ytc/AGIKgqM3aAqWYOjDwWDtr1Rjw2ITApmThSLVYgOMrU8V8w=s48-c-k-c0x00ffffff-no-rj', 'authorChannelUrl': 'http://www.youtube.com/channel/UCedDsxnXmjdHQYpCyZjfUCA', 'authorChannelId': {'value': 'UCedDsxnXmjdHQYpCyZjfUCA'}, 'canRate': True, 'viewerRating': 'none', 'likeCount': 0, 'publishedAt': '2022-10-24T02:41:41Z', 'updatedAt': '2022-10-24T02:41:41Z'}}, 'canReply': True, 'totalReplyCount': 0, 'isPublic': True}",,UCedDsxnXmjdHQYpCyZjfUCA,2022-10-24T02:41:41Z,"Lamentável, um pai de família que está no exercício do trabalho.",QURTSl9pMkNiSk90eXJMNUhBbThTSkJrU3FheFktZjc0XzFsM3pQVWRFTHBzbzk4LWp4cnBmMnI3dS1LSDhFNnZqNW1kZjRvcW41R0RQTQ==,2023-06-08 14:52:33.903598
youtube#commentThread,NKXJXCR474hWZ97qT-9zw_FRuuc,UgwoTbgoOnyIqPv2vbh4AaABAg,"{'videoId': 'zEfTDpfyt1o', 'topLevelComment': {'kind': 'youtube#comment', 'etag': 'dtxVWc5VFunjXHEpzNNd7H_1bI8', 'id': 'UgwoTbgoOnyIqPv2vbh4AaABAg', 'snippet': {'videoId': 'zEfTDpfyt1o', 'textDisplay': 'Com a agressão a pessoa perde toda a razão!!! Prá mim, precisamos ainda aprender muito, p/vivermos em uma Sociedade Sadia!!! Que Deus nos ajude a melhorar!!!🙏🙏💚💚💛💛', 'textOriginal': 'Com a agressão a pessoa perde toda a razão!!! Prá mim, precisamos ainda aprender muito, p/vivermos em uma Sociedade Sadia!!! Que Deus nos ajude a melhorar!!!🙏🙏💚💚💛💛', 'authorDisplayName': 'Lina Costa Vieira', 'authorProfileImageUrl': 'https://yt3.ggpht.com/ytc/AGIKgqM5dpdFELftE-yXYgJ9BezNyWpyMNex5ApznO_FCQ=s48-c-k-c0x00ffffff-no-rj', 'authorChannelUrl': 'http://www.youtube.com/channel/UCKaUZFmiL05A3OReUPsqolg', 'authorChannelId': {'value': 'UCKaUZFmiL05A3OReUPsqolg'}, 'canRate': True, 'viewerRating': 'none', 'likeCount': 0, 'publishedAt': '2022-10-24T02:41:29Z', 'updatedAt': '2022-10-24T02:41:29Z'}}, 'canReply': True, 'totalReplyCount': 2, 'isPublic': True}","{'comments': [{'kind': 'youtube#comment', 'etag': 'sF4B6H1vZji7JCoSwHuRWgUBcwk', 'id': 'UgwoTbgoOnyIqPv2vbh4AaABAg.9hYcpt8vzVL9hZ44WYvqb0', 'snippet': {'videoId': 'zEfTDpfyt1o', 'textDisplay': '@Tiburcio Nascimento Concordo c/você, sobre a reação do Roberto Jefferson!!! Porém, discordo que se agrida um Cinegrafista, mesmo sendo da Globo, pq ele é um trabalhador como outro qualquer!!! Em que o defensor do Roberto Jefferson o ajudou, com tal violência???!! EM NADA!!! Apenas minha opinião!!! Abençoada semana!!!🙏🙏💚💚💛💛', 'textOriginal': '@Tiburcio Nascimento Concordo c/você, sobre a reação do Roberto Jefferson!!! Porém, discordo que se agrida um Cinegrafista, mesmo sendo da Globo, pq ele é um trabalhador como outro qualquer!!! Em que o defensor do Roberto Jefferson o ajudou, com tal violência???!! EM NADA!!! Apenas minha opinião!!! Abençoada semana!!!🙏🙏💚💚💛💛', 'parentId': 'UgwoTbgoOnyIqPv2vbh4AaABAg', 'authorDisplayName': 'Lina Costa Vieira', 'authorProfileImageUrl': 'https://yt3.ggpht.com/ytc/AGIKgqM5dpdFELftE-yXYgJ9BezNyWpyMNex5ApznO_FCQ=s48-c-k-c0x00ffffff-no-rj', 'authorChannelUrl': 'http://www.youtube.com/channel/UCKaUZFmiL05A3OReUPsqolg', 'authorChannelId': {'value': 'UCKaUZFmiL05A3OReUPsqolg'}, 'canRate': True, 'viewerRating': 'none', 'likeCount': 0, 'publishedAt': '2022-10-24T06:48:17Z', 'updatedAt': '2022-10-24T06:48:17Z'}}, {'kind': 'youtube#comment', 'etag': 'wFUqkGachlvthgEyuuhFtg8dB3s', 'id': 'UgwoTbgoOnyIqPv2vbh4AaABAg.9hYcpt8vzVL9hYexj1dMnt', 'snippet': {'videoId': 'zEfTDpfyt1o', 'textDisplay': 'Te levarem algemada por falar verdades incontestáveis, não seria uma forma de agressão....no domingo  ao meio dia, pela 4° vez....Nem com sangue de barata...', 'textOriginal': 'Te levarem algemada por falar verdades incontestáveis, não seria uma forma de agressão....no domingo  ao meio dia, pela 4° vez....Nem com sangue de barata...', 'parentId': 'UgwoTbgoOnyIqPv2vbh4AaABAg', 'authorDisplayName': 'Tiburcio Nascimento', 'authorProfileImageUrl': 'https://yt3.ggpht.com/ytc/AGIKgqPYJ16XbloZp1nRif2q9UiINjE9b3aLcJFllVpYZmGF8L32gAvFuJ_fm0H5T6oa=s48-c-k-c0x00ffffff-no-rj', 'authorChannelUrl': 'http://www.youtube.com/channel/UCOpVT2WBtvOTmNgRgNreY3Q', 'authorChannelId': {'value': 'UCOpVT2WBtvOTmNgRgNreY3Q'}, 'canRate': True, 'viewerRating': 'none', 'likeCount': 0, 'publishedAt': '2022-10-24T03:00:01Z', 'updatedAt': '2022-10-24T03:00:01Z'}}]}",UCKaUZFmiL05A3OReUPsqolg,2022-10-24T02:41:29Z,"Com a agressão a pessoa perde toda a razão!!! Prá mim, precisamos ainda aprender muito, p/vivermos em uma Sociedade Sadia!!! Que Deus nos ajude a melhorar!!!🙏🙏💚💚💛💛",QURTSl9pMkNiSk90eXJMNUhBbThTSkJrU3FheFktZjc0XzFsM3pQVWRFTHBzbzk4LWp4cnBmMnI3dS1LSDhFNnZqNW1kZjRvcW41R0RQTQ==,2023-06-08 14:52:33.903598
youtube#commentThread,IvjM5OEbFYeX4okRLZP-nEPWGUs,UgxN8zuNmVfQN1EX7a54AaABAg,"{'videoId': 'zEfTDpfyt1o', 'topLevelComment': {'kind': 'youtube#comment', 'etag': '7RDw5SXiN1TDBav4GDIpWtFPL78', 'id': 'UgxN8zuNmVfQN1EX7a54AaABAg', 'snippet': {'videoId': 'zEfTDpfyt1o', 'textDisplay': 'Edite amigo. O cara que agrediu não era apenas apoiador de Jeferson,ele era também apoiador de Bolsonaro!!!!!! Tem vídeos que o próprio fala. Vocês como sempre passando pano querendo tirar do lado de Bolsonaro..', 'textOriginal': 'Edite amigo. O cara que agrediu não era apenas apoiador de Jeferson,ele era também apoiador de Bolsonaro!!!!!! Tem vídeos que o próprio fala. Vocês como sempre passando pano querendo tirar do lado de Bolsonaro..', 'authorDisplayName': 'Wolf Gangs', 'authorProfileImageUrl': 'https://yt3.ggpht.com/ytc/AGIKgqNCGp1sPlUZBROg1wvwCroWTF9POvNJUK7k7tJHZg=s48-c-k-c0x00ffffff-no-rj', 'authorChannelUrl': 'http://www.youtube.com/channel/UCgd6Qk-WsA8_8VuZGlXJiYw', 'authorChannelId': {'value': 'UCgd6Qk-WsA8_8VuZGlXJiYw'}, 'canRate': True, 'viewerRating': 'none', 'likeCount': 0, 'publishedAt': '2022-10-24T02:40:33Z', 'updatedAt': '2022-10-24T02:40:33Z'}}, 'canReply': True, 'totalReplyCount': 0, 'isPublic': True}",,UCgd6Qk-WsA8_8VuZGlXJiYw,2022-10-24T02:40:33Z,"Edite amigo. O cara que agrediu não era apenas apoiador de Jeferson,ele era também apoiador de Bolsonaro!!!!!! Tem vídeos que o próprio fala. Vocês como sempre passando pano querendo tirar do lado de Bolsonaro..",QURTSl9pMkNiSk90eXJMNUhBbThTSkJrU3FheFktZjc0XzFsM3pQVWRFTHBzbzk4LWp4cnBmMnI3dS1LSDhFNnZqNW1kZjRvcW41R0RQTQ==,2023-06-08 14:52:33.903598
youtube#commentThread,drfSeALIH1LjuEdtWbfjKd-9t64,UgxYiUmEHNUtim4NJlt4AaABAg,"{'videoId': 'zEfTDpfyt1o', 'topLevelComment': {'kind': 'youtube#comment', 'etag': '4keIqhl1SYddRe43tnWA2JFqQQw', 'id': 'UgxYiUmEHNUtim4NJlt4AaABAg', 'snippet': {'videoId': 'zEfTDpfyt1o', 'textDisplay': 'Enquanto que no jornalismo da TV Jovem Pan News fala e mostra a verdade, como vimos pela imagem que 1 homem agrediu covardemente o cinegrafista da Rede Globo.<br>Na G News, aparece na tela manchete como essa &quot;Bolsonaristas agrediram cinegrafista no portão da casa de Jefferson&quot;, e uma manchete dessa às vésperas do 2° turno, quem garante que não é uma tentativa de prejudicar a campanha do candidato à reeleição pelo PL?', 'textOriginal': 'Enquanto que no jornalismo da TV Jovem Pan News fala e mostra a verdade, como vimos pela imagem que 1 homem agrediu covardemente o cinegrafista da Rede Globo.\\nNa G News, aparece na tela manchete como essa ""Bolsonaristas agrediram cinegrafista no portão da casa de Jefferson"", e uma manchete dessa às vésperas do 2° turno, quem garante que não é uma tentativa de prejudicar a campanha do candidato à reeleição pelo PL?', 'authorDisplayName': 'Antonio Jose Silva', 'authorProfileImageUrl': 'https://yt3.ggpht.com/ytc/AGIKgqO4tIOY2REXAFsLPoekB6Jpxf6q73wBJeSNjVtH=s48-c-k-c0x00ffffff-no-rj', 'authorChannelUrl': 'http://www.youtube.com/channel/UCgvkSwI7Xoj-3zas-n5bgtg', 'authorChannelId': {'value': 'UCgvkSwI7Xoj-3zas-n5bgtg'}, 'canRate': True, 'viewerRating': 'none', 'likeCount': 0, 'publishedAt': '2022-10-24T02:39:49Z', 'updatedAt': '2022-10-24T02:39:49Z'}}, 'canReply': True, 'totalReplyCount': 0, 'isPublic': True}",,UCgvkSwI7Xoj-3zas-n5bgtg,2022-10-24T02:39:49Z,"Enquanto que no jornalismo da TV Jovem Pan News fala e mostra a verdade, como vimos pela imagem que 1 homem agrediu covardemente o cinegrafista da Rede Globo.
Na G News, aparece na tela manchete como essa ""Bolsonaristas agrediram cinegrafista no portão da casa de Jefferson"", e uma manchete dessa às vésperas do 2° turno, quem garante que não é uma tentativa de prejudicar a campanha do candidato à reeleição pelo PL?",QURTSl9pMkNiSk90eXJMNUhBbThTSkJrU3FheFktZjc0XzFsM3pQVWRFTHBzbzk4LWp4cnBmMnI3dS1LSDhFNnZqNW1kZjRvcW41R0RQTQ==,2023-06-08 14:52:33.903598
youtube#commentThread,2Yq_ZJvMeVZTOVjjIrLnsea5wsk,Ugy9SEe__87nX-EtTA14AaABAg,"{'videoId': 'zEfTDpfyt1o', 'topLevelComment': {'kind': 'youtube#comment', 'etag': 'i4YdVegsDbwnkngcMI9mtN7XFKQ', 'id': 'Ugy9SEe__87nX-EtTA14AaABAg', 'snippet': {'videoId': 'zEfTDpfyt1o', 'textDisplay': 'Logo da globo é constantemente agredida verbalmente pelo presidente? Coincidência.', 'textOriginal': 'Logo da globo é constantemente agredida verbalmente pelo presidente? Coincidência.', 'authorDisplayName': 'Sunshine in', 'authorProfileImageUrl': 'https://yt3.ggpht.com/ytc/AGIKgqOtg3qnmhuEKAleQgz0IXgztMW_gJ9VXELdEw=s48-c-k-c0x00ffffff-no-rj', 'authorChannelUrl': 'http://www.youtube.com/channel/UCROanbfub-NZflR3KkNTBqw', 'authorChannelId': {'value': 'UCROanbfub-NZflR3KkNTBqw'}, 'canRate': True, 'viewerRating': 'none', 'likeCount': 0, 'publishedAt': '2022-10-24T02:38:41Z', 'updatedAt': '2022-10-24T02:38:41Z'}}, 'canReply': True, 'totalReplyCount': 0, 'isPublic': True}",,UCROanbfub-NZflR3KkNTBqw,2022-10-24T02:38:41Z,Logo da globo é constantemente agredida verbalmente pelo presidente? Coincidência.,QURTSl9pMEFzOG5xZ3hpZTAzbTJBRmNOeHItTmdlYWk5QVdKOWdYclVseHZ0bWJVdlRIVkpxTlZuazhFZFlaanVWeVVOUW0zc0Q3SThDdw==,2023-06-08 14:52:34.736252
youtube#commentThread,3lUH6Y3OE2gWVl1vw_1OJc2AWU0,Ugz8QnXL8TCz117H3T94AaABAg,"{'videoId': 'zEfTDpfyt1o', 'topLevelComment': {'kind': 'youtube#comment', 'etag': '2EwZpNug6n-0-rCuvmRFotCPlbI', 'id': 'Ugz8QnXL8TCz117H3T94AaABAg', 'snippet': {'videoId': 'zEfTDpfyt1o', 'textDisplay': 'E o vagabundo estava vestido de verde  falando que conservadores brasileiros bandidos criminosos', 'textOriginal': 'E o vagabundo estava vestido de verde  falando que conservadores brasileiros bandidos criminosos', 'authorDisplayName': 'Wanderluz Lima', 'authorProfileImageUrl': 'https://yt3.ggpht.com/ytc/AGIKgqNLAkwWd6WoeEQ8HHfJFAjKZ2O6llJFFe9d3A=s48-c-k-c0x00ffffff-no-rj', 'authorChannelUrl': 'http://www.youtube.com/channel/UCxg003sZHIhudKHFeJCOaMQ', 'authorChannelId': {'value': 'UCxg003sZHIhudKHFeJCOaMQ'}, 'canRate': True, 'viewerRating': 'none', 'likeCount': 0, 'publishedAt': '2022-10-24T02:37:26Z', 'updatedAt': '2022-10-24T02:37:26Z'}}, 'canReply': True, 'totalReplyCount': 0, 'isPublic': True}",,UCxg003sZHIhudKHFeJCOaMQ,2022-10-24T02:37:26Z,E o vagabundo estava vestido de verde  falando que conservadores brasileiros bandidos criminosos,QURTSl9pMEFzOG5xZ3hpZTAzbTJBRmNOeHItTmdlYWk5QVdKOWdYclVseHZ0bWJVdlRIVkpxTlZuazhFZFlaanVWeVVOUW0zc0Q3SThDdw==,2023-06-08 14:52:34.736252
youtube#commentThread,B0MW1bOmttQX4VXD6_yTbr8B3AM,UgynZ0qq_wQiH5DyYWJ4AaABAg,"{'videoId': 'zEfTDpfyt1o', 'topLevelComment': {'kind': 'youtube#comment', 'etag': 'LyqggmygiHzkC8K1z4rrxLJZYt4', 'id': 'UgynZ0qq_wQiH5DyYWJ4AaABAg', 'snippet': {'videoId': 'zEfTDpfyt1o', 'textDisplay': 'Será q os policiais finalmente perceberão q essa coisa de armar a população deixa a profissão deles mais perigosa?', 'textOriginal': 'Será q os policiais finalmente perceberão q essa coisa de armar a população deixa a profissão deles mais perigosa?', 'authorDisplayName': 'Sunshine in', 'authorProfileImageUrl': 'https://yt3.ggpht.com/ytc/AGIKgqOtg3qnmhuEKAleQgz0IXgztMW_gJ9VXELdEw=s48-c-k-c0x00ffffff-no-rj', 'authorChannelUrl': 'http://www.youtube.com/channel/UCROanbfub-NZflR3KkNTBqw', 'authorChannelId': {'value': 'UCROanbfub-NZflR3KkNTBqw'}, 'canRate': True, 'viewerRating': 'none', 'likeCount': 0, 'publishedAt': '2022-10-24T02:35:56Z', 'updatedAt': '2022-10-24T02:35:56Z'}}, 'canReply': True, 'totalReplyCount': 0, 'isPublic': True}",,UCROanbfub-NZflR3KkNTBqw,2022-10-24T02:35:56Z,Será q os policiais finalmente perceberão q essa coisa de armar a população deixa a profissão deles mais perigosa?,QURTSl9pMEFzOG5xZ3hpZTAzbTJBRmNOeHItTmdlYWk5QVdKOWdYclVseHZ0bWJVdlRIVkpxTlZuazhFZFlaanVWeVVOUW0zc0Q3SThDdw==,2023-06-08 14:52:34.736252
youtube#commentThread,ERHyIGVA0dZKvRn97VS-IjnBGmY,UgyHFjfn_8DnSYNN0E94AaABAg,"{'videoId': 'zEfTDpfyt1o', 'topLevelComment': {'kind': 'youtube#comment', 'etag': 'CAe7GltMrCEAuPfI90eYj4g9t08', 'id': 'UgyHFjfn_8DnSYNN0E94AaABAg', 'snippet': {'videoId': 'zEfTDpfyt1o', 'textDisplay': 'Violência tem é todos os dias', 'textOriginal': 'Violência tem é todos os dias', 'authorDisplayName': 'Sandro ', 'authorProfileImageUrl': 'https://yt3.ggpht.com/LjtAoJlDy3Uiwiivj5ACCDh0P0jRA87DlQd6IGj8jbvbYUH2eKeaB1ZlhYH7yxZ6bVeQpwz7gT4=s48-c-k-c0x00ffffff-no-rj', 'authorChannelUrl': 'http://www.youtube.com/channel/UCgTh3S85TF8SwtuJlwXoCCQ', 'authorChannelId': {'value': 'UCgTh3S85TF8SwtuJlwXoCCQ'}, 'canRate': True, 'viewerRating': 'none', 'likeCount': 0, 'publishedAt': '2022-10-24T02:35:48Z', 'updatedAt': '2022-10-24T02:35:48Z'}}, 'canReply': True, 'totalReplyCount': 0, 'isPublic': True}",,UCgTh3S85TF8SwtuJlwXoCCQ,2022-10-24T02:35:48Z,Violência tem é todos os dias,QURTSl9pMEFzOG5xZ3hpZTAzbTJBRmNOeHItTmdlYWk5QVdKOWdYclVseHZ0bWJVdlRIVkpxTlZuazhFZFlaanVWeVVOUW0zc0Q3SThDdw==,2023-06-08 14:52:34.736252
youtube#commentThread,lc4vcRV-el006ckJiyCVa9v8Lgo,UgxmZQWa77fMZGThtpR4AaABAg,"{'videoId': 'zEfTDpfyt1o', 'topLevelComment': {'kind': 'youtube#comment', 'etag': 'lCKNvUn1-CWyRxu0JYv4S1IkYl0', 'id': 'UgxmZQWa77fMZGThtpR4AaABAg', 'snippet': {'videoId': 'zEfTDpfyt1o', 'textDisplay': 'Assino embaixo !!! Sem agressão !!! Democracia, é ouvir os 2 lados, sem agressões físicas !!! ☮️🇧🇷☮️🇧🇷☮️🇧🇷', 'textOriginal': 'Assino embaixo !!! Sem agressão !!! Democracia, é ouvir os 2 lados, sem agressões físicas !!! ☮️🇧🇷☮️🇧🇷☮️🇧🇷', 'authorDisplayName': 'alexon mendes', 'authorProfileImageUrl': 'https://yt3.ggpht.com/ytc/AGIKgqOcBCJlCIygfaqX_3_a5drLhGBebPFHZTCIxQ=s48-c-k-c0x00ffffff-no-rj', 'authorChannelUrl': 'http://www.youtube.com/channel/UCigZplQGRwb5pb5L-7Mpksg', 'authorChannelId': {'value': 'UCigZplQGRwb5pb5L-7Mpksg'}, 'canRate': True, 'viewerRating': 'none', 'likeCount': 0, 'publishedAt': '2022-10-24T02:32:43Z', 'updatedAt': '2022-10-24T02:32:43Z'}}, 'canReply': True, 'totalReplyCount': 0, 'isPublic': True}",,UCigZplQGRwb5pb5L-7Mpksg,2022-10-24T02:32:43Z,"Assino embaixo !!! Sem agressão !!! Democracia, é ouvir os 2 lados, sem agressões físicas !!! ☮️🇧🇷☮️🇧🇷☮️🇧🇷",QURTSl9pMEFzOG5xZ3hpZTAzbTJBRmNOeHItTmdlYWk5QVdKOWdYclVseHZ0bWJVdlRIVkpxTlZuazhFZFlaanVWeVVOUW0zc0Q3SThDdw==,2023-06-08 14:52:34.736252
youtube#commentThread,X9h8gWOJ_GE9lHFPj1efU7aGF0g,UgzX_0j4ycDWcDa6mS14AaABAg,"{'videoId': 'zEfTDpfyt1o', 'topLevelComment': {'kind': 'youtube#comment', 'etag': 'tTZiaiLH0zuE3JQbFWL5NNaCdE8', 'id': 'UgzX_0j4ycDWcDa6mS14AaABAg', 'snippet': {'videoId': 'zEfTDpfyt1o', 'textDisplay': 'Investiguem o uso desse agressor de qual partido ele é.', 'textOriginal': 'Investiguem o uso desse agressor de qual partido ele é.', 'authorDisplayName': 'Nilva Stocker da Silva Gomes', 'authorProfileImageUrl': 'https://yt3.ggpht.com/ytc/AGIKgqP79_NugLPIDOBv6dmUG5Y3exyt5yLZvFUwr_2F7mqgqL6hOsguKfuWpbe9LFgJ=s48-c-k-c0x00ffffff-no-rj', 'authorChannelUrl': 'http://www.youtube.com/channel/UC_4gdGyIapy4DKVk1QURBMw', 'authorChannelId': {'value': 'UC_4gdGyIapy4DKVk1QURBMw'}, 'canRate': True, 'viewerRating': 'none', 'likeCount': 0, 'publishedAt': '2022-10-24T02:30:52Z', 'updatedAt': '2022-10-24T02:30:52Z'}}, 'canReply': True, 'totalReplyCount': 0, 'isPublic': True}",,UC_4gdGyIapy4DKVk1QURBMw,2022-10-24T02:30:52Z,Investiguem o uso desse agressor de qual partido ele é.,QURTSl9pMEFzOG5xZ3hpZTAzbTJBRmNOeHItTmdlYWk5QVdKOWdYclVseHZ0bWJVdlRIVkpxTlZuazhFZFlaanVWeVVOUW0zc0Q3SThDdw==,2023-06-08 14:52:34.736252
youtube#commentThread,YokayH1yD54KYTwjZxrKWJ_MhzY,UgyezShzgPkoRcMKC6l4AaABAg,"{'videoId': 'zEfTDpfyt1o', 'topLevelComment': {'kind': 'youtube#comment', 'etag': 'TdWaZabdBXPxCieGxo1mQF1lhYw', 'id': 'UgyezShzgPkoRcMKC6l4AaABAg', 'snippet': {'videoId': 'zEfTDpfyt1o', 'textDisplay': 'Bolsonarista bandidos criminosos', 'textOriginal': 'Bolsonarista bandidos criminosos', 'authorDisplayName': 'Wanderluz Lima', 'authorProfileImageUrl': 'https://yt3.ggpht.com/ytc/AGIKgqNLAkwWd6WoeEQ8HHfJFAjKZ2O6llJFFe9d3A=s48-c-k-c0x00ffffff-no-rj', 'authorChannelUrl': 'http://www.youtube.com/channel/UCxg003sZHIhudKHFeJCOaMQ', 'authorChannelId': {'value': 'UCxg003sZHIhudKHFeJCOaMQ'}, 'canRate': True, 'viewerRating': 'none', 'likeCount': 0, 'publishedAt': '2022-10-24T02:30:44Z', 'updatedAt': '2022-10-24T02:30:44Z'}}, 'canReply': True, 'totalReplyCount': 0, 'isPublic': True}",,UCxg003sZHIhudKHFeJCOaMQ,2022-10-24T02:30:44Z,Bolsonarista bandidos criminosos,QURTSl9pMEFzOG5xZ3hpZTAzbTJBRmNOeHItTmdlYWk5QVdKOWdYclVseHZ0bWJVdlRIVkpxTlZuazhFZFlaanVWeVVOUW0zc0Q3SThDdw==,2023-06-08 14:52:34.736252
youtube#commentThread,V_eMBZRvipAXlrD07vM_K7Y0I8k,UgxuVglZcb51DEUdc_F4AaABAg,"{'videoId': 'zEfTDpfyt1o', 'topLevelComment': {'kind': 'youtube#comment', 'etag': 'IH-_eWulPoxw_tSa5kvx0bh8gDk', 'id': 'UgxuVglZcb51DEUdc_F4AaABAg', 'snippet': {'videoId': 'zEfTDpfyt1o', 'textDisplay': 'Isso é normal por bolsonarista', 'textOriginal': 'Isso é normal por bolsonarista', 'authorDisplayName': 'Wanderluz Lima', 'authorProfileImageUrl': 'https://yt3.ggpht.com/ytc/AGIKgqNLAkwWd6WoeEQ8HHfJFAjKZ2O6llJFFe9d3A=s48-c-k-c0x00ffffff-no-rj', 'authorChannelUrl': 'http://www.youtube.com/channel/UCxg003sZHIhudKHFeJCOaMQ', 'authorChannelId': {'value': 'UCxg003sZHIhudKHFeJCOaMQ'}, 'canRate': True, 'viewerRating': 'none', 'likeCount': 0, 'publishedAt': '2022-10-24T02:30:04Z', 'updatedAt': '2022-10-24T02:30:04Z'}}, 'canReply': True, 'totalReplyCount': 0, 'isPublic': True}",,UCxg003sZHIhudKHFeJCOaMQ,2022-10-24T02:30:04Z,Isso é normal por bolsonarista,QURTSl9pMEFzOG5xZ3hpZTAzbTJBRmNOeHItTmdlYWk5QVdKOWdYclVseHZ0bWJVdlRIVkpxTlZuazhFZFlaanVWeVVOUW0zc0Q3SThDdw==,2023-06-08 14:52:34.736252
youtube#commentThread,exU0L7g7UsBAXG_vNMaz7oSIuUk,UgxZ11q615wdVCrzD-54AaABAg,"{'videoId': 'zEfTDpfyt1o', 'topLevelComment': {'kind': 'youtube#comment', 'etag': 'i2zGHwE4gYUEhnwmR9_vOfETlsQ', 'id': 'UgxZ11q615wdVCrzD-54AaABAg', 'snippet': {'videoId': 'zEfTDpfyt1o', 'textDisplay': 'sou anti bolsonaro, e esse é o video que eu concordo 100%.... voces são livres pra fazer a impresa, isso jamais deve ser perdido', 'textOriginal': 'sou anti bolsonaro, e esse é o video que eu concordo 100%.... voces são livres pra fazer a impresa, isso jamais deve ser perdido', 'authorDisplayName': 'Mikuszka', 'authorProfileImageUrl': 'https://yt3.ggpht.com/0JdWgjCiFKHEXOp1MsCaFRCvPF9MLrzXO5jgWL8UbGt8JRVov_m4oWZV7Ztb2DYRRroPChBgWw=s48-c-k-c0x00ffffff-no-rj', 'authorChannelUrl': 'http://www.youtube.com/channel/UCICYNuW17Kic7Pwy56mQn0Q', 'authorChannelId': {'value': 'UCICYNuW17Kic7Pwy56mQn0Q'}, 'canRate': True, 'viewerRating': 'none', 'likeCount': 0, 'publishedAt': '2022-10-24T02:28:57Z', 'updatedAt': '2022-10-24T02:28:57Z'}}, 'canReply': True, 'totalReplyCount': 0, 'isPublic': True}",,UCICYNuW17Kic7Pwy56mQn0Q,2022-10-24T02:28:57Z,"sou anti bolsonaro, e esse é o video que eu concordo 100%.... voces são livres pra fazer a impresa, isso jamais deve ser perdido",QURTSl9pMEFzOG5xZ3hpZTAzbTJBRmNOeHItTmdlYWk5QVdKOWdYclVseHZ0bWJVdlRIVkpxTlZuazhFZFlaanVWeVVOUW0zc0Q3SThDdw==,2023-06-08 14:52:34.736252
youtube#commentThread,-trUVDThLbAPzTesxZ8lFTCLiQw,Ugx9WW9yrcvVN2cXNAF4AaABAg,"{'videoId': 'zEfTDpfyt1o', 'topLevelComment': {'kind': 'youtube#comment', 'etag': 'ytR1xOLSJc8FaEzYnb9rezF__PA', 'id': 'Ugx9WW9yrcvVN2cXNAF4AaABAg', 'snippet': {'videoId': 'zEfTDpfyt1o', 'textDisplay': 'Só faltou falar que é culpa do Bolsonaro esse tipo de atitude, tanto a agressão ou a prisão.', 'textOriginal': 'Só faltou falar que é culpa do Bolsonaro esse tipo de atitude, tanto a agressão ou a prisão.', 'authorDisplayName': 'Leandro Eugênio', 'authorProfileImageUrl': 'https://yt3.ggpht.com/ytc/AGIKgqOB11Gh7Fr3cf7sy-r5XxnWuuN5BHJIfDs_Yw=s48-c-k-c0x00ffffff-no-rj', 'authorChannelUrl': 'http://www.youtube.com/channel/UCQeA6NiSc0nQQ8U6HaIZChg', 'authorChannelId': {'value': 'UCQeA6NiSc0nQQ8U6HaIZChg'}, 'canRate': True, 'viewerRating': 'none', 'likeCount': 0, 'publishedAt': '2022-10-24T02:28:46Z', 'updatedAt': '2022-10-24T02:28:46Z'}}, 'canReply': True, 'totalReplyCount': 0, 'isPublic': True}",,UCQeA6NiSc0nQQ8U6HaIZChg,2022-10-24T02:28:46Z,"Só faltou falar que é culpa do Bolsonaro esse tipo de atitude, tanto a agressão ou a prisão.",QURTSl9pMEFzOG5xZ3hpZTAzbTJBRmNOeHItTmdlYWk5QVdKOWdYclVseHZ0bWJVdlRIVkpxTlZuazhFZFlaanVWeVVOUW0zc0Q3SThDdw==,2023-06-08 14:52:34.736252
youtube#commentThread,ww-CqjqedV1t2ENBczmgf-6tibc,Ugxzev5obhXP-_i-7v54AaABAg,"{'videoId': 'zEfTDpfyt1o', 'topLevelComment': {'kind': 'youtube#comment', 'etag': 'kiYgcra8nJwKoEL-2DXnx7ab1lY', 'id': 'Ugxzev5obhXP-_i-7v54AaABAg', 'snippet': {'videoId': 'zEfTDpfyt1o', 'textDisplay': 'Isso não se faz. Respeitar sempre. É que aos que se comandando, perdendo pessoas, impedindo o jornalismo se conscientizem e veja que estão gerando mais violência.', 'textOriginal': 'Isso não se faz. Respeitar sempre. É que aos que se comandando, perdendo pessoas, impedindo o jornalismo se conscientizem e veja que estão gerando mais violência.', 'authorDisplayName': 'Nilva Stocker da Silva Gomes', 'authorProfileImageUrl': 'https://yt3.ggpht.com/ytc/AGIKgqP79_NugLPIDOBv6dmUG5Y3exyt5yLZvFUwr_2F7mqgqL6hOsguKfuWpbe9LFgJ=s48-c-k-c0x00ffffff-no-rj', 'authorChannelUrl': 'http://www.youtube.com/channel/UC_4gdGyIapy4DKVk1QURBMw', 'authorChannelId': {'value': 'UC_4gdGyIapy4DKVk1QURBMw'}, 'canRate': True, 'viewerRating': 'none', 'likeCount': 0, 'publishedAt': '2022-10-24T02:28:42Z', 'updatedAt': '2022-10-24T02:28:42Z'}}, 'canReply': True, 'totalReplyCount': 1, 'isPublic': True}","{'comments': [{'kind': 'youtube#comment', 'etag': '7aD630QKwkMrVSFw-HovwF_vvbY', 'id': 'Ugxzev5obhXP-_i-7v54AaABAg.9hYbNGSY4RK9hYmBR9F1fI', 'snippet': {'videoId': 'zEfTDpfyt1o', 'textDisplay': 'Respeitar quem??? Quem te massacra??? Olha as mulheres do Curdistão lutando como leoas pela sua liberdade...sai da tua bolha..', 'textOriginal': 'Respeitar quem??? Quem te massacra??? Olha as mulheres do Curdistão lutando como leoas pela sua liberdade...sai da tua bolha..', 'parentId': 'Ugxzev5obhXP-_i-7v54AaABAg', 'authorDisplayName': 'Tiburcio Nascimento', 'authorProfileImageUrl': 'https://yt3.ggpht.com/ytc/AGIKgqPYJ16XbloZp1nRif2q9UiINjE9b3aLcJFllVpYZmGF8L32gAvFuJ_fm0H5T6oa=s48-c-k-c0x00ffffff-no-rj', 'authorChannelUrl': 'http://www.youtube.com/channel/UCOpVT2WBtvOTmNgRgNreY3Q', 'authorChannelId': {'value': 'UCOpVT2WBtvOTmNgRgNreY3Q'}, 'canRate': True, 'viewerRating': 'none', 'likeCount': 0, 'publishedAt': '2022-10-24T04:03:12Z', 'updatedAt': '2022-10-24T04:03:12Z'}}]}",UC_4gdGyIapy4DKVk1QURBMw,2022-10-24T02:28:42Z,"Isso não se faz. Respeitar sempre. É que aos que se comandando, perdendo pessoas, impedindo o jornalismo se conscientizem e veja que estão gerando mais violência.",QURTSl9pMEFzOG5xZ3hpZTAzbTJBRmNOeHItTmdlYWk5QVdKOWdYclVseHZ0bWJVdlRIVkpxTlZuazhFZFlaanVWeVVOUW0zc0Q3SThDdw==,2023-06-08 14:52:34.736252
youtube#commentThread,sfwuScBMos5e0-CT7RPz-V6kDzI,UgwEiWC4ckXMkz-ucOh4AaABAg,"{'videoId': 'zEfTDpfyt1o', 'topLevelComment': {'kind': 'youtube#comment', 'etag': 'JwxXugpbv4XgXFfuC7T50U7TM5s', 'id': 'UgwEiWC4ckXMkz-ucOh4AaABAg', 'snippet': {'videoId': 'zEfTDpfyt1o', 'textDisplay': 'Roberto Jefferson vai mofa na cadeia pode ter certeza', 'textOriginal': 'Roberto Jefferson vai mofa na cadeia pode ter certeza', 'authorDisplayName': 'Wanderluz Lima', 'authorProfileImageUrl': 'https://yt3.ggpht.com/ytc/AGIKgqNLAkwWd6WoeEQ8HHfJFAjKZ2O6llJFFe9d3A=s48-c-k-c0x00ffffff-no-rj', 'authorChannelUrl': 'http://www.youtube.com/channel/UCxg003sZHIhudKHFeJCOaMQ', 'authorChannelId': {'value': 'UCxg003sZHIhudKHFeJCOaMQ'}, 'canRate': True, 'viewerRating': 'none', 'likeCount': 0, 'publishedAt': '2022-10-24T02:28:14Z', 'updatedAt': '2022-10-24T02:28:14Z'}}, 'canReply': True, 'totalReplyCount': 0, 'isPublic': True}",,UCxg003sZHIhudKHFeJCOaMQ,2022-10-24T02:28:14Z,Roberto Jefferson vai mofa na cadeia pode ter certeza,QURTSl9pMEFzOG5xZ3hpZTAzbTJBRmNOeHItTmdlYWk5QVdKOWdYclVseHZ0bWJVdlRIVkpxTlZuazhFZFlaanVWeVVOUW0zc0Q3SThDdw==,2023-06-08 14:52:34.736252
youtube#commentThread,yBKqGM5rq3ntVt3NI_a12f2wlDY,UgzVfcZrhldiGX-Rp5t4AaABAg,"{'videoId': 'zEfTDpfyt1o', 'topLevelComment': {'kind': 'youtube#comment', 'etag': 'Eb_cSEZt4sFOUKL1IzF3acwgTeE', 'id': 'UgzVfcZrhldiGX-Rp5t4AaABAg', 'snippet': {'videoId': 'zEfTDpfyt1o', 'textDisplay': 'Misericórdia que guerra estamos vivendo', 'textOriginal': 'Misericórdia que guerra estamos vivendo', 'authorDisplayName': 'Maria Umbelino', 'authorProfileImageUrl': 'https://yt3.ggpht.com/ytc/AGIKgqPI-ZVoz6y-znJCQqZH4b3MUiXzepMM7tBMyw=s48-c-k-c0x00ffffff-no-rj', 'authorChannelUrl': 'http://www.youtube.com/channel/UCle9QGukrkn3UgMYG1xSPpQ', 'authorChannelId': {'value': 'UCle9QGukrkn3UgMYG1xSPpQ'}, 'canRate': True, 'viewerRating': 'none', 'likeCount': 0, 'publishedAt': '2022-10-24T02:26:32Z', 'updatedAt': '2022-10-24T02:26:32Z'}}, 'canReply': True, 'totalReplyCount': 0, 'isPublic': True}",,UCle9QGukrkn3UgMYG1xSPpQ,2022-10-24T02:26:32Z,Misericórdia que guerra estamos vivendo,QURTSl9pMEFzOG5xZ3hpZTAzbTJBRmNOeHItTmdlYWk5QVdKOWdYclVseHZ0bWJVdlRIVkpxTlZuazhFZFlaanVWeVVOUW0zc0Q3SThDdw==,2023-06-08 14:52:34.736252
youtube#commentThread,H8O5qvimc0a9NoiR0xybUjyiEkE,Ugx40NFsu0aJDdS_zzt4AaABAg,"{'videoId': 'zEfTDpfyt1o', 'topLevelComment': {'kind': 'youtube#comment', 'etag': 'd6_aAfWB3lTU1kjxm8He2m5_17k', 'id': 'Ugx40NFsu0aJDdS_zzt4AaABAg', 'snippet': {'videoId': 'zEfTDpfyt1o', 'textDisplay': 'A rede Globo está pedindo pra seus profissionais seja retaliado nas ruas é muita mentira e fake New', 'textOriginal': 'A rede Globo está pedindo pra seus profissionais seja retaliado nas ruas é muita mentira e fake New', 'authorDisplayName': 'Wagner Douglas', 'authorProfileImageUrl': 'https://yt3.ggpht.com/ytc/AGIKgqPW69lMRKBK8CSvG_5o13cId5bGYRDR3dIo8A=s48-c-k-c0x00ffffff-no-rj', 'authorChannelUrl': 'http://www.youtube.com/channel/UCcE-7v3L5dF6XGnVS8XCaZA', 'authorChannelId': {'value': 'UCcE-7v3L5dF6XGnVS8XCaZA'}, 'canRate': True, 'viewerRating': 'none', 'likeCount': 0, 'publishedAt': '2022-10-24T02:24:16Z', 'updatedAt': '2022-10-24T02:24:16Z'}}, 'canReply': True, 'totalReplyCount': 0, 'isPublic': True}",,UCcE-7v3L5dF6XGnVS8XCaZA,2022-10-24T02:24:16Z,A rede Globo está pedindo pra seus profissionais seja retaliado nas ruas é muita mentira e fake New,QURTSl9pMEFzOG5xZ3hpZTAzbTJBRmNOeHItTmdlYWk5QVdKOWdYclVseHZ0bWJVdlRIVkpxTlZuazhFZFlaanVWeVVOUW0zc0Q3SThDdw==,2023-06-08 14:52:34.736252
youtube#commentThread,Obx-Xb8VdrwDXn3yMZRXkTP7nCY,UgxoKHiQfBEsBRj8A7F4AaABAg,"{'videoId': 'zEfTDpfyt1o', 'topLevelComment': {'kind': 'youtube#comment', 'etag': 'EEvoErELgmSl_33yVXosI45QqF8', 'id': 'UgxoKHiQfBEsBRj8A7F4AaABAg', 'snippet': {'videoId': 'zEfTDpfyt1o', 'textDisplay': 'Com certeza esses inúteis comiam capim', 'textOriginal': 'Com certeza esses inúteis comiam capim', 'authorDisplayName': 'RHope', 'authorProfileImageUrl': 'https://yt3.ggpht.com/EmsTvW4NSc5RNvJdI0B3NFa8B20DcFrk_IadIjVLyjZjMtC4lGMBDUfXw6nCZshRJdUR7QgKcw=s48-c-k-c0x00ffffff-no-rj', 'authorChannelUrl': 'http://www.youtube.com/channel/UCXfYfN-SM-v1YgV9ijFzzOw', 'authorChannelId': {'value': 'UCXfYfN-SM-v1YgV9ijFzzOw'}, 'canRate': True, 'viewerRating': 'none', 'likeCount': 0, 'publishedAt': '2022-10-24T02:24:10Z', 'updatedAt': '2022-10-24T02:24:10Z'}}, 'canReply': True, 'totalReplyCount': 0, 'isPublic': True}",,UCXfYfN-SM-v1YgV9ijFzzOw,2022-10-24T02:24:10Z,Com certeza esses inúteis comiam capim,QURTSl9pMEFzOG5xZ3hpZTAzbTJBRmNOeHItTmdlYWk5QVdKOWdYclVseHZ0bWJVdlRIVkpxTlZuazhFZFlaanVWeVVOUW0zc0Q3SThDdw==,2023-06-08 14:52:34.736252
youtube#commentThread,aWkL9NMyuDML_gxP_RjMzOrg4iA,UgzDOtByyFHYvjeFsC54AaABAg,"{'videoId': 'zEfTDpfyt1o', 'topLevelComment': {'kind': 'youtube#comment', 'etag': '9i7wxAV17A0ZYwihvxq58BHZ09E', 'id': 'UgzDOtByyFHYvjeFsC54AaABAg', 'snippet': {'videoId': 'zEfTDpfyt1o', 'textDisplay': 'Roberto Jeferson fez mais do quê as autoridades desse país!!!', 'textOriginal': 'Roberto Jeferson fez mais do quê as autoridades desse país!!!', 'authorDisplayName': 'Ricardo Garcia', 'authorProfileImageUrl': 'https://yt3.ggpht.com/ytc/AGIKgqMxs7G6nEJMlmY2ArpuQ-vh48Y05_87NQI7pw=s48-c-k-c0x00ffffff-no-rj', 'authorChannelUrl': 'http://www.youtube.com/channel/UCHSBs_P0SmxlgpIYgoRSoQg', 'authorChannelId': {'value': 'UCHSBs_P0SmxlgpIYgoRSoQg'}, 'canRate': True, 'viewerRating': 'none', 'likeCount': 0, 'publishedAt': '2022-10-24T02:23:38Z', 'updatedAt': '2022-10-24T02:23:38Z'}}, 'canReply': True, 'totalReplyCount': 0, 'isPublic': True}",,UCHSBs_P0SmxlgpIYgoRSoQg,2022-10-24T02:23:38Z,Roberto Jeferson fez mais do quê as autoridades desse país!!!,QURTSl9pMEFzOG5xZ3hpZTAzbTJBRmNOeHItTmdlYWk5QVdKOWdYclVseHZ0bWJVdlRIVkpxTlZuazhFZFlaanVWeVVOUW0zc0Q3SThDdw==,2023-06-08 14:52:34.736252
youtube#commentThread,VdKpLpYIWypj5zk6jYroB2jlNUY,UgxSOTMMjq0JeCFDwiB4AaABAg,"{'videoId': 'zEfTDpfyt1o', 'topLevelComment': {'kind': 'youtube#comment', 'etag': 'Y3mBor7Mvsyr5435i7JW7598k3Y', 'id': 'UgxSOTMMjq0JeCFDwiB4AaABAg', 'snippet': {'videoId': 'zEfTDpfyt1o', 'textDisplay': 'Se Roberto Jefferson morresse na operação, ele viraria mártir. O que seria o estopim para a anarquia no nosso país. Sou completamente contra as falas da Carmem Lúcia sobre censura, mas também não apoio as falas do Roberto Jefferson contra a ministra. E caso o mesmo tenha sido vítima de perseguição do judiciário, que ele tenha direito a um julgamento sem parcialidade.', 'textOriginal': 'Se Roberto Jefferson morresse na operação, ele viraria mártir. O que seria o estopim para a anarquia no nosso país. Sou completamente contra as falas da Carmem Lúcia sobre censura, mas também não apoio as falas do Roberto Jefferson contra a ministra. E caso o mesmo tenha sido vítima de perseguição do judiciário, que ele tenha direito a um julgamento sem parcialidade.', 'authorDisplayName': 'Jemima Santos da Silva', 'authorProfileImageUrl': 'https://yt3.ggpht.com/ytc/AGIKgqM3cfpv11oOqxzCQh5S1-U-emMjX_P9IS7bFw6A=s48-c-k-c0x00ffffff-no-rj', 'authorChannelUrl': 'http://www.youtube.com/channel/UC6njBYb7YB-eU_mQAF14IPQ', 'authorChannelId': {'value': 'UC6njBYb7YB-eU_mQAF14IPQ'}, 'canRate': True, 'viewerRating': 'none', 'likeCount': 0, 'publishedAt': '2022-10-24T02:22:51Z', 'updatedAt': '2022-10-24T02:22:51Z'}}, 'canReply': True, 'totalReplyCount': 0, 'isPublic': True}",,UC6njBYb7YB-eU_mQAF14IPQ,2022-10-24T02:22:51Z,"Se Roberto Jefferson morresse na operação, ele viraria mártir. O que seria o estopim para a anarquia no nosso país. Sou completamente contra as falas da Carmem Lúcia sobre censura, mas também não apoio as falas do Roberto Jefferson contra a ministra. E caso o mesmo tenha sido vítima de perseguição do judiciário, que ele tenha direito a um julgamento sem parcialidade.",QURTSl9pMEFzOG5xZ3hpZTAzbTJBRmNOeHItTmdlYWk5QVdKOWdYclVseHZ0bWJVdlRIVkpxTlZuazhFZFlaanVWeVVOUW0zc0Q3SThDdw==,2023-06-08 14:52:34.736252
youtube#commentThread,D5Sdqt2uU66zfAuhLyj1f_1LiuA,Ugz18Oikp23aP_JU6p54AaABAg,"{'videoId': 'zEfTDpfyt1o', 'topLevelComment': {'kind': 'youtube#comment', 'etag': 'Ol-9wT1_8CmIG9Pczj9DnIB9dmc', 'id': 'Ugz18Oikp23aP_JU6p54AaABAg', 'snippet': {'videoId': 'zEfTDpfyt1o', 'textDisplay': 'Kkkk..as mentiras d joven panos nao para ..tumulto derrubou..Kkkk  pq nao fala a verdade diz ai q im apoiado d minto enburrou o reporter pelas costas..para d conta mentiras ..ja basta a mentira q estilhacos acertaram o cato d policia pq nao falou q o carro foi metralhado como tds puderam ver ..ja ta ficando feio essas suas mentiras', 'textOriginal': 'Kkkk..as mentiras d joven panos nao para ..tumulto derrubou..Kkkk  pq nao fala a verdade diz ai q im apoiado d minto enburrou o reporter pelas costas..para d conta mentiras ..ja basta a mentira q estilhacos acertaram o cato d policia pq nao falou q o carro foi metralhado como tds puderam ver ..ja ta ficando feio essas suas mentiras', 'authorDisplayName': 'Delair Gomes', 'authorProfileImageUrl': 'https://yt3.ggpht.com/ytc/AGIKgqNJ0DTtnwZAtEaH3noVe9L1o6pFk9vlf5hdr8mZN31aku3lq7F81jvMXur_FiWs=s48-c-k-c0x00ffffff-no-rj', 'authorChannelUrl': 'http://www.youtube.com/channel/UCKOvze3JdlhyKMVOTMalUJA', 'authorChannelId': {'value': 'UCKOvze3JdlhyKMVOTMalUJA'}, 'canRate': True, 'viewerRating': 'none', 'likeCount': 0, 'publishedAt': '2022-10-24T02:22:50Z', 'updatedAt': '2022-10-24T02:22:50Z'}}, 'canReply': True, 'totalReplyCount': 0, 'isPublic': True}",,UCKOvze3JdlhyKMVOTMalUJA,2022-10-24T02:22:50Z,Kkkk..as mentiras d joven panos nao para ..tumulto derrubou..Kkkk  pq nao fala a verdade diz ai q im apoiado d minto enburrou o reporter pelas costas..para d conta mentiras ..ja basta a mentira q estilhacos acertaram o cato d policia pq nao falou q o carro foi metralhado como tds puderam ver ..ja ta ficando feio essas suas mentiras,QURTSl9pMEFzOG5xZ3hpZTAzbTJBRmNOeHItTmdlYWk5QVdKOWdYclVseHZ0bWJVdlRIVkpxTlZuazhFZFlaanVWeVVOUW0zc0Q3SThDdw==,2023-06-08 14:52:34.736252
youtube#commentThread,14eaUyoC7FYIxc6-sfAwY4UowqM,Ugz35FDcCI1lduxllzN4AaABAg,"{'videoId': 'zEfTDpfyt1o', 'topLevelComment': {'kind': 'youtube#comment', 'etag': 'GZW5D60hq-HLgSjsddpJShjtcpo', 'id': 'Ugz35FDcCI1lduxllzN4AaABAg', 'snippet': {'videoId': 'zEfTDpfyt1o', 'textDisplay': 'A culpa é do Alexandre de Moraes', 'textOriginal': 'A culpa é do Alexandre de Moraes', 'authorDisplayName': 'Rafael G.', 'authorProfileImageUrl': 'https://yt3.ggpht.com/XGKSnfLXukRvqke3rld_XR3_kpzeaA3fau61J71t-D6DQAjuFdvJn-GuHu2hGYnPNtNObJI4fZI=s48-c-k-c0x00ffffff-no-rj', 'authorChannelUrl': 'http://www.youtube.com/channel/UCWtH1T5JeXe0eQwXPfvywhA', 'authorChannelId': {'value': 'UCWtH1T5JeXe0eQwXPfvywhA'}, 'canRate': True, 'viewerRating': 'none', 'likeCount': 0, 'publishedAt': '2022-10-24T02:21:56Z', 'updatedAt': '2022-10-24T02:21:56Z'}}, 'canReply': True, 'totalReplyCount': 0, 'isPublic': True}",,UCWtH1T5JeXe0eQwXPfvywhA,2022-10-24T02:21:56Z,A culpa é do Alexandre de Moraes,QURTSl9pMEFzOG5xZ3hpZTAzbTJBRmNOeHItTmdlYWk5QVdKOWdYclVseHZ0bWJVdlRIVkpxTlZuazhFZFlaanVWeVVOUW0zc0Q3SThDdw==,2023-06-08 14:52:34.736252
youtube#commentThread,lmEcY6_mHdv7QQXmkeFl2dJsEvY,Ugy7Zk1Wpa6Xkn1mynF4AaABAg,"{'videoId': 'zEfTDpfyt1o', 'topLevelComment': {'kind': 'youtube#comment', 'etag': 'SJclVf_ICQWtMoT20zZpA8SYm0Q', 'id': 'Ugy7Zk1Wpa6Xkn1mynF4AaABAg', 'snippet': {'videoId': 'zEfTDpfyt1o', 'textDisplay': 'Repudiamos de fato o pobre coitado cinegrafista NÃO tem culpa de certa rede aqual executa a sua função. Que DEUS acuda esse rapaz vitima de violência e que o acusado pague conforme a lei exige. <br>Falo aqui independente de politica. Sou de direita mais NÃO concordo e NÃO apoio essa atitude!!', 'textOriginal': 'Repudiamos de fato o pobre coitado cinegrafista NÃO tem culpa de certa rede aqual executa a sua função. Que DEUS acuda esse rapaz vitima de violência e que o acusado pague conforme a lei exige. \\nFalo aqui independente de politica. Sou de direita mais NÃO concordo e NÃO apoio essa atitude!!', 'authorDisplayName': 'Golberi Cavalheiro', 'authorProfileImageUrl': 'https://yt3.ggpht.com/cqJD-9RyQryyI7riRXN39qPaA-aiX7FskC_h08i3seIC-uRUIml1ZBw0QGnnZoCcZib5ryHs=s48-c-k-c0x00ffffff-no-rj', 'authorChannelUrl': 'http://www.youtube.com/channel/UCRq0gmZntc7ufjlF7uhqmgw', 'authorChannelId': {'value': 'UCRq0gmZntc7ufjlF7uhqmgw'}, 'canRate': True, 'viewerRating': 'none', 'likeCount': 0, 'publishedAt': '2022-10-24T02:21:55Z', 'updatedAt': '2022-10-24T02:23:36Z'}}, 'canReply': True, 'totalReplyCount': 0, 'isPublic': True}",,UCRq0gmZntc7ufjlF7uhqmgw,2022-10-24T02:21:55Z,"Repudiamos de fato o pobre coitado cinegrafista NÃO tem culpa de certa rede aqual executa a sua função. Que DEUS acuda esse rapaz vitima de violência e que o acusado pague conforme a lei exige. 
Falo aqui independente de politica. Sou de direita mais NÃO concordo e NÃO apoio essa atitude!!",QURTSl9pMEFzOG5xZ3hpZTAzbTJBRmNOeHItTmdlYWk5QVdKOWdYclVseHZ0bWJVdlRIVkpxTlZuazhFZFlaanVWeVVOUW0zc0Q3SThDdw==,2023-06-08 14:52:34.736252
youtube#commentThread,a0XxGjmUk_b2zznaWn7UiopAom0,UgySUjJvWIAqIiU5djx4AaABAg,"{'videoId': 'zEfTDpfyt1o', 'topLevelComment': {'kind': 'youtube#comment', 'etag': 'dHa-EeJ1XUFIKQ94jek0GeN13ik', 'id': 'UgySUjJvWIAqIiU5djx4AaABAg', 'snippet': {'videoId': 'zEfTDpfyt1o', 'textDisplay': 'Não sou defensor de Roberto Jefferson, mas não vamos esquecer que a Globo pregou a força de policiais contra o povo WUE TAMBÉM ESTAVA TRABALHANDO. Já esqueceram da época da pandemia chinesa ?', 'textOriginal': 'Não sou defensor de Roberto Jefferson, mas não vamos esquecer que a Globo pregou a força de policiais contra o povo WUE TAMBÉM ESTAVA TRABALHANDO. Já esqueceram da época da pandemia chinesa ?', 'authorDisplayName': 'marco antonio bianchini', 'authorProfileImageUrl': 'https://yt3.ggpht.com/ytc/AGIKgqPHH8J7MWizTD0aSltknNY4xXyAoowkJml6X7T3=s48-c-k-c0x00ffffff-no-rj', 'authorChannelUrl': 'http://www.youtube.com/channel/UCPUSX6ecyL64KvhS_c3eF0w', 'authorChannelId': {'value': 'UCPUSX6ecyL64KvhS_c3eF0w'}, 'canRate': True, 'viewerRating': 'none', 'likeCount': 0, 'publishedAt': '2022-10-24T02:21:46Z', 'updatedAt': '2022-10-24T02:21:46Z'}}, 'canReply': True, 'totalReplyCount': 1, 'isPublic': True}","{'comments': [{'kind': 'youtube#comment', 'etag': 'XU7m_jxdwaerNrBz6gJrOFOAO1U', 'id': 'UgySUjJvWIAqIiU5djx4AaABAg.9hYa_Ul9vOu9hYacxauUF-', 'snippet': {'videoId': 'zEfTDpfyt1o', 'textDisplay': 'QUE *', 'textOriginal': 'QUE *', 'parentId': 'UgySUjJvWIAqIiU5djx4AaABAg', 'authorDisplayName': 'marco antonio bianchini', 'authorProfileImageUrl': 'https://yt3.ggpht.com/ytc/AGIKgqPHH8J7MWizTD0aSltknNY4xXyAoowkJml6X7T3=s48-c-k-c0x00ffffff-no-rj', 'authorChannelUrl': 'http://www.youtube.com/channel/UCPUSX6ecyL64KvhS_c3eF0w', 'authorChannelId': {'value': 'UCPUSX6ecyL64KvhS_c3eF0w'}, 'canRate': True, 'viewerRating': 'none', 'likeCount': 0, 'publishedAt': '2022-10-24T02:22:14Z', 'updatedAt': '2022-10-24T02:22:14Z'}}]}",UCPUSX6ecyL64KvhS_c3eF0w,2022-10-24T02:21:46Z,"Não sou defensor de Roberto Jefferson, mas não vamos esquecer que a Globo pregou a força de policiais contra o povo WUE TAMBÉM ESTAVA TRABALHANDO. Já esqueceram da época da pandemia chinesa ?",QURTSl9pMEFzOG5xZ3hpZTAzbTJBRmNOeHItTmdlYWk5QVdKOWdYclVseHZ0bWJVdlRIVkpxTlZuazhFZFlaanVWeVVOUW0zc0Q3SThDdw==,2023-06-08 14:52:34.736252
youtube#commentThread,CKdHqJaTP3p9sJKdz2wL4SmrBIk,Ugw36wPgYZOWa3o_TiZ4AaABAg,"{'videoId': 'zEfTDpfyt1o', 'topLevelComment': {'kind': 'youtube#comment', 'etag': 'qQgpSccsBt1612C2qz_DTYAIKnU', 'id': 'Ugw36wPgYZOWa3o_TiZ4AaABAg', 'snippet': {'videoId': 'zEfTDpfyt1o', 'textDisplay': 'Chama o padre pokemon', 'textOriginal': 'Chama o padre pokemon', 'authorDisplayName': 'elvira fortaleza', 'authorProfileImageUrl': 'https://yt3.ggpht.com/ytc/AGIKgqMH2FnAMqs1kttB4ChyOuMBWQmBrvQAEu4VlX5iYA=s48-c-k-c0x00ffffff-no-rj', 'authorChannelUrl': 'http://www.youtube.com/channel/UC4xqamcrT6Y48uihS4ZN6Xw', 'authorChannelId': {'value': 'UC4xqamcrT6Y48uihS4ZN6Xw'}, 'canRate': True, 'viewerRating': 'none', 'likeCount': 0, 'publishedAt': '2022-10-24T02:21:14Z', 'updatedAt': '2022-10-24T02:21:14Z'}}, 'canReply': True, 'totalReplyCount': 0, 'isPublic': True}",,UC4xqamcrT6Y48uihS4ZN6Xw,2022-10-24T02:21:14Z,Chama o padre pokemon,QURTSl9pMEFzOG5xZ3hpZTAzbTJBRmNOeHItTmdlYWk5QVdKOWdYclVseHZ0bWJVdlRIVkpxTlZuazhFZFlaanVWeVVOUW0zc0Q3SThDdw==,2023-06-08 14:52:34.736252
youtube#commentThread,b1T5nW_h1vlSZ9KuD_RwsKYfhTw,Ugy0wF4QO4XqeNeEvLZ4AaABAg,"{'videoId': 'zEfTDpfyt1o', 'topLevelComment': {'kind': 'youtube#comment', 'etag': '-w16kyBWwIHHrKrbY6AyoVE6lls', 'id': 'Ugy0wF4QO4XqeNeEvLZ4AaABAg', 'snippet': {'videoId': 'zEfTDpfyt1o', 'textDisplay': 'Chama a Michelle e o padre pra afastar os demônios', 'textOriginal': 'Chama a Michelle e o padre pra afastar os demônios', 'authorDisplayName': 'elvira fortaleza', 'authorProfileImageUrl': 'https://yt3.ggpht.com/ytc/AGIKgqMH2FnAMqs1kttB4ChyOuMBWQmBrvQAEu4VlX5iYA=s48-c-k-c0x00ffffff-no-rj', 'authorChannelUrl': 'http://www.youtube.com/channel/UC4xqamcrT6Y48uihS4ZN6Xw', 'authorChannelId': {'value': 'UC4xqamcrT6Y48uihS4ZN6Xw'}, 'canRate': True, 'viewerRating': 'none', 'likeCount': 0, 'publishedAt': '2022-10-24T02:20:37Z', 'updatedAt': '2022-10-24T02:20:37Z'}}, 'canReply': True, 'totalReplyCount': 0, 'isPublic': True}",,UC4xqamcrT6Y48uihS4ZN6Xw,2022-10-24T02:20:37Z,Chama a Michelle e o padre pra afastar os demônios,QURTSl9pMEFzOG5xZ3hpZTAzbTJBRmNOeHItTmdlYWk5QVdKOWdYclVseHZ0bWJVdlRIVkpxTlZuazhFZFlaanVWeVVOUW0zc0Q3SThDdw==,2023-06-08 14:52:34.736252
youtube#commentThread,-KNv3-Js-ES3vhn0PX8H4rYBmuo,UgxReuoEsEi7UhGBGwB4AaABAg,"{'videoId': 'zEfTDpfyt1o', 'topLevelComment': {'kind': 'youtube#comment', 'etag': 'hJJhn39ypyFeHAdInSfDOoJS2hM', 'id': 'UgxReuoEsEi7UhGBGwB4AaABAg', 'snippet': {'videoId': 'zEfTDpfyt1o', 'textDisplay': 'O povo está ficando com os nervos à flor da pele... infelizmente  o povo vai preso... mas O LULA E O STF FICA SOLTO.... ABERRAÇÕES DESTE MOMENTO...', 'textOriginal': 'O povo está ficando com os nervos à flor da pele... infelizmente  o povo vai preso... mas O LULA E O STF FICA SOLTO.... ABERRAÇÕES DESTE MOMENTO...', 'authorDisplayName': 'Marcia Rapisardi', 'authorProfileImageUrl': 'https://yt3.ggpht.com/ytc/AGIKgqP-FaiQnkiX_-3Oz-Hl1QRG2__Zr_LlqZJ8dA=s48-c-k-c0x00ffffff-no-rj', 'authorChannelUrl': 'http://www.youtube.com/channel/UCx_LFXS_sy7e6iadXbw-RXQ', 'authorChannelId': {'value': 'UCx_LFXS_sy7e6iadXbw-RXQ'}, 'canRate': True, 'viewerRating': 'none', 'likeCount': 0, 'publishedAt': '2022-10-24T02:19:29Z', 'updatedAt': '2022-10-24T02:19:29Z'}}, 'canReply': True, 'totalReplyCount': 0, 'isPublic': True}",,UCx_LFXS_sy7e6iadXbw-RXQ,2022-10-24T02:19:29Z,O povo está ficando com os nervos à flor da pele... infelizmente  o povo vai preso... mas O LULA E O STF FICA SOLTO.... ABERRAÇÕES DESTE MOMENTO...,QURTSl9pMEFzOG5xZ3hpZTAzbTJBRmNOeHItTmdlYWk5QVdKOWdYclVseHZ0bWJVdlRIVkpxTlZuazhFZFlaanVWeVVOUW0zc0Q3SThDdw==,2023-06-08 14:52:34.736252
youtube#commentThread,wij2zx4i7aHxyy67glKky_PlMqo,Ugww3MpXXyYNjiKFnFl4AaABAg,"{'videoId': 'zEfTDpfyt1o', 'topLevelComment': {'kind': 'youtube#comment', 'etag': 'bDhqyYuA5NSGwkBl43jrHsTeNe0', 'id': 'Ugww3MpXXyYNjiKFnFl4AaABAg', 'snippet': {'videoId': 'zEfTDpfyt1o', 'textDisplay': 'Não vão falar do querido Roberto gefesson kkkkk,,', 'textOriginal': 'Não vão falar do querido Roberto gefesson kkkkk,,', 'authorDisplayName': 'elvira fortaleza', 'authorProfileImageUrl': 'https://yt3.ggpht.com/ytc/AGIKgqMH2FnAMqs1kttB4ChyOuMBWQmBrvQAEu4VlX5iYA=s48-c-k-c0x00ffffff-no-rj', 'authorChannelUrl': 'http://www.youtube.com/channel/UC4xqamcrT6Y48uihS4ZN6Xw', 'authorChannelId': {'value': 'UC4xqamcrT6Y48uihS4ZN6Xw'}, 'canRate': True, 'viewerRating': 'none', 'likeCount': 0, 'publishedAt': '2022-10-24T02:19:04Z', 'updatedAt': '2022-10-24T02:19:04Z'}}, 'canReply': True, 'totalReplyCount': 0, 'isPublic': True}",,UC4xqamcrT6Y48uihS4ZN6Xw,2022-10-24T02:19:04Z,"Não vão falar do querido Roberto gefesson kkkkk,,",QURTSl9pMEFzOG5xZ3hpZTAzbTJBRmNOeHItTmdlYWk5QVdKOWdYclVseHZ0bWJVdlRIVkpxTlZuazhFZFlaanVWeVVOUW0zc0Q3SThDdw==,2023-06-08 14:52:34.736252
youtube#commentThread,1X7lJ6dcpmHRZYWOWnwBYFeynuk,UgzI2oisC8CNyW0XK914AaABAg,"{'videoId': 'zEfTDpfyt1o', 'topLevelComment': {'kind': 'youtube#comment', 'etag': 'jSc76ZiTBmelXTEMnoxluHowOro', 'id': 'UgzI2oisC8CNyW0XK914AaABAg', 'snippet': {'videoId': 'zEfTDpfyt1o', 'textDisplay': 'NÃO GOSTAMOS DA GOBLO!!! <br>PONTO FINAL!!!', 'textOriginal': 'NÃO GOSTAMOS DA GOBLO!!! \\nPONTO FINAL!!!', 'authorDisplayName': 'MARA ALMEIDA', 'authorProfileImageUrl': 'https://yt3.ggpht.com/ytc/AGIKgqNOrHLQW60VnNy0PqLH8bFcz0Jtci2L6-vuQZ5A=s48-c-k-c0x00ffffff-no-rj', 'authorChannelUrl': 'http://www.youtube.com/channel/UCxfoWtEX0YeNoonUbZqcBqw', 'authorChannelId': {'value': 'UCxfoWtEX0YeNoonUbZqcBqw'}, 'canRate': True, 'viewerRating': 'none', 'likeCount': 0, 'publishedAt': '2022-10-24T02:18:56Z', 'updatedAt': '2022-10-24T02:18:56Z'}}, 'canReply': True, 'totalReplyCount': 0, 'isPublic': True}",,UCxfoWtEX0YeNoonUbZqcBqw,2022-10-24T02:18:56Z,"NÃO GOSTAMOS DA GOBLO!!! 
PONTO FINAL!!!",QURTSl9pMEFzOG5xZ3hpZTAzbTJBRmNOeHItTmdlYWk5QVdKOWdYclVseHZ0bWJVdlRIVkpxTlZuazhFZFlaanVWeVVOUW0zc0Q3SThDdw==,2023-06-08 14:52:34.736252
youtube#commentThread,YzRTkUZ5cHMjAi1BMBZTwcS85Z0,Ugy6us61W5ZUeHV4ZnB4AaABAg,"{'videoId': 'zEfTDpfyt1o', 'topLevelComment': {'kind': 'youtube#comment', 'etag': '9kAc4o-3U1S9RgpCwoLaHEM5pDU', 'id': 'Ugy6us61W5ZUeHV4ZnB4AaABAg', 'snippet': {'videoId': 'zEfTDpfyt1o', 'textDisplay': 'Resultado também dos desmandos da nossa suprema corte, um bando de esquerdopatas. 🤮🤮', 'textOriginal': 'Resultado também dos desmandos da nossa suprema corte, um bando de esquerdopatas. 🤮🤮', 'authorDisplayName': 'Ruth Lacerda', 'authorProfileImageUrl': 'https://yt3.ggpht.com/ytc/AGIKgqO4hMbBfAo8_lNH_qW5aRaZY4IVvKewjW32Ag=s48-c-k-c0x00ffffff-no-rj', 'authorChannelUrl': 'http://www.youtube.com/channel/UCkDRJe34V58dKRdrjOwm6IQ', 'authorChannelId': {'value': 'UCkDRJe34V58dKRdrjOwm6IQ'}, 'canRate': True, 'viewerRating': 'none', 'likeCount': 0, 'publishedAt': '2022-10-24T02:18:31Z', 'updatedAt': '2022-10-24T02:18:31Z'}}, 'canReply': True, 'totalReplyCount': 0, 'isPublic': True}",,UCkDRJe34V58dKRdrjOwm6IQ,2022-10-24T02:18:31Z,"Resultado também dos desmandos da nossa suprema corte, um bando de esquerdopatas. 🤮🤮",QURTSl9pMEFzOG5xZ3hpZTAzbTJBRmNOeHItTmdlYWk5QVdKOWdYclVseHZ0bWJVdlRIVkpxTlZuazhFZFlaanVWeVVOUW0zc0Q3SThDdw==,2023-06-08 14:52:34.736252
youtube#commentThread,Z6Q7Wbc4q14u1pV5878_6WyutqU,Ugy2RuXIn6rl9PKrsmF4AaABAg,"{'videoId': 'zEfTDpfyt1o', 'topLevelComment': {'kind': 'youtube#comment', 'etag': 'CsM-o3odlgiQxKfidYk1X6iU9kI', 'id': 'Ugy2RuXIn6rl9PKrsmF4AaABAg', 'snippet': {'videoId': 'zEfTDpfyt1o', 'textDisplay': 'Jovem pan é uma militante do governo', 'textOriginal': 'Jovem pan é uma militante do governo', 'authorDisplayName': 'elvira fortaleza', 'authorProfileImageUrl': 'https://yt3.ggpht.com/ytc/AGIKgqMH2FnAMqs1kttB4ChyOuMBWQmBrvQAEu4VlX5iYA=s48-c-k-c0x00ffffff-no-rj', 'authorChannelUrl': 'http://www.youtube.com/channel/UC4xqamcrT6Y48uihS4ZN6Xw', 'authorChannelId': {'value': 'UC4xqamcrT6Y48uihS4ZN6Xw'}, 'canRate': True, 'viewerRating': 'none', 'likeCount': 0, 'publishedAt': '2022-10-24T02:18:30Z', 'updatedAt': '2022-10-24T02:18:30Z'}}, 'canReply': True, 'totalReplyCount': 0, 'isPublic': True}",,UC4xqamcrT6Y48uihS4ZN6Xw,2022-10-24T02:18:30Z,Jovem pan é uma militante do governo,QURTSl9pMEFzOG5xZ3hpZTAzbTJBRmNOeHItTmdlYWk5QVdKOWdYclVseHZ0bWJVdlRIVkpxTlZuazhFZFlaanVWeVVOUW0zc0Q3SThDdw==,2023-06-08 14:52:34.736252
youtube#commentThread,Aoj69dQQJ4DrWbx7FB2VdmV4byc,UgyJroxnz-pVox04AEJ4AaABAg,"{'videoId': 'zEfTDpfyt1o', 'topLevelComment': {'kind': 'youtube#comment', 'etag': 'WOXtyiLxPLy-iRfJBqzgrgg84PQ', 'id': 'UgyJroxnz-pVox04AEJ4AaABAg', 'snippet': {'videoId': 'zEfTDpfyt1o', 'textDisplay': 'QUE DEUS ACALME OS ANIMOS<br>VIOLENCIA NUNCA!<br>TBM ABOMINO', 'textOriginal': 'QUE DEUS ACALME OS ANIMOS\\nVIOLENCIA NUNCA!\\nTBM ABOMINO', 'authorDisplayName': 'Maria Jesus', 'authorProfileImageUrl': 'https://yt3.ggpht.com/ytc/AGIKgqOP5t-DVyF7aNJirjE95A-AYj8BgokXgaPLdA=s48-c-k-c0x00ffffff-no-rj', 'authorChannelUrl': 'http://www.youtube.com/channel/UCNuAuoO9b6gevQEuip4djOw', 'authorChannelId': {'value': 'UCNuAuoO9b6gevQEuip4djOw'}, 'canRate': True, 'viewerRating': 'none', 'likeCount': 0, 'publishedAt': '2022-10-24T02:18:09Z', 'updatedAt': '2022-10-24T02:18:09Z'}}, 'canReply': True, 'totalReplyCount': 0, 'isPublic': True}",,UCNuAuoO9b6gevQEuip4djOw,2022-10-24T02:18:09Z,"QUE DEUS ACALME OS ANIMOS
VIOLENCIA NUNCA!
TBM ABOMINO",QURTSl9pMEFzOG5xZ3hpZTAzbTJBRmNOeHItTmdlYWk5QVdKOWdYclVseHZ0bWJVdlRIVkpxTlZuazhFZFlaanVWeVVOUW0zc0Q3SThDdw==,2023-06-08 14:52:34.736252
youtube#commentThread,Il-1Y3cGndsC5ft6v0UsDKh3ktM,UgzjK0cMahRERSHV3Vh4AaABAg,"{'videoId': 'zEfTDpfyt1o', 'topLevelComment': {'kind': 'youtube#comment', 'etag': '7edxPgAyjgf7MkXKUvH1j_C--BA', 'id': 'UgzjK0cMahRERSHV3Vh4AaABAg', 'snippet': {'videoId': 'zEfTDpfyt1o', 'textDisplay': 'Chama o padre kelmo pokemon e a Michelle pra afastar os demônios', 'textOriginal': 'Chama o padre kelmo pokemon e a Michelle pra afastar os demônios', 'authorDisplayName': 'elvira fortaleza', 'authorProfileImageUrl': 'https://yt3.ggpht.com/ytc/AGIKgqMH2FnAMqs1kttB4ChyOuMBWQmBrvQAEu4VlX5iYA=s48-c-k-c0x00ffffff-no-rj', 'authorChannelUrl': 'http://www.youtube.com/channel/UC4xqamcrT6Y48uihS4ZN6Xw', 'authorChannelId': {'value': 'UC4xqamcrT6Y48uihS4ZN6Xw'}, 'canRate': True, 'viewerRating': 'none', 'likeCount': 0, 'publishedAt': '2022-10-24T02:17:51Z', 'updatedAt': '2022-10-24T02:17:51Z'}}, 'canReply': True, 'totalReplyCount': 1, 'isPublic': True}","{'comments': [{'kind': 'youtube#comment', 'etag': 'n6ptI_Qzx1oDtrtP7uwJeY_MpAQ', 'id': 'UgzjK0cMahRERSHV3Vh4AaABAg.9hYa7no2Xn_9hYb0VF4LX2', 'snippet': {'videoId': 'zEfTDpfyt1o', 'textDisplay': 'Melhor chamar os cpx amigos do Lula! Não tem demônio que encare!', 'textOriginal': 'Melhor chamar os cpx amigos do Lula! Não tem demônio que encare!', 'parentId': 'UgzjK0cMahRERSHV3Vh4AaABAg', 'authorDisplayName': 'Mary Madeleine Mattos Meire', 'authorProfileImageUrl': 'https://yt3.ggpht.com/ytc/AGIKgqMMKFPieMmbIeA84Sq6-hq-8lsIW_Q4drAaJw=s48-c-k-c0x00ffffff-no-rj', 'authorChannelUrl': 'http://www.youtube.com/channel/UCAzY-Xa075NjqCtEVZy_xng', 'authorChannelId': {'value': 'UCAzY-Xa075NjqCtEVZy_xng'}, 'canRate': True, 'viewerRating': 'none', 'likeCount': 0, 'publishedAt': '2022-10-24T02:25:35Z', 'updatedAt': '2022-10-24T02:25:35Z'}}]}",UC4xqamcrT6Y48uihS4ZN6Xw,2022-10-24T02:17:51Z,Chama o padre kelmo pokemon e a Michelle pra afastar os demônios,QURTSl9pMEFzOG5xZ3hpZTAzbTJBRmNOeHItTmdlYWk5QVdKOWdYclVseHZ0bWJVdlRIVkpxTlZuazhFZFlaanVWeVVOUW0zc0Q3SThDdw==,2023-06-08 14:52:34.736252
youtube#commentThread,HxEj5eZ4ctdvI5BIdyZroSpSrEM,UgyMZapXlWID6YRBKmF4AaABAg,"{'videoId': 'zEfTDpfyt1o', 'topLevelComment': {'kind': 'youtube#comment', 'etag': 'vMYF1yfBbKrnqwwWgBx6UsOKAUU', 'id': 'UgyMZapXlWID6YRBKmF4AaABAg', 'snippet': {'videoId': 'zEfTDpfyt1o', 'textDisplay': 'Verdade é só não assistir eu por exemplo não assisto a Globo a anos', 'textOriginal': 'Verdade é só não assistir eu por exemplo não assisto a Globo a anos', 'authorDisplayName': 'Raquel Morelli', 'authorProfileImageUrl': 'https://yt3.ggpht.com/ytc/AGIKgqMQcTCNryiEYttuM2hAqkQbGjvMGAq21yV5Gw=s48-c-k-c0x00ffffff-no-rj', 'authorChannelUrl': 'http://www.youtube.com/channel/UCWiLihUWvaM3zNnbFX2MzBA', 'authorChannelId': {'value': 'UCWiLihUWvaM3zNnbFX2MzBA'}, 'canRate': True, 'viewerRating': 'none', 'likeCount': 0, 'publishedAt': '2022-10-24T02:17:05Z', 'updatedAt': '2022-10-24T02:17:05Z'}}, 'canReply': True, 'totalReplyCount': 0, 'isPublic': True}",,UCWiLihUWvaM3zNnbFX2MzBA,2022-10-24T02:17:05Z,Verdade é só não assistir eu por exemplo não assisto a Globo a anos,QURTSl9pMEFzOG5xZ3hpZTAzbTJBRmNOeHItTmdlYWk5QVdKOWdYclVseHZ0bWJVdlRIVkpxTlZuazhFZFlaanVWeVVOUW0zc0Q3SThDdw==,2023-06-08 14:52:34.736252
youtube#commentThread,cSNhhw_vIsdmVCm7cBhKPyQ3z64,UgzlLPUgEFwVtcC7-1B4AaABAg,"{'videoId': 'zEfTDpfyt1o', 'topLevelComment': {'kind': 'youtube#comment', 'etag': 'ZguPbOLV5aSFeN3dJzDXKvml6lw', 'id': 'UgzlLPUgEFwVtcC7-1B4AaABAg', 'snippet': {'videoId': 'zEfTDpfyt1o', 'textDisplay': 'Violência só gera violência não importa se é esquerda ou direita isso é inadmissível', 'textOriginal': 'Violência só gera violência não importa se é esquerda ou direita isso é inadmissível', 'authorDisplayName': 'Paulo S.D', 'authorProfileImageUrl': 'https://yt3.ggpht.com/ytc/AGIKgqMeIxCKukLujGCz7aCt8aswKda-7VfIYG6eqQ=s48-c-k-c0x00ffffff-no-rj', 'authorChannelUrl': 'http://www.youtube.com/channel/UCgmtVqG7iJNR7d_WW5cVhTA', 'authorChannelId': {'value': 'UCgmtVqG7iJNR7d_WW5cVhTA'}, 'canRate': True, 'viewerRating': 'none', 'likeCount': 0, 'publishedAt': '2022-10-24T02:16:55Z', 'updatedAt': '2022-10-24T02:16:55Z'}}, 'canReply': True, 'totalReplyCount': 0, 'isPublic': True}",,UCgmtVqG7iJNR7d_WW5cVhTA,2022-10-24T02:16:55Z,Violência só gera violência não importa se é esquerda ou direita isso é inadmissível,QURTSl9pMEFzOG5xZ3hpZTAzbTJBRmNOeHItTmdlYWk5QVdKOWdYclVseHZ0bWJVdlRIVkpxTlZuazhFZFlaanVWeVVOUW0zc0Q3SThDdw==,2023-06-08 14:52:34.736252
youtube#commentThread,D1oHONbrzjxZjyypPnamrTVuoWo,UgxUGFHjb5gQfiUJE5R4AaABAg,"{'videoId': 'zEfTDpfyt1o', 'topLevelComment': {'kind': 'youtube#comment', 'etag': '_WaHu0T_9Rk9KMJoZPnMFFCbvS0', 'id': 'UgxUGFHjb5gQfiUJE5R4AaABAg', 'snippet': {'videoId': 'zEfTDpfyt1o', 'textDisplay': 'Mais um caso isolado de Bolsonarista agindo como terrorista. Já teve gente usando drone pra tacar cocô e veneno em comício de adversário,  gente agredindo padre em igreja, agora maluco tacando granada na polícia. Mas a culpa é do STF, do Lula, do Pablo Vittar, da Anitta...', 'textOriginal': 'Mais um caso isolado de Bolsonarista agindo como terrorista. Já teve gente usando drone pra tacar cocô e veneno em comício de adversário,  gente agredindo padre em igreja, agora maluco tacando granada na polícia. Mas a culpa é do STF, do Lula, do Pablo Vittar, da Anitta...', 'authorDisplayName': 'J B', 'authorProfileImageUrl': 'https://yt3.ggpht.com/ytc/AGIKgqMubb3zIm6g8xCblQkxn4XCrGJTMKkyE0RuJw=s48-c-k-c0x00ffffff-no-rj', 'authorChannelUrl': 'http://www.youtube.com/channel/UChW9Tr2LUkCJGhrew2UaESQ', 'authorChannelId': {'value': 'UChW9Tr2LUkCJGhrew2UaESQ'}, 'canRate': True, 'viewerRating': 'none', 'likeCount': 0, 'publishedAt': '2022-10-24T02:16:40Z', 'updatedAt': '2022-10-24T02:16:40Z'}}, 'canReply': True, 'totalReplyCount': 0, 'isPublic': True}",,UChW9Tr2LUkCJGhrew2UaESQ,2022-10-24T02:16:40Z,"Mais um caso isolado de Bolsonarista agindo como terrorista. Já teve gente usando drone pra tacar cocô e veneno em comício de adversário,  gente agredindo padre em igreja, agora maluco tacando granada na polícia. Mas a culpa é do STF, do Lula, do Pablo Vittar, da Anitta...",QURTSl9pMEFzOG5xZ3hpZTAzbTJBRmNOeHItTmdlYWk5QVdKOWdYclVseHZ0bWJVdlRIVkpxTlZuazhFZFlaanVWeVVOUW0zc0Q3SThDdw==,2023-06-08 14:52:34.736252
youtube#commentThread,9vG4bbeyrd6cTMv00xAqt6VuM80,UgzPNIBk6ik-TDPge5l4AaABAg,"{'videoId': 'zEfTDpfyt1o', 'topLevelComment': {'kind': 'youtube#comment', 'etag': 'UCsOj_S--R8eB3h-naPBvLa1U4o', 'id': 'UgzPNIBk6ik-TDPge5l4AaABAg', 'snippet': {'videoId': 'zEfTDpfyt1o', 'textDisplay': 'Vai virar moda agredir profissionais da Globolixo!!! Bem feito por culpa da sua parcialidade!!! Isso é só o começo da colheita da Globolixo!!!', 'textOriginal': 'Vai virar moda agredir profissionais da Globolixo!!! Bem feito por culpa da sua parcialidade!!! Isso é só o começo da colheita da Globolixo!!!', 'authorDisplayName': 'Allan Ramos', 'authorProfileImageUrl': 'https://yt3.ggpht.com/yvt-YgRWpRISgus98UMZAzQPrw7AVjGNYvTSKheIQdzzLV28372cD8uxN54RK6HfMexx3FQ8d60=s48-c-k-c0x00ffffff-no-rj', 'authorChannelUrl': 'http://www.youtube.com/channel/UCp59tSWneDMdPfucap6q8hQ', 'authorChannelId': {'value': 'UCp59tSWneDMdPfucap6q8hQ'}, 'canRate': True, 'viewerRating': 'none', 'likeCount': 0, 'publishedAt': '2022-10-24T02:16:23Z', 'updatedAt': '2022-10-24T02:16:23Z'}}, 'canReply': True, 'totalReplyCount': 0, 'isPublic': True}",,UCp59tSWneDMdPfucap6q8hQ,2022-10-24T02:16:23Z,Vai virar moda agredir profissionais da Globolixo!!! Bem feito por culpa da sua parcialidade!!! Isso é só o começo da colheita da Globolixo!!!,QURTSl9pMEFzOG5xZ3hpZTAzbTJBRmNOeHItTmdlYWk5QVdKOWdYclVseHZ0bWJVdlRIVkpxTlZuazhFZFlaanVWeVVOUW0zc0Q3SThDdw==,2023-06-08 14:52:34.736252
youtube#commentThread,vjBa_SVwAtfnu7wDsPb58o8vozQ,UgwBvlYQSVkR_dgLxvp4AaABAg,"{'videoId': 'zEfTDpfyt1o', 'topLevelComment': {'kind': 'youtube#comment', 'etag': 'xHr-zOSXtsWV3gQEI4Fu05OriLw', 'id': 'UgwBvlYQSVkR_dgLxvp4AaABAg', 'snippet': {'videoId': 'zEfTDpfyt1o', 'textDisplay': 'Onde não há justiça não há Paz !', 'textOriginal': 'Onde não há justiça não há Paz !', 'authorDisplayName': 'MARCO ALVES', 'authorProfileImageUrl': 'https://yt3.ggpht.com/ytc/AGIKgqPhEXeFGH8JYg3dRpfqM5TM8t_FSC1PyRff9Q=s48-c-k-c0x00ffffff-no-rj', 'authorChannelUrl': 'http://www.youtube.com/channel/UCUWctjPiUq1_Qc_QFx4pp1w', 'authorChannelId': {'value': 'UCUWctjPiUq1_Qc_QFx4pp1w'}, 'canRate': True, 'viewerRating': 'none', 'likeCount': 0, 'publishedAt': '2022-10-24T02:16:23Z', 'updatedAt': '2022-10-24T02:16:23Z'}}, 'canReply': True, 'totalReplyCount': 1, 'isPublic': True}","{'comments': [{'kind': 'youtube#comment', 'etag': 'RdpnOEGeH59Q9ebaq34r_gGBmsY', 'id': 'UgwBvlYQSVkR_dgLxvp4AaABAg.9hY_y1a9pqC9hYfp-E0i9_', 'snippet': {'videoId': 'zEfTDpfyt1o', 'textDisplay': 'Isso explica os acontecimentos em bola de neve..', 'textOriginal': 'Isso explica os acontecimentos em bola de neve..', 'parentId': 'UgwBvlYQSVkR_dgLxvp4AaABAg', 'authorDisplayName': 'Tiburcio Nascimento', 'authorProfileImageUrl': 'https://yt3.ggpht.com/ytc/AGIKgqPYJ16XbloZp1nRif2q9UiINjE9b3aLcJFllVpYZmGF8L32gAvFuJ_fm0H5T6oa=s48-c-k-c0x00ffffff-no-rj', 'authorChannelUrl': 'http://www.youtube.com/channel/UCOpVT2WBtvOTmNgRgNreY3Q', 'authorChannelId': {'value': 'UCOpVT2WBtvOTmNgRgNreY3Q'}, 'canRate': True, 'viewerRating': 'none', 'likeCount': 0, 'publishedAt': '2022-10-24T03:07:34Z', 'updatedAt': '2022-10-24T03:07:34Z'}}]}",UCUWctjPiUq1_Qc_QFx4pp1w,2022-10-24T02:16:23Z,Onde não há justiça não há Paz !,QURTSl9pMEFzOG5xZ3hpZTAzbTJBRmNOeHItTmdlYWk5QVdKOWdYclVseHZ0bWJVdlRIVkpxTlZuazhFZFlaanVWeVVOUW0zc0Q3SThDdw==,2023-06-08 14:52:34.736252
youtube#commentThread,Oxaai6_5oSAnGjk4orEnDoXGass,UgxnAtPz0JYHoC-zDM54AaABAg,"{'videoId': 'zEfTDpfyt1o', 'topLevelComment': {'kind': 'youtube#comment', 'etag': 'X0t4JpxSuwx0IgoawuftdQFRMM4', 'id': 'UgxnAtPz0JYHoC-zDM54AaABAg', 'snippet': {'videoId': 'zEfTDpfyt1o', 'textDisplay': 'O gado agora não sabe se abençoa ou dispresa Roberto gefesson', 'textOriginal': 'O gado agora não sabe se abençoa ou dispresa Roberto gefesson', 'authorDisplayName': 'elvira fortaleza', 'authorProfileImageUrl': 'https://yt3.ggpht.com/ytc/AGIKgqMH2FnAMqs1kttB4ChyOuMBWQmBrvQAEu4VlX5iYA=s48-c-k-c0x00ffffff-no-rj', 'authorChannelUrl': 'http://www.youtube.com/channel/UC4xqamcrT6Y48uihS4ZN6Xw', 'authorChannelId': {'value': 'UC4xqamcrT6Y48uihS4ZN6Xw'}, 'canRate': True, 'viewerRating': 'none', 'likeCount': 0, 'publishedAt': '2022-10-24T02:16:07Z', 'updatedAt': '2022-10-24T02:16:07Z'}}, 'canReply': True, 'totalReplyCount': 0, 'isPublic': True}",,UC4xqamcrT6Y48uihS4ZN6Xw,2022-10-24T02:16:07Z,O gado agora não sabe se abençoa ou dispresa Roberto gefesson,QURTSl9pMEFzOG5xZ3hpZTAzbTJBRmNOeHItTmdlYWk5QVdKOWdYclVseHZ0bWJVdlRIVkpxTlZuazhFZFlaanVWeVVOUW0zc0Q3SThDdw==,2023-06-08 14:52:34.736252
youtube#commentThread,3bVh6py3gQ-goh1H5YoxjEsqWQU,UgyAJmbKv2XRHatzCQp4AaABAg,"{'videoId': 'zEfTDpfyt1o', 'topLevelComment': {'kind': 'youtube#comment', 'etag': 'eom-b4JgTzpQq-iirLJuSDUrxac', 'id': 'UgyAJmbKv2XRHatzCQp4AaABAg', 'snippet': {'videoId': 'zEfTDpfyt1o', 'textDisplay': 'Poxa , que situação difícil, ele é da globo, mas estava apenas trabalhando', 'textOriginal': 'Poxa , que situação difícil, ele é da globo, mas estava apenas trabalhando', 'authorDisplayName': 'Jairo Trindade', 'authorProfileImageUrl': 'https://yt3.ggpht.com/lJETrNEuMuXIvangeQ7hu-ieU4dklG5fA7Dm-66MFhGprasXUTNhLYHtWbv-wMymQ9450BM=s48-c-k-c0x00ffffff-no-rj', 'authorChannelUrl': 'http://www.youtube.com/channel/UCx-Wx81zyOCU8_OjpPU0VMg', 'authorChannelId': {'value': 'UCx-Wx81zyOCU8_OjpPU0VMg'}, 'canRate': True, 'viewerRating': 'none', 'likeCount': 1, 'publishedAt': '2022-10-24T02:16:07Z', 'updatedAt': '2022-10-24T02:16:07Z'}}, 'canReply': True, 'totalReplyCount': 2, 'isPublic': True}","{'comments': [{'kind': 'youtube#comment', 'etag': 'PD4j42hDqiYqzlhCMLQditDxkjo', 'id': 'UgyAJmbKv2XRHatzCQp4AaABAg.9hY_w8R5e0l9hZ_CFIkQYd', 'snippet': {'videoId': 'zEfTDpfyt1o', 'textDisplay': '@Tiburcio Nascimento Pedófilo é aquela pessoa, seja homem ou mulher , que toca nas partes íntimas de uma criança , ou seja , que alicia uma criança com o toque físico, agora que esclareci o que vossa ignorância lhe impedia de saber , pergunto: qual foi o reporter da globo que filmou Bolsonaro aliciando uma criança ? Não se esquive da pergunta.', 'textOriginal': '@Tiburcio Nascimento Pedófilo é aquela pessoa, seja homem ou mulher , que toca nas partes íntimas de uma criança , ou seja , que alicia uma criança com o toque físico, agora que esclareci o que vossa ignorância lhe impedia de saber , pergunto: qual foi o reporter da globo que filmou Bolsonaro aliciando uma criança ? Não se esquive da pergunta.', 'parentId': 'UgyAJmbKv2XRHatzCQp4AaABAg', 'authorDisplayName': 'Jairo Trindade', 'authorProfileImageUrl': 'https://yt3.ggpht.com/lJETrNEuMuXIvangeQ7hu-ieU4dklG5fA7Dm-66MFhGprasXUTNhLYHtWbv-wMymQ9450BM=s48-c-k-c0x00ffffff-no-rj', 'authorChannelUrl': 'http://www.youtube.com/channel/UCx-Wx81zyOCU8_OjpPU0VMg', 'authorChannelId': {'value': 'UCx-Wx81zyOCU8_OjpPU0VMg'}, 'canRate': True, 'viewerRating': 'none', 'likeCount': 0, 'publishedAt': '2022-10-24T11:28:57Z', 'updatedAt': '2022-10-24T11:28:57Z'}}, {'kind': 'youtube#comment', 'etag': '-ekUXJapXPGK4B0-JDwfDHPsL2w', 'id': 'UgyAJmbKv2XRHatzCQp4AaABAg.9hY_w8R5e0l9hYgJC9Ekbq', 'snippet': {'videoId': 'zEfTDpfyt1o', 'textDisplay': 'Tipo...filmar cenas para um pedófilo...o conteúdo não importa...era só trabalho profissional..', 'textOriginal': 'Tipo...filmar cenas para um pedófilo...o conteúdo não importa...era só trabalho profissional..', 'parentId': 'UgyAJmbKv2XRHatzCQp4AaABAg', 'authorDisplayName': 'Tiburcio Nascimento', 'authorProfileImageUrl': 'https://yt3.ggpht.com/ytc/AGIKgqPYJ16XbloZp1nRif2q9UiINjE9b3aLcJFllVpYZmGF8L32gAvFuJ_fm0H5T6oa=s48-c-k-c0x00ffffff-no-rj', 'authorChannelUrl': 'http://www.youtube.com/channel/UCOpVT2WBtvOTmNgRgNreY3Q', 'authorChannelId': {'value': 'UCOpVT2WBtvOTmNgRgNreY3Q'}, 'canRate': True, 'viewerRating': 'none', 'likeCount': 0, 'publishedAt': '2022-10-24T03:11:50Z', 'updatedAt': '2022-10-24T03:11:50Z'}}]}",UCx-Wx81zyOCU8_OjpPU0VMg,2022-10-24T02:16:07Z,"Poxa , que situação difícil, ele é da globo, mas estava apenas trabalhando",QURTSl9pMEFzOG5xZ3hpZTAzbTJBRmNOeHItTmdlYWk5QVdKOWdYclVseHZ0bWJVdlRIVkpxTlZuazhFZFlaanVWeVVOUW0zc0Q3SThDdw==,2023-06-08 14:52:34.736252
youtube#commentThread,ys_00h7Lo6IC-rV0X4LAhdFvp1o,UgygE9NlnDa6k9QOOEd4AaABAg,"{'videoId': 'zEfTDpfyt1o', 'topLevelComment': {'kind': 'youtube#comment', 'etag': 'SHMWvPoneVQRMgLUExJ_E3wmcOg', 'id': 'UgygE9NlnDa6k9QOOEd4AaABAg', 'snippet': {'videoId': 'zEfTDpfyt1o', 'textDisplay': 'Que absurdo!', 'textOriginal': 'Que absurdo!', 'authorDisplayName': 'Aclair Santos Souza', 'authorProfileImageUrl': 'https://yt3.ggpht.com/ytc/AGIKgqMCUBqzQl0GK7VG6_AfFOAihHO8ZY7HvfMXFISpGQ=s48-c-k-c0x00ffffff-no-rj', 'authorChannelUrl': 'http://www.youtube.com/channel/UCIL0tGXq0ZuvDDO3kXn0sJw', 'authorChannelId': {'value': 'UCIL0tGXq0ZuvDDO3kXn0sJw'}, 'canRate': True, 'viewerRating': 'none', 'likeCount': 0, 'publishedAt': '2022-10-24T02:16:05Z', 'updatedAt': '2022-10-24T02:16:05Z'}}, 'canReply': True, 'totalReplyCount': 0, 'isPublic': True}",,UCIL0tGXq0ZuvDDO3kXn0sJw,2022-10-24T02:16:05Z,Que absurdo!,QURTSl9pMEFzOG5xZ3hpZTAzbTJBRmNOeHItTmdlYWk5QVdKOWdYclVseHZ0bWJVdlRIVkpxTlZuazhFZFlaanVWeVVOUW0zc0Q3SThDdw==,2023-06-08 14:52:34.736252
youtube#commentThread,wZg_yHvKueBBov2STNWvCHhQGKk,UgzxoVO4Mx3hs_X3UZh4AaABAg,"{'videoId': 'zEfTDpfyt1o', 'topLevelComment': {'kind': 'youtube#comment', 'etag': 'WwnkA5uy-gpR3pAlzVGs_xv-03k', 'id': 'UgzxoVO4Mx3hs_X3UZh4AaABAg', 'snippet': {'videoId': 'zEfTDpfyt1o', 'textDisplay': 'Já estão jogando a culpa do Presidente Bolsonaro. 😥', 'textOriginal': 'Já estão jogando a culpa do Presidente Bolsonaro. 😥', 'authorDisplayName': 'Camila Mila', 'authorProfileImageUrl': 'https://yt3.ggpht.com/wvs3_d-6R6QPIvZQlCjJrzHd7R7N6ooQG08iT2Dqsk9Shkrh7sCI93iLxygfUYFKC05GD9O0=s48-c-k-c0x00ffffff-no-rj', 'authorChannelUrl': 'http://www.youtube.com/channel/UCYSrRzXZqD_9imLtIS3bkRA', 'authorChannelId': {'value': 'UCYSrRzXZqD_9imLtIS3bkRA'}, 'canRate': True, 'viewerRating': 'none', 'likeCount': 0, 'publishedAt': '2022-10-24T02:15:47Z', 'updatedAt': '2022-10-24T02:15:47Z'}}, 'canReply': True, 'totalReplyCount': 0, 'isPublic': True}",,UCYSrRzXZqD_9imLtIS3bkRA,2022-10-24T02:15:47Z,Já estão jogando a culpa do Presidente Bolsonaro. 😥,QURTSl9pMEFzOG5xZ3hpZTAzbTJBRmNOeHItTmdlYWk5QVdKOWdYclVseHZ0bWJVdlRIVkpxTlZuazhFZFlaanVWeVVOUW0zc0Q3SThDdw==,2023-06-08 14:52:34.736252
youtube#commentThread,PjVm5DpgXwRFsnrO7UZgvefmR9U,UgxV1FcZlOklr9Q-tCR4AaABAg,"{'videoId': 'zEfTDpfyt1o', 'topLevelComment': {'kind': 'youtube#comment', 'etag': 'SaF6ypEezigyYrqFUv-etnHmFcs', 'id': 'UgxV1FcZlOklr9Q-tCR4AaABAg', 'snippet': {'videoId': 'zEfTDpfyt1o', 'textDisplay': 'Que absurdo misericórdia', 'textOriginal': 'Que absurdo misericórdia', 'authorDisplayName': 'Raquel Morelli', 'authorProfileImageUrl': 'https://yt3.ggpht.com/ytc/AGIKgqMQcTCNryiEYttuM2hAqkQbGjvMGAq21yV5Gw=s48-c-k-c0x00ffffff-no-rj', 'authorChannelUrl': 'http://www.youtube.com/channel/UCWiLihUWvaM3zNnbFX2MzBA', 'authorChannelId': {'value': 'UCWiLihUWvaM3zNnbFX2MzBA'}, 'canRate': True, 'viewerRating': 'none', 'likeCount': 0, 'publishedAt': '2022-10-24T02:15:40Z', 'updatedAt': '2022-10-24T02:15:40Z'}}, 'canReply': True, 'totalReplyCount': 0, 'isPublic': True}",,UCWiLihUWvaM3zNnbFX2MzBA,2022-10-24T02:15:40Z,Que absurdo misericórdia,QURTSl9pMEFzOG5xZ3hpZTAzbTJBRmNOeHItTmdlYWk5QVdKOWdYclVseHZ0bWJVdlRIVkpxTlZuazhFZFlaanVWeVVOUW0zc0Q3SThDdw==,2023-06-08 14:52:34.736252
youtube#commentThread,UJ36PtnFqh18Cs5qVgZDtlZxMX8,UgzfNPEkNOCFRACL_9p4AaABAg,"{'videoId': 'zEfTDpfyt1o', 'topLevelComment': {'kind': 'youtube#comment', 'etag': 'w3LURHezO7RLPpGXZuoZ5QIbr18', 'id': 'UgzfNPEkNOCFRACL_9p4AaABAg', 'snippet': {'videoId': 'zEfTDpfyt1o', 'textDisplay': 'Liberdade pra um bandido tipo Roberto gefesson?', 'textOriginal': 'Liberdade pra um bandido tipo Roberto gefesson?', 'authorDisplayName': 'elvira fortaleza', 'authorProfileImageUrl': 'https://yt3.ggpht.com/ytc/AGIKgqMH2FnAMqs1kttB4ChyOuMBWQmBrvQAEu4VlX5iYA=s48-c-k-c0x00ffffff-no-rj', 'authorChannelUrl': 'http://www.youtube.com/channel/UC4xqamcrT6Y48uihS4ZN6Xw', 'authorChannelId': {'value': 'UC4xqamcrT6Y48uihS4ZN6Xw'}, 'canRate': True, 'viewerRating': 'none', 'likeCount': 0, 'publishedAt': '2022-10-24T02:15:06Z', 'updatedAt': '2022-10-24T02:15:06Z'}}, 'canReply': True, 'totalReplyCount': 0, 'isPublic': True}",,UC4xqamcrT6Y48uihS4ZN6Xw,2022-10-24T02:15:06Z,Liberdade pra um bandido tipo Roberto gefesson?,QURTSl9pMEFzOG5xZ3hpZTAzbTJBRmNOeHItTmdlYWk5QVdKOWdYclVseHZ0bWJVdlRIVkpxTlZuazhFZFlaanVWeVVOUW0zc0Q3SThDdw==,2023-06-08 14:52:34.736252
youtube#commentThread,SMX3c7tNvMMkRsg7LE1DNm3eJcY,UgyIkLQhidfVv7tNcNJ4AaABAg,"{'videoId': 'zEfTDpfyt1o', 'topLevelComment': {'kind': 'youtube#comment', 'etag': 'Py8s-4GsOFBt-AVvBqfO5bT0Y3Q', 'id': 'UgyIkLQhidfVv7tNcNJ4AaABAg', 'snippet': {'videoId': 'zEfTDpfyt1o', 'textDisplay': 'Mas já aprendemos botar bandido na cadeia tipo Roberto gefesson', 'textOriginal': 'Mas já aprendemos botar bandido na cadeia tipo Roberto gefesson', 'authorDisplayName': 'elvira fortaleza', 'authorProfileImageUrl': 'https://yt3.ggpht.com/ytc/AGIKgqMH2FnAMqs1kttB4ChyOuMBWQmBrvQAEu4VlX5iYA=s48-c-k-c0x00ffffff-no-rj', 'authorChannelUrl': 'http://www.youtube.com/channel/UC4xqamcrT6Y48uihS4ZN6Xw', 'authorChannelId': {'value': 'UC4xqamcrT6Y48uihS4ZN6Xw'}, 'canRate': True, 'viewerRating': 'none', 'likeCount': 0, 'publishedAt': '2022-10-24T02:14:12Z', 'updatedAt': '2022-10-24T02:14:12Z'}}, 'canReply': True, 'totalReplyCount': 0, 'isPublic': True}",,UC4xqamcrT6Y48uihS4ZN6Xw,2022-10-24T02:14:12Z,Mas já aprendemos botar bandido na cadeia tipo Roberto gefesson,QURTSl9pMEFzOG5xZ3hpZTAzbTJBRmNOeHItTmdlYWk5QVdKOWdYclVseHZ0bWJVdlRIVkpxTlZuazhFZFlaanVWeVVOUW0zc0Q3SThDdw==,2023-06-08 14:52:34.736252
youtube#commentThread,PCdL4_Kj1aSajvwr-3YOM-iajT4,Ugx53NzZKgE4wnILHEF4AaABAg,"{'videoId': 'zEfTDpfyt1o', 'topLevelComment': {'kind': 'youtube#comment', 'etag': 'EWl2KHvmbvZHrZNSNR8lYTVVAZM', 'id': 'Ugx53NzZKgE4wnILHEF4AaABAg', 'snippet': {'videoId': 'zEfTDpfyt1o', 'textDisplay': 'É verdade ninguém tem que agredir ninguém aqui na minha cidade teve tanta violência que até os Cachorros de Rua foi agredido o Brasil está uma bagunça a a festa aqui na minha cidade  era PT eles são muito violentos', 'textOriginal': 'É verdade ninguém tem que agredir ninguém aqui na minha cidade teve tanta violência que até os Cachorros de Rua foi agredido o Brasil está uma bagunça a a festa aqui na minha cidade  era PT eles são muito violentos', 'authorDisplayName': 'Roselene da Conceição Silva', 'authorProfileImageUrl': 'https://yt3.ggpht.com/ytc/AGIKgqNo7mhk8JBVBNp1k84SF4umQEFXZb5r9_7tXnn1dnDQAMr962GFF9W1hqeuKUt0=s48-c-k-c0x00ffffff-no-rj', 'authorChannelUrl': 'http://www.youtube.com/channel/UCVq2Dyi6m_hMN7Gl3Q2_x1g', 'authorChannelId': {'value': 'UCVq2Dyi6m_hMN7Gl3Q2_x1g'}, 'canRate': True, 'viewerRating': 'none', 'likeCount': 0, 'publishedAt': '2022-10-24T02:13:25Z', 'updatedAt': '2022-10-24T02:13:25Z'}}, 'canReply': True, 'totalReplyCount': 0, 'isPublic': True}",,UCVq2Dyi6m_hMN7Gl3Q2_x1g,2022-10-24T02:13:25Z,É verdade ninguém tem que agredir ninguém aqui na minha cidade teve tanta violência que até os Cachorros de Rua foi agredido o Brasil está uma bagunça a a festa aqui na minha cidade  era PT eles são muito violentos,QURTSl9pMEFzOG5xZ3hpZTAzbTJBRmNOeHItTmdlYWk5QVdKOWdYclVseHZ0bWJVdlRIVkpxTlZuazhFZFlaanVWeVVOUW0zc0Q3SThDdw==,2023-06-08 14:52:34.736252
youtube#commentThread,K3NH4eVOlQvhDuk1-golL3OJpQk,UgwMQghimlX2OjxHhO14AaABAg,"{'videoId': 'zEfTDpfyt1o', 'topLevelComment': {'kind': 'youtube#comment', 'etag': 'sUe3P5gEnHxBFH2h_m2s04YodkM', 'id': 'UgwMQghimlX2OjxHhO14AaABAg', 'snippet': {'videoId': 'zEfTDpfyt1o', 'textDisplay': 'Não foi apoiador só de Jeferson, mas sim também de Bolsonaro.', 'textOriginal': 'Não foi apoiador só de Jeferson, mas sim também de Bolsonaro.', 'authorDisplayName': 'Jairo Neves Oliveira', 'authorProfileImageUrl': 'https://yt3.ggpht.com/ytc/AGIKgqO3BxGYsnxdwHN8VhLgakU3HqM0Z_MScOG_OGyZvA=s48-c-k-c0x00ffffff-no-rj', 'authorChannelUrl': 'http://www.youtube.com/channel/UCxCG7gXQZFz08msZSzbsF9Q', 'authorChannelId': {'value': 'UCxCG7gXQZFz08msZSzbsF9Q'}, 'canRate': True, 'viewerRating': 'none', 'likeCount': 0, 'publishedAt': '2022-10-24T02:13:09Z', 'updatedAt': '2022-10-24T02:13:09Z'}}, 'canReply': True, 'totalReplyCount': 0, 'isPublic': True}",,UCxCG7gXQZFz08msZSzbsF9Q,2022-10-24T02:13:09Z,"Não foi apoiador só de Jeferson, mas sim também de Bolsonaro.",QURTSl9pMEFzOG5xZ3hpZTAzbTJBRmNOeHItTmdlYWk5QVdKOWdYclVseHZ0bWJVdlRIVkpxTlZuazhFZFlaanVWeVVOUW0zc0Q3SThDdw==,2023-06-08 14:52:34.736252
youtube#commentThread,xovyFctI4s2ZqpBcGYbQyiKzYhM,Ugw9RQuMve2GNXU_jS54AaABAg,"{'videoId': 'zEfTDpfyt1o', 'topLevelComment': {'kind': 'youtube#comment', 'etag': 'd26X-Tg4L5htwoydQ4kdj7HBh50', 'id': 'Ugw9RQuMve2GNXU_jS54AaABAg', 'snippet': {'videoId': 'zEfTDpfyt1o', 'textDisplay': 'Apoiadores do Bolsonaro né? Usem a legenda corretamente. Vcs querem enganar quem? É uma panela só, inclusive o padre Kelmon fake. Nos poupe 😘', 'textOriginal': 'Apoiadores do Bolsonaro né? Usem a legenda corretamente. Vcs querem enganar quem? É uma panela só, inclusive o padre Kelmon fake. Nos poupe 😘', 'authorDisplayName': 'helio silva', 'authorProfileImageUrl': 'https://yt3.ggpht.com/ytc/AGIKgqP_IOEQdXl4YwYUIIGgr872t-lhQp6Iubr_zKg7=s48-c-k-c0x00ffffff-no-rj', 'authorChannelUrl': 'http://www.youtube.com/channel/UC5iF130O578eZNJt7mto49w', 'authorChannelId': {'value': 'UC5iF130O578eZNJt7mto49w'}, 'canRate': True, 'viewerRating': 'none', 'likeCount': 0, 'publishedAt': '2022-10-24T02:11:05Z', 'updatedAt': '2022-10-24T02:11:05Z'}}, 'canReply': True, 'totalReplyCount': 0, 'isPublic': True}",,UC5iF130O578eZNJt7mto49w,2022-10-24T02:11:05Z,"Apoiadores do Bolsonaro né? Usem a legenda corretamente. Vcs querem enganar quem? É uma panela só, inclusive o padre Kelmon fake. Nos poupe 😘",QURTSl9pMEFzOG5xZ3hpZTAzbTJBRmNOeHItTmdlYWk5QVdKOWdYclVseHZ0bWJVdlRIVkpxTlZuazhFZFlaanVWeVVOUW0zc0Q3SThDdw==,2023-06-08 14:52:34.736252
youtube#commentThread,1NrAei1CMVg0yZcn3ojpAwfqSpc,Ugxk5_EqwUIRBzpnNwl4AaABAg,"{'videoId': 'zEfTDpfyt1o', 'topLevelComment': {'kind': 'youtube#comment', 'etag': 'YUMHxPHZEdQZrcaiVLZkpx_reL0', 'id': 'Ugxk5_EqwUIRBzpnNwl4AaABAg', 'snippet': {'videoId': 'zEfTDpfyt1o', 'textDisplay': 'Liberdade pra sair atirando em pólciais?', 'textOriginal': 'Liberdade pra sair atirando em pólciais?', 'authorDisplayName': 'elvira fortaleza', 'authorProfileImageUrl': 'https://yt3.ggpht.com/ytc/AGIKgqMH2FnAMqs1kttB4ChyOuMBWQmBrvQAEu4VlX5iYA=s48-c-k-c0x00ffffff-no-rj', 'authorChannelUrl': 'http://www.youtube.com/channel/UC4xqamcrT6Y48uihS4ZN6Xw', 'authorChannelId': {'value': 'UC4xqamcrT6Y48uihS4ZN6Xw'}, 'canRate': True, 'viewerRating': 'none', 'likeCount': 0, 'publishedAt': '2022-10-24T02:10:52Z', 'updatedAt': '2022-10-24T02:10:52Z'}}, 'canReply': True, 'totalReplyCount': 0, 'isPublic': True}",,UC4xqamcrT6Y48uihS4ZN6Xw,2022-10-24T02:10:52Z,Liberdade pra sair atirando em pólciais?,QURTSl9pMEFzOG5xZ3hpZTAzbTJBRmNOeHItTmdlYWk5QVdKOWdYclVseHZ0bWJVdlRIVkpxTlZuazhFZFlaanVWeVVOUW0zc0Q3SThDdw==,2023-06-08 14:52:34.736252
youtube#commentThread,KRSt4x19PuQJ8-eXKFUosEuxZG4,UgzCB85FFfXq2BECM-t4AaABAg,"{'videoId': 'zEfTDpfyt1o', 'topLevelComment': {'kind': 'youtube#comment', 'etag': 'aUbIKGpLscX5fDLoVJjiIe58PuY', 'id': 'UgzCB85FFfXq2BECM-t4AaABAg', 'snippet': {'videoId': 'zEfTDpfyt1o', 'textDisplay': 'Tem  pessoas q aproveitam o ocorrido para palanque político . O momento agora é de comoção  e repugnância por esse tipo de ato . Desejando q não aconteca  mais', 'textOriginal': 'Tem  pessoas q aproveitam o ocorrido para palanque político . O momento agora é de comoção  e repugnância por esse tipo de ato . Desejando q não aconteca  mais', 'authorDisplayName': 'nohemi del valle durant garcia', 'authorProfileImageUrl': 'https://yt3.ggpht.com/hn6EYRd4dX99lbSm4PG-r0h1imEWMhsI6xX4pWfTBNbswzqdi6LYkZ-QpKEEo_KHLF2aTvVN6g=s48-c-k-c0x00ffffff-no-rj', 'authorChannelUrl': 'http://www.youtube.com/channel/UCF_JZfeUomBhBYYXv64SjSw', 'authorChannelId': {'value': 'UCF_JZfeUomBhBYYXv64SjSw'}, 'canRate': True, 'viewerRating': 'none', 'likeCount': 0, 'publishedAt': '2022-10-24T02:10:46Z', 'updatedAt': '2022-10-24T02:10:46Z'}}, 'canReply': True, 'totalReplyCount': 0, 'isPublic': True}",,UCF_JZfeUomBhBYYXv64SjSw,2022-10-24T02:10:46Z,Tem  pessoas q aproveitam o ocorrido para palanque político . O momento agora é de comoção  e repugnância por esse tipo de ato . Desejando q não aconteca  mais,QURTSl9pMEFzOG5xZ3hpZTAzbTJBRmNOeHItTmdlYWk5QVdKOWdYclVseHZ0bWJVdlRIVkpxTlZuazhFZFlaanVWeVVOUW0zc0Q3SThDdw==,2023-06-08 14:52:34.736252
youtube#commentThread,5kUgLFoZrYPryfDnb5PBkzR2TrE,UgwhMaDIrlBWjvTWswN4AaABAg,"{'videoId': 'zEfTDpfyt1o', 'topLevelComment': {'kind': 'youtube#comment', 'etag': '0htP4aH5jUxwQmhTH7zjuLZL8bg', 'id': 'UgwhMaDIrlBWjvTWswN4AaABAg', 'snippet': {'videoId': 'zEfTDpfyt1o', 'textDisplay': 'Já foram longe demais, se ninguém fizer nada, o cabeça de ovo vai acabar com o Brasil...', 'textOriginal': 'Já foram longe demais, se ninguém fizer nada, o cabeça de ovo vai acabar com o Brasil...', 'authorDisplayName': 'Valnei Kohlrausch', 'authorProfileImageUrl': 'https://yt3.ggpht.com/ytc/AGIKgqNAmHltnJstn1JEWumyno29iYk3Xut7XObYw90cZg=s48-c-k-c0x00ffffff-no-rj', 'authorChannelUrl': 'http://www.youtube.com/channel/UCSM1URRXvt1VpiA5K8a1QNw', 'authorChannelId': {'value': 'UCSM1URRXvt1VpiA5K8a1QNw'}, 'canRate': True, 'viewerRating': 'none', 'likeCount': 0, 'publishedAt': '2022-10-24T02:10:12Z', 'updatedAt': '2022-10-24T02:10:12Z'}}, 'canReply': True, 'totalReplyCount': 0, 'isPublic': True}",,UCSM1URRXvt1VpiA5K8a1QNw,2022-10-24T02:10:12Z,"Já foram longe demais, se ninguém fizer nada, o cabeça de ovo vai acabar com o Brasil...",QURTSl9pMEFzOG5xZ3hpZTAzbTJBRmNOeHItTmdlYWk5QVdKOWdYclVseHZ0bWJVdlRIVkpxTlZuazhFZFlaanVWeVVOUW0zc0Q3SThDdw==,2023-06-08 14:52:34.736252
youtube#commentThread,HhXpqi7b8as-83At6LIVCBXgCDs,UgwkS8x9rCp6mjOvCLF4AaABAg,"{'videoId': 'zEfTDpfyt1o', 'topLevelComment': {'kind': 'youtube#comment', 'etag': 'yA3I8OrT5Qcek5-Eme-8iru2gjI', 'id': 'UgwkS8x9rCp6mjOvCLF4AaABAg', 'snippet': {'videoId': 'zEfTDpfyt1o', 'textDisplay': 'Bolsonaro só veio pra matar e destruir', 'textOriginal': 'Bolsonaro só veio pra matar e destruir', 'authorDisplayName': 'elvira fortaleza', 'authorProfileImageUrl': 'https://yt3.ggpht.com/ytc/AGIKgqMH2FnAMqs1kttB4ChyOuMBWQmBrvQAEu4VlX5iYA=s48-c-k-c0x00ffffff-no-rj', 'authorChannelUrl': 'http://www.youtube.com/channel/UC4xqamcrT6Y48uihS4ZN6Xw', 'authorChannelId': {'value': 'UC4xqamcrT6Y48uihS4ZN6Xw'}, 'canRate': True, 'viewerRating': 'none', 'likeCount': 0, 'publishedAt': '2022-10-24T02:10:06Z', 'updatedAt': '2022-10-24T02:10:06Z'}}, 'canReply': True, 'totalReplyCount': 0, 'isPublic': True}",,UC4xqamcrT6Y48uihS4ZN6Xw,2022-10-24T02:10:06Z,Bolsonaro só veio pra matar e destruir,QURTSl9pMEFzOG5xZ3hpZTAzbTJBRmNOeHItTmdlYWk5QVdKOWdYclVseHZ0bWJVdlRIVkpxTlZuazhFZFlaanVWeVVOUW0zc0Q3SThDdw==,2023-06-08 14:52:34.736252
youtube#commentThread,eNCAL_c05A4igqP3GK2oNrJKzmU,Ugz0KLeVa8n_-OZVwI14AaABAg,"{'videoId': 'zEfTDpfyt1o', 'topLevelComment': {'kind': 'youtube#comment', 'etag': 'MtHFDhtKKhE0V-MdhR6cS40AoZQ', 'id': 'Ugz0KLeVa8n_-OZVwI14AaABAg', 'snippet': {'videoId': 'zEfTDpfyt1o', 'textDisplay': 'coitado, agrediram sem mal saberem de qual lado o q ele ta...ele ta ali obrigado coitado', 'textOriginal': 'coitado, agrediram sem mal saberem de qual lado o q ele ta...ele ta ali obrigado coitado', 'authorDisplayName': 'Dayvison', 'authorProfileImageUrl': 'https://yt3.ggpht.com/ytc/AGIKgqO-eEyFi8ocRbUjXP8C_Sg_55lGvhaMryfu8YOH-ks=s48-c-k-c0x00ffffff-no-rj', 'authorChannelUrl': 'http://www.youtube.com/channel/UCN8-3qmidlf-W2ZXfrhK0Lg', 'authorChannelId': {'value': 'UCN8-3qmidlf-W2ZXfrhK0Lg'}, 'canRate': True, 'viewerRating': 'none', 'likeCount': 0, 'publishedAt': '2022-10-24T02:09:41Z', 'updatedAt': '2022-10-24T02:09:41Z'}}, 'canReply': True, 'totalReplyCount': 0, 'isPublic': True}",,UCN8-3qmidlf-W2ZXfrhK0Lg,2022-10-24T02:09:41Z,"coitado, agrediram sem mal saberem de qual lado o q ele ta...ele ta ali obrigado coitado",QURTSl9pMEFzOG5xZ3hpZTAzbTJBRmNOeHItTmdlYWk5QVdKOWdYclVseHZ0bWJVdlRIVkpxTlZuazhFZFlaanVWeVVOUW0zc0Q3SThDdw==,2023-06-08 14:52:34.736252
youtube#commentThread,8k4exZtkSFGVamsj9zZch38lHmo,UgzOuBIUXKjPPHkU6Fd4AaABAg,"{'videoId': 'zEfTDpfyt1o', 'topLevelComment': {'kind': 'youtube#comment', 'etag': 'JP7h8byB4QBlgUq6pw1gKYCei2s', 'id': 'UgzOuBIUXKjPPHkU6Fd4AaABAg', 'snippet': {'videoId': 'zEfTDpfyt1o', 'textDisplay': 'E o que dá o presidente ficar falando povo armada pra não ser escravizado da nisso', 'textOriginal': 'E o que dá o presidente ficar falando povo armada pra não ser escravizado da nisso', 'authorDisplayName': 'elvira fortaleza', 'authorProfileImageUrl': 'https://yt3.ggpht.com/ytc/AGIKgqMH2FnAMqs1kttB4ChyOuMBWQmBrvQAEu4VlX5iYA=s48-c-k-c0x00ffffff-no-rj', 'authorChannelUrl': 'http://www.youtube.com/channel/UC4xqamcrT6Y48uihS4ZN6Xw', 'authorChannelId': {'value': 'UC4xqamcrT6Y48uihS4ZN6Xw'}, 'canRate': True, 'viewerRating': 'none', 'likeCount': 0, 'publishedAt': '2022-10-24T02:09:36Z', 'updatedAt': '2022-10-24T02:09:36Z'}}, 'canReply': True, 'totalReplyCount': 0, 'isPublic': True}",,UC4xqamcrT6Y48uihS4ZN6Xw,2022-10-24T02:09:36Z,E o que dá o presidente ficar falando povo armada pra não ser escravizado da nisso,QURTSl9pMEFzOG5xZ3hpZTAzbTJBRmNOeHItTmdlYWk5QVdKOWdYclVseHZ0bWJVdlRIVkpxTlZuazhFZFlaanVWeVVOUW0zc0Q3SThDdw==,2023-06-08 14:52:34.736252
youtube#commentThread,Pzp7kefz-PNgB-jzrcHSUR4pwV8,Ugw4z8eh6Gr9zzmLfER4AaABAg,"{'videoId': 'zEfTDpfyt1o', 'topLevelComment': {'kind': 'youtube#comment', 'etag': 'WMp0cnot7Xel4reZZVGC_GdJZ0c', 'id': 'Ugw4z8eh6Gr9zzmLfER4AaABAg', 'snippet': {'videoId': 'zEfTDpfyt1o', 'textDisplay': 'JORNALISTAS ESQUERDISTAS TEM QUE LEVAR NA ...', 'textOriginal': 'JORNALISTAS ESQUERDISTAS TEM QUE LEVAR NA ...', 'authorDisplayName': 'Joana Darc Freitas', 'authorProfileImageUrl': 'https://yt3.ggpht.com/ytc/AGIKgqOQjRhWe3lT2MoFKuMN4VMNFnRdT8W1Fbudp8ZndY2XeZFZYt_BLh1fIIOPq3s6=s48-c-k-c0x00ffffff-no-rj', 'authorChannelUrl': 'http://www.youtube.com/channel/UC0cJCIvFLqphwqYTmma1Jxw', 'authorChannelId': {'value': 'UC0cJCIvFLqphwqYTmma1Jxw'}, 'canRate': True, 'viewerRating': 'none', 'likeCount': 0, 'publishedAt': '2022-10-24T02:08:41Z', 'updatedAt': '2022-10-24T02:08:41Z'}}, 'canReply': True, 'totalReplyCount': 0, 'isPublic': True}",,UC0cJCIvFLqphwqYTmma1Jxw,2022-10-24T02:08:41Z,JORNALISTAS ESQUERDISTAS TEM QUE LEVAR NA ...,QURTSl9pMEFzOG5xZ3hpZTAzbTJBRmNOeHItTmdlYWk5QVdKOWdYclVseHZ0bWJVdlRIVkpxTlZuazhFZFlaanVWeVVOUW0zc0Q3SThDdw==,2023-06-08 14:52:34.736252
youtube#commentThread,EZgzi_ky-twUPbvlfPCEq6yAlnE,Ugza4a0QqsOg5P7xRM14AaABAg,"{'videoId': 'zEfTDpfyt1o', 'topLevelComment': {'kind': 'youtube#comment', 'etag': 'NnONcE8LeKPUYNm-L0LHQPQuwjI', 'id': 'Ugza4a0QqsOg5P7xRM14AaABAg', 'snippet': {'videoId': 'zEfTDpfyt1o', 'textDisplay': 'Veja o que a injustiça causa nos cidadãos.  Se a justiça fosse imparcial e agisse dentro da lei e da ordem, nada disso estaria acontecendo.  O povo está revoltado e perdendo o sentido racional . Observe o comportamento desse ex deputado e advogado renomado a que ponto chegou. Foi por que ele é mal? Creio que não.  Simplesmente não acredita mais na justiça brasileira.  Violência gera violência,  nunca esqueçamos disso.', 'textOriginal': 'Veja o que a injustiça causa nos cidadãos.  Se a justiça fosse imparcial e agisse dentro da lei e da ordem, nada disso estaria acontecendo.  O povo está revoltado e perdendo o sentido racional . Observe o comportamento desse ex deputado e advogado renomado a que ponto chegou. Foi por que ele é mal? Creio que não.  Simplesmente não acredita mais na justiça brasileira.  Violência gera violência,  nunca esqueçamos disso.', 'authorDisplayName': 'Raquel Damasceno', 'authorProfileImageUrl': 'https://yt3.ggpht.com/ytc/AGIKgqOHMppi86NX-DGkPpMTOkvKsEyTg6B7X1ho_g=s48-c-k-c0x00ffffff-no-rj', 'authorChannelUrl': 'http://www.youtube.com/channel/UCWveyDKElSpMRpWPQMXvrhw', 'authorChannelId': {'value': 'UCWveyDKElSpMRpWPQMXvrhw'}, 'canRate': True, 'viewerRating': 'none', 'likeCount': 0, 'publishedAt': '2022-10-24T02:08:24Z', 'updatedAt': '2022-10-24T02:08:24Z'}}, 'canReply': True, 'totalReplyCount': 0, 'isPublic': True}",,UCWveyDKElSpMRpWPQMXvrhw,2022-10-24T02:08:24Z,"Veja o que a injustiça causa nos cidadãos.  Se a justiça fosse imparcial e agisse dentro da lei e da ordem, nada disso estaria acontecendo.  O povo está revoltado e perdendo o sentido racional . Observe o comportamento desse ex deputado e advogado renomado a que ponto chegou. Foi por que ele é mal? Creio que não.  Simplesmente não acredita mais na justiça brasileira.  Violência gera violência,  nunca esqueçamos disso.",QURTSl9pMEFzOG5xZ3hpZTAzbTJBRmNOeHItTmdlYWk5QVdKOWdYclVseHZ0bWJVdlRIVkpxTlZuazhFZFlaanVWeVVOUW0zc0Q3SThDdw==,2023-06-08 14:52:34.736252
youtube#commentThread,xwNzYhuC_mXnXEL-G3S932A0oqk,UgymoE-ScLlgEVNSujF4AaABAg,"{'videoId': 'zEfTDpfyt1o', 'topLevelComment': {'kind': 'youtube#comment', 'etag': 'P4zu4aUyCGxd7fZOiwxPm43iHKE', 'id': 'UgymoE-ScLlgEVNSujF4AaABAg', 'snippet': {'videoId': 'zEfTDpfyt1o', 'textDisplay': 'COISAS PIORES VIRÃO!<br>AS PESSOAS VÃO CHORAR LÁGRIMAS DE SANGUE!', 'textOriginal': 'COISAS PIORES VIRÃO!\\nAS PESSOAS VÃO CHORAR LÁGRIMAS DE SANGUE!', 'authorDisplayName': 'Marilene Arndt', 'authorProfileImageUrl': 'https://yt3.ggpht.com/ytc/AGIKgqOPJCNXKDki4m63nYnTrhmLDJXopYpZ1LyQdg=s48-c-k-c0x00ffffff-no-rj', 'authorChannelUrl': 'http://www.youtube.com/channel/UC458p8qZ-ANWhrQkwT6Gfsw', 'authorChannelId': {'value': 'UC458p8qZ-ANWhrQkwT6Gfsw'}, 'canRate': True, 'viewerRating': 'none', 'likeCount': 0, 'publishedAt': '2022-10-24T02:07:30Z', 'updatedAt': '2022-10-24T02:07:30Z'}}, 'canReply': True, 'totalReplyCount': 0, 'isPublic': True}",,UC458p8qZ-ANWhrQkwT6Gfsw,2022-10-24T02:07:30Z,"COISAS PIORES VIRÃO!
AS PESSOAS VÃO CHORAR LÁGRIMAS DE SANGUE!",QURTSl9pMEFzOG5xZ3hpZTAzbTJBRmNOeHItTmdlYWk5QVdKOWdYclVseHZ0bWJVdlRIVkpxTlZuazhFZFlaanVWeVVOUW0zc0Q3SThDdw==,2023-06-08 14:52:34.736252
youtube#commentThread,mxDwTlrxK0YHIomcZXKVgHdF4W4,UgxXXC3HFH2UM00gq994AaABAg,"{'videoId': 'zEfTDpfyt1o', 'topLevelComment': {'kind': 'youtube#comment', 'etag': '9Eh0q1_Me6ydtWsu5RsnNkeKm38', 'id': 'UgxXXC3HFH2UM00gq994AaABAg', 'snippet': {'videoId': 'zEfTDpfyt1o', 'textDisplay': 'e jefim vc não está sozim', 'textOriginal': 'e jefim vc não está sozim', 'authorDisplayName': 'Jane Mello', 'authorProfileImageUrl': 'https://yt3.ggpht.com/ytc/AGIKgqOfBiQpq3C6d-1ex7TUuuRevhflFQln4eJEIw=s48-c-k-c0x00ffffff-no-rj', 'authorChannelUrl': 'http://www.youtube.com/channel/UC-dxCJnvryz1_JxpE8cVAHA', 'authorChannelId': {'value': 'UC-dxCJnvryz1_JxpE8cVAHA'}, 'canRate': True, 'viewerRating': 'none', 'likeCount': 0, 'publishedAt': '2022-10-24T02:05:53Z', 'updatedAt': '2022-10-24T02:05:53Z'}}, 'canReply': True, 'totalReplyCount': 0, 'isPublic': True}",,UC-dxCJnvryz1_JxpE8cVAHA,2022-10-24T02:05:53Z,e jefim vc não está sozim,QURTSl9pMEFzOG5xZ3hpZTAzbTJBRmNOeHItTmdlYWk5QVdKOWdYclVseHZ0bWJVdlRIVkpxTlZuazhFZFlaanVWeVVOUW0zc0Q3SThDdw==,2023-06-08 14:52:34.736252
youtube#commentThread,QfA1_cVD7vbLk8rVFBTdFXkrh4I,UgxjCZ0AoDVSQufkr_J4AaABAg,"{'videoId': 'zEfTDpfyt1o', 'topLevelComment': {'kind': 'youtube#comment', 'etag': '_oVkjQZPoEo2dNqjd1h2YIUCNB0', 'id': 'UgxjCZ0AoDVSQufkr_J4AaABAg', 'snippet': {'videoId': 'zEfTDpfyt1o', 'textDisplay': 'Roberto gefesson estava protestando contra as restrições imposta a jovem pan', 'textOriginal': 'Roberto gefesson estava protestando contra as restrições imposta a jovem pan', 'authorDisplayName': 'elvira fortaleza', 'authorProfileImageUrl': 'https://yt3.ggpht.com/ytc/AGIKgqMH2FnAMqs1kttB4ChyOuMBWQmBrvQAEu4VlX5iYA=s48-c-k-c0x00ffffff-no-rj', 'authorChannelUrl': 'http://www.youtube.com/channel/UC4xqamcrT6Y48uihS4ZN6Xw', 'authorChannelId': {'value': 'UC4xqamcrT6Y48uihS4ZN6Xw'}, 'canRate': True, 'viewerRating': 'none', 'likeCount': 0, 'publishedAt': '2022-10-24T02:05:52Z', 'updatedAt': '2022-10-24T02:05:52Z'}}, 'canReply': True, 'totalReplyCount': 0, 'isPublic': True}",,UC4xqamcrT6Y48uihS4ZN6Xw,2022-10-24T02:05:52Z,Roberto gefesson estava protestando contra as restrições imposta a jovem pan,QURTSl9pMEFzOG5xZ3hpZTAzbTJBRmNOeHItTmdlYWk5QVdKOWdYclVseHZ0bWJVdlRIVkpxTlZuazhFZFlaanVWeVVOUW0zc0Q3SThDdw==,2023-06-08 14:52:34.736252
youtube#commentThread,hUPengWbAkr2edUxSOMk7hpb4qQ,UgzNhweGi7ZUlGcSN7l4AaABAg,"{'videoId': 'zEfTDpfyt1o', 'topLevelComment': {'kind': 'youtube#comment', 'etag': 'M9mWWVmSMw-VJbm1z-cxDDvqqM4', 'id': 'UgzNhweGi7ZUlGcSN7l4AaABAg', 'snippet': {'videoId': 'zEfTDpfyt1o', 'textDisplay': 'O POVO N AGUENTA MAIS O STF,,,<br>AI COITADO,KK 22', 'textOriginal': 'O POVO N AGUENTA MAIS O STF,,,\\nAI COITADO,KK 22', 'authorDisplayName': 'Vânia Paula Costa', 'authorProfileImageUrl': 'https://yt3.ggpht.com/3UFZqR6wK2r6OWZ7isDi55Vv4SjlcZU4AlyucsbE-X_GTwLqTs6vGPG1m5cpmX1ARxNOTJ9YCA=s48-c-k-c0x00ffffff-no-rj', 'authorChannelUrl': 'http://www.youtube.com/channel/UCsneljgiYBDgyqVqQR4D82Q', 'authorChannelId': {'value': 'UCsneljgiYBDgyqVqQR4D82Q'}, 'canRate': True, 'viewerRating': 'none', 'likeCount': 0, 'publishedAt': '2022-10-24T02:05:33Z', 'updatedAt': '2022-10-24T02:05:33Z'}}, 'canReply': True, 'totalReplyCount': 0, 'isPublic': True}",,UCsneljgiYBDgyqVqQR4D82Q,2022-10-24T02:05:33Z,"O POVO N AGUENTA MAIS O STF,,,
AI COITADO,KK 22",QURTSl9pMEFzOG5xZ3hpZTAzbTJBRmNOeHItTmdlYWk5QVdKOWdYclVseHZ0bWJVdlRIVkpxTlZuazhFZFlaanVWeVVOUW0zc0Q3SThDdw==,2023-06-08 14:52:34.736252
youtube#commentThread,e1hGP7e6qZQy2y0f6gdZ1E9MYMw,UgxMEjVVd2dy82Pg9vN4AaABAg,"{'videoId': 'zEfTDpfyt1o', 'topLevelComment': {'kind': 'youtube#comment', 'etag': 'xxw7JFSZRKRmbea151FVbaHUT4Y', 'id': 'UgxMEjVVd2dy82Pg9vN4AaABAg', 'snippet': {'videoId': 'zEfTDpfyt1o', 'textDisplay': 'É verdade  está uma violência horrível aqui na minha cidade ontem teve agressões tão horrível que até os Cachorros na Rua foi agredido a festa era do PT', 'textOriginal': 'É verdade  está uma violência horrível aqui na minha cidade ontem teve agressões tão horrível que até os Cachorros na Rua foi agredido a festa era do PT', 'authorDisplayName': 'Roselene da Conceição Silva', 'authorProfileImageUrl': 'https://yt3.ggpht.com/ytc/AGIKgqNo7mhk8JBVBNp1k84SF4umQEFXZb5r9_7tXnn1dnDQAMr962GFF9W1hqeuKUt0=s48-c-k-c0x00ffffff-no-rj', 'authorChannelUrl': 'http://www.youtube.com/channel/UCVq2Dyi6m_hMN7Gl3Q2_x1g', 'authorChannelId': {'value': 'UCVq2Dyi6m_hMN7Gl3Q2_x1g'}, 'canRate': True, 'viewerRating': 'none', 'likeCount': 0, 'publishedAt': '2022-10-24T02:05:00Z', 'updatedAt': '2022-10-24T02:05:00Z'}}, 'canReply': True, 'totalReplyCount': 0, 'isPublic': True}",,UCVq2Dyi6m_hMN7Gl3Q2_x1g,2022-10-24T02:05:00Z,É verdade  está uma violência horrível aqui na minha cidade ontem teve agressões tão horrível que até os Cachorros na Rua foi agredido a festa era do PT,QURTSl9pMEFzOG5xZ3hpZTAzbTJBRmNOeHItTmdlYWk5QVdKOWdYclVseHZ0bWJVdlRIVkpxTlZuazhFZFlaanVWeVVOUW0zc0Q3SThDdw==,2023-06-08 14:52:34.736252
youtube#commentThread,chI2rfMKPbdbKzS0UIaVGCxwC_s,Ugx2ILo2MhAAQrmCTqN4AaABAg,"{'videoId': 'zEfTDpfyt1o', 'topLevelComment': {'kind': 'youtube#comment', 'etag': 'wxrUyYurwcMpQnKH3QCZnTzbjdI', 'id': 'Ugx2ILo2MhAAQrmCTqN4AaABAg', 'snippet': {'videoId': 'zEfTDpfyt1o', 'textDisplay': 'Vai acontecer daqui a pouco uma guerra civil, ninguém vai querer mas receber mas ordem dessa justiça comprada pra atender so um lado', 'textOriginal': 'Vai acontecer daqui a pouco uma guerra civil, ninguém vai querer mas receber mas ordem dessa justiça comprada pra atender so um lado', 'authorDisplayName': 'Ilmar Marinho', 'authorProfileImageUrl': 'https://yt3.ggpht.com/Phl2m6S8cdmtvKgozWXLSQzgJ-zB9NBL-da9tpkaj8PCvl6wNh0EOazBDTl6DRvFGk-hEO5rgw=s48-c-k-c0x00ffffff-no-rj', 'authorChannelUrl': 'http://www.youtube.com/channel/UC-lpTWuSXZKtSQPIAuRif9g', 'authorChannelId': {'value': 'UC-lpTWuSXZKtSQPIAuRif9g'}, 'canRate': True, 'viewerRating': 'none', 'likeCount': 0, 'publishedAt': '2022-10-24T02:03:33Z', 'updatedAt': '2022-10-24T02:03:33Z'}}, 'canReply': True, 'totalReplyCount': 0, 'isPublic': True}",,UC-lpTWuSXZKtSQPIAuRif9g,2022-10-24T02:03:33Z,"Vai acontecer daqui a pouco uma guerra civil, ninguém vai querer mas receber mas ordem dessa justiça comprada pra atender so um lado",QURTSl9pMEFzOG5xZ3hpZTAzbTJBRmNOeHItTmdlYWk5QVdKOWdYclVseHZ0bWJVdlRIVkpxTlZuazhFZFlaanVWeVVOUW0zc0Q3SThDdw==,2023-06-08 14:52:34.736252
youtube#commentThread,whEBVQqK_TZpENTBxDlRZ_XLdvk,UgzTx5WA1d5s4icINyp4AaABAg,"{'videoId': 'zEfTDpfyt1o', 'topLevelComment': {'kind': 'youtube#comment', 'etag': 'tiZ8ZMBcqqtCI7sSKotYJ1bn4gI', 'id': 'UgzTx5WA1d5s4icINyp4AaABAg', 'snippet': {'videoId': 'zEfTDpfyt1o', 'textDisplay': 'Excesso e arbitrariedade  do STF e do TSE Os Brasileiros  estão ficando perdidos No meio de tanta injustiça .O Brasil está sem  rumo', 'textOriginal': 'Excesso e arbitrariedade  do STF e do TSE Os Brasileiros  estão ficando perdidos No meio de tanta injustiça .O Brasil está sem  rumo', 'authorDisplayName': 'Antonia Silva', 'authorProfileImageUrl': 'https://yt3.ggpht.com/ytc/AGIKgqPZs-9VNfxWScx7QhKTxdVDD1zB7zQ2KZ7UZw=s48-c-k-c0x00ffffff-no-rj', 'authorChannelUrl': 'http://www.youtube.com/channel/UCfgjjvuN_cQXZZZ-oBK1JJw', 'authorChannelId': {'value': 'UCfgjjvuN_cQXZZZ-oBK1JJw'}, 'canRate': True, 'viewerRating': 'none', 'likeCount': 0, 'publishedAt': '2022-10-24T02:02:10Z', 'updatedAt': '2022-10-24T02:02:10Z'}}, 'canReply': True, 'totalReplyCount': 1, 'isPublic': True}","{'comments': [{'kind': 'youtube#comment', 'etag': '1cgLiUiWSwPc1LFFrFeUIauLMQU', 'id': 'UgzTx5WA1d5s4icINyp4AaABAg.9hYZKy8lEaf9hYhGdXcAha', 'snippet': {'videoId': 'zEfTDpfyt1o', 'textDisplay': 'Obrigado pelo maníaco, Temer...criou bem a cobra...', 'textOriginal': 'Obrigado pelo maníaco, Temer...criou bem a cobra...', 'parentId': 'UgzTx5WA1d5s4icINyp4AaABAg', 'authorDisplayName': 'Tiburcio Nascimento', 'authorProfileImageUrl': 'https://yt3.ggpht.com/ytc/AGIKgqPYJ16XbloZp1nRif2q9UiINjE9b3aLcJFllVpYZmGF8L32gAvFuJ_fm0H5T6oa=s48-c-k-c0x00ffffff-no-rj', 'authorChannelUrl': 'http://www.youtube.com/channel/UCOpVT2WBtvOTmNgRgNreY3Q', 'authorChannelId': {'value': 'UCOpVT2WBtvOTmNgRgNreY3Q'}, 'canRate': True, 'viewerRating': 'none', 'likeCount': 0, 'publishedAt': '2022-10-24T03:20:13Z', 'updatedAt': '2022-10-24T03:20:13Z'}}]}",UCfgjjvuN_cQXZZZ-oBK1JJw,2022-10-24T02:02:10Z,Excesso e arbitrariedade  do STF e do TSE Os Brasileiros  estão ficando perdidos No meio de tanta injustiça .O Brasil está sem  rumo,QURTSl9pMEFzOG5xZ3hpZTAzbTJBRmNOeHItTmdlYWk5QVdKOWdYclVseHZ0bWJVdlRIVkpxTlZuazhFZFlaanVWeVVOUW0zc0Q3SThDdw==,2023-06-08 14:52:34.736252
youtube#commentThread,H2IhcQIsTifHk-ZXUBay7Urh5vc,UgxKhztNSobmYtITdlJ4AaABAg,"{'videoId': 'zEfTDpfyt1o', 'topLevelComment': {'kind': 'youtube#comment', 'etag': '9dFKiuNR64qpQqb85gCigBQEbHc', 'id': 'UgxKhztNSobmYtITdlJ4AaABAg', 'snippet': {'videoId': 'zEfTDpfyt1o', 'textDisplay': 'Bolsonaro Deus abençoe grandemente nosso mito', 'textOriginal': 'Bolsonaro Deus abençoe grandemente nosso mito', 'authorDisplayName': 'lima Aguiar', 'authorProfileImageUrl': 'https://yt3.ggpht.com/wiz-S837oXWmO3YwXZLTIUp7o6m98rBLZfys2k0cTWZi8R0fGeU1f8vtnGQqhAf5tNHzRzdfFg=s48-c-k-c0x00ffffff-no-rj', 'authorChannelUrl': 'http://www.youtube.com/channel/UCc1-9K4lPtVUH_1VeR7zwSQ', 'authorChannelId': {'value': 'UCc1-9K4lPtVUH_1VeR7zwSQ'}, 'canRate': True, 'viewerRating': 'none', 'likeCount': 1, 'publishedAt': '2022-10-24T02:01:48Z', 'updatedAt': '2022-10-24T02:01:48Z'}}, 'canReply': True, 'totalReplyCount': 0, 'isPublic': True}",,UCc1-9K4lPtVUH_1VeR7zwSQ,2022-10-24T02:01:48Z,Bolsonaro Deus abençoe grandemente nosso mito,QURTSl9pMEFzOG5xZ3hpZTAzbTJBRmNOeHItTmdlYWk5QVdKOWdYclVseHZ0bWJVdlRIVkpxTlZuazhFZFlaanVWeVVOUW0zc0Q3SThDdw==,2023-06-08 14:52:34.736252
youtube#commentThread,SKYkv8U3iEgfq_szuL8XgsbW0rA,UgzsbXFoUTrqN2QQxP14AaABAg,"{'videoId': 'zEfTDpfyt1o', 'topLevelComment': {'kind': 'youtube#comment', 'etag': 'KdMuesa3L1MXM7icoLP9xhfe4v0', 'id': 'UgzsbXFoUTrqN2QQxP14AaABAg', 'snippet': {'videoId': 'zEfTDpfyt1o', 'textDisplay': 'Será que era mesmo um bolsonarista que agrediu, tenho minhas dúvidas, pode ser um infiltrado. N', 'textOriginal': 'Será que era mesmo um bolsonarista que agrediu, tenho minhas dúvidas, pode ser um infiltrado. N', 'authorDisplayName': 'Zenilda Rocha', 'authorProfileImageUrl': 'https://yt3.ggpht.com/ytc/AGIKgqNEaJtuQblpDg-q3ayFjmQCb9eeOWykROH_WA=s48-c-k-c0x00ffffff-no-rj', 'authorChannelUrl': 'http://www.youtube.com/channel/UCIU7AkdA0DxTMMHzaJl483Q', 'authorChannelId': {'value': 'UCIU7AkdA0DxTMMHzaJl483Q'}, 'canRate': True, 'viewerRating': 'none', 'likeCount': 0, 'publishedAt': '2022-10-24T02:01:46Z', 'updatedAt': '2022-10-24T02:01:46Z'}}, 'canReply': True, 'totalReplyCount': 0, 'isPublic': True}",,UCIU7AkdA0DxTMMHzaJl483Q,2022-10-24T02:01:46Z,"Será que era mesmo um bolsonarista que agrediu, tenho minhas dúvidas, pode ser um infiltrado. N",QURTSl9pMEFzOG5xZ3hpZTAzbTJBRmNOeHItTmdlYWk5QVdKOWdYclVseHZ0bWJVdlRIVkpxTlZuazhFZFlaanVWeVVOUW0zc0Q3SThDdw==,2023-06-08 14:52:34.736252
youtube#commentThread,3ijt4frxR1fvXFHM8SE9otBccTA,UgxPfhWMz2-e4xImU9B4AaABAg,"{'videoId': 'zEfTDpfyt1o', 'topLevelComment': {'kind': 'youtube#comment', 'etag': 'tTBvsq--cCztJ-Rwpf41FumGWuY', 'id': 'UgxPfhWMz2-e4xImU9B4AaABAg', 'snippet': {'videoId': 'zEfTDpfyt1o', 'textDisplay': 'Deus abençoe nosso mito', 'textOriginal': 'Deus abençoe nosso mito', 'authorDisplayName': 'lima Aguiar', 'authorProfileImageUrl': 'https://yt3.ggpht.com/wiz-S837oXWmO3YwXZLTIUp7o6m98rBLZfys2k0cTWZi8R0fGeU1f8vtnGQqhAf5tNHzRzdfFg=s48-c-k-c0x00ffffff-no-rj', 'authorChannelUrl': 'http://www.youtube.com/channel/UCc1-9K4lPtVUH_1VeR7zwSQ', 'authorChannelId': {'value': 'UCc1-9K4lPtVUH_1VeR7zwSQ'}, 'canRate': True, 'viewerRating': 'none', 'likeCount': 3, 'publishedAt': '2022-10-24T02:01:25Z', 'updatedAt': '2022-10-24T02:01:25Z'}}, 'canReply': True, 'totalReplyCount': 0, 'isPublic': True}",,UCc1-9K4lPtVUH_1VeR7zwSQ,2022-10-24T02:01:25Z,Deus abençoe nosso mito,QURTSl9pMEFzOG5xZ3hpZTAzbTJBRmNOeHItTmdlYWk5QVdKOWdYclVseHZ0bWJVdlRIVkpxTlZuazhFZFlaanVWeVVOUW0zc0Q3SThDdw==,2023-06-08 14:52:34.736252
youtube#commentThread,urmbG13NbPysiLJYf2oyW3FkEPA,UgxXlaexBzEPc5QQnuJ4AaABAg,"{'videoId': 'zEfTDpfyt1o', 'topLevelComment': {'kind': 'youtube#comment', 'etag': 'P03Y2jU0_HBaQ7J_VsJ8iUlwcNg', 'id': 'UgxXlaexBzEPc5QQnuJ4AaABAg', 'snippet': {'videoId': 'zEfTDpfyt1o', 'textDisplay': 'Bolsonaro melhor presidente do mundo', 'textOriginal': 'Bolsonaro melhor presidente do mundo', 'authorDisplayName': 'lima Aguiar', 'authorProfileImageUrl': 'https://yt3.ggpht.com/wiz-S837oXWmO3YwXZLTIUp7o6m98rBLZfys2k0cTWZi8R0fGeU1f8vtnGQqhAf5tNHzRzdfFg=s48-c-k-c0x00ffffff-no-rj', 'authorChannelUrl': 'http://www.youtube.com/channel/UCc1-9K4lPtVUH_1VeR7zwSQ', 'authorChannelId': {'value': 'UCc1-9K4lPtVUH_1VeR7zwSQ'}, 'canRate': True, 'viewerRating': 'none', 'likeCount': 0, 'publishedAt': '2022-10-24T02:00:58Z', 'updatedAt': '2022-10-24T02:00:58Z'}}, 'canReply': True, 'totalReplyCount': 0, 'isPublic': True}",,UCc1-9K4lPtVUH_1VeR7zwSQ,2022-10-24T02:00:58Z,Bolsonaro melhor presidente do mundo,QURTSl9pMEFzOG5xZ3hpZTAzbTJBRmNOeHItTmdlYWk5QVdKOWdYclVseHZ0bWJVdlRIVkpxTlZuazhFZFlaanVWeVVOUW0zc0Q3SThDdw==,2023-06-08 14:52:34.736252
youtube#commentThread,W_E7Tu88tRjs7lRga2Gprms0Iyo,Ugx8pC8SOFjltnVnTnN4AaABAg,"{'videoId': 'zEfTDpfyt1o', 'topLevelComment': {'kind': 'youtube#comment', 'etag': 'XUNTXi6WAN2kqw7hNG4LiQINEzo', 'id': 'Ugx8pC8SOFjltnVnTnN4AaABAg', 'snippet': {'videoId': 'zEfTDpfyt1o', 'textDisplay': 'Isso é o terror. Lamentável nada justifica isso independente da reportagem os repórteres estão fazendo apenas o trabalho deles.', 'textOriginal': 'Isso é o terror. Lamentável nada justifica isso independente da reportagem os repórteres estão fazendo apenas o trabalho deles.', 'authorDisplayName': 'Flaviana Rodrigues', 'authorProfileImageUrl': 'https://yt3.ggpht.com/ytc/AGIKgqPIDJZuw-IpWqNhomN4pHydLxfqKstNBkQcFUL59wA=s48-c-k-c0x00ffffff-no-rj', 'authorChannelUrl': 'http://www.youtube.com/channel/UCIP8tJhVMgftu4wF7hhb31A', 'authorChannelId': {'value': 'UCIP8tJhVMgftu4wF7hhb31A'}, 'canRate': True, 'viewerRating': 'none', 'likeCount': 0, 'publishedAt': '2022-10-24T02:00:50Z', 'updatedAt': '2022-10-24T02:00:50Z'}}, 'canReply': True, 'totalReplyCount': 1, 'isPublic': True}","{'comments': [{'kind': 'youtube#comment', 'etag': 'T33RTRWaHnW9IE6isHMoeuydT7A', 'id': 'Ugx8pC8SOFjltnVnTnN4AaABAg.9hYZBADAEVY9hYjanItQok', 'snippet': {'videoId': 'zEfTDpfyt1o', 'textDisplay': 'Filmar o bandido que se voltou contra o sistema...o Maduro adora isso....', 'textOriginal': 'Filmar o bandido que se voltou contra o sistema...o Maduro adora isso....', 'parentId': 'Ugx8pC8SOFjltnVnTnN4AaABAg', 'authorDisplayName': 'Tiburcio Nascimento', 'authorProfileImageUrl': 'https://yt3.ggpht.com/ytc/AGIKgqPYJ16XbloZp1nRif2q9UiINjE9b3aLcJFllVpYZmGF8L32gAvFuJ_fm0H5T6oa=s48-c-k-c0x00ffffff-no-rj', 'authorChannelUrl': 'http://www.youtube.com/channel/UCOpVT2WBtvOTmNgRgNreY3Q', 'authorChannelId': {'value': 'UCOpVT2WBtvOTmNgRgNreY3Q'}, 'canRate': True, 'viewerRating': 'none', 'likeCount': 0, 'publishedAt': '2022-10-24T03:40:35Z', 'updatedAt': '2022-10-24T03:40:35Z'}}]}",UCIP8tJhVMgftu4wF7hhb31A,2022-10-24T02:00:50Z,Isso é o terror. Lamentável nada justifica isso independente da reportagem os repórteres estão fazendo apenas o trabalho deles.,QURTSl9pMEFzOG5xZ3hpZTAzbTJBRmNOeHItTmdlYWk5QVdKOWdYclVseHZ0bWJVdlRIVkpxTlZuazhFZFlaanVWeVVOUW0zc0Q3SThDdw==,2023-06-08 14:52:34.736252
youtube#commentThread,lVy2gN5IcZ0G5iOgpi7uZQxYOWY,UgzNAOI50JG0T-AOig54AaABAg,"{'videoId': 'zEfTDpfyt1o', 'topLevelComment': {'kind': 'youtube#comment', 'etag': '_o_7iBFMl3NY_o1E6neAA0aji4E', 'id': 'UgzNAOI50JG0T-AOig54AaABAg', 'snippet': {'videoId': 'zEfTDpfyt1o', 'textDisplay': 'Bolsonaro melhor presidente do mundo', 'textOriginal': 'Bolsonaro melhor presidente do mundo', 'authorDisplayName': 'lima Aguiar', 'authorProfileImageUrl': 'https://yt3.ggpht.com/wiz-S837oXWmO3YwXZLTIUp7o6m98rBLZfys2k0cTWZi8R0fGeU1f8vtnGQqhAf5tNHzRzdfFg=s48-c-k-c0x00ffffff-no-rj', 'authorChannelUrl': 'http://www.youtube.com/channel/UCc1-9K4lPtVUH_1VeR7zwSQ', 'authorChannelId': {'value': 'UCc1-9K4lPtVUH_1VeR7zwSQ'}, 'canRate': True, 'viewerRating': 'none', 'likeCount': 0, 'publishedAt': '2022-10-24T02:00:47Z', 'updatedAt': '2022-10-24T02:00:47Z'}}, 'canReply': True, 'totalReplyCount': 0, 'isPublic': True}",,UCc1-9K4lPtVUH_1VeR7zwSQ,2022-10-24T02:00:47Z,Bolsonaro melhor presidente do mundo,QURTSl9pMEFzOG5xZ3hpZTAzbTJBRmNOeHItTmdlYWk5QVdKOWdYclVseHZ0bWJVdlRIVkpxTlZuazhFZFlaanVWeVVOUW0zc0Q3SThDdw==,2023-06-08 14:52:34.736252
youtube#commentThread,vWBS6Jj5y2X4pW1j9X0oIe_6NO0,Ugxj09IgYgJZttR9UVF4AaABAg,"{'videoId': 'zEfTDpfyt1o', 'topLevelComment': {'kind': 'youtube#comment', 'etag': '6GZesFM9BEdxIUKxjG0hiEuV5no', 'id': 'Ugxj09IgYgJZttR9UVF4AaABAg', 'snippet': {'videoId': 'zEfTDpfyt1o', 'textDisplay': 'Bolsonaro melhor presidente do mundo', 'textOriginal': 'Bolsonaro melhor presidente do mundo', 'authorDisplayName': 'lima Aguiar', 'authorProfileImageUrl': 'https://yt3.ggpht.com/wiz-S837oXWmO3YwXZLTIUp7o6m98rBLZfys2k0cTWZi8R0fGeU1f8vtnGQqhAf5tNHzRzdfFg=s48-c-k-c0x00ffffff-no-rj', 'authorChannelUrl': 'http://www.youtube.com/channel/UCc1-9K4lPtVUH_1VeR7zwSQ', 'authorChannelId': {'value': 'UCc1-9K4lPtVUH_1VeR7zwSQ'}, 'canRate': True, 'viewerRating': 'none', 'likeCount': 0, 'publishedAt': '2022-10-24T02:00:38Z', 'updatedAt': '2022-10-24T02:00:38Z'}}, 'canReply': True, 'totalReplyCount': 0, 'isPublic': True}",,UCc1-9K4lPtVUH_1VeR7zwSQ,2022-10-24T02:00:38Z,Bolsonaro melhor presidente do mundo,QURTSl9pMEFzOG5xZ3hpZTAzbTJBRmNOeHItTmdlYWk5QVdKOWdYclVseHZ0bWJVdlRIVkpxTlZuazhFZFlaanVWeVVOUW0zc0Q3SThDdw==,2023-06-08 14:52:34.736252
youtube#commentThread,8VdMO8KooOlmsLACSbL_1Ok_Q9s,UgzhsORNXSoSBrZeIR54AaABAg,"{'videoId': 'zEfTDpfyt1o', 'topLevelComment': {'kind': 'youtube#comment', 'etag': 'MayZ5S3aVpezuKddtkaJBhGuE7E', 'id': 'UgzhsORNXSoSBrZeIR54AaABAg', 'snippet': {'videoId': 'zEfTDpfyt1o', 'textDisplay': 'Bolsonaro melhor presidente do mundo', 'textOriginal': 'Bolsonaro melhor presidente do mundo', 'authorDisplayName': 'lima Aguiar', 'authorProfileImageUrl': 'https://yt3.ggpht.com/wiz-S837oXWmO3YwXZLTIUp7o6m98rBLZfys2k0cTWZi8R0fGeU1f8vtnGQqhAf5tNHzRzdfFg=s48-c-k-c0x00ffffff-no-rj', 'authorChannelUrl': 'http://www.youtube.com/channel/UCc1-9K4lPtVUH_1VeR7zwSQ', 'authorChannelId': {'value': 'UCc1-9K4lPtVUH_1VeR7zwSQ'}, 'canRate': True, 'viewerRating': 'none', 'likeCount': 0, 'publishedAt': '2022-10-24T02:00:29Z', 'updatedAt': '2022-10-24T02:00:29Z'}}, 'canReply': True, 'totalReplyCount': 0, 'isPublic': True}",,UCc1-9K4lPtVUH_1VeR7zwSQ,2022-10-24T02:00:29Z,Bolsonaro melhor presidente do mundo,QURTSl9pMEFzOG5xZ3hpZTAzbTJBRmNOeHItTmdlYWk5QVdKOWdYclVseHZ0bWJVdlRIVkpxTlZuazhFZFlaanVWeVVOUW0zc0Q3SThDdw==,2023-06-08 14:52:34.736252
youtube#commentThread,14jChppZqsdOvIlKFFBoyEViqlM,UgxpjtnS72o_sIYGVY54AaABAg,"{'videoId': 'zEfTDpfyt1o', 'topLevelComment': {'kind': 'youtube#comment', 'etag': 'KX2Pmk4w8AzNiZ7Z-NuEzS9PIs0', 'id': 'UgxpjtnS72o_sIYGVY54AaABAg', 'snippet': {'videoId': 'zEfTDpfyt1o', 'textDisplay': 'Bolsonaro melhor presidente do mundo', 'textOriginal': 'Bolsonaro melhor presidente do mundo', 'authorDisplayName': 'lima Aguiar', 'authorProfileImageUrl': 'https://yt3.ggpht.com/wiz-S837oXWmO3YwXZLTIUp7o6m98rBLZfys2k0cTWZi8R0fGeU1f8vtnGQqhAf5tNHzRzdfFg=s48-c-k-c0x00ffffff-no-rj', 'authorChannelUrl': 'http://www.youtube.com/channel/UCc1-9K4lPtVUH_1VeR7zwSQ', 'authorChannelId': {'value': 'UCc1-9K4lPtVUH_1VeR7zwSQ'}, 'canRate': True, 'viewerRating': 'none', 'likeCount': 0, 'publishedAt': '2022-10-24T02:00:16Z', 'updatedAt': '2022-10-24T02:00:16Z'}}, 'canReply': True, 'totalReplyCount': 0, 'isPublic': True}",,UCc1-9K4lPtVUH_1VeR7zwSQ,2022-10-24T02:00:16Z,Bolsonaro melhor presidente do mundo,QURTSl9pMEFzOG5xZ3hpZTAzbTJBRmNOeHItTmdlYWk5QVdKOWdYclVseHZ0bWJVdlRIVkpxTlZuazhFZFlaanVWeVVOUW0zc0Q3SThDdw==,2023-06-08 14:52:34.736252
youtube#commentThread,XLzmR095pJRxp8OgQNCks4JLpNc,Ugxz35Cs5C-k-0ZYFvd4AaABAg,"{'videoId': 'zEfTDpfyt1o', 'topLevelComment': {'kind': 'youtube#comment', 'etag': 'UNaicxaSu_SsLfmG-jWgkaRGEqc', 'id': 'Ugxz35Cs5C-k-0ZYFvd4AaABAg', 'snippet': {'videoId': 'zEfTDpfyt1o', 'textDisplay': 'Bolsonaro melhor presidente do mundo', 'textOriginal': 'Bolsonaro melhor presidente do mundo', 'authorDisplayName': 'lima Aguiar', 'authorProfileImageUrl': 'https://yt3.ggpht.com/wiz-S837oXWmO3YwXZLTIUp7o6m98rBLZfys2k0cTWZi8R0fGeU1f8vtnGQqhAf5tNHzRzdfFg=s48-c-k-c0x00ffffff-no-rj', 'authorChannelUrl': 'http://www.youtube.com/channel/UCc1-9K4lPtVUH_1VeR7zwSQ', 'authorChannelId': {'value': 'UCc1-9K4lPtVUH_1VeR7zwSQ'}, 'canRate': True, 'viewerRating': 'none', 'likeCount': 0, 'publishedAt': '2022-10-24T02:00:06Z', 'updatedAt': '2022-10-24T02:00:06Z'}}, 'canReply': True, 'totalReplyCount': 0, 'isPublic': True}",,UCc1-9K4lPtVUH_1VeR7zwSQ,2022-10-24T02:00:06Z,Bolsonaro melhor presidente do mundo,QURTSl9pMEFzOG5xZ3hpZTAzbTJBRmNOeHItTmdlYWk5QVdKOWdYclVseHZ0bWJVdlRIVkpxTlZuazhFZFlaanVWeVVOUW0zc0Q3SThDdw==,2023-06-08 14:52:34.736252
youtube#commentThread,lDiTrwwLeA9Vns1TalnZkJ1Q6n0,UgwNOrAVx8RYA3SwYk94AaABAg,"{'videoId': 'zEfTDpfyt1o', 'topLevelComment': {'kind': 'youtube#comment', 'etag': 'Jdd4ioVbGqWUUj_znaXMH8deiBc', 'id': 'UgwNOrAVx8RYA3SwYk94AaABAg', 'snippet': {'videoId': 'zEfTDpfyt1o', 'textDisplay': 'Bolsonaro melhor presidente do mundo', 'textOriginal': 'Bolsonaro melhor presidente do mundo', 'authorDisplayName': 'lima Aguiar', 'authorProfileImageUrl': 'https://yt3.ggpht.com/wiz-S837oXWmO3YwXZLTIUp7o6m98rBLZfys2k0cTWZi8R0fGeU1f8vtnGQqhAf5tNHzRzdfFg=s48-c-k-c0x00ffffff-no-rj', 'authorChannelUrl': 'http://www.youtube.com/channel/UCc1-9K4lPtVUH_1VeR7zwSQ', 'authorChannelId': {'value': 'UCc1-9K4lPtVUH_1VeR7zwSQ'}, 'canRate': True, 'viewerRating': 'none', 'likeCount': 0, 'publishedAt': '2022-10-24T01:59:56Z', 'updatedAt': '2022-10-24T01:59:56Z'}}, 'canReply': True, 'totalReplyCount': 0, 'isPublic': True}",,UCc1-9K4lPtVUH_1VeR7zwSQ,2022-10-24T01:59:56Z,Bolsonaro melhor presidente do mundo,QURTSl9pMEFzOG5xZ3hpZTAzbTJBRmNOeHItTmdlYWk5QVdKOWdYclVseHZ0bWJVdlRIVkpxTlZuazhFZFlaanVWeVVOUW0zc0Q3SThDdw==,2023-06-08 14:52:34.736252
youtube#commentThread,7gF4_gMQQdNRU3MINQUjDQGvHDE,UgzIqrMRp9hdFX-h-dJ4AaABAg,"{'videoId': 'zEfTDpfyt1o', 'topLevelComment': {'kind': 'youtube#comment', 'etag': 'jo2dxoWQAGM040ScKGnK2W7Ovto', 'id': 'UgzIqrMRp9hdFX-h-dJ4AaABAg', 'snippet': {'videoId': 'zEfTDpfyt1o', 'textDisplay': 'Bolsonaro melhor presidente do mundo', 'textOriginal': 'Bolsonaro melhor presidente do mundo', 'authorDisplayName': 'lima Aguiar', 'authorProfileImageUrl': 'https://yt3.ggpht.com/wiz-S837oXWmO3YwXZLTIUp7o6m98rBLZfys2k0cTWZi8R0fGeU1f8vtnGQqhAf5tNHzRzdfFg=s48-c-k-c0x00ffffff-no-rj', 'authorChannelUrl': 'http://www.youtube.com/channel/UCc1-9K4lPtVUH_1VeR7zwSQ', 'authorChannelId': {'value': 'UCc1-9K4lPtVUH_1VeR7zwSQ'}, 'canRate': True, 'viewerRating': 'none', 'likeCount': 0, 'publishedAt': '2022-10-24T01:59:46Z', 'updatedAt': '2022-10-24T01:59:46Z'}}, 'canReply': True, 'totalReplyCount': 0, 'isPublic': True}",,UCc1-9K4lPtVUH_1VeR7zwSQ,2022-10-24T01:59:46Z,Bolsonaro melhor presidente do mundo,QURTSl9pMEFzOG5xZ3hpZTAzbTJBRmNOeHItTmdlYWk5QVdKOWdYclVseHZ0bWJVdlRIVkpxTlZuazhFZFlaanVWeVVOUW0zc0Q3SThDdw==,2023-06-08 14:52:34.736252
youtube#commentThread,QpRTCeUVlQIzuXs2f7bXRgJhHaA,Ugypn0dZyKFend5cGHZ4AaABAg,"{'videoId': 'zEfTDpfyt1o', 'topLevelComment': {'kind': 'youtube#comment', 'etag': 'uCcbUmzOkBt4uyLhmkmOx4whv_I', 'id': 'Ugypn0dZyKFend5cGHZ4AaABAg', 'snippet': {'videoId': 'zEfTDpfyt1o', 'textDisplay': 'Bolsonaro melhor presidente do mundo', 'textOriginal': 'Bolsonaro melhor presidente do mundo', 'authorDisplayName': 'lima Aguiar', 'authorProfileImageUrl': 'https://yt3.ggpht.com/wiz-S837oXWmO3YwXZLTIUp7o6m98rBLZfys2k0cTWZi8R0fGeU1f8vtnGQqhAf5tNHzRzdfFg=s48-c-k-c0x00ffffff-no-rj', 'authorChannelUrl': 'http://www.youtube.com/channel/UCc1-9K4lPtVUH_1VeR7zwSQ', 'authorChannelId': {'value': 'UCc1-9K4lPtVUH_1VeR7zwSQ'}, 'canRate': True, 'viewerRating': 'none', 'likeCount': 0, 'publishedAt': '2022-10-24T01:59:36Z', 'updatedAt': '2022-10-24T01:59:36Z'}}, 'canReply': True, 'totalReplyCount': 0, 'isPublic': True}",,UCc1-9K4lPtVUH_1VeR7zwSQ,2022-10-24T01:59:36Z,Bolsonaro melhor presidente do mundo,QURTSl9pMEFzOG5xZ3hpZTAzbTJBRmNOeHItTmdlYWk5QVdKOWdYclVseHZ0bWJVdlRIVkpxTlZuazhFZFlaanVWeVVOUW0zc0Q3SThDdw==,2023-06-08 14:52:34.736252
youtube#commentThread,f93qRzldSQyjJGKsnAG3n1f_w5g,UgzGpGtk2HXPrmWyjHN4AaABAg,"{'videoId': 'zEfTDpfyt1o', 'topLevelComment': {'kind': 'youtube#comment', 'etag': '70PHeoEZj8HzucXsEqhOAJAJkk8', 'id': 'UgzGpGtk2HXPrmWyjHN4AaABAg', 'snippet': {'videoId': 'zEfTDpfyt1o', 'textDisplay': 'Bolsonaro melhor presidente do mundo', 'textOriginal': 'Bolsonaro melhor presidente do mundo', 'authorDisplayName': 'lima Aguiar', 'authorProfileImageUrl': 'https://yt3.ggpht.com/wiz-S837oXWmO3YwXZLTIUp7o6m98rBLZfys2k0cTWZi8R0fGeU1f8vtnGQqhAf5tNHzRzdfFg=s48-c-k-c0x00ffffff-no-rj', 'authorChannelUrl': 'http://www.youtube.com/channel/UCc1-9K4lPtVUH_1VeR7zwSQ', 'authorChannelId': {'value': 'UCc1-9K4lPtVUH_1VeR7zwSQ'}, 'canRate': True, 'viewerRating': 'none', 'likeCount': 0, 'publishedAt': '2022-10-24T01:59:23Z', 'updatedAt': '2022-10-24T01:59:23Z'}}, 'canReply': True, 'totalReplyCount': 0, 'isPublic': True}",,UCc1-9K4lPtVUH_1VeR7zwSQ,2022-10-24T01:59:23Z,Bolsonaro melhor presidente do mundo,QURTSl9pMEFzOG5xZ3hpZTAzbTJBRmNOeHItTmdlYWk5QVdKOWdYclVseHZ0bWJVdlRIVkpxTlZuazhFZFlaanVWeVVOUW0zc0Q3SThDdw==,2023-06-08 14:52:34.736252
youtube#commentThread,cyI9KH_9H5zmAgSJhL_hJRmxAOs,UgynF9lLZEsxEyFfYft4AaABAg,"{'videoId': 'zEfTDpfyt1o', 'topLevelComment': {'kind': 'youtube#comment', 'etag': 'XIcqoLh3beryU-AyrZbhYlgq4k8', 'id': 'UgynF9lLZEsxEyFfYft4AaABAg', 'snippet': {'videoId': 'zEfTDpfyt1o', 'textDisplay': 'Tv dos bolsonaristas', 'textOriginal': 'Tv dos bolsonaristas', 'authorDisplayName': 'xxxx', 'authorProfileImageUrl': 'https://yt3.ggpht.com/Ph0WO6XlSHT26iwX7JEmsT12kvT4hCqxl6EOzcFm7ZqQEipV0Z3nzBUHsYwfAHO-u3P7nQTg=s48-c-k-c0x00ffffff-no-rj', 'authorChannelUrl': 'http://www.youtube.com/channel/UCFG0DqTrNnIBlQel_gndqig', 'authorChannelId': {'value': 'UCFG0DqTrNnIBlQel_gndqig'}, 'canRate': True, 'viewerRating': 'none', 'likeCount': 0, 'publishedAt': '2022-10-24T01:59:05Z', 'updatedAt': '2022-10-24T01:59:05Z'}}, 'canReply': True, 'totalReplyCount': 0, 'isPublic': True}",,UCFG0DqTrNnIBlQel_gndqig,2022-10-24T01:59:05Z,Tv dos bolsonaristas,QURTSl9pMEFzOG5xZ3hpZTAzbTJBRmNOeHItTmdlYWk5QVdKOWdYclVseHZ0bWJVdlRIVkpxTlZuazhFZFlaanVWeVVOUW0zc0Q3SThDdw==,2023-06-08 14:52:34.736252
youtube#commentThread,qL8wEgTnz2r2ummJTeuHGUkeJKM,Ugw_YEvkOn2QsZiSwhd4AaABAg,"{'videoId': 'zEfTDpfyt1o', 'topLevelComment': {'kind': 'youtube#comment', 'etag': 'LedhqrP-4NA9-0DxzuH9bV0qEIA', 'id': 'Ugw_YEvkOn2QsZiSwhd4AaABAg', 'snippet': {'videoId': 'zEfTDpfyt1o', 'textDisplay': 'Brasil 🇧🇷 está sofrendo tanto que muitos estão em desespero stf pelo amor de Deus para com esses absurdos', 'textOriginal': 'Brasil 🇧🇷 está sofrendo tanto que muitos estão em desespero stf pelo amor de Deus para com esses absurdos', 'authorDisplayName': 'lima Aguiar', 'authorProfileImageUrl': 'https://yt3.ggpht.com/wiz-S837oXWmO3YwXZLTIUp7o6m98rBLZfys2k0cTWZi8R0fGeU1f8vtnGQqhAf5tNHzRzdfFg=s48-c-k-c0x00ffffff-no-rj', 'authorChannelUrl': 'http://www.youtube.com/channel/UCc1-9K4lPtVUH_1VeR7zwSQ', 'authorChannelId': {'value': 'UCc1-9K4lPtVUH_1VeR7zwSQ'}, 'canRate': True, 'viewerRating': 'none', 'likeCount': 0, 'publishedAt': '2022-10-24T01:58:55Z', 'updatedAt': '2022-10-24T01:58:55Z'}}, 'canReply': True, 'totalReplyCount': 0, 'isPublic': True}",,UCc1-9K4lPtVUH_1VeR7zwSQ,2022-10-24T01:58:55Z,Brasil 🇧🇷 está sofrendo tanto que muitos estão em desespero stf pelo amor de Deus para com esses absurdos,QURTSl9pMEFzOG5xZ3hpZTAzbTJBRmNOeHItTmdlYWk5QVdKOWdYclVseHZ0bWJVdlRIVkpxTlZuazhFZFlaanVWeVVOUW0zc0Q3SThDdw==,2023-06-08 14:52:34.736252
youtube#commentThread,rz0d-PINnCVFgnO47CtR6O8SFVE,UgxTMScwIpZosmBpblN4AaABAg,"{'videoId': 'zEfTDpfyt1o', 'topLevelComment': {'kind': 'youtube#comment', 'etag': 'XoCHzBD-AS0N3niNCu9tdlZko8g', 'id': 'UgxTMScwIpZosmBpblN4AaABAg', 'snippet': {'videoId': 'zEfTDpfyt1o', 'textDisplay': 'Se o agressor tivesse sido um homem negro, teria sido preso na hora.', 'textOriginal': 'Se o agressor tivesse sido um homem negro, teria sido preso na hora.', 'authorDisplayName': 'Marlene Gomes', 'authorProfileImageUrl': 'https://yt3.ggpht.com/ytc/AGIKgqNyDMCnhDaG_AruEB4Cw1ROE9iQhpY1ne_yTg=s48-c-k-c0x00ffffff-no-rj', 'authorChannelUrl': 'http://www.youtube.com/channel/UCRLBKOdtLwMaWQulg6LIJpg', 'authorChannelId': {'value': 'UCRLBKOdtLwMaWQulg6LIJpg'}, 'canRate': True, 'viewerRating': 'none', 'likeCount': 0, 'publishedAt': '2022-10-24T01:58:47Z', 'updatedAt': '2022-10-24T01:58:47Z'}}, 'canReply': True, 'totalReplyCount': 0, 'isPublic': True}",,UCRLBKOdtLwMaWQulg6LIJpg,2022-10-24T01:58:47Z,"Se o agressor tivesse sido um homem negro, teria sido preso na hora.",QURTSl9pMEFzOG5xZ3hpZTAzbTJBRmNOeHItTmdlYWk5QVdKOWdYclVseHZ0bWJVdlRIVkpxTlZuazhFZFlaanVWeVVOUW0zc0Q3SThDdw==,2023-06-08 14:52:34.736252
youtube#commentThread,kDRmobx-3SHNBkmt4f-TFNVrLTk,Ugz93kzmqwd53oQiu1Z4AaABAg,"{'videoId': 'zEfTDpfyt1o', 'topLevelComment': {'kind': 'youtube#comment', 'etag': 'i513FnFtqgpcl2GHJIndjNAqhGQ', 'id': 'Ugz93kzmqwd53oQiu1Z4AaABAg', 'snippet': {'videoId': 'zEfTDpfyt1o', 'textDisplay': 'Tem que rir mesmo,reporteres todos são intocaveis ne,agora noticias caluniosas,destruindo pessoas e tirando liberdades de outras pode né,e só comecarem a fazer um serviço de qualidade que seram respeitados,isso e so o começo de uma justiça pífia que o país está caminhando,se o comunismo chegar a esse PAÍS,esses que apoiaram ,veram a desobediencia cívil neste PAÍS.', 'textOriginal': 'Tem que rir mesmo,reporteres todos são intocaveis ne,agora noticias caluniosas,destruindo pessoas e tirando liberdades de outras pode né,e só comecarem a fazer um serviço de qualidade que seram respeitados,isso e so o começo de uma justiça pífia que o país está caminhando,se o comunismo chegar a esse PAÍS,esses que apoiaram ,veram a desobediencia cívil neste PAÍS.', 'authorDisplayName': 'Alexson Antônio', 'authorProfileImageUrl': 'https://yt3.ggpht.com/ytc/AGIKgqPc7rDsHJ7ORCE6U2tpdo33AGPMQUN_SGKhnpBGEzsw54z4gBhgDaOzIx1WJ-zs=s48-c-k-c0x00ffffff-no-rj', 'authorChannelUrl': 'http://www.youtube.com/channel/UCmQKqd21ZyPJgio32jz3hzQ', 'authorChannelId': {'value': 'UCmQKqd21ZyPJgio32jz3hzQ'}, 'canRate': True, 'viewerRating': 'none', 'likeCount': 0, 'publishedAt': '2022-10-24T01:58:35Z', 'updatedAt': '2022-10-24T01:58:35Z'}}, 'canReply': True, 'totalReplyCount': 0, 'isPublic': True}",,UCmQKqd21ZyPJgio32jz3hzQ,2022-10-24T01:58:35Z,"Tem que rir mesmo,reporteres todos são intocaveis ne,agora noticias caluniosas,destruindo pessoas e tirando liberdades de outras pode né,e só comecarem a fazer um serviço de qualidade que seram respeitados,isso e so o começo de uma justiça pífia que o país está caminhando,se o comunismo chegar a esse PAÍS,esses que apoiaram ,veram a desobediencia cívil neste PAÍS.",QURTSl9pMEFzOG5xZ3hpZTAzbTJBRmNOeHItTmdlYWk5QVdKOWdYclVseHZ0bWJVdlRIVkpxTlZuazhFZFlaanVWeVVOUW0zc0Q3SThDdw==,2023-06-08 14:52:34.736252
youtube#commentThread,TfPPDD6LwEQ17Yx06NjI5O0GddI,UgzkqQ9yvBdRZ3Sw-el4AaABAg,"{'videoId': 'zEfTDpfyt1o', 'topLevelComment': {'kind': 'youtube#comment', 'etag': '5s_Gw9DtM7hU8HAuO2poA5lJ_Cg', 'id': 'UgzkqQ9yvBdRZ3Sw-el4AaABAg', 'snippet': {'videoId': 'zEfTDpfyt1o', 'textDisplay': 'Vocês da JP são muito agressivos e, com isso, incentivam a violência. Só são contra quem agride os jornalistas.', 'textOriginal': 'Vocês da JP são muito agressivos e, com isso, incentivam a violência. Só são contra quem agride os jornalistas.', 'authorDisplayName': 'Marlene Gomes', 'authorProfileImageUrl': 'https://yt3.ggpht.com/ytc/AGIKgqNyDMCnhDaG_AruEB4Cw1ROE9iQhpY1ne_yTg=s48-c-k-c0x00ffffff-no-rj', 'authorChannelUrl': 'http://www.youtube.com/channel/UCRLBKOdtLwMaWQulg6LIJpg', 'authorChannelId': {'value': 'UCRLBKOdtLwMaWQulg6LIJpg'}, 'canRate': True, 'viewerRating': 'none', 'likeCount': 0, 'publishedAt': '2022-10-24T01:58:26Z', 'updatedAt': '2022-10-24T01:58:26Z'}}, 'canReply': True, 'totalReplyCount': 0, 'isPublic': True}",,UCRLBKOdtLwMaWQulg6LIJpg,2022-10-24T01:58:26Z,"Vocês da JP são muito agressivos e, com isso, incentivam a violência. Só são contra quem agride os jornalistas.",QURTSl9pMEFzOG5xZ3hpZTAzbTJBRmNOeHItTmdlYWk5QVdKOWdYclVseHZ0bWJVdlRIVkpxTlZuazhFZFlaanVWeVVOUW0zc0Q3SThDdw==,2023-06-08 14:52:34.736252
youtube#commentThread,idPhQErhxFxLGQeL8jqa0ijU0ck,Ugy5K5DIs0YudfyQUL54AaABAg,"{'videoId': 'zEfTDpfyt1o', 'topLevelComment': {'kind': 'youtube#comment', 'etag': 'Nr1tHnX016QgZPBiR2ibIW2mSto', 'id': 'Ugy5K5DIs0YudfyQUL54AaABAg', 'snippet': {'videoId': 'zEfTDpfyt1o', 'textDisplay': 'Tudo isso é culpa do ministro Moraes, tudo começou com a censura a jovem pan.', 'textOriginal': 'Tudo isso é culpa do ministro Moraes, tudo começou com a censura a jovem pan.', 'authorDisplayName': 'Mazza Medeiros', 'authorProfileImageUrl': 'https://yt3.ggpht.com/ytc/AGIKgqMmhS_K7A7tVDkDGGvphWQItPyeKuulYr2FOjBp1s-_PiyKvjiePWVNPYfB_gcV=s48-c-k-c0x00ffffff-no-rj', 'authorChannelUrl': 'http://www.youtube.com/channel/UCXwTw4tDZuFrC5JuKJ6xHYQ', 'authorChannelId': {'value': 'UCXwTw4tDZuFrC5JuKJ6xHYQ'}, 'canRate': True, 'viewerRating': 'none', 'likeCount': 0, 'publishedAt': '2022-10-24T01:58:11Z', 'updatedAt': '2022-10-24T01:58:11Z'}}, 'canReply': True, 'totalReplyCount': 0, 'isPublic': True}",,UCXwTw4tDZuFrC5JuKJ6xHYQ,2022-10-24T01:58:11Z,"Tudo isso é culpa do ministro Moraes, tudo começou com a censura a jovem pan.",QURTSl9pMEFzOG5xZ3hpZTAzbTJBRmNOeHItTmdlYWk5QVdKOWdYclVseHZ0bWJVdlRIVkpxTlZuazhFZFlaanVWeVVOUW0zc0Q3SThDdw==,2023-06-08 14:52:34.736252
youtube#commentThread,KwyHuzqD7lt2CB8TPuAZ1ny8L-A,UgxjxLiMkdckbh-cR9J4AaABAg,"{'videoId': 'zEfTDpfyt1o', 'topLevelComment': {'kind': 'youtube#comment', 'etag': 'G9SU4siFD1IAa36tBkKEG66dRCw', 'id': 'UgxjxLiMkdckbh-cR9J4AaABAg', 'snippet': {'videoId': 'zEfTDpfyt1o', 'textDisplay': 'Nós do agroleo também repudia essa atitude desses agressores!', 'textOriginal': 'Nós do agroleo também repudia essa atitude desses agressores!', 'authorDisplayName': 'CANAL AGROLEO', 'authorProfileImageUrl': 'https://yt3.ggpht.com/8aWmQsg7dt9TlytsdhH9gQ1i7-qV0m3Ceday4CF-Am3BHzSLgfd9hnh0mD1hHqxf4jOns1DyyA=s48-c-k-c0x00ffffff-no-rj', 'authorChannelUrl': 'http://www.youtube.com/channel/UC05kco9hbl4DTzPrNeVRiXg', 'authorChannelId': {'value': 'UC05kco9hbl4DTzPrNeVRiXg'}, 'canRate': True, 'viewerRating': 'none', 'likeCount': 0, 'publishedAt': '2022-10-24T01:58:09Z', 'updatedAt': '2022-10-24T01:58:09Z'}}, 'canReply': True, 'totalReplyCount': 0, 'isPublic': True}",,UC05kco9hbl4DTzPrNeVRiXg,2022-10-24T01:58:09Z,Nós do agroleo também repudia essa atitude desses agressores!,QURTSl9pMEFzOG5xZ3hpZTAzbTJBRmNOeHItTmdlYWk5QVdKOWdYclVseHZ0bWJVdlRIVkpxTlZuazhFZFlaanVWeVVOUW0zc0Q3SThDdw==,2023-06-08 14:52:34.736252
youtube#commentThread,XIJazqhKcoTkWIi6nr3636xMPmE,UgyR2eYdxvk5_imuhEN4AaABAg,"{'videoId': 'zEfTDpfyt1o', 'topLevelComment': {'kind': 'youtube#comment', 'etag': 'jDWl1_ILuToP-ph8Uvx6gQpokAI', 'id': 'UgyR2eYdxvk5_imuhEN4AaABAg', 'snippet': {'videoId': 'zEfTDpfyt1o', 'textDisplay': 'Foram defender de uma &quot; violação &quot; e agrediram??????? Muito triste!!!!', 'textOriginal': 'Foram defender de uma "" violação "" e agrediram??????? Muito triste!!!!', 'authorDisplayName': 'Isabel Flores', 'authorProfileImageUrl': 'https://yt3.ggpht.com/ytc/AGIKgqMqSMKrz1nQ9SfPawNwTclJcAI7AkZUvNHavmYqKjAeexZZ-YFao-413zfKm7pR=s48-c-k-c0x00ffffff-no-rj', 'authorChannelUrl': 'http://www.youtube.com/channel/UCtQ-909EYvrm-qLSNfuTASg', 'authorChannelId': {'value': 'UCtQ-909EYvrm-qLSNfuTASg'}, 'canRate': True, 'viewerRating': 'none', 'likeCount': 0, 'publishedAt': '2022-10-24T01:57:04Z', 'updatedAt': '2022-10-24T01:57:04Z'}}, 'canReply': True, 'totalReplyCount': 0, 'isPublic': True}",,UCtQ-909EYvrm-qLSNfuTASg,2022-10-24T01:57:04Z,"Foram defender de uma "" violação "" e agrediram??????? Muito triste!!!!",QURTSl9pMEFzOG5xZ3hpZTAzbTJBRmNOeHItTmdlYWk5QVdKOWdYclVseHZ0bWJVdlRIVkpxTlZuazhFZFlaanVWeVVOUW0zc0Q3SThDdw==,2023-06-08 14:52:34.736252
youtube#commentThread,B72kDbaS4S_p_Z02r08O0XWTveA,Ugxx_pM_r4p59NZTDox4AaABAg,"{'videoId': 'zEfTDpfyt1o', 'topLevelComment': {'kind': 'youtube#comment', 'etag': 'j34bId9Lcgq9NN0kuhC76K1hGus', 'id': 'Ugxx_pM_r4p59NZTDox4AaABAg', 'snippet': {'videoId': 'zEfTDpfyt1o', 'textDisplay': 'Principal culpado é esse STF que está espalhando o terror com suas ações dizendo que está aplicando a nossa Constituição.', 'textOriginal': 'Principal culpado é esse STF que está espalhando o terror com suas ações dizendo que está aplicando a nossa Constituição.', 'authorDisplayName': 'vanderlei mendonça', 'authorProfileImageUrl': 'https://yt3.ggpht.com/ytc/AGIKgqMOaSyU6ZEggC_78Q35M0Qyzijbrxb_T5bUqQ=s48-c-k-c0x00ffffff-no-rj', 'authorChannelUrl': 'http://www.youtube.com/channel/UCmW_VkEkq7j7ltwkry_Tl_A', 'authorChannelId': {'value': 'UCmW_VkEkq7j7ltwkry_Tl_A'}, 'canRate': True, 'viewerRating': 'none', 'likeCount': 0, 'publishedAt': '2022-10-24T01:56:50Z', 'updatedAt': '2022-10-24T01:56:50Z'}}, 'canReply': True, 'totalReplyCount': 0, 'isPublic': True}",,UCmW_VkEkq7j7ltwkry_Tl_A,2022-10-24T01:56:50Z,Principal culpado é esse STF que está espalhando o terror com suas ações dizendo que está aplicando a nossa Constituição.,QURTSl9pMEFzOG5xZ3hpZTAzbTJBRmNOeHItTmdlYWk5QVdKOWdYclVseHZ0bWJVdlRIVkpxTlZuazhFZFlaanVWeVVOUW0zc0Q3SThDdw==,2023-06-08 14:52:34.736252
youtube#commentThread,F_hZQllxR_lM7ehOf1JEAkH0yy0,UgySI03g_Wzaz9z-HrV4AaABAg,"{'videoId': 'zEfTDpfyt1o', 'topLevelComment': {'kind': 'youtube#comment', 'etag': 'KrJVOluw-WrwB8-jQpo8ezFu9eo', 'id': 'UgySI03g_Wzaz9z-HrV4AaABAg', 'snippet': {'videoId': 'zEfTDpfyt1o', 'textDisplay': 'E tem gente defendendo e achando bonito, condenando o Presidente,Abre o olho povo', 'textOriginal': 'E tem gente defendendo e achando bonito, condenando o Presidente,Abre o olho povo', 'authorDisplayName': 'Ana Paula Lopes Vilela', 'authorProfileImageUrl': 'https://yt3.ggpht.com/ytc/AGIKgqNN4ik5LWGKmWsxIF00-BRRS_W2g45VLTdlGUw0=s48-c-k-c0x00ffffff-no-rj', 'authorChannelUrl': 'http://www.youtube.com/channel/UClWhyVyQ2RR0nGjZjKHelog', 'authorChannelId': {'value': 'UClWhyVyQ2RR0nGjZjKHelog'}, 'canRate': True, 'viewerRating': 'none', 'likeCount': 0, 'publishedAt': '2022-10-24T01:55:50Z', 'updatedAt': '2022-10-24T01:55:50Z'}}, 'canReply': True, 'totalReplyCount': 0, 'isPublic': True}",,UClWhyVyQ2RR0nGjZjKHelog,2022-10-24T01:55:50Z,"E tem gente defendendo e achando bonito, condenando o Presidente,Abre o olho povo",QURTSl9pMEFzOG5xZ3hpZTAzbTJBRmNOeHItTmdlYWk5QVdKOWdYclVseHZ0bWJVdlRIVkpxTlZuazhFZFlaanVWeVVOUW0zc0Q3SThDdw==,2023-06-08 14:52:34.736252
youtube#commentThread,-pIkrwoXG9u16_jX8hwVJe8WRYM,Ugx98MyZfsrW_uCL6R14AaABAg,"{'videoId': 'zEfTDpfyt1o', 'topLevelComment': {'kind': 'youtube#comment', 'etag': 'quQYkfuKQP4PXPpykWe__GpWqjc', 'id': 'Ugx98MyZfsrW_uCL6R14AaABAg', 'snippet': {'videoId': 'zEfTDpfyt1o', 'textDisplay': 'E porque estava trabalhando se tinha feito um cirurgia neurológica', 'textOriginal': 'E porque estava trabalhando se tinha feito um cirurgia neurológica', 'authorDisplayName': 'Marilene Marangoni', 'authorProfileImageUrl': 'https://yt3.ggpht.com/ytc/AGIKgqMVS9cLrpnrj6EeMqb5E3PIdu2fWndehGIMmA=s48-c-k-c0x00ffffff-no-rj', 'authorChannelUrl': 'http://www.youtube.com/channel/UCv1Fd0cbY7s8nG8wJFXec-w', 'authorChannelId': {'value': 'UCv1Fd0cbY7s8nG8wJFXec-w'}, 'canRate': True, 'viewerRating': 'none', 'likeCount': 0, 'publishedAt': '2022-10-24T01:55:31Z', 'updatedAt': '2022-10-24T01:55:31Z'}}, 'canReply': True, 'totalReplyCount': 0, 'isPublic': True}",,UCv1Fd0cbY7s8nG8wJFXec-w,2022-10-24T01:55:31Z,E porque estava trabalhando se tinha feito um cirurgia neurológica,QURTSl9pMEFzOG5xZ3hpZTAzbTJBRmNOeHItTmdlYWk5QVdKOWdYclVseHZ0bWJVdlRIVkpxTlZuazhFZFlaanVWeVVOUW0zc0Q3SThDdw==,2023-06-08 14:52:34.736252
youtube#commentThread,Hth-jLnFnsU6xCeZmnbulP2BI48,UgxZ_erqo_C6I-ZvG314AaABAg,"{'videoId': 'zEfTDpfyt1o', 'topLevelComment': {'kind': 'youtube#comment', 'etag': 'QiMBdKXTmdzFxtlpdr6c6hGofis', 'id': 'UgxZ_erqo_C6I-ZvG314AaABAg', 'snippet': {'videoId': 'zEfTDpfyt1o', 'textDisplay': 'Apoiadores de bolsonaro rebanho de vagabundos.', 'textOriginal': 'Apoiadores de bolsonaro rebanho de vagabundos.', 'authorDisplayName': 'Arthur Medeiro', 'authorProfileImageUrl': 'https://yt3.ggpht.com/ytc/AGIKgqPC_4xjy3G8j5aALOpw7hFha18P1WZUPQcltVLVTzt5hK3SxDfDemO3IxubBdgu=s48-c-k-c0x00ffffff-no-rj', 'authorChannelUrl': 'http://www.youtube.com/channel/UCJQWwQ9gR3tif2ngcdI-61g', 'authorChannelId': {'value': 'UCJQWwQ9gR3tif2ngcdI-61g'}, 'canRate': True, 'viewerRating': 'none', 'likeCount': 0, 'publishedAt': '2022-10-24T01:55:22Z', 'updatedAt': '2022-10-24T01:55:22Z'}}, 'canReply': True, 'totalReplyCount': 0, 'isPublic': True}",,UCJQWwQ9gR3tif2ngcdI-61g,2022-10-24T01:55:22Z,Apoiadores de bolsonaro rebanho de vagabundos.,QURTSl9pMEFzOG5xZ3hpZTAzbTJBRmNOeHItTmdlYWk5QVdKOWdYclVseHZ0bWJVdlRIVkpxTlZuazhFZFlaanVWeVVOUW0zc0Q3SThDdw==,2023-06-08 14:52:34.736252
youtube#commentThread,iV25jIhb6jbbxpr3YaLTabPjrvY,Ugw_0VtHYAsDuS4JrwN4AaABAg,"{'videoId': 'zEfTDpfyt1o', 'topLevelComment': {'kind': 'youtube#comment', 'etag': '4JEtU-b2cxLSmRHQ_F9vppOX9cQ', 'id': 'Ugw_0VtHYAsDuS4JrwN4AaABAg', 'snippet': {'videoId': 'zEfTDpfyt1o', 'textDisplay': 'Ai vai culpa bolsonaro  e fato', 'textOriginal': 'Ai vai culpa bolsonaro  e fato', 'authorDisplayName': 'vídeos engraçado', 'authorProfileImageUrl': 'https://yt3.ggpht.com/ytc/AGIKgqPMCgLVNrDc8jBeNPAa1ee1DVf2kFhT1jjsc6D4KQ=s48-c-k-c0x00ffffff-no-rj', 'authorChannelUrl': 'http://www.youtube.com/channel/UCdvJTnt4Q5084Y4bJdmubkA', 'authorChannelId': {'value': 'UCdvJTnt4Q5084Y4bJdmubkA'}, 'canRate': True, 'viewerRating': 'none', 'likeCount': 0, 'publishedAt': '2022-10-24T01:54:39Z', 'updatedAt': '2022-10-24T01:54:39Z'}}, 'canReply': True, 'totalReplyCount': 0, 'isPublic': True}",,UCdvJTnt4Q5084Y4bJdmubkA,2022-10-24T01:54:39Z,Ai vai culpa bolsonaro  e fato,QURTSl9pMEFzOG5xZ3hpZTAzbTJBRmNOeHItTmdlYWk5QVdKOWdYclVseHZ0bWJVdlRIVkpxTlZuazhFZFlaanVWeVVOUW0zc0Q3SThDdw==,2023-06-08 14:52:34.736252
youtube#commentThread,Q5IPCk8u1cNbcBscFZ7PWxq2F4w,Ugxdkh-QXtV9yrIkTp94AaABAg,"{'videoId': 'zEfTDpfyt1o', 'topLevelComment': {'kind': 'youtube#comment', 'etag': '_jixxZSwa8ETawlROKIsG0sY0dw', 'id': 'Ugxdkh-QXtV9yrIkTp94AaABAg', 'snippet': {'videoId': 'zEfTDpfyt1o', 'textDisplay': 'Lula para 2022 ja', 'textOriginal': 'Lula para 2022 ja', 'authorDisplayName': 'Antônio da Silva Moreira', 'authorProfileImageUrl': 'https://yt3.ggpht.com/ytc/AGIKgqMMN7FTBg5mgmXVwdyejWPtC6WeB-0zV4fA3w=s48-c-k-c0x00ffffff-no-rj', 'authorChannelUrl': 'http://www.youtube.com/channel/UCq0O3ItLV78vZDywOJVbhNA', 'authorChannelId': {'value': 'UCq0O3ItLV78vZDywOJVbhNA'}, 'canRate': True, 'viewerRating': 'none', 'likeCount': 0, 'publishedAt': '2022-10-24T01:53:52Z', 'updatedAt': '2022-10-24T01:53:52Z'}}, 'canReply': True, 'totalReplyCount': 0, 'isPublic': True}",,UCq0O3ItLV78vZDywOJVbhNA,2022-10-24T01:53:52Z,Lula para 2022 ja,QURTSl9pMEFzOG5xZ3hpZTAzbTJBRmNOeHItTmdlYWk5QVdKOWdYclVseHZ0bWJVdlRIVkpxTlZuazhFZFlaanVWeVVOUW0zc0Q3SThDdw==,2023-06-08 14:52:34.736252
youtube#commentThread,x5LEVRI9Un0QZ17IbrrJ0nSQWXU,Ugzn44Erc1UDSlFrLS14AaABAg,"{'videoId': 'zEfTDpfyt1o', 'topLevelComment': {'kind': 'youtube#comment', 'etag': 'telWd8LmJagn62YtHpz32Nc220s', 'id': 'Ugzn44Erc1UDSlFrLS14AaABAg', 'snippet': {'videoId': 'zEfTDpfyt1o', 'textDisplay': 'que estupidez atacar o cinegrafista ou qualquer pessoa de qualquer  emissora. são pessoas trabalhando. todos merecem nosso respeito e o respeito de todos. não importa a quem se torce ou apoia, é preciso saber que todos estão trabalhando, não estão atacando ninguem', 'textOriginal': 'que estupidez atacar o cinegrafista ou qualquer pessoa de qualquer  emissora. são pessoas trabalhando. todos merecem nosso respeito e o respeito de todos. não importa a quem se torce ou apoia, é preciso saber que todos estão trabalhando, não estão atacando ninguem', 'authorDisplayName': 'shirley calcagno', 'authorProfileImageUrl': 'https://yt3.ggpht.com/ytc/AGIKgqM8jqnermNxV6F5l6TmIK7JKNEeuVCvJ7UIyw=s48-c-k-c0x00ffffff-no-rj', 'authorChannelUrl': 'http://www.youtube.com/channel/UC7iWw-7lHPUNy8S7TD2_olQ', 'authorChannelId': {'value': 'UC7iWw-7lHPUNy8S7TD2_olQ'}, 'canRate': True, 'viewerRating': 'none', 'likeCount': 0, 'publishedAt': '2022-10-24T01:53:47Z', 'updatedAt': '2022-10-24T01:53:47Z'}}, 'canReply': True, 'totalReplyCount': 0, 'isPublic': True}",,UC7iWw-7lHPUNy8S7TD2_olQ,2022-10-24T01:53:47Z,"que estupidez atacar o cinegrafista ou qualquer pessoa de qualquer  emissora. são pessoas trabalhando. todos merecem nosso respeito e o respeito de todos. não importa a quem se torce ou apoia, é preciso saber que todos estão trabalhando, não estão atacando ninguem",QURTSl9pMEFzOG5xZ3hpZTAzbTJBRmNOeHItTmdlYWk5QVdKOWdYclVseHZ0bWJVdlRIVkpxTlZuazhFZFlaanVWeVVOUW0zc0Q3SThDdw==,2023-06-08 14:52:34.736252
youtube#commentThread,J2OAKl5luFvooGOlJCPoKNeCiow,UgxREG7ncyjUe6XPfOF4AaABAg,"{'videoId': 'zEfTDpfyt1o', 'topLevelComment': {'kind': 'youtube#comment', 'etag': 'fKnLZgXGt3KFcolFcuxHUr7mAis', 'id': 'UgxREG7ncyjUe6XPfOF4AaABAg', 'snippet': {'videoId': 'zEfTDpfyt1o', 'textDisplay': 'Há quantos anos Bob Jef é político e quantas vezes repetiu-se esse fato ? Então sabemos quem é o çulpado', 'textOriginal': 'Há quantos anos Bob Jef é político e quantas vezes repetiu-se esse fato ? Então sabemos quem é o çulpado', 'authorDisplayName': 'toqto', 'authorProfileImageUrl': 'https://yt3.ggpht.com/ytc/AGIKgqNqj-pePC1w7a-X_NJtuU3nxNJeQe7PULRyBcny=s48-c-k-c0x00ffffff-no-rj', 'authorChannelUrl': 'http://www.youtube.com/channel/UCxAUQJ6zj8_4Wk7qjoZ2w6g', 'authorChannelId': {'value': 'UCxAUQJ6zj8_4Wk7qjoZ2w6g'}, 'canRate': True, 'viewerRating': 'none', 'likeCount': 0, 'publishedAt': '2022-10-24T01:51:38Z', 'updatedAt': '2022-10-24T01:51:38Z'}}, 'canReply': True, 'totalReplyCount': 0, 'isPublic': True}",,UCxAUQJ6zj8_4Wk7qjoZ2w6g,2022-10-24T01:51:38Z,Há quantos anos Bob Jef é político e quantas vezes repetiu-se esse fato ? Então sabemos quem é o çulpado,QURTSl9pMEFzOG5xZ3hpZTAzbTJBRmNOeHItTmdlYWk5QVdKOWdYclVseHZ0bWJVdlRIVkpxTlZuazhFZFlaanVWeVVOUW0zc0Q3SThDdw==,2023-06-08 14:52:34.736252
youtube#commentThread,mmeUBjtN1_Nt_7Nh0ZDdI4aKs2k,UgykPoXesh9utBjbEUt4AaABAg,"{'videoId': 'zEfTDpfyt1o', 'topLevelComment': {'kind': 'youtube#comment', 'etag': 'g5SZ7saCGaUl6neUcX69esyEmEQ', 'id': 'UgykPoXesh9utBjbEUt4AaABAg', 'snippet': {'videoId': 'zEfTDpfyt1o', 'textDisplay': 'Os conteúdos &quot;dessa&quot; emissora , a um bom tempo, ou são tendenciosos ou sem fundamento, então qual  o motivo p Assistir ??   Que falta vai fazer na sua Vida ??', 'textOriginal': 'Os conteúdos ""dessa"" emissora , a um bom tempo, ou são tendenciosos ou sem fundamento, então qual  o motivo p Assistir ??   Que falta vai fazer na sua Vida ??', 'authorDisplayName': 'JULIO CESAR Fernandes', 'authorProfileImageUrl': 'https://yt3.ggpht.com/ytc/AGIKgqMXscxA5uUnKcYR8yU84s4vbfKcnThl8Rf3gy7ueg=s48-c-k-c0x00ffffff-no-rj', 'authorChannelUrl': 'http://www.youtube.com/channel/UCKok40ZyYy3ZQcNibStFSEQ', 'authorChannelId': {'value': 'UCKok40ZyYy3ZQcNibStFSEQ'}, 'canRate': True, 'viewerRating': 'none', 'likeCount': 1, 'publishedAt': '2022-10-24T01:50:49Z', 'updatedAt': '2022-10-24T01:50:49Z'}}, 'canReply': True, 'totalReplyCount': 0, 'isPublic': True}",,UCKok40ZyYy3ZQcNibStFSEQ,2022-10-24T01:50:49Z,"Os conteúdos ""dessa"" emissora , a um bom tempo, ou são tendenciosos ou sem fundamento, então qual  o motivo p Assistir ??   Que falta vai fazer na sua Vida ??",QURTSl9pMEFzOG5xZ3hpZTAzbTJBRmNOeHItTmdlYWk5QVdKOWdYclVseHZ0bWJVdlRIVkpxTlZuazhFZFlaanVWeVVOUW0zc0Q3SThDdw==,2023-06-08 14:52:34.736252
youtube#commentThread,fYv3P4GD_fYcNfJ0pPsCj9B9gco,UgzeaHJclN-bQi8qZE94AaABAg,"{'videoId': 'zEfTDpfyt1o', 'topLevelComment': {'kind': 'youtube#comment', 'etag': 'Cn_vsmIFHW3o3J2lUK5WYET2yCg', 'id': 'UgzeaHJclN-bQi8qZE94AaABAg', 'snippet': {'videoId': 'zEfTDpfyt1o', 'textDisplay': 'Foi lacrar pro fantástico?', 'textOriginal': 'Foi lacrar pro fantástico?', 'authorDisplayName': 'Anselmo r', 'authorProfileImageUrl': 'https://yt3.ggpht.com/ytc/AGIKgqPCevdZKKizHu_bPlWfTAAZAqghX5IY0bCsHjgnWw=s48-c-k-c0x00ffffff-no-rj', 'authorChannelUrl': 'http://www.youtube.com/channel/UCjyyhJcypFEHfxSoELcEoSA', 'authorChannelId': {'value': 'UCjyyhJcypFEHfxSoELcEoSA'}, 'canRate': True, 'viewerRating': 'none', 'likeCount': 0, 'publishedAt': '2022-10-24T01:47:45Z', 'updatedAt': '2022-10-24T01:47:45Z'}}, 'canReply': True, 'totalReplyCount': 0, 'isPublic': True}",,UCjyyhJcypFEHfxSoELcEoSA,2022-10-24T01:47:45Z,Foi lacrar pro fantástico?,QURTSl9pMEFzOG5xZ3hpZTAzbTJBRmNOeHItTmdlYWk5QVdKOWdYclVseHZ0bWJVdlRIVkpxTlZuazhFZFlaanVWeVVOUW0zc0Q3SThDdw==,2023-06-08 14:52:34.736252
youtube#commentThread,_ftxihFanHSyn0pHxS2Xifb7Ds0,UgyjXWjSB4-8k4Y_MgF4AaABAg,"{'videoId': 'zEfTDpfyt1o', 'topLevelComment': {'kind': 'youtube#comment', 'etag': '2QZEGvl1gNWp7V891MObPffZYNA', 'id': 'UgyjXWjSB4-8k4Y_MgF4AaABAg', 'snippet': {'videoId': 'zEfTDpfyt1o', 'textDisplay': 'Troca de farpas e reportagens tendenciosas não merece respeito.  Estamos cansados de sermos feitos de fantoches. Temos que ir a luta se queremos a paz', 'textOriginal': 'Troca de farpas e reportagens tendenciosas não merece respeito.  Estamos cansados de sermos feitos de fantoches. Temos que ir a luta se queremos a paz', 'authorDisplayName': 'toqto', 'authorProfileImageUrl': 'https://yt3.ggpht.com/ytc/AGIKgqNqj-pePC1w7a-X_NJtuU3nxNJeQe7PULRyBcny=s48-c-k-c0x00ffffff-no-rj', 'authorChannelUrl': 'http://www.youtube.com/channel/UCxAUQJ6zj8_4Wk7qjoZ2w6g', 'authorChannelId': {'value': 'UCxAUQJ6zj8_4Wk7qjoZ2w6g'}, 'canRate': True, 'viewerRating': 'none', 'likeCount': 0, 'publishedAt': '2022-10-24T01:47:28Z', 'updatedAt': '2022-10-24T01:47:28Z'}}, 'canReply': True, 'totalReplyCount': 0, 'isPublic': True}",,UCxAUQJ6zj8_4Wk7qjoZ2w6g,2022-10-24T01:47:28Z,Troca de farpas e reportagens tendenciosas não merece respeito.  Estamos cansados de sermos feitos de fantoches. Temos que ir a luta se queremos a paz,QURTSl9pMEFzOG5xZ3hpZTAzbTJBRmNOeHItTmdlYWk5QVdKOWdYclVseHZ0bWJVdlRIVkpxTlZuazhFZFlaanVWeVVOUW0zc0Q3SThDdw==,2023-06-08 14:52:34.736252
youtube#commentThread,D9lHCLzKCT_hCPwmwKjicyaRwaM,Ugyyk6-P3y2eDAVXmjB4AaABAg,"{'videoId': 'zEfTDpfyt1o', 'topLevelComment': {'kind': 'youtube#comment', 'etag': 'ax01nFRJ4xCK1rWY5DFPRT9uL1o', 'id': 'Ugyyk6-P3y2eDAVXmjB4AaABAg', 'snippet': {'videoId': 'zEfTDpfyt1o', 'textDisplay': 'É triste tudo q estamos vivendo. Muito triste mesmo. Se esse careca do cão do Moraes continuar com esses abusos, e causando tanta revolta, indignação e falta de paciência no povo, é bem provável q coisas como essa piorem muito no Brasil. Que pena do repórter, isso tá ficando muito triste, pq o profissional nem representa a empresa.<br>Meu Deus, nós ajude🙏🏾', 'textOriginal': 'É triste tudo q estamos vivendo. Muito triste mesmo. Se esse careca do cão do Moraes continuar com esses abusos, e causando tanta revolta, indignação e falta de paciência no povo, é bem provável q coisas como essa piorem muito no Brasil. Que pena do repórter, isso tá ficando muito triste, pq o profissional nem representa a empresa.\\nMeu Deus, nós ajude🙏🏾', 'authorDisplayName': 'Maria Cavalcante Cavalcante', 'authorProfileImageUrl': 'https://yt3.ggpht.com/ytc/AGIKgqMz_pKA4aVp5UZ7s_Kbi2oymxKI1wM7kJKOnA=s48-c-k-c0x00ffffff-no-rj', 'authorChannelUrl': 'http://www.youtube.com/channel/UCZhsQBsuoqL5hCAPn2k3XpQ', 'authorChannelId': {'value': 'UCZhsQBsuoqL5hCAPn2k3XpQ'}, 'canRate': True, 'viewerRating': 'none', 'likeCount': 1, 'publishedAt': '2022-10-24T01:46:54Z', 'updatedAt': '2022-10-24T01:46:54Z'}}, 'canReply': True, 'totalReplyCount': 1, 'isPublic': True}","{'comments': [{'kind': 'youtube#comment', 'etag': 'rHQkCggqqsnxyyDMGUa1jWSHXtg', 'id': 'Ugyyk6-P3y2eDAVXmjB4AaABAg.9hYXa5RMSUt9hYgprt3X9N', 'snippet': {'videoId': 'zEfTDpfyt1o', 'textDisplay': 'Ele está criando elementos para uma guerra civil....alguém tem que pará-lo', 'textOriginal': 'Ele está criando elementos para uma guerra civil....alguém tem que pará-lo', 'parentId': 'Ugyyk6-P3y2eDAVXmjB4AaABAg', 'authorDisplayName': 'Tiburcio Nascimento', 'authorProfileImageUrl': 'https://yt3.ggpht.com/ytc/AGIKgqPYJ16XbloZp1nRif2q9UiINjE9b3aLcJFllVpYZmGF8L32gAvFuJ_fm0H5T6oa=s48-c-k-c0x00ffffff-no-rj', 'authorChannelUrl': 'http://www.youtube.com/channel/UCOpVT2WBtvOTmNgRgNreY3Q', 'authorChannelId': {'value': 'UCOpVT2WBtvOTmNgRgNreY3Q'}, 'canRate': True, 'viewerRating': 'none', 'likeCount': 0, 'publishedAt': '2022-10-24T03:16:26Z', 'updatedAt': '2022-10-24T03:16:26Z'}}]}",UCZhsQBsuoqL5hCAPn2k3XpQ,2022-10-24T01:46:54Z,"É triste tudo q estamos vivendo. Muito triste mesmo. Se esse careca do cão do Moraes continuar com esses abusos, e causando tanta revolta, indignação e falta de paciência no povo, é bem provável q coisas como essa piorem muito no Brasil. Que pena do repórter, isso tá ficando muito triste, pq o profissional nem representa a empresa.
Meu Deus, nós ajude🙏🏾",QURTSl9pMEFzOG5xZ3hpZTAzbTJBRmNOeHItTmdlYWk5QVdKOWdYclVseHZ0bWJVdlRIVkpxTlZuazhFZFlaanVWeVVOUW0zc0Q3SThDdw==,2023-06-08 14:52:34.736252
youtube#commentThread,xkiC5pA1RORRck-_L0ROHvTW7qs,Ugxof6Vowa52GMm57c14AaABAg,"{'videoId': 'zEfTDpfyt1o', 'topLevelComment': {'kind': 'youtube#comment', 'etag': 'A4_llbYXdcAQ0rHpMFc0TqznTuw', 'id': 'Ugxof6Vowa52GMm57c14AaABAg', 'snippet': {'videoId': 'zEfTDpfyt1o', 'textDisplay': 'O estopim de tudo que está acontecendo de ruim no Brasil se deve ao jud1c14rio que estrapola o seu poder.', 'textOriginal': 'O estopim de tudo que está acontecendo de ruim no Brasil se deve ao jud1c14rio que estrapola o seu poder.', 'authorDisplayName': 'Marcos Lata', 'authorProfileImageUrl': 'https://yt3.ggpht.com/ytc/AGIKgqNTLdktvoyzHmE_nihK4at4TYEPjsx0RhbCrNwY=s48-c-k-c0x00ffffff-no-rj', 'authorChannelUrl': 'http://www.youtube.com/channel/UCxx94CDS8m2r8VUpUpfU2DA', 'authorChannelId': {'value': 'UCxx94CDS8m2r8VUpUpfU2DA'}, 'canRate': True, 'viewerRating': 'none', 'likeCount': 0, 'publishedAt': '2022-10-24T01:46:45Z', 'updatedAt': '2022-10-24T01:46:45Z'}}, 'canReply': True, 'totalReplyCount': 0, 'isPublic': True}",,UCxx94CDS8m2r8VUpUpfU2DA,2022-10-24T01:46:45Z,O estopim de tudo que está acontecendo de ruim no Brasil se deve ao jud1c14rio que estrapola o seu poder.,QURTSl9pMEFzOG5xZ3hpZTAzbTJBRmNOeHItTmdlYWk5QVdKOWdYclVseHZ0bWJVdlRIVkpxTlZuazhFZFlaanVWeVVOUW0zc0Q3SThDdw==,2023-06-08 14:52:34.736252
youtube#commentThread,XY8i_dUgol2MpSFKloo8EP2afOQ,Ugw9_rB4x8iuXtx1K794AaABAg,"{'videoId': 'zEfTDpfyt1o', 'topLevelComment': {'kind': 'youtube#comment', 'etag': 'rCkF5fgUGyZ8lwZzZkhDiFdKt5E', 'id': 'Ugw9_rB4x8iuXtx1K794AaABAg', 'snippet': {'videoId': 'zEfTDpfyt1o', 'textDisplay': 'Nada demais.  Um simples acidente de trabalho.  Muito drama para muito  pouca coisa. Em todo o caso, é uma coisa chata.', 'textOriginal': 'Nada demais.  Um simples acidente de trabalho.  Muito drama para muito  pouca coisa. Em todo o caso, é uma coisa chata.', 'authorDisplayName': 'Anselmo r', 'authorProfileImageUrl': 'https://yt3.ggpht.com/ytc/AGIKgqPCevdZKKizHu_bPlWfTAAZAqghX5IY0bCsHjgnWw=s48-c-k-c0x00ffffff-no-rj', 'authorChannelUrl': 'http://www.youtube.com/channel/UCjyyhJcypFEHfxSoELcEoSA', 'authorChannelId': {'value': 'UCjyyhJcypFEHfxSoELcEoSA'}, 'canRate': True, 'viewerRating': 'none', 'likeCount': 0, 'publishedAt': '2022-10-24T01:46:30Z', 'updatedAt': '2022-10-24T01:46:30Z'}}, 'canReply': True, 'totalReplyCount': 0, 'isPublic': True}",,UCjyyhJcypFEHfxSoELcEoSA,2022-10-24T01:46:30Z,"Nada demais.  Um simples acidente de trabalho.  Muito drama para muito  pouca coisa. Em todo o caso, é uma coisa chata.",QURTSl9pMEFzOG5xZ3hpZTAzbTJBRmNOeHItTmdlYWk5QVdKOWdYclVseHZ0bWJVdlRIVkpxTlZuazhFZFlaanVWeVVOUW0zc0Q3SThDdw==,2023-06-08 14:52:34.736252
youtube#commentThread,sacPzeNSgdjxx0kzPVUaqS2E5XM,Ugyj7m2EzJzKdhly0jh4AaABAg,"{'videoId': 'zEfTDpfyt1o', 'topLevelComment': {'kind': 'youtube#comment', 'etag': 'dnL8rk2vMTjzOFhrDWzKaO3MU3k', 'id': 'Ugyj7m2EzJzKdhly0jh4AaABAg', 'snippet': {'videoId': 'zEfTDpfyt1o', 'textDisplay': 'A rede esgoto de enganação agora está fazendo jornalismo????<br>A rede esgoto de enganação não deveria mais ter o direito de sair às ruas pois estão apoiando e ajudando o comunismo a tomar o país, e apoiando tudo o que há de errado por partes dos ditadores. <br>Eu não fui agredido não, este é um claro recado para a rede esgoto de enganação.', 'textOriginal': 'A rede esgoto de enganação agora está fazendo jornalismo????\\nA rede esgoto de enganação não deveria mais ter o direito de sair às ruas pois estão apoiando e ajudando o comunismo a tomar o país, e apoiando tudo o que há de errado por partes dos ditadores. \\nEu não fui agredido não, este é um claro recado para a rede esgoto de enganação.', 'authorDisplayName': 'Luciano Faria', 'authorProfileImageUrl': 'https://yt3.ggpht.com/ytc/AGIKgqPS4vm-YPLQPQemWFQ6SGQ0_ulnHylDBMW8wA=s48-c-k-c0x00ffffff-no-rj', 'authorChannelUrl': 'http://www.youtube.com/channel/UCj2BzZMmWt7w0Lb9OzeP7Kw', 'authorChannelId': {'value': 'UCj2BzZMmWt7w0Lb9OzeP7Kw'}, 'canRate': True, 'viewerRating': 'none', 'likeCount': 0, 'publishedAt': '2022-10-24T01:45:23Z', 'updatedAt': '2022-10-24T01:45:23Z'}}, 'canReply': True, 'totalReplyCount': 0, 'isPublic': True}",,UCj2BzZMmWt7w0Lb9OzeP7Kw,2022-10-24T01:45:23Z,"A rede esgoto de enganação agora está fazendo jornalismo????
A rede esgoto de enganação não deveria mais ter o direito de sair às ruas pois estão apoiando e ajudando o comunismo a tomar o país, e apoiando tudo o que há de errado por partes dos ditadores. 
Eu não fui agredido não, este é um claro recado para a rede esgoto de enganação.",QURTSl9pMEFzOG5xZ3hpZTAzbTJBRmNOeHItTmdlYWk5QVdKOWdYclVseHZ0bWJVdlRIVkpxTlZuazhFZFlaanVWeVVOUW0zc0Q3SThDdw==,2023-06-08 14:52:34.736252
youtube#commentThread,aL0yrqSaBASyDrWY5uSZZF6g8LU,Ugxa9k7QObxw6Nwa1-h4AaABAg,"{'videoId': 'zEfTDpfyt1o', 'topLevelComment': {'kind': 'youtube#comment', 'etag': 'WBUx0_nfSd9Osk7xeFS3oKMEzko', 'id': 'Ugxa9k7QObxw6Nwa1-h4AaABAg', 'snippet': {'videoId': 'zEfTDpfyt1o', 'textDisplay': 'Isso é inconcebível não podemos permitir que isso ocorra. Independente da emissora que seja temos de falar e mostrar é assim que vencemos. Não com agressão por isso não podemos ser radicais e sim inteligentes. E não nos misturarmos com esses. Que Deus proteja esse repórter, para  que nada de mal ocorra.', 'textOriginal': 'Isso é inconcebível não podemos permitir que isso ocorra. Independente da emissora que seja temos de falar e mostrar é assim que vencemos. Não com agressão por isso não podemos ser radicais e sim inteligentes. E não nos misturarmos com esses. Que Deus proteja esse repórter, para  que nada de mal ocorra.', 'authorDisplayName': 'Elzio Metello', 'authorProfileImageUrl': 'https://yt3.ggpht.com/ytc/AGIKgqMj6nb75NO-GBUHt-HvJ5hfE1e_tzYF4_oaqw=s48-c-k-c0x00ffffff-no-rj', 'authorChannelUrl': 'http://www.youtube.com/channel/UCQyYmviwxxVU7AlwvuZhX-w', 'authorChannelId': {'value': 'UCQyYmviwxxVU7AlwvuZhX-w'}, 'canRate': True, 'viewerRating': 'none', 'likeCount': 1, 'publishedAt': '2022-10-24T01:45:01Z', 'updatedAt': '2022-10-24T01:45:01Z'}}, 'canReply': True, 'totalReplyCount': 0, 'isPublic': True}",,UCQyYmviwxxVU7AlwvuZhX-w,2022-10-24T01:45:01Z,"Isso é inconcebível não podemos permitir que isso ocorra. Independente da emissora que seja temos de falar e mostrar é assim que vencemos. Não com agressão por isso não podemos ser radicais e sim inteligentes. E não nos misturarmos com esses. Que Deus proteja esse repórter, para  que nada de mal ocorra.",QURTSl9pMEFzOG5xZ3hpZTAzbTJBRmNOeHItTmdlYWk5QVdKOWdYclVseHZ0bWJVdlRIVkpxTlZuazhFZFlaanVWeVVOUW0zc0Q3SThDdw==,2023-06-08 14:52:34.736252
youtube#commentThread,uu1NpgnC3S2vdd57FM0Cjoyq5Cs,Ugww-8KPwyD_30oMIzV4AaABAg,"{'videoId': 'zEfTDpfyt1o', 'topLevelComment': {'kind': 'youtube#comment', 'etag': 'RUFEQO4Gukw-hlGCQ9h7XliDhq4', 'id': 'Ugww-8KPwyD_30oMIzV4AaABAg', 'snippet': {'videoId': 'zEfTDpfyt1o', 'textDisplay': 'O STF está espalhando a desordem na sociedade brasileira. Os desmandos dos &quot;deuses&quot; de toga estão revoltando o brasileiro de bem.', 'textOriginal': 'O STF está espalhando a desordem na sociedade brasileira. Os desmandos dos ""deuses"" de toga estão revoltando o brasileiro de bem.', 'authorDisplayName': 'Joao pm', 'authorProfileImageUrl': 'https://yt3.ggpht.com/ytc/AGIKgqNlZ2S5znsIOpFclLQX9KbGCIBGL6_PmpXNcw=s48-c-k-c0x00ffffff-no-rj', 'authorChannelUrl': 'http://www.youtube.com/channel/UC_nlIOrBNJ33A-Yby6QOXKg', 'authorChannelId': {'value': 'UC_nlIOrBNJ33A-Yby6QOXKg'}, 'canRate': True, 'viewerRating': 'none', 'likeCount': 0, 'publishedAt': '2022-10-24T01:45:01Z', 'updatedAt': '2022-10-24T01:45:01Z'}}, 'canReply': True, 'totalReplyCount': 0, 'isPublic': True}",,UC_nlIOrBNJ33A-Yby6QOXKg,2022-10-24T01:45:01Z,"O STF está espalhando a desordem na sociedade brasileira. Os desmandos dos ""deuses"" de toga estão revoltando o brasileiro de bem.",QURTSl9pMEFzOG5xZ3hpZTAzbTJBRmNOeHItTmdlYWk5QVdKOWdYclVseHZ0bWJVdlRIVkpxTlZuazhFZFlaanVWeVVOUW0zc0Q3SThDdw==,2023-06-08 14:52:34.736252
youtube#commentThread,lzWkXei7JfrrLwR17BGCAkB4yjw,UgxvSb07nfm-PobRtKp4AaABAg,"{'videoId': 'zEfTDpfyt1o', 'topLevelComment': {'kind': 'youtube#comment', 'etag': 'pgAC82Oq0aLeNh2xloTDBb67e3A', 'id': 'UgxvSb07nfm-PobRtKp4AaABAg', 'snippet': {'videoId': 'zEfTDpfyt1o', 'textDisplay': 'Parabéns, apesar da Globo não se manifestar a favor da jovem pan, mas vocês são colegas de verdade.', 'textOriginal': 'Parabéns, apesar da Globo não se manifestar a favor da jovem pan, mas vocês são colegas de verdade.', 'authorDisplayName': 'Cilene Rocha', 'authorProfileImageUrl': 'https://yt3.ggpht.com/ytc/AGIKgqOoxvLLqk6HulPdlXiHTqLDitJbrDnBbthimf_g1_AdDkd0qxapVEbJX33GgQjh=s48-c-k-c0x00ffffff-no-rj', 'authorChannelUrl': 'http://www.youtube.com/channel/UCmv8BnTs-YRNM52TlvBYuFg', 'authorChannelId': {'value': 'UCmv8BnTs-YRNM52TlvBYuFg'}, 'canRate': True, 'viewerRating': 'none', 'likeCount': 1, 'publishedAt': '2022-10-24T01:42:54Z', 'updatedAt': '2022-10-24T01:42:54Z'}}, 'canReply': True, 'totalReplyCount': 0, 'isPublic': True}",,UCmv8BnTs-YRNM52TlvBYuFg,2022-10-24T01:42:54Z,"Parabéns, apesar da Globo não se manifestar a favor da jovem pan, mas vocês são colegas de verdade.",QURTSl9pMEFzOG5xZ3hpZTAzbTJBRmNOeHItTmdlYWk5QVdKOWdYclVseHZ0bWJVdlRIVkpxTlZuazhFZFlaanVWeVVOUW0zc0Q3SThDdw==,2023-06-08 14:52:34.736252
youtube#commentThread,v17JBR6xwmZPviaJ9y6s_xFnYi0,Ugyf_qtOF2bqzP5LWRx4AaABAg,"{'videoId': 'zEfTDpfyt1o', 'topLevelComment': {'kind': 'youtube#comment', 'etag': 'LdJKJwtq_eQAP5NdnH_WBzNTZHE', 'id': 'Ugyf_qtOF2bqzP5LWRx4AaABAg', 'snippet': {'videoId': 'zEfTDpfyt1o', 'textDisplay': 'Vcs. Jornalistas e repórteres ao darem a notícia,  aumentam bastante os fatos sem ao menos terem a certeza dos acontecimentos reais, e incitam bastante o público a se revoltar, vcs acirram bastante os ânimos do público,  com suas narrativas e muitas vezes desinformação.', 'textOriginal': 'Vcs. Jornalistas e repórteres ao darem a notícia,  aumentam bastante os fatos sem ao menos terem a certeza dos acontecimentos reais, e incitam bastante o público a se revoltar, vcs acirram bastante os ânimos do público,  com suas narrativas e muitas vezes desinformação.', 'authorDisplayName': 'Helenice Oliveira', 'authorProfileImageUrl': 'https://yt3.ggpht.com/ytc/AGIKgqMtem_DL80gzdyWkvu6tOki8TiNzzfl-wOIG7QeRb-ztjprsC7bTBpvaNB_lSHt=s48-c-k-c0x00ffffff-no-rj', 'authorChannelUrl': 'http://www.youtube.com/channel/UCeDExhHc9iO-vxgUQV3dZyg', 'authorChannelId': {'value': 'UCeDExhHc9iO-vxgUQV3dZyg'}, 'canRate': True, 'viewerRating': 'none', 'likeCount': 0, 'publishedAt': '2022-10-24T01:42:34Z', 'updatedAt': '2022-10-24T01:42:34Z'}}, 'canReply': True, 'totalReplyCount': 0, 'isPublic': True}",,UCeDExhHc9iO-vxgUQV3dZyg,2022-10-24T01:42:34Z,"Vcs. Jornalistas e repórteres ao darem a notícia,  aumentam bastante os fatos sem ao menos terem a certeza dos acontecimentos reais, e incitam bastante o público a se revoltar, vcs acirram bastante os ânimos do público,  com suas narrativas e muitas vezes desinformação.",QURTSl9pMWw0UnhTM2FCOG4tY0x0UEJNWUJKcUFob2ZhdElEU3VGRnVwT21zWXlKOWNBOWlIU2E5RG1teU1yTWpHdURVMHdMdW9tQWtvdw==,2023-06-08 14:52:35.620843
youtube#commentThread,U1YmDFUfp1AbJlnYY10k8b0GF4Q,Ugw48Y7pXCnZrXmAwBB4AaABAg,"{'videoId': 'zEfTDpfyt1o', 'topLevelComment': {'kind': 'youtube#comment', 'etag': 'IivZoZ9TUnTTybO5Si-pVM3VMJw', 'id': 'Ugw48Y7pXCnZrXmAwBB4AaABAg', 'snippet': {'videoId': 'zEfTDpfyt1o', 'textDisplay': 'Ahhhhhhhh gente falemmmm, foi um bolsonarista q agrediu!!! Pelo o amor de Deus gente, isso é o bolsonarismo', 'textOriginal': 'Ahhhhhhhh gente falemmmm, foi um bolsonarista q agrediu!!! Pelo o amor de Deus gente, isso é o bolsonarismo', 'authorDisplayName': 'David Martins', 'authorProfileImageUrl': 'https://yt3.ggpht.com/ytc/AGIKgqPBag2F-pTh3fHhI4nkwh177kIsfDzGgOLHYCdQPg=s48-c-k-c0x00ffffff-no-rj', 'authorChannelUrl': 'http://www.youtube.com/channel/UCy43hCqfTcYw1YhDP5K2-ug', 'authorChannelId': {'value': 'UCy43hCqfTcYw1YhDP5K2-ug'}, 'canRate': True, 'viewerRating': 'none', 'likeCount': 0, 'publishedAt': '2022-10-24T01:41:26Z', 'updatedAt': '2022-10-24T01:41:26Z'}}, 'canReply': True, 'totalReplyCount': 0, 'isPublic': True}",,UCy43hCqfTcYw1YhDP5K2-ug,2022-10-24T01:41:26Z,"Ahhhhhhhh gente falemmmm, foi um bolsonarista q agrediu!!! Pelo o amor de Deus gente, isso é o bolsonarismo",QURTSl9pMWw0UnhTM2FCOG4tY0x0UEJNWUJKcUFob2ZhdElEU3VGRnVwT21zWXlKOWNBOWlIU2E5RG1teU1yTWpHdURVMHdMdW9tQWtvdw==,2023-06-08 14:52:35.620843
youtube#commentThread,wwYSz6JlctQ9nfkE0qzTH2pDrbk,UgyekRS5EKAk57cAwap4AaABAg,"{'videoId': 'zEfTDpfyt1o', 'topLevelComment': {'kind': 'youtube#comment', 'etag': '_H-tXtGjvEVwcwZK_EYyYZHApXc', 'id': 'UgyekRS5EKAk57cAwap4AaABAg', 'snippet': {'videoId': 'zEfTDpfyt1o', 'textDisplay': 'O TSE agrediu a imprensa, agora todo mundo quer fazer tb. Veja a força do exemplo.', 'textOriginal': 'O TSE agrediu a imprensa, agora todo mundo quer fazer tb. Veja a força do exemplo.', 'authorDisplayName': 'Marcelo Andriolo', 'authorProfileImageUrl': 'https://yt3.ggpht.com/Uk0MGhvTsWXsleYf2yrTA0WbUaliaqlHbfaGO2Z03tVmPV-7PMQrtFlNtHSKuA5qgnMdwrxi=s48-c-k-c0x00ffffff-no-rj', 'authorChannelUrl': 'http://www.youtube.com/channel/UCTwbMo8peLKXuS2ACxHWXVA', 'authorChannelId': {'value': 'UCTwbMo8peLKXuS2ACxHWXVA'}, 'canRate': True, 'viewerRating': 'none', 'likeCount': 0, 'publishedAt': '2022-10-24T01:40:42Z', 'updatedAt': '2022-10-24T01:40:42Z'}}, 'canReply': True, 'totalReplyCount': 0, 'isPublic': True}",,UCTwbMo8peLKXuS2ACxHWXVA,2022-10-24T01:40:42Z,"O TSE agrediu a imprensa, agora todo mundo quer fazer tb. Veja a força do exemplo.",QURTSl9pMWw0UnhTM2FCOG4tY0x0UEJNWUJKcUFob2ZhdElEU3VGRnVwT21zWXlKOWNBOWlIU2E5RG1teU1yTWpHdURVMHdMdW9tQWtvdw==,2023-06-08 14:52:35.620843
youtube#commentThread,wOqnWkqzj962HPiyrqCILxm32L4,UgzSkdcKOu-zcCyVXcx4AaABAg,"{'videoId': 'zEfTDpfyt1o', 'topLevelComment': {'kind': 'youtube#comment', 'etag': '3ObMtBDiGcPHTtAsjR67ObNPPRk', 'id': 'UgzSkdcKOu-zcCyVXcx4AaABAg', 'snippet': {'videoId': 'zEfTDpfyt1o', 'textDisplay': 'Enxerguem para onde estamos caminhando.<br> Deus tenha misericórdia de nós e nos liberte desses desmandos q aquele careca do cão está  causando no Brasil.<br> 🇧🇷 22 🇧🇷💚💛💚💛💚💛⚖⚖⚖🙌🏼🙌🏼🙌🏼', 'textOriginal': 'Enxerguem para onde estamos caminhando.\\n Deus tenha misericórdia de nós e nos liberte desses desmandos q aquele careca do cão está  causando no Brasil.\\n 🇧🇷 22 🇧🇷💚💛💚💛💚💛⚖⚖⚖🙌🏼🙌🏼🙌🏼', 'authorDisplayName': 'Maria Cavalcante Cavalcante', 'authorProfileImageUrl': 'https://yt3.ggpht.com/ytc/AGIKgqMz_pKA4aVp5UZ7s_Kbi2oymxKI1wM7kJKOnA=s48-c-k-c0x00ffffff-no-rj', 'authorChannelUrl': 'http://www.youtube.com/channel/UCZhsQBsuoqL5hCAPn2k3XpQ', 'authorChannelId': {'value': 'UCZhsQBsuoqL5hCAPn2k3XpQ'}, 'canRate': True, 'viewerRating': 'none', 'likeCount': 1, 'publishedAt': '2022-10-24T01:40:28Z', 'updatedAt': '2022-10-24T01:40:28Z'}}, 'canReply': True, 'totalReplyCount': 0, 'isPublic': True}",,UCZhsQBsuoqL5hCAPn2k3XpQ,2022-10-24T01:40:28Z,"Enxerguem para onde estamos caminhando.
 Deus tenha misericórdia de nós e nos liberte desses desmandos q aquele careca do cão está  causando no Brasil.
 🇧🇷 22 🇧🇷💚💛💚💛💚💛⚖⚖⚖🙌🏼🙌🏼🙌🏼",QURTSl9pMWw0UnhTM2FCOG4tY0x0UEJNWUJKcUFob2ZhdElEU3VGRnVwT21zWXlKOWNBOWlIU2E5RG1teU1yTWpHdURVMHdMdW9tQWtvdw==,2023-06-08 14:52:35.620843
youtube#commentThread,ZhHJd_9NM09jPZu5nW0hGWMLSOY,UgyLS5iW22SR1QgwDiJ4AaABAg,"{'videoId': 'zEfTDpfyt1o', 'topLevelComment': {'kind': 'youtube#comment', 'etag': '_DkYQzo5HnwzBFY8yXbxscHM8OU', 'id': 'UgyLS5iW22SR1QgwDiJ4AaABAg', 'snippet': {'videoId': 'zEfTDpfyt1o', 'textDisplay': 'Já estão divulgando matérias e envolvendo Bolsonaro, meu Deus!', 'textOriginal': 'Já estão divulgando matérias e envolvendo Bolsonaro, meu Deus!', 'authorDisplayName': 'Pb. JOHN', 'authorProfileImageUrl': 'https://yt3.ggpht.com/AUR4DyknSwA2u1XV3OpICxxAufsWxpHck8rxQ17JF4pE2uj_ufm6uKMKCwSnCM796HaVVLy538Y=s48-c-k-c0x00ffffff-no-rj', 'authorChannelUrl': 'http://www.youtube.com/channel/UCIkyPritgdBzKbNNtjjJ85g', 'authorChannelId': {'value': 'UCIkyPritgdBzKbNNtjjJ85g'}, 'canRate': True, 'viewerRating': 'none', 'likeCount': 0, 'publishedAt': '2022-10-24T01:39:40Z', 'updatedAt': '2022-10-24T01:39:40Z'}}, 'canReply': True, 'totalReplyCount': 0, 'isPublic': True}",,UCIkyPritgdBzKbNNtjjJ85g,2022-10-24T01:39:40Z,"Já estão divulgando matérias e envolvendo Bolsonaro, meu Deus!",QURTSl9pMWw0UnhTM2FCOG4tY0x0UEJNWUJKcUFob2ZhdElEU3VGRnVwT21zWXlKOWNBOWlIU2E5RG1teU1yTWpHdURVMHdMdW9tQWtvdw==,2023-06-08 14:52:35.620843
youtube#commentThread,Ro4Hzn7lU-V-aFtXN510wNiph0A,UgynAh1UuN9dKHem20F4AaABAg,"{'videoId': 'zEfTDpfyt1o', 'topLevelComment': {'kind': 'youtube#comment', 'etag': 'qooEUj-nkyu4y6kr1ln-EZc5r2Y', 'id': 'UgynAh1UuN9dKHem20F4AaABAg', 'snippet': {'videoId': 'zEfTDpfyt1o', 'textDisplay': 'Culpa do STF! Quê quer governar o país sozinho!', 'textOriginal': 'Culpa do STF! Quê quer governar o país sozinho!', 'authorDisplayName': 'Andréia Rabelo', 'authorProfileImageUrl': 'https://yt3.ggpht.com/ytc/AGIKgqPUYWbnR5Ql7ZxPfJLtlSdwMs1RDagyc_AXAeXM5MIu2l86Iczy3MYWPKEaH3Iw=s48-c-k-c0x00ffffff-no-rj', 'authorChannelUrl': 'http://www.youtube.com/channel/UCcYNZocVg8hmnl0bFoTUqNw', 'authorChannelId': {'value': 'UCcYNZocVg8hmnl0bFoTUqNw'}, 'canRate': True, 'viewerRating': 'none', 'likeCount': 0, 'publishedAt': '2022-10-24T01:39:39Z', 'updatedAt': '2022-10-24T01:39:39Z'}}, 'canReply': True, 'totalReplyCount': 0, 'isPublic': True}",,UCcYNZocVg8hmnl0bFoTUqNw,2022-10-24T01:39:39Z,Culpa do STF! Quê quer governar o país sozinho!,QURTSl9pMWw0UnhTM2FCOG4tY0x0UEJNWUJKcUFob2ZhdElEU3VGRnVwT21zWXlKOWNBOWlIU2E5RG1teU1yTWpHdURVMHdMdW9tQWtvdw==,2023-06-08 14:52:35.620843
youtube#commentThread,buIPUYm7e1XHIYtFZcYgcucueGA,UgwHD5j7cyfnGuXdtbR4AaABAg,"{'videoId': 'zEfTDpfyt1o', 'topLevelComment': {'kind': 'youtube#comment', 'etag': '_74U4E2f3w47zQ_LlKb0a4quV5Y', 'id': 'UgwHD5j7cyfnGuXdtbR4AaABAg', 'snippet': {'videoId': 'zEfTDpfyt1o', 'textDisplay': 'Nossa, que pena, não é assim que  resolve as coisas, violência gera violência,  todos merecemos respeito, em todas as profissões, o rapaz trabalhando, parabéns a jovem pan pelo repúdio, é realmente lamentável minha gente.', 'textOriginal': 'Nossa, que pena, não é assim que  resolve as coisas, violência gera violência,  todos merecemos respeito, em todas as profissões, o rapaz trabalhando, parabéns a jovem pan pelo repúdio, é realmente lamentável minha gente.', 'authorDisplayName': 'Cilene Rocha', 'authorProfileImageUrl': 'https://yt3.ggpht.com/ytc/AGIKgqOoxvLLqk6HulPdlXiHTqLDitJbrDnBbthimf_g1_AdDkd0qxapVEbJX33GgQjh=s48-c-k-c0x00ffffff-no-rj', 'authorChannelUrl': 'http://www.youtube.com/channel/UCmv8BnTs-YRNM52TlvBYuFg', 'authorChannelId': {'value': 'UCmv8BnTs-YRNM52TlvBYuFg'}, 'canRate': True, 'viewerRating': 'none', 'likeCount': 1, 'publishedAt': '2022-10-24T01:39:06Z', 'updatedAt': '2022-10-24T01:39:06Z'}}, 'canReply': True, 'totalReplyCount': 0, 'isPublic': True}",,UCmv8BnTs-YRNM52TlvBYuFg,2022-10-24T01:39:06Z,"Nossa, que pena, não é assim que  resolve as coisas, violência gera violência,  todos merecemos respeito, em todas as profissões, o rapaz trabalhando, parabéns a jovem pan pelo repúdio, é realmente lamentável minha gente.",QURTSl9pMWw0UnhTM2FCOG4tY0x0UEJNWUJKcUFob2ZhdElEU3VGRnVwT21zWXlKOWNBOWlIU2E5RG1teU1yTWpHdURVMHdMdW9tQWtvdw==,2023-06-08 14:52:35.620843
youtube#commentThread,zaYV3YseFczvev1DV5LuXRNVZDQ,UgyM4BQVuO5N5IVQurB4AaABAg,"{'videoId': 'zEfTDpfyt1o', 'topLevelComment': {'kind': 'youtube#comment', 'etag': 'qZCIeO9orF5nVCDxZ_IxcqMJzwM', 'id': 'UgyM4BQVuO5N5IVQurB4AaABAg', 'snippet': {'videoId': 'zEfTDpfyt1o', 'textDisplay': 'Quando os demônios comandam um país, o caos é certo. Enquanto não tirarem do poder os  vampiros, o povo sofre. E isso é só o começo.', 'textOriginal': 'Quando os demônios comandam um país, o caos é certo. Enquanto não tirarem do poder os  vampiros, o povo sofre. E isso é só o começo.', 'authorDisplayName': 'Ligia Drumond', 'authorProfileImageUrl': 'https://yt3.ggpht.com/ytc/AGIKgqOIdls2O1use3zusiJ3mtK2QtlXFwF4ZGUlWQ=s48-c-k-c0x00ffffff-no-rj', 'authorChannelUrl': 'http://www.youtube.com/channel/UCiXTZLkvaihA166U_oLs0JA', 'authorChannelId': {'value': 'UCiXTZLkvaihA166U_oLs0JA'}, 'canRate': True, 'viewerRating': 'none', 'likeCount': 0, 'publishedAt': '2022-10-24T01:37:59Z', 'updatedAt': '2022-10-24T01:37:59Z'}}, 'canReply': True, 'totalReplyCount': 0, 'isPublic': True}",,UCiXTZLkvaihA166U_oLs0JA,2022-10-24T01:37:59Z,"Quando os demônios comandam um país, o caos é certo. Enquanto não tirarem do poder os  vampiros, o povo sofre. E isso é só o começo.",QURTSl9pMWw0UnhTM2FCOG4tY0x0UEJNWUJKcUFob2ZhdElEU3VGRnVwT21zWXlKOWNBOWlIU2E5RG1teU1yTWpHdURVMHdMdW9tQWtvdw==,2023-06-08 14:52:35.620843
youtube#commentThread,3pg79tmWWE1u3rKg9EgN2zeLBTk,UgyQw9qvEe6Fy8J1ToN4AaABAg,"{'videoId': 'zEfTDpfyt1o', 'topLevelComment': {'kind': 'youtube#comment', 'etag': 'V9tVLh6pM-T4bkQpzrpEpIhN7_4', 'id': 'UgyQw9qvEe6Fy8J1ToN4AaABAg', 'snippet': {'videoId': 'zEfTDpfyt1o', 'textDisplay': 'se fosse da jovem Pan a globo estava aplaudindo ou calada. <br>de qualquer forma nada de violência', 'textOriginal': 'se fosse da jovem Pan a globo estava aplaudindo ou calada. \\nde qualquer forma nada de violência', 'authorDisplayName': 'Erli coelho da silva', 'authorProfileImageUrl': 'https://yt3.ggpht.com/ytc/AGIKgqO12oy9xE6hTcwh6k5gIDK_hmmwWVrkPadzfj--=s48-c-k-c0x00ffffff-no-rj', 'authorChannelUrl': 'http://www.youtube.com/channel/UCOoI6gsPLIfjlqCr0oXucPw', 'authorChannelId': {'value': 'UCOoI6gsPLIfjlqCr0oXucPw'}, 'canRate': True, 'viewerRating': 'none', 'likeCount': 0, 'publishedAt': '2022-10-24T01:37:52Z', 'updatedAt': '2022-10-24T01:37:52Z'}}, 'canReply': True, 'totalReplyCount': 0, 'isPublic': True}",,UCOoI6gsPLIfjlqCr0oXucPw,2022-10-24T01:37:52Z,"se fosse da jovem Pan a globo estava aplaudindo ou calada. 
de qualquer forma nada de violência",QURTSl9pMWw0UnhTM2FCOG4tY0x0UEJNWUJKcUFob2ZhdElEU3VGRnVwT21zWXlKOWNBOWlIU2E5RG1teU1yTWpHdURVMHdMdW9tQWtvdw==,2023-06-08 14:52:35.620843
youtube#commentThread,jUM-XQTnzlccQ04_1Eyyu24DxYE,Ugz1zsRmUfNz6gsSVzh4AaABAg,"{'videoId': 'zEfTDpfyt1o', 'topLevelComment': {'kind': 'youtube#comment', 'etag': 'QHGD5IiqKYpHXItq9oARP9ifX5Q', 'id': 'Ugz1zsRmUfNz6gsSVzh4AaABAg', 'snippet': {'videoId': 'zEfTDpfyt1o', 'textDisplay': 'Apoiadores do bozo ,falem a vdd!!', 'textOriginal': 'Apoiadores do bozo ,falem a vdd!!', 'authorDisplayName': 'Priscilla Harumi', 'authorProfileImageUrl': 'https://yt3.ggpht.com/SpJjDY6LOoRy3PDRE3yzsOnkezAyr-R_b7Uln5u5sdWK8OOhvQwCOKkPjM868IquOvlz1qULZg=s48-c-k-c0x00ffffff-no-rj', 'authorChannelUrl': 'http://www.youtube.com/channel/UCbrmH5Mh57WqTFQizUOhafw', 'authorChannelId': {'value': 'UCbrmH5Mh57WqTFQizUOhafw'}, 'canRate': True, 'viewerRating': 'none', 'likeCount': 0, 'publishedAt': '2022-10-24T01:37:11Z', 'updatedAt': '2022-10-24T01:37:11Z'}}, 'canReply': True, 'totalReplyCount': 0, 'isPublic': True}",,UCbrmH5Mh57WqTFQizUOhafw,2022-10-24T01:37:11Z,"Apoiadores do bozo ,falem a vdd!!",QURTSl9pMWw0UnhTM2FCOG4tY0x0UEJNWUJKcUFob2ZhdElEU3VGRnVwT21zWXlKOWNBOWlIU2E5RG1teU1yTWpHdURVMHdMdW9tQWtvdw==,2023-06-08 14:52:35.620843
youtube#commentThread,BV_MUrOZ_ahcJ3s1ztYqYBt2JQM,UgyGu19rka8ee8rsraN4AaABAg,"{'videoId': 'zEfTDpfyt1o', 'topLevelComment': {'kind': 'youtube#comment', 'etag': 'CGNs-6hLTeJpr5j_2PZGXw78EFs', 'id': 'UgyGu19rka8ee8rsraN4AaABAg', 'snippet': {'videoId': 'zEfTDpfyt1o', 'textDisplay': 'Roberto Jefferson foi um cavalo de Tróia que se aproximou tentando associar sua imagem ao Bolsonaro para depois puxar o pino da granada em um momento crucial. Tudo planejado com antecedência.', 'textOriginal': 'Roberto Jefferson foi um cavalo de Tróia que se aproximou tentando associar sua imagem ao Bolsonaro para depois puxar o pino da granada em um momento crucial. Tudo planejado com antecedência.', 'authorDisplayName': 'Tiago Amora', 'authorProfileImageUrl': 'https://yt3.ggpht.com/ytc/AGIKgqN6WAxHj_oooVI5h4ZV6jdHFa-4SGg5O5n0eQ=s48-c-k-c0x00ffffff-no-rj', 'authorChannelUrl': 'http://www.youtube.com/channel/UCnigxs3AfROhtqcETuWtehw', 'authorChannelId': {'value': 'UCnigxs3AfROhtqcETuWtehw'}, 'canRate': True, 'viewerRating': 'none', 'likeCount': 0, 'publishedAt': '2022-10-24T01:36:38Z', 'updatedAt': '2022-10-24T01:36:38Z'}}, 'canReply': True, 'totalReplyCount': 0, 'isPublic': True}",,UCnigxs3AfROhtqcETuWtehw,2022-10-24T01:36:38Z,Roberto Jefferson foi um cavalo de Tróia que se aproximou tentando associar sua imagem ao Bolsonaro para depois puxar o pino da granada em um momento crucial. Tudo planejado com antecedência.,QURTSl9pMWw0UnhTM2FCOG4tY0x0UEJNWUJKcUFob2ZhdElEU3VGRnVwT21zWXlKOWNBOWlIU2E5RG1teU1yTWpHdURVMHdMdW9tQWtvdw==,2023-06-08 14:52:35.620843
youtube#commentThread,YDhJ0AGKRzs3pp6ysjz7uiKhOmg,UgxMNAGzslOFGZR9KZR4AaABAg,"{'videoId': 'zEfTDpfyt1o', 'topLevelComment': {'kind': 'youtube#comment', 'etag': 'CiBpfEXpwEMelLUaTnBIiAkZZvo', 'id': 'UgxMNAGzslOFGZR9KZR4AaABAg', 'snippet': {'videoId': 'zEfTDpfyt1o', 'textDisplay': 'Que situação triste', 'textOriginal': 'Que situação triste', 'authorDisplayName': 'Claudete Pereira', 'authorProfileImageUrl': 'https://yt3.ggpht.com/ytc/AGIKgqM1FFLWfMtTpSS7oI1DFqdrfby_yQtDfP6XWaM0r7E=s48-c-k-c0x00ffffff-no-rj', 'authorChannelUrl': 'http://www.youtube.com/channel/UC3Mur7p2QUlfrp9sq8e7ziw', 'authorChannelId': {'value': 'UC3Mur7p2QUlfrp9sq8e7ziw'}, 'canRate': True, 'viewerRating': 'none', 'likeCount': 0, 'publishedAt': '2022-10-24T01:36:16Z', 'updatedAt': '2022-10-24T01:36:16Z'}}, 'canReply': True, 'totalReplyCount': 0, 'isPublic': True}",,UC3Mur7p2QUlfrp9sq8e7ziw,2022-10-24T01:36:16Z,Que situação triste,QURTSl9pMWw0UnhTM2FCOG4tY0x0UEJNWUJKcUFob2ZhdElEU3VGRnVwT21zWXlKOWNBOWlIU2E5RG1teU1yTWpHdURVMHdMdW9tQWtvdw==,2023-06-08 14:52:35.620843
youtube#commentThread,4E0BIporP-bpFMtPQOsfaeElB48,Ugw0ozRpoX38dnAUo_54AaABAg,"{'videoId': 'zEfTDpfyt1o', 'topLevelComment': {'kind': 'youtube#comment', 'etag': 'NbvMIa73BMol31Ysq3soD59p_2Q', 'id': 'Ugw0ozRpoX38dnAUo_54AaABAg', 'snippet': {'videoId': 'zEfTDpfyt1o', 'textDisplay': 'Mas isso não e o que a nossa justiça está mostrando', 'textOriginal': 'Mas isso não e o que a nossa justiça está mostrando', 'authorDisplayName': 'Jovenila Oliveira', 'authorProfileImageUrl': 'https://yt3.ggpht.com/ytc/AGIKgqPYCfX7dxf4h6sgwVoGXH6Cjh4stFtaNDDA-A=s48-c-k-c0x00ffffff-no-rj', 'authorChannelUrl': 'http://www.youtube.com/channel/UCa7RTGzFTLFYI3dNJzEgLww', 'authorChannelId': {'value': 'UCa7RTGzFTLFYI3dNJzEgLww'}, 'canRate': True, 'viewerRating': 'none', 'likeCount': 0, 'publishedAt': '2022-10-24T01:35:26Z', 'updatedAt': '2022-10-24T01:35:26Z'}}, 'canReply': True, 'totalReplyCount': 0, 'isPublic': True}",,UCa7RTGzFTLFYI3dNJzEgLww,2022-10-24T01:35:26Z,Mas isso não e o que a nossa justiça está mostrando,QURTSl9pMWw0UnhTM2FCOG4tY0x0UEJNWUJKcUFob2ZhdElEU3VGRnVwT21zWXlKOWNBOWlIU2E5RG1teU1yTWpHdURVMHdMdW9tQWtvdw==,2023-06-08 14:52:35.620843
youtube#commentThread,Fxh3y_itHGuHKlVqURkKq5wvyMo,Ugzy1ZtJWpTAGhjMYsd4AaABAg,"{'videoId': 'zEfTDpfyt1o', 'topLevelComment': {'kind': 'youtube#comment', 'etag': '9jUImrUUSOCs4For8j9Ai86q9K8', 'id': 'Ugzy1ZtJWpTAGhjMYsd4AaABAg', 'snippet': {'videoId': 'zEfTDpfyt1o', 'textDisplay': 'o stf tem que agir com cuidado pra não haver esse tipo de problema, que foi gerado nesse caso', 'textOriginal': 'o stf tem que agir com cuidado pra não haver esse tipo de problema, que foi gerado nesse caso', 'authorDisplayName': 'José Alves', 'authorProfileImageUrl': 'https://yt3.ggpht.com/ytc/AGIKgqP7vMLD5xYlSysKr7nAqWpzSkKSMIVR2O2LJQ=s48-c-k-c0x00ffffff-no-rj', 'authorChannelUrl': 'http://www.youtube.com/channel/UCfRoE1yn_5dIDExWQ-EqE_A', 'authorChannelId': {'value': 'UCfRoE1yn_5dIDExWQ-EqE_A'}, 'canRate': True, 'viewerRating': 'none', 'likeCount': 0, 'publishedAt': '2022-10-24T01:35:14Z', 'updatedAt': '2022-10-24T01:35:14Z'}}, 'canReply': True, 'totalReplyCount': 1, 'isPublic': True}","{'comments': [{'kind': 'youtube#comment', 'etag': 'pi4_sL0LDpAy7rM_VLg_UXuUkug', 'id': 'Ugzy1ZtJWpTAGhjMYsd4AaABAg.9hYWFgAkX9-9hYh3GWNrBP', 'snippet': {'videoId': 'zEfTDpfyt1o', 'textDisplay': 'Cuidado não é o forte deles....nem regra, nem princípios morais...são apenas títeres nomeados por bandidos...Nada se espera deles...', 'textOriginal': 'Cuidado não é o forte deles....nem regra, nem princípios morais...são apenas títeres nomeados por bandidos...Nada se espera deles...', 'parentId': 'Ugzy1ZtJWpTAGhjMYsd4AaABAg', 'authorDisplayName': 'Tiburcio Nascimento', 'authorProfileImageUrl': 'https://yt3.ggpht.com/ytc/AGIKgqPYJ16XbloZp1nRif2q9UiINjE9b3aLcJFllVpYZmGF8L32gAvFuJ_fm0H5T6oa=s48-c-k-c0x00ffffff-no-rj', 'authorChannelUrl': 'http://www.youtube.com/channel/UCOpVT2WBtvOTmNgRgNreY3Q', 'authorChannelId': {'value': 'UCOpVT2WBtvOTmNgRgNreY3Q'}, 'canRate': True, 'viewerRating': 'none', 'likeCount': 0, 'publishedAt': '2022-10-24T03:18:24Z', 'updatedAt': '2022-10-24T03:18:24Z'}}]}",UCfRoE1yn_5dIDExWQ-EqE_A,2022-10-24T01:35:14Z,"o stf tem que agir com cuidado pra não haver esse tipo de problema, que foi gerado nesse caso",QURTSl9pMWw0UnhTM2FCOG4tY0x0UEJNWUJKcUFob2ZhdElEU3VGRnVwT21zWXlKOWNBOWlIU2E5RG1teU1yTWpHdURVMHdMdW9tQWtvdw==,2023-06-08 14:52:35.620843
youtube#commentThread,VgnluH61Ezx4znPhFsW2aTNRyKA,UgydjltQmXDKx_2-4Eh4AaABAg,"{'videoId': 'zEfTDpfyt1o', 'topLevelComment': {'kind': 'youtube#comment', 'etag': 'PMohhnh06H3iEBjFUSwB8ae3c5o', 'id': 'UgydjltQmXDKx_2-4Eh4AaABAg', 'snippet': {'videoId': 'zEfTDpfyt1o', 'textDisplay': 'Pra mim é  tudo armado. Cortina de fumaça!', 'textOriginal': 'Pra mim é  tudo armado. Cortina de fumaça!', 'authorDisplayName': 'Ana Trajano', 'authorProfileImageUrl': 'https://yt3.ggpht.com/ytc/AGIKgqP5puU8P3385J-0Vp8R7BOEIXBJlOVknJ1XXmsUv9E=s48-c-k-c0x00ffffff-no-rj', 'authorChannelUrl': 'http://www.youtube.com/channel/UCQvC3oYdUKyL0cDX6FxLASg', 'authorChannelId': {'value': 'UCQvC3oYdUKyL0cDX6FxLASg'}, 'canRate': True, 'viewerRating': 'none', 'likeCount': 0, 'publishedAt': '2022-10-24T01:34:24Z', 'updatedAt': '2022-10-24T01:34:24Z'}}, 'canReply': True, 'totalReplyCount': 0, 'isPublic': True}",,UCQvC3oYdUKyL0cDX6FxLASg,2022-10-24T01:34:24Z,Pra mim é  tudo armado. Cortina de fumaça!,QURTSl9pMWw0UnhTM2FCOG4tY0x0UEJNWUJKcUFob2ZhdElEU3VGRnVwT21zWXlKOWNBOWlIU2E5RG1teU1yTWpHdURVMHdMdW9tQWtvdw==,2023-06-08 14:52:35.620843
youtube#commentThread,XNFXUZ5erGXPxcfB_haRFwIZ_tQ,UgytufHKvLE2UNYR7EN4AaABAg,"{'videoId': 'zEfTDpfyt1o', 'topLevelComment': {'kind': 'youtube#comment', 'etag': '_LA4cMzNCAE0P141fgxdi_bIKBU', 'id': 'UgytufHKvLE2UNYR7EN4AaABAg', 'snippet': {'videoId': 'zEfTDpfyt1o', 'textDisplay': 'Apoiadores de Roberto Jeferson? Nossa que falsidade que vocês carregam, sai pra lá.', 'textOriginal': 'Apoiadores de Roberto Jeferson? Nossa que falsidade que vocês carregam, sai pra lá.', 'authorDisplayName': 'Jonatas Defante', 'authorProfileImageUrl': 'https://yt3.ggpht.com/ytc/AGIKgqOyiv4LfO5hfEvKl8vFdrJAQjMOHSVOSphNXbqQ=s48-c-k-c0x00ffffff-no-rj', 'authorChannelUrl': 'http://www.youtube.com/channel/UC0OaINNSmNCQr-LxJR-z2mQ', 'authorChannelId': {'value': 'UC0OaINNSmNCQr-LxJR-z2mQ'}, 'canRate': True, 'viewerRating': 'none', 'likeCount': 0, 'publishedAt': '2022-10-24T01:33:24Z', 'updatedAt': '2022-10-24T01:33:24Z'}}, 'canReply': True, 'totalReplyCount': 0, 'isPublic': True}",,UC0OaINNSmNCQr-LxJR-z2mQ,2022-10-24T01:33:24Z,"Apoiadores de Roberto Jeferson? Nossa que falsidade que vocês carregam, sai pra lá.",QURTSl9pMWw0UnhTM2FCOG4tY0x0UEJNWUJKcUFob2ZhdElEU3VGRnVwT21zWXlKOWNBOWlIU2E5RG1teU1yTWpHdURVMHdMdW9tQWtvdw==,2023-06-08 14:52:35.620843
youtube#commentThread,dlafgQFJP3fKeKk4DjF1KqCqAIw,UgydqMRlinBpXBmkRMl4AaABAg,"{'videoId': 'zEfTDpfyt1o', 'topLevelComment': {'kind': 'youtube#comment', 'etag': 'eNlXTBkiT-OAUXhS6Z0fzwU9AYs', 'id': 'UgydqMRlinBpXBmkRMl4AaABAg', 'snippet': {'videoId': 'zEfTDpfyt1o', 'textDisplay': 'Como o gado é violento mesmo', 'textOriginal': 'Como o gado é violento mesmo', 'authorDisplayName': 'luan israel', 'authorProfileImageUrl': 'https://yt3.ggpht.com/ytc/AGIKgqO3Wm1JvyLvYYpGjA878fdrbenKDDXjlPtjew=s48-c-k-c0x00ffffff-no-rj', 'authorChannelUrl': 'http://www.youtube.com/channel/UC3DHKr7dGIYuVM-9uIgHVGA', 'authorChannelId': {'value': 'UC3DHKr7dGIYuVM-9uIgHVGA'}, 'canRate': True, 'viewerRating': 'none', 'likeCount': 0, 'publishedAt': '2022-10-24T01:32:29Z', 'updatedAt': '2022-10-24T01:32:29Z'}}, 'canReply': True, 'totalReplyCount': 0, 'isPublic': True}",,UC3DHKr7dGIYuVM-9uIgHVGA,2022-10-24T01:32:29Z,Como o gado é violento mesmo,QURTSl9pMWw0UnhTM2FCOG4tY0x0UEJNWUJKcUFob2ZhdElEU3VGRnVwT21zWXlKOWNBOWlIU2E5RG1teU1yTWpHdURVMHdMdW9tQWtvdw==,2023-06-08 14:52:35.620843
youtube#commentThread,fhQTJjqdkhLhy295TLlDCIeIwZ0,UgxwvX6lVvgSgzVvizt4AaABAg,"{'videoId': 'zEfTDpfyt1o', 'topLevelComment': {'kind': 'youtube#comment', 'etag': '6gAFAH1TacxL-4T-70z8ID39QjY', 'id': 'UgxwvX6lVvgSgzVvizt4AaABAg', 'snippet': {'videoId': 'zEfTDpfyt1o', 'textDisplay': 'A tendência  é  piorar o povo não  aguenta mais tanta atrocidade  por parte destes comunistas  a situação  está indo para uma guerra  cívil  infelizmente  que Deus tenha misericórdia  de nós', 'textOriginal': 'A tendência  é  piorar o povo não  aguenta mais tanta atrocidade  por parte destes comunistas  a situação  está indo para uma guerra  cívil  infelizmente  que Deus tenha misericórdia  de nós', 'authorDisplayName': 'Juraci Farias', 'authorProfileImageUrl': 'https://yt3.ggpht.com/ytc/AGIKgqMtxHsyM7l78aFhkXhU39BweaqU_FiMQ3zkmg=s48-c-k-c0x00ffffff-no-rj', 'authorChannelUrl': 'http://www.youtube.com/channel/UCDTgR1VOxZp2RriXZVAskcA', 'authorChannelId': {'value': 'UCDTgR1VOxZp2RriXZVAskcA'}, 'canRate': True, 'viewerRating': 'none', 'likeCount': 0, 'publishedAt': '2022-10-24T01:31:52Z', 'updatedAt': '2022-10-24T01:31:52Z'}}, 'canReply': True, 'totalReplyCount': 0, 'isPublic': True}",,UCDTgR1VOxZp2RriXZVAskcA,2022-10-24T01:31:52Z,A tendência  é  piorar o povo não  aguenta mais tanta atrocidade  por parte destes comunistas  a situação  está indo para uma guerra  cívil  infelizmente  que Deus tenha misericórdia  de nós,QURTSl9pMWw0UnhTM2FCOG4tY0x0UEJNWUJKcUFob2ZhdElEU3VGRnVwT21zWXlKOWNBOWlIU2E5RG1teU1yTWpHdURVMHdMdW9tQWtvdw==,2023-06-08 14:52:35.620843
youtube#commentThread,016sfyfPXDMR6oJKQDoThYEsolI,Ugy5RWwHYPCzuFNjIwN4AaABAg,"{'videoId': 'zEfTDpfyt1o', 'topLevelComment': {'kind': 'youtube#comment', 'etag': 'OgGrDMuHJs-fSZ7SEwHFgZRw2Vo', 'id': 'Ugy5RWwHYPCzuFNjIwN4AaABAg', 'snippet': {'videoId': 'zEfTDpfyt1o', 'textDisplay': 'Quando a Globo mente e quer confundir o povo, ela tbm esta fazendo apenas o trabalho dela?', 'textOriginal': 'Quando a Globo mente e quer confundir o povo, ela tbm esta fazendo apenas o trabalho dela?', 'authorDisplayName': 'Amora & Pistache', 'authorProfileImageUrl': 'https://yt3.ggpht.com/A2QgG7zUMgr2O01wBZCcbv3WItb1fkfOF9YkdP2Snbf6le6QHQrnh1o1xvlxdMPMVBt7zSDP9A=s48-c-k-c0x00ffffff-no-rj', 'authorChannelUrl': 'http://www.youtube.com/channel/UCyxqV_D1SEbLWYtPirr7NTQ', 'authorChannelId': {'value': 'UCyxqV_D1SEbLWYtPirr7NTQ'}, 'canRate': True, 'viewerRating': 'none', 'likeCount': 0, 'publishedAt': '2022-10-24T01:31:02Z', 'updatedAt': '2022-10-24T01:31:02Z'}}, 'canReply': True, 'totalReplyCount': 0, 'isPublic': True}",,UCyxqV_D1SEbLWYtPirr7NTQ,2022-10-24T01:31:02Z,"Quando a Globo mente e quer confundir o povo, ela tbm esta fazendo apenas o trabalho dela?",QURTSl9pMWw0UnhTM2FCOG4tY0x0UEJNWUJKcUFob2ZhdElEU3VGRnVwT21zWXlKOWNBOWlIU2E5RG1teU1yTWpHdURVMHdMdW9tQWtvdw==,2023-06-08 14:52:35.620843
youtube#commentThread,p0CQ-Yu9BvGFHWhd0VKgY5Gl5Ug,UgxKi0yv63PfIsDPUvt4AaABAg,"{'videoId': 'zEfTDpfyt1o', 'topLevelComment': {'kind': 'youtube#comment', 'etag': 'Kx_3bJQECxPPxYaL6PAUilNIb7M', 'id': 'UgxKi0yv63PfIsDPUvt4AaABAg', 'snippet': {'videoId': 'zEfTDpfyt1o', 'textDisplay': 'Globo colhendo o que plantou....', 'textOriginal': 'Globo colhendo o que plantou....', 'authorDisplayName': 'Amora & Pistache', 'authorProfileImageUrl': 'https://yt3.ggpht.com/A2QgG7zUMgr2O01wBZCcbv3WItb1fkfOF9YkdP2Snbf6le6QHQrnh1o1xvlxdMPMVBt7zSDP9A=s48-c-k-c0x00ffffff-no-rj', 'authorChannelUrl': 'http://www.youtube.com/channel/UCyxqV_D1SEbLWYtPirr7NTQ', 'authorChannelId': {'value': 'UCyxqV_D1SEbLWYtPirr7NTQ'}, 'canRate': True, 'viewerRating': 'none', 'likeCount': 0, 'publishedAt': '2022-10-24T01:30:10Z', 'updatedAt': '2022-10-24T01:30:10Z'}}, 'canReply': True, 'totalReplyCount': 0, 'isPublic': True}",,UCyxqV_D1SEbLWYtPirr7NTQ,2022-10-24T01:30:10Z,Globo colhendo o que plantou....,QURTSl9pMWw0UnhTM2FCOG4tY0x0UEJNWUJKcUFob2ZhdElEU3VGRnVwT21zWXlKOWNBOWlIU2E5RG1teU1yTWpHdURVMHdMdW9tQWtvdw==,2023-06-08 14:52:35.620843
youtube#commentThread,0Kv4SPp3daIw7Y8_kdPYSMxGgN8,UgyDyolxXWafNJokpa94AaABAg,"{'videoId': 'zEfTDpfyt1o', 'topLevelComment': {'kind': 'youtube#comment', 'etag': 'A_4bJ5IC9VDVYxytFBsdvopbmhY', 'id': 'UgyDyolxXWafNJokpa94AaABAg', 'snippet': {'videoId': 'zEfTDpfyt1o', 'textDisplay': 'Bolsonarista é isso eles amam o próximo', 'textOriginal': 'Bolsonarista é isso eles amam o próximo', 'authorDisplayName': 'Diego Cardoso', 'authorProfileImageUrl': 'https://yt3.ggpht.com/p3Oe4bPGSAYaFKTAD_u7HY2IJ4dbtzAtptw18o_y2dPHVUIThDM0B7uNkKYo8tSU_KK5Cc_5=s48-c-k-c0x00ffffff-no-rj', 'authorChannelUrl': 'http://www.youtube.com/channel/UCwMAiesyWKjGhIYgAdjo-fQ', 'authorChannelId': {'value': 'UCwMAiesyWKjGhIYgAdjo-fQ'}, 'canRate': True, 'viewerRating': 'none', 'likeCount': 0, 'publishedAt': '2022-10-24T01:29:21Z', 'updatedAt': '2022-10-24T01:29:21Z'}}, 'canReply': True, 'totalReplyCount': 0, 'isPublic': True}",,UCwMAiesyWKjGhIYgAdjo-fQ,2022-10-24T01:29:21Z,Bolsonarista é isso eles amam o próximo,QURTSl9pMWw0UnhTM2FCOG4tY0x0UEJNWUJKcUFob2ZhdElEU3VGRnVwT21zWXlKOWNBOWlIU2E5RG1teU1yTWpHdURVMHdMdW9tQWtvdw==,2023-06-08 14:52:35.620843
youtube#commentThread,qA0SVW9BkiISAmtWPZBX5XGxY7M,UgwPmdYxkFejOiRT3_l4AaABAg,"{'videoId': 'zEfTDpfyt1o', 'topLevelComment': {'kind': 'youtube#comment', 'etag': 'Arp9OKELNRNCJWE2v-qwI3ETj9Q', 'id': 'UgwPmdYxkFejOiRT3_l4AaABAg', 'snippet': {'videoId': 'zEfTDpfyt1o', 'textDisplay': 'Coitados o cara tá trabalhando não tem nada ver com problemas tá vendo que essa política tá virando tá doido', 'textOriginal': 'Coitados o cara tá trabalhando não tem nada ver com problemas tá vendo que essa política tá virando tá doido', 'authorDisplayName': 'Vinicius Almeida', 'authorProfileImageUrl': 'https://yt3.ggpht.com/ytc/AGIKgqMe-g8A3MSjc-Mad1xVgj_SxKW-iV78tgOFJeGZ0w=s48-c-k-c0x00ffffff-no-rj', 'authorChannelUrl': 'http://www.youtube.com/channel/UC4L5D6UY_8RpngnmFOHLxow', 'authorChannelId': {'value': 'UC4L5D6UY_8RpngnmFOHLxow'}, 'canRate': True, 'viewerRating': 'none', 'likeCount': 0, 'publishedAt': '2022-10-24T01:29:12Z', 'updatedAt': '2022-10-24T01:29:12Z'}}, 'canReply': True, 'totalReplyCount': 0, 'isPublic': True}",,UC4L5D6UY_8RpngnmFOHLxow,2022-10-24T01:29:12Z,Coitados o cara tá trabalhando não tem nada ver com problemas tá vendo que essa política tá virando tá doido,QURTSl9pMWw0UnhTM2FCOG4tY0x0UEJNWUJKcUFob2ZhdElEU3VGRnVwT21zWXlKOWNBOWlIU2E5RG1teU1yTWpHdURVMHdMdW9tQWtvdw==,2023-06-08 14:52:35.620843
youtube#commentThread,Oe2k_OJv1UCtxw_9-F3eOWl1HzQ,UgwH8xy2pI5nPS8qInd4AaABAg,"{'videoId': 'zEfTDpfyt1o', 'topLevelComment': {'kind': 'youtube#comment', 'etag': 'ylCdn_GkbozdIwUr2oB_joJGIBQ', 'id': 'UgwH8xy2pI5nPS8qInd4AaABAg', 'snippet': {'videoId': 'zEfTDpfyt1o', 'textDisplay': 'Lembro que no passado, o dia de votação era festivo, as pessoas se orgulhavam de poder exercer sua cidadania . Hoje somos calados, ansiosos para q td termine rápido sem acontecimentos nefastos.', 'textOriginal': 'Lembro que no passado, o dia de votação era festivo, as pessoas se orgulhavam de poder exercer sua cidadania . Hoje somos calados, ansiosos para q td termine rápido sem acontecimentos nefastos.', 'authorDisplayName': 'Selma Campos', 'authorProfileImageUrl': 'https://yt3.ggpht.com/ytc/AGIKgqPIxhrtU6EguUyiZGIP14yCC2B9Z2uXfdmIU80JwA=s48-c-k-c0x00ffffff-no-rj', 'authorChannelUrl': 'http://www.youtube.com/channel/UCKA-DvfegJ9fIwkUr7NJs9A', 'authorChannelId': {'value': 'UCKA-DvfegJ9fIwkUr7NJs9A'}, 'canRate': True, 'viewerRating': 'none', 'likeCount': 1, 'publishedAt': '2022-10-24T01:29:02Z', 'updatedAt': '2022-10-24T01:29:02Z'}}, 'canReply': True, 'totalReplyCount': 0, 'isPublic': True}",,UCKA-DvfegJ9fIwkUr7NJs9A,2022-10-24T01:29:02Z,"Lembro que no passado, o dia de votação era festivo, as pessoas se orgulhavam de poder exercer sua cidadania . Hoje somos calados, ansiosos para q td termine rápido sem acontecimentos nefastos.",QURTSl9pMWw0UnhTM2FCOG4tY0x0UEJNWUJKcUFob2ZhdElEU3VGRnVwT21zWXlKOWNBOWlIU2E5RG1teU1yTWpHdURVMHdMdW9tQWtvdw==,2023-06-08 14:52:35.620843
youtube#commentThread,FTjOgIAFrjsnbEEQ80FtmGUNxcg,Ugy0qPio-K_YM_wutLl4AaABAg,"{'videoId': 'zEfTDpfyt1o', 'topLevelComment': {'kind': 'youtube#comment', 'etag': 'Luqx_YRi-DFcW5JhjB-jjVFQDwM', 'id': 'Ugy0qPio-K_YM_wutLl4AaABAg', 'snippet': {'videoId': 'zEfTDpfyt1o', 'textDisplay': 'Qualquer tipo de agressão, deve ser rechaçada. Porém não vi na imagem uma agressão que mereça esse entusiasmo todo. Se aconteceu, que me desculpem, mas não vi no vídeo!', 'textOriginal': 'Qualquer tipo de agressão, deve ser rechaçada. Porém não vi na imagem uma agressão que mereça esse entusiasmo todo. Se aconteceu, que me desculpem, mas não vi no vídeo!', 'authorDisplayName': 'Silva Alencar', 'authorProfileImageUrl': 'https://yt3.ggpht.com/ytc/AGIKgqMNUz9dQhXWnUpI2bmwgNwtaLnteBW36R34zQ=s48-c-k-c0x00ffffff-no-rj', 'authorChannelUrl': 'http://www.youtube.com/channel/UC23aUgAHwXTNQv8M3RWGjEg', 'authorChannelId': {'value': 'UC23aUgAHwXTNQv8M3RWGjEg'}, 'canRate': True, 'viewerRating': 'none', 'likeCount': 1, 'publishedAt': '2022-10-24T01:28:55Z', 'updatedAt': '2022-10-24T01:28:55Z'}}, 'canReply': True, 'totalReplyCount': 0, 'isPublic': True}",,UC23aUgAHwXTNQv8M3RWGjEg,2022-10-24T01:28:55Z,"Qualquer tipo de agressão, deve ser rechaçada. Porém não vi na imagem uma agressão que mereça esse entusiasmo todo. Se aconteceu, que me desculpem, mas não vi no vídeo!",QURTSl9pMWw0UnhTM2FCOG4tY0x0UEJNWUJKcUFob2ZhdElEU3VGRnVwT21zWXlKOWNBOWlIU2E5RG1teU1yTWpHdURVMHdMdW9tQWtvdw==,2023-06-08 14:52:35.620843
youtube#commentThread,2qmTPbfh8-UNjtQjYrtj-S9-n1E,Ugxa4NIfrYSgf-PjneF4AaABAg,"{'videoId': 'zEfTDpfyt1o', 'topLevelComment': {'kind': 'youtube#comment', 'etag': '3R7Hj4uuK6GiLu9WSA4-eO5ES2U', 'id': 'Ugxa4NIfrYSgf-PjneF4AaABAg', 'snippet': {'videoId': 'zEfTDpfyt1o', 'textDisplay': 'bolsonarismo é um câncer nesse país fora fascistas', 'textOriginal': 'bolsonarismo é um câncer nesse país fora fascistas', 'authorDisplayName': 'Cicero Bm.33 meireles', 'authorProfileImageUrl': 'https://yt3.ggpht.com/ytc/AGIKgqOugko4nTfOCpRtPOJQj4-qsCi10qEtPd8wb-5Qh4ZHrFbUz1HmC48enSi0LHk2=s48-c-k-c0x00ffffff-no-rj', 'authorChannelUrl': 'http://www.youtube.com/channel/UCpDJeIxbqhV_wKPOoDPpbVg', 'authorChannelId': {'value': 'UCpDJeIxbqhV_wKPOoDPpbVg'}, 'canRate': True, 'viewerRating': 'none', 'likeCount': 0, 'publishedAt': '2022-10-24T01:28:45Z', 'updatedAt': '2022-10-24T01:28:45Z'}}, 'canReply': True, 'totalReplyCount': 0, 'isPublic': True}",,UCpDJeIxbqhV_wKPOoDPpbVg,2022-10-24T01:28:45Z,bolsonarismo é um câncer nesse país fora fascistas,QURTSl9pMWw0UnhTM2FCOG4tY0x0UEJNWUJKcUFob2ZhdElEU3VGRnVwT21zWXlKOWNBOWlIU2E5RG1teU1yTWpHdURVMHdMdW9tQWtvdw==,2023-06-08 14:52:35.620843
youtube#commentThread,IeCRUvqzrVzJ2z6BgJy88x_T9ms,Ugy2gC4k-d9zsy5hNSd4AaABAg,"{'videoId': 'zEfTDpfyt1o', 'topLevelComment': {'kind': 'youtube#comment', 'etag': 'M7zMVZwNDcJJ0ZE3ptwsyh0wPrg', 'id': 'Ugy2gC4k-d9zsy5hNSd4AaABAg', 'snippet': {'videoId': 'zEfTDpfyt1o', 'textDisplay': 'Tem que investigar de que lado ele é de verdade.', 'textOriginal': 'Tem que investigar de que lado ele é de verdade.', 'authorDisplayName': 'Neide', 'authorProfileImageUrl': 'https://yt3.ggpht.com/ytc/AGIKgqMEyaZ1ZrIirOFjDGVsIb_ucvEtvKxueZvKehv3NpG5DFA4PYcEgVz34Pegr2uV=s48-c-k-c0x00ffffff-no-rj', 'authorChannelUrl': 'http://www.youtube.com/channel/UC6ly35iBZ_s81-mKihdQ6aw', 'authorChannelId': {'value': 'UC6ly35iBZ_s81-mKihdQ6aw'}, 'canRate': True, 'viewerRating': 'none', 'likeCount': 0, 'publishedAt': '2022-10-24T01:28:44Z', 'updatedAt': '2022-10-24T01:28:44Z'}}, 'canReply': True, 'totalReplyCount': 0, 'isPublic': True}",,UC6ly35iBZ_s81-mKihdQ6aw,2022-10-24T01:28:44Z,Tem que investigar de que lado ele é de verdade.,QURTSl9pMWw0UnhTM2FCOG4tY0x0UEJNWUJKcUFob2ZhdElEU3VGRnVwT21zWXlKOWNBOWlIU2E5RG1teU1yTWpHdURVMHdMdW9tQWtvdw==,2023-06-08 14:52:35.620843
youtube#commentThread,a1CwXicU9xrAPm9Qaaskwe4IJAU,UgyPTh-1Ux_hGGxrqpp4AaABAg,"{'videoId': 'zEfTDpfyt1o', 'topLevelComment': {'kind': 'youtube#comment', 'etag': 'qp_Q1ktHCQTm0cY1R7kwRZ2LH3E', 'id': 'UgyPTh-1Ux_hGGxrqpp4AaABAg', 'snippet': {'videoId': 'zEfTDpfyt1o', 'textDisplay': 'Censura  também é agressão  moral?Parabéns jovem pan  pelo reconhecimento e profissionalismo. 👏👏👏🇧🇷👨\\u200d✈️👨\\u200d👩\\u200d👧\\u200d👦', 'textOriginal': 'Censura  também é agressão  moral?Parabéns jovem pan  pelo reconhecimento e profissionalismo. 👏👏👏🇧🇷👨\\u200d✈️👨\\u200d👩\\u200d👧\\u200d👦', 'authorDisplayName': 'Anisia Santos', 'authorProfileImageUrl': 'https://yt3.ggpht.com/ytc/AGIKgqPA0nebxgXRHgNtOtjRcXc5UwEq92VLy-r0Yg=s48-c-k-c0x00ffffff-no-rj', 'authorChannelUrl': 'http://www.youtube.com/channel/UCGxB6mUtNJwR37eHbjOzRyg', 'authorChannelId': {'value': 'UCGxB6mUtNJwR37eHbjOzRyg'}, 'canRate': True, 'viewerRating': 'none', 'likeCount': 3, 'publishedAt': '2022-10-24T01:28:28Z', 'updatedAt': '2022-10-24T01:28:28Z'}}, 'canReply': True, 'totalReplyCount': 0, 'isPublic': True}",,UCGxB6mUtNJwR37eHbjOzRyg,2022-10-24T01:28:28Z,Censura  também é agressão  moral?Parabéns jovem pan  pelo reconhecimento e profissionalismo. 👏👏👏🇧🇷👨‍✈️👨‍👩‍👧‍👦,QURTSl9pMWw0UnhTM2FCOG4tY0x0UEJNWUJKcUFob2ZhdElEU3VGRnVwT21zWXlKOWNBOWlIU2E5RG1teU1yTWpHdURVMHdMdW9tQWtvdw==,2023-06-08 14:52:35.620843
youtube#commentThread,ZMzqTFKkNd8PvpfW3bAd2To_FRg,UgwIlgPhW3Rqifq4eKN4AaABAg,"{'videoId': 'zEfTDpfyt1o', 'topLevelComment': {'kind': 'youtube#comment', 'etag': 'eqmWdvhZQgYNdh3q9VCxgSfWEK8', 'id': 'UgwIlgPhW3Rqifq4eKN4AaABAg', 'snippet': {'videoId': 'zEfTDpfyt1o', 'textDisplay': 'Só mais uma obra do bolsonarismo kk&#39;kkk mais dia 30 tá ai e de presente irão ganhar o que vocês tanto odeiam, Lula de presente, dale 13 kkk&#39;', 'textOriginal': ""Só mais uma obra do bolsonarismo kk'kkk mais dia 30 tá ai e de presente irão ganhar o que vocês tanto odeiam, Lula de presente, dale 13 kkk'"", 'authorDisplayName': 'Emanuel Costa', 'authorProfileImageUrl': 'https://yt3.ggpht.com/jfAr5AX1Lpsqj3Ghvodaxw3qixGLeKZ5PSm759lJgpIZRufPv1A7-28S8ZEVYUaFgI9_Y1aSp-c=s48-c-k-c0x00ffffff-no-rj', 'authorChannelUrl': 'http://www.youtube.com/channel/UCmc4kMifDoqovGNlE1zSEXw', 'authorChannelId': {'value': 'UCmc4kMifDoqovGNlE1zSEXw'}, 'canRate': True, 'viewerRating': 'none', 'likeCount': 0, 'publishedAt': '2022-10-24T01:26:29Z', 'updatedAt': '2022-10-24T01:26:29Z'}}, 'canReply': True, 'totalReplyCount': 0, 'isPublic': True}",,UCmc4kMifDoqovGNlE1zSEXw,2022-10-24T01:26:29Z,"Só mais uma obra do bolsonarismo kk'kkk mais dia 30 tá ai e de presente irão ganhar o que vocês tanto odeiam, Lula de presente, dale 13 kkk'",QURTSl9pMWw0UnhTM2FCOG4tY0x0UEJNWUJKcUFob2ZhdElEU3VGRnVwT21zWXlKOWNBOWlIU2E5RG1teU1yTWpHdURVMHdMdW9tQWtvdw==,2023-06-08 14:52:35.620843
youtube#commentThread,n338EFsQSLSY9f7J59kRpHz3rUU,UgwvtugtNstlXpS-TdV4AaABAg,"{'videoId': 'zEfTDpfyt1o', 'topLevelComment': {'kind': 'youtube#comment', 'etag': 'gfNZGfTjQnyd3s9iIqPtr27T_z8', 'id': 'UgwvtugtNstlXpS-TdV4AaABAg', 'snippet': {'videoId': 'zEfTDpfyt1o', 'textDisplay': 'As vezes este cara é do outro lado  e armou derubando o sinegrafísta pra jogar culpa no Bolsonaro.', 'textOriginal': 'As vezes este cara é do outro lado  e armou derubando o sinegrafísta pra jogar culpa no Bolsonaro.', 'authorDisplayName': 'Neide', 'authorProfileImageUrl': 'https://yt3.ggpht.com/ytc/AGIKgqMEyaZ1ZrIirOFjDGVsIb_ucvEtvKxueZvKehv3NpG5DFA4PYcEgVz34Pegr2uV=s48-c-k-c0x00ffffff-no-rj', 'authorChannelUrl': 'http://www.youtube.com/channel/UC6ly35iBZ_s81-mKihdQ6aw', 'authorChannelId': {'value': 'UC6ly35iBZ_s81-mKihdQ6aw'}, 'canRate': True, 'viewerRating': 'none', 'likeCount': 0, 'publishedAt': '2022-10-24T01:26:06Z', 'updatedAt': '2022-10-24T01:26:06Z'}}, 'canReply': True, 'totalReplyCount': 1, 'isPublic': True}","{'comments': [{'kind': 'youtube#comment', 'etag': 'He6XXNdOxX45XA4_ZuA0shSeAXI', 'id': 'UgwvtugtNstlXpS-TdV4AaABAg.9hYVCr-Vav39hYVHie1GBp', 'snippet': {'videoId': 'zEfTDpfyt1o', 'textDisplay': 'vai se tratar doente..', 'textOriginal': 'vai se tratar doente..', 'parentId': 'UgwvtugtNstlXpS-TdV4AaABAg', 'authorDisplayName': 'Ronny Alves', 'authorProfileImageUrl': 'https://yt3.ggpht.com/ytc/AGIKgqO4aNRcREhNVKpJLkOJSRyJKUYaY6cLFmltQk9LUw=s48-c-k-c0x00ffffff-no-rj', 'authorChannelUrl': 'http://www.youtube.com/channel/UCMMVM5TqyfGi7V_c-DRRrHg', 'authorChannelId': {'value': 'UCMMVM5TqyfGi7V_c-DRRrHg'}, 'canRate': True, 'viewerRating': 'none', 'likeCount': 0, 'publishedAt': '2022-10-24T01:26:46Z', 'updatedAt': '2022-10-24T01:26:46Z'}}]}",UC6ly35iBZ_s81-mKihdQ6aw,2022-10-24T01:26:06Z,As vezes este cara é do outro lado  e armou derubando o sinegrafísta pra jogar culpa no Bolsonaro.,QURTSl9pMWw0UnhTM2FCOG4tY0x0UEJNWUJKcUFob2ZhdElEU3VGRnVwT21zWXlKOWNBOWlIU2E5RG1teU1yTWpHdURVMHdMdW9tQWtvdw==,2023-06-08 14:52:35.620843
youtube#commentThread,eJw-E6G6oZexQhHgHPEkLycXog8,UgwxlS-kxBVTG7ufHyB4AaABAg,"{'videoId': 'zEfTDpfyt1o', 'topLevelComment': {'kind': 'youtube#comment', 'etag': 'GN8m3qatE3_S8HKZlmw7WmvP1eo', 'id': 'UgwxlS-kxBVTG7ufHyB4AaABAg', 'snippet': {'videoId': 'zEfTDpfyt1o', 'textDisplay': 'A culpa maior é do provocador de iras humanas, o Supremo e TSE. Tem gente que é irracional e não consegue se conter.', 'textOriginal': 'A culpa maior é do provocador de iras humanas, o Supremo e TSE. Tem gente que é irracional e não consegue se conter.', 'authorDisplayName': 'Edileide Miranda', 'authorProfileImageUrl': 'https://yt3.ggpht.com/ytc/AGIKgqOB9ZDNX7mYtdFapw4l9rEaNfRtUDd-Cc1s7g=s48-c-k-c0x00ffffff-no-rj', 'authorChannelUrl': 'http://www.youtube.com/channel/UCsrvKb4IOxg2Ru-QucjdN0g', 'authorChannelId': {'value': 'UCsrvKb4IOxg2Ru-QucjdN0g'}, 'canRate': True, 'viewerRating': 'none', 'likeCount': 0, 'publishedAt': '2022-10-24T01:25:58Z', 'updatedAt': '2022-10-24T01:25:58Z'}}, 'canReply': True, 'totalReplyCount': 0, 'isPublic': True}",,UCsrvKb4IOxg2Ru-QucjdN0g,2022-10-24T01:25:58Z,"A culpa maior é do provocador de iras humanas, o Supremo e TSE. Tem gente que é irracional e não consegue se conter.",QURTSl9pMWw0UnhTM2FCOG4tY0x0UEJNWUJKcUFob2ZhdElEU3VGRnVwT21zWXlKOWNBOWlIU2E5RG1teU1yTWpHdURVMHdMdW9tQWtvdw==,2023-06-08 14:52:35.620843
youtube#commentThread,vME1ZgHn690YTvNQ7arCNlweasM,Ugx5eyULzYs0YirWc3R4AaABAg,"{'videoId': 'zEfTDpfyt1o', 'topLevelComment': {'kind': 'youtube#comment', 'etag': 'QdhTLjD_qeLeBQtnldk6YwG2s-Y', 'id': 'Ugx5eyULzYs0YirWc3R4AaABAg', 'snippet': {'videoId': 'zEfTDpfyt1o', 'textDisplay': 'Alexandre de moraes foi longe demais! Ele trouxe instabilidade aos eleitores, dividiu o país com essa alarmante fraude nas urnas, fez com o Brasil tivesse aversões ao nordeste, um povo de bem e trabalhador. Quem aplaude a representação desse homem no Brasil, procure um psiquiatra. <br>Esse homem está promovendo uma destruição a nossa nação, esse homem está passando por cima de todos os poderes, ele rasgou a constituição e jamais aceitaremos lula na presidência.  Somos livres e assim iremos permanecer.. LULA JAMAIS VOLTARÁ AO PODER, NÃO TEM EXÉRCITO OU POLICIA QUE SEGURE O POVO.', 'textOriginal': 'Alexandre de moraes foi longe demais! Ele trouxe instabilidade aos eleitores, dividiu o país com essa alarmante fraude nas urnas, fez com o Brasil tivesse aversões ao nordeste, um povo de bem e trabalhador. Quem aplaude a representação desse homem no Brasil, procure um psiquiatra. \\nEsse homem está promovendo uma destruição a nossa nação, esse homem está passando por cima de todos os poderes, ele rasgou a constituição e jamais aceitaremos lula na presidência.  Somos livres e assim iremos permanecer.. LULA JAMAIS VOLTARÁ AO PODER, NÃO TEM EXÉRCITO OU POLICIA QUE SEGURE O POVO.', 'authorDisplayName': 'Thábata R.', 'authorProfileImageUrl': 'https://yt3.ggpht.com/BxcZ0qTDkq3rIzKlbhxFl-pQNaw2mE0JJvtS8S8lqKK2tElaUJA7UdnwRAQCUUdX6jJU6Wtm=s48-c-k-c0x00ffffff-no-rj', 'authorChannelUrl': 'http://www.youtube.com/channel/UCLza4HvxiVlRm9z_rXrMulA', 'authorChannelId': {'value': 'UCLza4HvxiVlRm9z_rXrMulA'}, 'canRate': True, 'viewerRating': 'none', 'likeCount': 0, 'publishedAt': '2022-10-24T01:23:50Z', 'updatedAt': '2022-10-24T01:23:50Z'}}, 'canReply': True, 'totalReplyCount': 0, 'isPublic': True}",,UCLza4HvxiVlRm9z_rXrMulA,2022-10-24T01:23:50Z,"Alexandre de moraes foi longe demais! Ele trouxe instabilidade aos eleitores, dividiu o país com essa alarmante fraude nas urnas, fez com o Brasil tivesse aversões ao nordeste, um povo de bem e trabalhador. Quem aplaude a representação desse homem no Brasil, procure um psiquiatra. 
Esse homem está promovendo uma destruição a nossa nação, esse homem está passando por cima de todos os poderes, ele rasgou a constituição e jamais aceitaremos lula na presidência.  Somos livres e assim iremos permanecer.. LULA JAMAIS VOLTARÁ AO PODER, NÃO TEM EXÉRCITO OU POLICIA QUE SEGURE O POVO.",QURTSl9pMWw0UnhTM2FCOG4tY0x0UEJNWUJKcUFob2ZhdElEU3VGRnVwT21zWXlKOWNBOWlIU2E5RG1teU1yTWpHdURVMHdMdW9tQWtvdw==,2023-06-08 14:52:35.620843
youtube#commentThread,VlyvGXVcgpDXZaFYuB-GbEk8mnE,UgytZvMbQcPNpXFvfAV4AaABAg,"{'videoId': 'zEfTDpfyt1o', 'topLevelComment': {'kind': 'youtube#comment', 'etag': '-ioYuiCIMLdyDEq9dMxNu35YqoI', 'id': 'UgytZvMbQcPNpXFvfAV4AaABAg', 'snippet': {'videoId': 'zEfTDpfyt1o', 'textDisplay': 'Era questão de tempo até alguém enlouquecer. O STF precisa ser detido.', 'textOriginal': 'Era questão de tempo até alguém enlouquecer. O STF precisa ser detido.', 'authorDisplayName': 'JonDes oo', 'authorProfileImageUrl': 'https://yt3.ggpht.com/ytc/AGIKgqPqfEDTUE337STMlT9f9Wt-nwiIRWik0LWYfSqhWQ=s48-c-k-c0x00ffffff-no-rj', 'authorChannelUrl': 'http://www.youtube.com/channel/UCu8jWxUrY6xm6ZL62kNFDpw', 'authorChannelId': {'value': 'UCu8jWxUrY6xm6ZL62kNFDpw'}, 'canRate': True, 'viewerRating': 'none', 'likeCount': 7, 'publishedAt': '2022-10-24T01:21:37Z', 'updatedAt': '2022-10-24T01:21:37Z'}}, 'canReply': True, 'totalReplyCount': 1, 'isPublic': True}","{'comments': [{'kind': 'youtube#comment', 'etag': '9y9Gtn63oUn_XPmgMAWXE1iRh1c', 'id': 'UgytZvMbQcPNpXFvfAV4AaABAg.9hYUgyzLBCi9hZkcCoDqot', 'snippet': {'videoId': 'zEfTDpfyt1o', 'textDisplay': 'O Robertão manda bala e granada contra a polícia e a culpa é do STF, o cara da um soco no cinegrafista e a culpa é do STF. Faça-me o favor né.  Será que não passou pela sua cabeça bovina que quem incita essa violência toda tem nome, JB.', 'textOriginal': 'O Robertão manda bala e granada contra a polícia e a culpa é do STF, o cara da um soco no cinegrafista e a culpa é do STF. Faça-me o favor né.  Será que não passou pela sua cabeça bovina que quem incita essa violência toda tem nome, JB.', 'parentId': 'UgytZvMbQcPNpXFvfAV4AaABAg', 'authorDisplayName': 'Anderson M.', 'authorProfileImageUrl': 'https://yt3.ggpht.com/ytc/AGIKgqPpjEv1OvmwIKuHgRX4L1EVb09rNSbg_oI-Og=s48-c-k-c0x00ffffff-no-rj', 'authorChannelUrl': 'http://www.youtube.com/channel/UCngNYrMUUnuIgJ6uk-N51jQ', 'authorChannelId': {'value': 'UCngNYrMUUnuIgJ6uk-N51jQ'}, 'canRate': True, 'viewerRating': 'none', 'likeCount': 0, 'publishedAt': '2022-10-24T13:08:45Z', 'updatedAt': '2022-10-24T13:08:45Z'}}]}",UCu8jWxUrY6xm6ZL62kNFDpw,2022-10-24T01:21:37Z,Era questão de tempo até alguém enlouquecer. O STF precisa ser detido.,QURTSl9pMWw0UnhTM2FCOG4tY0x0UEJNWUJKcUFob2ZhdElEU3VGRnVwT21zWXlKOWNBOWlIU2E5RG1teU1yTWpHdURVMHdMdW9tQWtvdw==,2023-06-08 14:52:35.620843
youtube#commentThread,SewhlQWxiGK28YgqdgbeJL_25BI,UgzUXUrVXc15AEgmvYV4AaABAg,"{'videoId': 'zEfTDpfyt1o', 'topLevelComment': {'kind': 'youtube#comment', 'etag': 'k7ou114y5sPuCE0snHt5ZuwKXxg', 'id': 'UgzUXUrVXc15AEgmvYV4AaABAg', 'snippet': {'videoId': 'zEfTDpfyt1o', 'textDisplay': 'Apoiadores do Roberto Jefferson fantasiado a de bolsominion', 'textOriginal': 'Apoiadores do Roberto Jefferson fantasiado a de bolsominion', 'authorDisplayName': 'Lambreta Filmes', 'authorProfileImageUrl': 'https://yt3.ggpht.com/ytc/AGIKgqN2CYc0YaSKSylsLyeP6NwuGGbjikBFmMGubBSu=s48-c-k-c0x00ffffff-no-rj', 'authorChannelUrl': 'http://www.youtube.com/channel/UCPFwN5ws3fZk3Moo-mPJGAQ', 'authorChannelId': {'value': 'UCPFwN5ws3fZk3Moo-mPJGAQ'}, 'canRate': True, 'viewerRating': 'none', 'likeCount': 0, 'publishedAt': '2022-10-24T01:21:23Z', 'updatedAt': '2022-10-24T01:21:23Z'}}, 'canReply': True, 'totalReplyCount': 0, 'isPublic': True}",,UCPFwN5ws3fZk3Moo-mPJGAQ,2022-10-24T01:21:23Z,Apoiadores do Roberto Jefferson fantasiado a de bolsominion,QURTSl9pMWw0UnhTM2FCOG4tY0x0UEJNWUJKcUFob2ZhdElEU3VGRnVwT21zWXlKOWNBOWlIU2E5RG1teU1yTWpHdURVMHdMdW9tQWtvdw==,2023-06-08 14:52:35.620843
youtube#commentThread,mf-pX2izrZqVcIKHPYVtgORCxVY,UgyJjpfl1hwKAKoT5G94AaABAg,"{'videoId': 'zEfTDpfyt1o', 'topLevelComment': {'kind': 'youtube#comment', 'etag': 'DIICFjSCxIzWOCyYB6xWnrlI1zU', 'id': 'UgyJjpfl1hwKAKoT5G94AaABAg', 'snippet': {'videoId': 'zEfTDpfyt1o', 'textDisplay': 'Rede globo é inimiga do povo brasileiro. Isso é o mínimo coisas piores a  globo faz.', 'textOriginal': 'Rede globo é inimiga do povo brasileiro. Isso é o mínimo coisas piores a  globo faz.', 'authorDisplayName': 'Getulio Fraiji', 'authorProfileImageUrl': 'https://yt3.ggpht.com/ytc/AGIKgqPf6j7LgONtEe37-_7hmWI-Cfg06q9XNkkcbQ=s48-c-k-c0x00ffffff-no-rj', 'authorChannelUrl': 'http://www.youtube.com/channel/UCEUJkrl5EkI6z9fEoaKPqKQ', 'authorChannelId': {'value': 'UCEUJkrl5EkI6z9fEoaKPqKQ'}, 'canRate': True, 'viewerRating': 'none', 'likeCount': 0, 'publishedAt': '2022-10-24T01:20:54Z', 'updatedAt': '2022-10-24T01:20:54Z'}}, 'canReply': True, 'totalReplyCount': 0, 'isPublic': True}",,UCEUJkrl5EkI6z9fEoaKPqKQ,2022-10-24T01:20:54Z,Rede globo é inimiga do povo brasileiro. Isso é o mínimo coisas piores a  globo faz.,QURTSl9pMWw0UnhTM2FCOG4tY0x0UEJNWUJKcUFob2ZhdElEU3VGRnVwT21zWXlKOWNBOWlIU2E5RG1teU1yTWpHdURVMHdMdW9tQWtvdw==,2023-06-08 14:52:35.620843
youtube#commentThread,l0ax2cqc7UpmW8K6KDHBQvlDMyo,UgzBO2Tnpdze3wwYJ9d4AaABAg,"{'videoId': 'zEfTDpfyt1o', 'topLevelComment': {'kind': 'youtube#comment', 'etag': 'tNpBffJnJlz6fFazhzzwUe9H5Jg', 'id': 'UgzBO2Tnpdze3wwYJ9d4AaABAg', 'snippet': {'videoId': 'zEfTDpfyt1o', 'textDisplay': 'NÓS BRASILEIROS DO BEM VAMOS ficar felizes ver o ALEXANDRE DE MORAES sair algemado para prisão com tantas ARBITRARIEDADES QUE ALEXANDRE DE MORAES ESTÁ COMETENDO E NÃO TEM UMA SOLUÇÃO E QUEM PODE PARAR ESTE DEMÔNIO!', 'textOriginal': 'NÓS BRASILEIROS DO BEM VAMOS ficar felizes ver o ALEXANDRE DE MORAES sair algemado para prisão com tantas ARBITRARIEDADES QUE ALEXANDRE DE MORAES ESTÁ COMETENDO E NÃO TEM UMA SOLUÇÃO E QUEM PODE PARAR ESTE DEMÔNIO!', 'authorDisplayName': 'Marilene Viana', 'authorProfileImageUrl': 'https://yt3.ggpht.com/ytc/AGIKgqMAqZedk1bLXv9eNizCPacV8Oe4DmwI_TiYDQ=s48-c-k-c0x00ffffff-no-rj', 'authorChannelUrl': 'http://www.youtube.com/channel/UCORmHJtEdRjQl0USyvpRenw', 'authorChannelId': {'value': 'UCORmHJtEdRjQl0USyvpRenw'}, 'canRate': True, 'viewerRating': 'none', 'likeCount': 0, 'publishedAt': '2022-10-24T01:20:45Z', 'updatedAt': '2022-10-24T01:20:45Z'}}, 'canReply': True, 'totalReplyCount': 0, 'isPublic': True}",,UCORmHJtEdRjQl0USyvpRenw,2022-10-24T01:20:45Z,NÓS BRASILEIROS DO BEM VAMOS ficar felizes ver o ALEXANDRE DE MORAES sair algemado para prisão com tantas ARBITRARIEDADES QUE ALEXANDRE DE MORAES ESTÁ COMETENDO E NÃO TEM UMA SOLUÇÃO E QUEM PODE PARAR ESTE DEMÔNIO!,QURTSl9pMWw0UnhTM2FCOG4tY0x0UEJNWUJKcUFob2ZhdElEU3VGRnVwT21zWXlKOWNBOWlIU2E5RG1teU1yTWpHdURVMHdMdW9tQWtvdw==,2023-06-08 14:52:35.620843
youtube#commentThread,MvftIQAdzRI_9YNQTzaFCoF7KHA,Ugy0sniH2xv5ncxvzg14AaABAg,"{'videoId': 'zEfTDpfyt1o', 'topLevelComment': {'kind': 'youtube#comment', 'etag': 'QXKvjBHRp5SIbZ-5U52RPAI_tLM', 'id': 'Ugy0sniH2xv5ncxvzg14AaABAg', 'snippet': {'videoId': 'zEfTDpfyt1o', 'textDisplay': 'Apoiador de bozó', 'textOriginal': 'Apoiador de bozó', 'authorDisplayName': 'iogo monteiro', 'authorProfileImageUrl': 'https://yt3.ggpht.com/ihaq2JAPBVDF8m_T3qun9dTnZrhZPRlUBeR2QiN1FXqYW999N6p6DKZpWDReYp9otT6pqyI4ig=s48-c-k-c0x00ffffff-no-rj', 'authorChannelUrl': 'http://www.youtube.com/channel/UC_lj7Oj1J5JrmwAIXY7KL7A', 'authorChannelId': {'value': 'UC_lj7Oj1J5JrmwAIXY7KL7A'}, 'canRate': True, 'viewerRating': 'none', 'likeCount': 0, 'publishedAt': '2022-10-24T01:20:41Z', 'updatedAt': '2022-10-24T01:20:41Z'}}, 'canReply': True, 'totalReplyCount': 0, 'isPublic': True}",,UC_lj7Oj1J5JrmwAIXY7KL7A,2022-10-24T01:20:41Z,Apoiador de bozó,QURTSl9pMWw0UnhTM2FCOG4tY0x0UEJNWUJKcUFob2ZhdElEU3VGRnVwT21zWXlKOWNBOWlIU2E5RG1teU1yTWpHdURVMHdMdW9tQWtvdw==,2023-06-08 14:52:35.620843
youtube#commentThread,Sz_os5kOMsfWKfOR9wFrdT3iQbc,UgxZAfVlvYcVbZ25oMJ4AaABAg,"{'videoId': 'zEfTDpfyt1o', 'topLevelComment': {'kind': 'youtube#comment', 'etag': 's17GI-0T5tJGPa-ZNH0RoKosLhM', 'id': 'UgxZAfVlvYcVbZ25oMJ4AaABAg', 'snippet': {'videoId': 'zEfTDpfyt1o', 'textDisplay': 'Fora STF malditos.', 'textOriginal': 'Fora STF malditos.', 'authorDisplayName': 'Midiane Eva da silva Eva', 'authorProfileImageUrl': 'https://yt3.ggpht.com/ytc/AGIKgqMgU3MPvAspy2vEgsZxz1iAS-T9ykY5Nal5fXT8yg=s48-c-k-c0x00ffffff-no-rj', 'authorChannelUrl': 'http://www.youtube.com/channel/UCidh9FJauYMdFw4O6-EuWsA', 'authorChannelId': {'value': 'UCidh9FJauYMdFw4O6-EuWsA'}, 'canRate': True, 'viewerRating': 'none', 'likeCount': 1, 'publishedAt': '2022-10-24T01:20:07Z', 'updatedAt': '2022-10-24T01:20:07Z'}}, 'canReply': True, 'totalReplyCount': 0, 'isPublic': True}",,UCidh9FJauYMdFw4O6-EuWsA,2022-10-24T01:20:07Z,Fora STF malditos.,QURTSl9pMWw0UnhTM2FCOG4tY0x0UEJNWUJKcUFob2ZhdElEU3VGRnVwT21zWXlKOWNBOWlIU2E5RG1teU1yTWpHdURVMHdMdW9tQWtvdw==,2023-06-08 14:52:35.620843
youtube#commentThread,Ek6zLqOt8riG6gauv8Rx3le4BmA,UgzFIvbkFdx1G5XZLbx4AaABAg,"{'videoId': 'zEfTDpfyt1o', 'topLevelComment': {'kind': 'youtube#comment', 'etag': '6Hfri8cEpqvzHFcEnE0KyyphBu0', 'id': 'UgzFIvbkFdx1G5XZLbx4AaABAg', 'snippet': {'videoId': 'zEfTDpfyt1o', 'textDisplay': 'É impressionante a rapidez de como os criminosos da TV caixao e outras Marias vai com as outras conseguem chegar nesses casos pq coisas piores estão acontecendo com os criminosos do STF e eles não tem a mesma corajem e rapidez de notíciar da mesma forma todos os crimes cometidos por todos eles da toga e companhia ltda todos corrompidos. PT e Lula nunca mais', 'textOriginal': 'É impressionante a rapidez de como os criminosos da TV caixao e outras Marias vai com as outras conseguem chegar nesses casos pq coisas piores estão acontecendo com os criminosos do STF e eles não tem a mesma corajem e rapidez de notíciar da mesma forma todos os crimes cometidos por todos eles da toga e companhia ltda todos corrompidos. PT e Lula nunca mais', 'authorDisplayName': 'Mario Elói De Macedo', 'authorProfileImageUrl': 'https://yt3.ggpht.com/ytc/AGIKgqOIuHwMkHRtogTqnECbQ5Zxqdjb2Prm3rrIqg=s48-c-k-c0x00ffffff-no-rj', 'authorChannelUrl': 'http://www.youtube.com/channel/UCWmgDQFrOXbpiATAcYGKveQ', 'authorChannelId': {'value': 'UCWmgDQFrOXbpiATAcYGKveQ'}, 'canRate': True, 'viewerRating': 'none', 'likeCount': 1, 'publishedAt': '2022-10-24T01:19:44Z', 'updatedAt': '2022-10-24T01:19:44Z'}}, 'canReply': True, 'totalReplyCount': 0, 'isPublic': True}",,UCWmgDQFrOXbpiATAcYGKveQ,2022-10-24T01:19:44Z,É impressionante a rapidez de como os criminosos da TV caixao e outras Marias vai com as outras conseguem chegar nesses casos pq coisas piores estão acontecendo com os criminosos do STF e eles não tem a mesma corajem e rapidez de notíciar da mesma forma todos os crimes cometidos por todos eles da toga e companhia ltda todos corrompidos. PT e Lula nunca mais,QURTSl9pMWw0UnhTM2FCOG4tY0x0UEJNWUJKcUFob2ZhdElEU3VGRnVwT21zWXlKOWNBOWlIU2E5RG1teU1yTWpHdURVMHdMdW9tQWtvdw==,2023-06-08 14:52:35.620843
youtube#commentThread,UGU6lzw_KzSFfF4L0Ic0_wfAPTo,Ugzyg5J4rlyJ_U4XblB4AaABAg,"{'videoId': 'zEfTDpfyt1o', 'topLevelComment': {'kind': 'youtube#comment', 'etag': '_cjpi5jhoZtzmO4RhgFJj1nYfpk', 'id': 'Ugzyg5J4rlyJ_U4XblB4AaABAg', 'snippet': {'videoId': 'zEfTDpfyt1o', 'textDisplay': 'E mais um trouxa emocionado tem a cara mostrada em rede nacional e é repudiado por seu ato violento.', 'textOriginal': 'E mais um trouxa emocionado tem a cara mostrada em rede nacional e é repudiado por seu ato violento.', 'authorDisplayName': 'Bruno Prado', 'authorProfileImageUrl': 'https://yt3.ggpht.com/ytc/AGIKgqOLaSb-JtmrdjZgQY3CyaEjy-ORa5j2_-kdSo0pqg=s48-c-k-c0x00ffffff-no-rj', 'authorChannelUrl': 'http://www.youtube.com/channel/UCXBoBtJl9-ooHZt5TJPx3pg', 'authorChannelId': {'value': 'UCXBoBtJl9-ooHZt5TJPx3pg'}, 'canRate': True, 'viewerRating': 'none', 'likeCount': 0, 'publishedAt': '2022-10-24T01:19:25Z', 'updatedAt': '2022-10-24T01:19:25Z'}}, 'canReply': True, 'totalReplyCount': 0, 'isPublic': True}",,UCXBoBtJl9-ooHZt5TJPx3pg,2022-10-24T01:19:25Z,E mais um trouxa emocionado tem a cara mostrada em rede nacional e é repudiado por seu ato violento.,QURTSl9pMWw0UnhTM2FCOG4tY0x0UEJNWUJKcUFob2ZhdElEU3VGRnVwT21zWXlKOWNBOWlIU2E5RG1teU1yTWpHdURVMHdMdW9tQWtvdw==,2023-06-08 14:52:35.620843
youtube#commentThread,wO3FM-SBXj_KsKbdZxGmL4AObxE,Ugyc8fyuv93qr2v4K-x4AaABAg,"{'videoId': 'zEfTDpfyt1o', 'topLevelComment': {'kind': 'youtube#comment', 'etag': 'LxSgIg-iFNR6Uo2s6thUzkRBD_E', 'id': 'Ugyc8fyuv93qr2v4K-x4AaABAg', 'snippet': {'videoId': 'zEfTDpfyt1o', 'textDisplay': 'Isso é assalto.  O agressor tem que pagar por isso.', 'textOriginal': 'Isso é assalto.  O agressor tem que pagar por isso.', 'authorDisplayName': 'EMG', 'authorProfileImageUrl': 'https://yt3.ggpht.com/ytc/AGIKgqMQRvZnVo2IqNyQQQhwwj-FgrWitbgPFQ42RQ8HbNZbqBuzAIztYBWTD2RPECdT=s48-c-k-c0x00ffffff-no-rj', 'authorChannelUrl': 'http://www.youtube.com/channel/UCYOS_R7KO5XIvPefNHv1ejQ', 'authorChannelId': {'value': 'UCYOS_R7KO5XIvPefNHv1ejQ'}, 'canRate': True, 'viewerRating': 'none', 'likeCount': 0, 'publishedAt': '2022-10-24T01:17:23Z', 'updatedAt': '2022-10-24T01:18:57Z'}}, 'canReply': True, 'totalReplyCount': 0, 'isPublic': True}",,UCYOS_R7KO5XIvPefNHv1ejQ,2022-10-24T01:17:23Z,Isso é assalto.  O agressor tem que pagar por isso.,QURTSl9pMWw0UnhTM2FCOG4tY0x0UEJNWUJKcUFob2ZhdElEU3VGRnVwT21zWXlKOWNBOWlIU2E5RG1teU1yTWpHdURVMHdMdW9tQWtvdw==,2023-06-08 14:52:35.620843
youtube#commentThread,S35TVpc7NhvwQud6kn-J8dDRW-4,UgxC8SUiLQmQ0SycElV4AaABAg,"{'videoId': 'zEfTDpfyt1o', 'topLevelComment': {'kind': 'youtube#comment', 'etag': '_CxcNJ5Ow_iDEFYK9_r79fP1bRk', 'id': 'UgxC8SUiLQmQ0SycElV4AaABAg', 'snippet': {'videoId': 'zEfTDpfyt1o', 'textDisplay': 'QUEM ESTÁ CAUSANDO TUDO ISSO É O ALEXANDRE DE MORAES UM DITADOR ADVOGADO DE FACÇÕES CRIMINOSAS! ALEXANDRE DE MORAES SE ACHANDO SEME DEUS E AUTORIDADE MÁXIMA! AS FORÇAS ARMARDAS TEM QUE TOMAR PROVIDENCIA CONTRA ESTE COMUNISTA ALEXANDRE DE MORAES!', 'textOriginal': 'QUEM ESTÁ CAUSANDO TUDO ISSO É O ALEXANDRE DE MORAES UM DITADOR ADVOGADO DE FACÇÕES CRIMINOSAS! ALEXANDRE DE MORAES SE ACHANDO SEME DEUS E AUTORIDADE MÁXIMA! AS FORÇAS ARMARDAS TEM QUE TOMAR PROVIDENCIA CONTRA ESTE COMUNISTA ALEXANDRE DE MORAES!', 'authorDisplayName': 'Marilene Viana', 'authorProfileImageUrl': 'https://yt3.ggpht.com/ytc/AGIKgqMAqZedk1bLXv9eNizCPacV8Oe4DmwI_TiYDQ=s48-c-k-c0x00ffffff-no-rj', 'authorChannelUrl': 'http://www.youtube.com/channel/UCORmHJtEdRjQl0USyvpRenw', 'authorChannelId': {'value': 'UCORmHJtEdRjQl0USyvpRenw'}, 'canRate': True, 'viewerRating': 'none', 'likeCount': 0, 'publishedAt': '2022-10-24T01:16:40Z', 'updatedAt': '2022-10-24T01:16:40Z'}}, 'canReply': True, 'totalReplyCount': 0, 'isPublic': True}",,UCORmHJtEdRjQl0USyvpRenw,2022-10-24T01:16:40Z,QUEM ESTÁ CAUSANDO TUDO ISSO É O ALEXANDRE DE MORAES UM DITADOR ADVOGADO DE FACÇÕES CRIMINOSAS! ALEXANDRE DE MORAES SE ACHANDO SEME DEUS E AUTORIDADE MÁXIMA! AS FORÇAS ARMARDAS TEM QUE TOMAR PROVIDENCIA CONTRA ESTE COMUNISTA ALEXANDRE DE MORAES!,QURTSl9pMWw0UnhTM2FCOG4tY0x0UEJNWUJKcUFob2ZhdElEU3VGRnVwT21zWXlKOWNBOWlIU2E5RG1teU1yTWpHdURVMHdMdW9tQWtvdw==,2023-06-08 14:52:35.620843
youtube#commentThread,BxbAJU_f5mMzUpKOusw5ih1nJek,UgyYf64DgI0rXbOP6Vd4AaABAg,"{'videoId': 'zEfTDpfyt1o', 'topLevelComment': {'kind': 'youtube#comment', 'etag': 'GV5qcRdob2LkTHjX2iVr8sNq6qk', 'id': 'UgyYf64DgI0rXbOP6Vd4AaABAg', 'snippet': {'videoId': 'zEfTDpfyt1o', 'textDisplay': 'A globo não é  bem vinda em luga nenhum', 'textOriginal': 'A globo não é  bem vinda em luga nenhum', 'authorDisplayName': 'Alexandre Ribeiro', 'authorProfileImageUrl': 'https://yt3.ggpht.com/ytc/AGIKgqMxlcC8Zy5-NNUh25SVuGLTH1Hd8vs68qkVvjnGvg=s48-c-k-c0x00ffffff-no-rj', 'authorChannelUrl': 'http://www.youtube.com/channel/UCtFxtvOBoLHPELjwUol1lUw', 'authorChannelId': {'value': 'UCtFxtvOBoLHPELjwUol1lUw'}, 'canRate': True, 'viewerRating': 'none', 'likeCount': 0, 'publishedAt': '2022-10-24T01:15:03Z', 'updatedAt': '2022-10-24T01:15:03Z'}}, 'canReply': True, 'totalReplyCount': 0, 'isPublic': True}",,UCtFxtvOBoLHPELjwUol1lUw,2022-10-24T01:15:03Z,A globo não é  bem vinda em luga nenhum,QURTSl9pMWw0UnhTM2FCOG4tY0x0UEJNWUJKcUFob2ZhdElEU3VGRnVwT21zWXlKOWNBOWlIU2E5RG1teU1yTWpHdURVMHdMdW9tQWtvdw==,2023-06-08 14:52:35.620843
youtube#commentThread,PxnhJrP15z9jFzZjewrvUCM8nIs,UgyQ0F7r9IBXJfg2MEp4AaABAg,"{'videoId': 'zEfTDpfyt1o', 'topLevelComment': {'kind': 'youtube#comment', 'etag': 'KMvnqS_93XXxLQyxaoAbiqzylLw', 'id': 'UgyQ0F7r9IBXJfg2MEp4AaABAg', 'snippet': {'videoId': 'zEfTDpfyt1o', 'textDisplay': 'Quero ver o canal bolsonarista  amanhã qual vai ser a desculpa vai falar que o cinegrafista está errado', 'textOriginal': 'Quero ver o canal bolsonarista  amanhã qual vai ser a desculpa vai falar que o cinegrafista está errado', 'authorDisplayName': 'Vanilto Bta', 'authorProfileImageUrl': 'https://yt3.ggpht.com/ytc/AGIKgqMNDkvniW1X6CitE7QvdPUKme2SOC2qgMyksg=s48-c-k-c0x00ffffff-no-rj', 'authorChannelUrl': 'http://www.youtube.com/channel/UCE3xFJVmvaPLImIrwPdsZng', 'authorChannelId': {'value': 'UCE3xFJVmvaPLImIrwPdsZng'}, 'canRate': True, 'viewerRating': 'none', 'likeCount': 0, 'publishedAt': '2022-10-24T01:14:48Z', 'updatedAt': '2022-10-24T01:14:48Z'}}, 'canReply': True, 'totalReplyCount': 0, 'isPublic': True}",,UCE3xFJVmvaPLImIrwPdsZng,2022-10-24T01:14:48Z,Quero ver o canal bolsonarista  amanhã qual vai ser a desculpa vai falar que o cinegrafista está errado,QURTSl9pMWw0UnhTM2FCOG4tY0x0UEJNWUJKcUFob2ZhdElEU3VGRnVwT21zWXlKOWNBOWlIU2E5RG1teU1yTWpHdURVMHdMdW9tQWtvdw==,2023-06-08 14:52:35.620843
youtube#commentThread,lX5x0EVcc-CLGuGIOI2qhXaZhZ8,UgxLPPjDiLZ-pXXCOSl4AaABAg,"{'videoId': 'zEfTDpfyt1o', 'topLevelComment': {'kind': 'youtube#comment', 'etag': 'cVrtTa-LE6ANV3mrf1JR8KfSUkg', 'id': 'UgxLPPjDiLZ-pXXCOSl4AaABAg', 'snippet': {'videoId': 'zEfTDpfyt1o', 'textDisplay': 'Culpa do Lula .... isso vai acabar,  Lula presidente corrupto,  mas violência nunca mais', 'textOriginal': 'Culpa do Lula .... isso vai acabar,  Lula presidente corrupto,  mas violência nunca mais', 'authorDisplayName': 'Gold Gold', 'authorProfileImageUrl': 'https://yt3.ggpht.com/ytc/AGIKgqNN7lNOPt2cpi4YrEbxjDhXPlVEN_WGqxcs1E5q1Q=s48-c-k-c0x00ffffff-no-rj', 'authorChannelUrl': 'http://www.youtube.com/channel/UC0paYl8Mfi89QDqJYykqPqw', 'authorChannelId': {'value': 'UC0paYl8Mfi89QDqJYykqPqw'}, 'canRate': True, 'viewerRating': 'none', 'likeCount': 0, 'publishedAt': '2022-10-24T01:14:01Z', 'updatedAt': '2022-10-24T01:14:01Z'}}, 'canReply': True, 'totalReplyCount': 0, 'isPublic': True}",,UC0paYl8Mfi89QDqJYykqPqw,2022-10-24T01:14:01Z,"Culpa do Lula .... isso vai acabar,  Lula presidente corrupto,  mas violência nunca mais",QURTSl9pMWw0UnhTM2FCOG4tY0x0UEJNWUJKcUFob2ZhdElEU3VGRnVwT21zWXlKOWNBOWlIU2E5RG1teU1yTWpHdURVMHdMdW9tQWtvdw==,2023-06-08 14:52:35.620843
youtube#commentThread,ehf6FIhfZ3QIMuoOwM48d1cNSDI,UgwVOJT9jhovXZn5B1R4AaABAg,"{'videoId': 'zEfTDpfyt1o', 'topLevelComment': {'kind': 'youtube#comment', 'etag': 'Klma6FKypUpr9Ej_E-W5BFj1xcU', 'id': 'UgwVOJT9jhovXZn5B1R4AaABAg', 'snippet': {'videoId': 'zEfTDpfyt1o', 'textDisplay': 'Não vir o começo  .mais será qie esse rapaz não é da esquerda que foi lá pra fazer regaço. Minha opinião. Tinha que acha esse homi .pra pesquisa .nãoconcordo com a violência.', 'textOriginal': 'Não vir o começo  .mais será qie esse rapaz não é da esquerda que foi lá pra fazer regaço. Minha opinião. Tinha que acha esse homi .pra pesquisa .nãoconcordo com a violência.', 'authorDisplayName': 'claudia barbosa', 'authorProfileImageUrl': 'https://yt3.ggpht.com/IS_Jhk_Pg3FPKbIH2zS7HidFxq1ElgyX0XkanSml2q2yBlA6-NXHD-6jBcqCxnmLjJIQKqcJ=s48-c-k-c0x00ffffff-no-rj', 'authorChannelUrl': 'http://www.youtube.com/channel/UCyzd79DoFP_fxVuvdgnOoTw', 'authorChannelId': {'value': 'UCyzd79DoFP_fxVuvdgnOoTw'}, 'canRate': True, 'viewerRating': 'none', 'likeCount': 0, 'publishedAt': '2022-10-24T01:13:57Z', 'updatedAt': '2022-10-24T01:13:57Z'}}, 'canReply': True, 'totalReplyCount': 0, 'isPublic': True}",,UCyzd79DoFP_fxVuvdgnOoTw,2022-10-24T01:13:57Z,Não vir o começo  .mais será qie esse rapaz não é da esquerda que foi lá pra fazer regaço. Minha opinião. Tinha que acha esse homi .pra pesquisa .nãoconcordo com a violência.,QURTSl9pMWw0UnhTM2FCOG4tY0x0UEJNWUJKcUFob2ZhdElEU3VGRnVwT21zWXlKOWNBOWlIU2E5RG1teU1yTWpHdURVMHdMdW9tQWtvdw==,2023-06-08 14:52:35.620843
youtube#commentThread,915dldgalE8GqsO3l7xl5y8o5T4,Ugx9l5zJaXcTdwFbzE14AaABAg,"{'videoId': 'zEfTDpfyt1o', 'topLevelComment': {'kind': 'youtube#comment', 'etag': 'cDC8IGvfdaKs4yTZPYpAJ4F8rbU', 'id': 'Ugx9l5zJaXcTdwFbzE14AaABAg', 'snippet': {'videoId': 'zEfTDpfyt1o', 'textDisplay': 'Infelizmente estão pedindo o pior, a panela cai explodir e feio, muito feio!', 'textOriginal': 'Infelizmente estão pedindo o pior, a panela cai explodir e feio, muito feio!', 'authorDisplayName': 'Torcedor Avanti', 'authorProfileImageUrl': 'https://yt3.ggpht.com/P3iiHC2gqPRrmoWNGnMJjakZPwKlw3h-3mc97FHRNLcurGivLo0EU_6h31PGzdnBTR8nRuAe-w=s48-c-k-c0x00ffffff-no-rj', 'authorChannelUrl': 'http://www.youtube.com/channel/UCy7vTyB2njkpbIrjryuyAeQ', 'authorChannelId': {'value': 'UCy7vTyB2njkpbIrjryuyAeQ'}, 'canRate': True, 'viewerRating': 'none', 'likeCount': 0, 'publishedAt': '2022-10-24T01:13:48Z', 'updatedAt': '2022-10-24T01:13:48Z'}}, 'canReply': True, 'totalReplyCount': 0, 'isPublic': True}",,UCy7vTyB2njkpbIrjryuyAeQ,2022-10-24T01:13:48Z,"Infelizmente estão pedindo o pior, a panela cai explodir e feio, muito feio!",QURTSl9pMWw0UnhTM2FCOG4tY0x0UEJNWUJKcUFob2ZhdElEU3VGRnVwT21zWXlKOWNBOWlIU2E5RG1teU1yTWpHdURVMHdMdW9tQWtvdw==,2023-06-08 14:52:35.620843
youtube#commentThread,EKxRj8bWN0E6LgM1vS-dff45qD0,Ugx9-x_4nEyWGlW73It4AaABAg,"{'videoId': 'zEfTDpfyt1o', 'topLevelComment': {'kind': 'youtube#comment', 'etag': 'aXHUK1lJcevYHJ5xu9RMOFZ1qEc', 'id': 'Ugx9-x_4nEyWGlW73It4AaABAg', 'snippet': {'videoId': 'zEfTDpfyt1o', 'textDisplay': 'Bolsonaro e Bolsonaristas pregam o ódio e o uso da violência. No mesmo dia e na mesma rua houveram dois atos de violência dos quais vocês, bolsonaro e apoiadores, são totalmente responsáveis. Roberto Jefferson ataca a tiros agentes da PF, a mesma policia que levou pra cadeia outros corruptos como Lula. Algumas horas depois um apoiador com a famosa vestimenta &quot;patriótica&quot; com as cores da bandeira nacional, agride um reporter da globo, podendo ter levado à morte do profissional. Vocês pregam o ódio contra profissionais da globo e qualquer outro profissional que seja pertencente a uma instituição repudiada por Bolsonaro. Vocês estão colocando o segundo turno no bolso do Lula, deixem de ser tapados, não apoiem esse tipo de ato.', 'textOriginal': 'Bolsonaro e Bolsonaristas pregam o ódio e o uso da violência. No mesmo dia e na mesma rua houveram dois atos de violência dos quais vocês, bolsonaro e apoiadores, são totalmente responsáveis. Roberto Jefferson ataca a tiros agentes da PF, a mesma policia que levou pra cadeia outros corruptos como Lula. Algumas horas depois um apoiador com a famosa vestimenta ""patriótica"" com as cores da bandeira nacional, agride um reporter da globo, podendo ter levado à morte do profissional. Vocês pregam o ódio contra profissionais da globo e qualquer outro profissional que seja pertencente a uma instituição repudiada por Bolsonaro. Vocês estão colocando o segundo turno no bolso do Lula, deixem de ser tapados, não apoiem esse tipo de ato.', 'authorDisplayName': 'Bruno Prado', 'authorProfileImageUrl': 'https://yt3.ggpht.com/ytc/AGIKgqOLaSb-JtmrdjZgQY3CyaEjy-ORa5j2_-kdSo0pqg=s48-c-k-c0x00ffffff-no-rj', 'authorChannelUrl': 'http://www.youtube.com/channel/UCXBoBtJl9-ooHZt5TJPx3pg', 'authorChannelId': {'value': 'UCXBoBtJl9-ooHZt5TJPx3pg'}, 'canRate': True, 'viewerRating': 'none', 'likeCount': 0, 'publishedAt': '2022-10-24T01:13:30Z', 'updatedAt': '2022-10-24T01:13:41Z'}}, 'canReply': True, 'totalReplyCount': 0, 'isPublic': True}",,UCXBoBtJl9-ooHZt5TJPx3pg,2022-10-24T01:13:30Z,"Bolsonaro e Bolsonaristas pregam o ódio e o uso da violência. No mesmo dia e na mesma rua houveram dois atos de violência dos quais vocês, bolsonaro e apoiadores, são totalmente responsáveis. Roberto Jefferson ataca a tiros agentes da PF, a mesma policia que levou pra cadeia outros corruptos como Lula. Algumas horas depois um apoiador com a famosa vestimenta ""patriótica"" com as cores da bandeira nacional, agride um reporter da globo, podendo ter levado à morte do profissional. Vocês pregam o ódio contra profissionais da globo e qualquer outro profissional que seja pertencente a uma instituição repudiada por Bolsonaro. Vocês estão colocando o segundo turno no bolso do Lula, deixem de ser tapados, não apoiem esse tipo de ato.",QURTSl9pMWw0UnhTM2FCOG4tY0x0UEJNWUJKcUFob2ZhdElEU3VGRnVwT21zWXlKOWNBOWlIU2E5RG1teU1yTWpHdURVMHdMdW9tQWtvdw==,2023-06-08 14:52:35.620843
youtube#commentThread,6i4CD2l-B4gVEfdplgc176dVjQA,UgwsIv7NzvjjBRvmvGV4AaABAg,"{'videoId': 'zEfTDpfyt1o', 'topLevelComment': {'kind': 'youtube#comment', 'etag': '1cxZGkP_LMAaWpAAsZJSc-fk6SI', 'id': 'UgwsIv7NzvjjBRvmvGV4AaABAg', 'snippet': {'videoId': 'zEfTDpfyt1o', 'textDisplay': 'Absurdo, agredir qualquer pessoa é errado.', 'textOriginal': 'Absurdo, agredir qualquer pessoa é errado.', 'authorDisplayName': 'Ronaldo Guedes', 'authorProfileImageUrl': 'https://yt3.ggpht.com/ytc/AGIKgqOdq2zi92W5B0IlPOPieCLujwnCWbNH-VfyXoFWf_Q=s48-c-k-c0x00ffffff-no-rj', 'authorChannelUrl': 'http://www.youtube.com/channel/UCae1b_Hme0ai18Nu8pTRscA', 'authorChannelId': {'value': 'UCae1b_Hme0ai18Nu8pTRscA'}, 'canRate': True, 'viewerRating': 'none', 'likeCount': 0, 'publishedAt': '2022-10-24T01:12:51Z', 'updatedAt': '2022-10-24T01:12:51Z'}}, 'canReply': True, 'totalReplyCount': 0, 'isPublic': True}",,UCae1b_Hme0ai18Nu8pTRscA,2022-10-24T01:12:51Z,"Absurdo, agredir qualquer pessoa é errado.",QURTSl9pMWw0UnhTM2FCOG4tY0x0UEJNWUJKcUFob2ZhdElEU3VGRnVwT21zWXlKOWNBOWlIU2E5RG1teU1yTWpHdURVMHdMdW9tQWtvdw==,2023-06-08 14:52:35.620843
youtube#commentThread,52BOLr-M4AqR20UynSsOhNlmzQw,UgyI3vn_UI-zL_seTWl4AaABAg,"{'videoId': 'zEfTDpfyt1o', 'topLevelComment': {'kind': 'youtube#comment', 'etag': 'MmyOVAgCuBJurhF-_SUlXtHRDX8', 'id': 'UgyI3vn_UI-zL_seTWl4AaABAg', 'snippet': {'videoId': 'zEfTDpfyt1o', 'textDisplay': 'Nossa ele foi de super homem !', 'textOriginal': 'Nossa ele foi de super homem !', 'authorDisplayName': 'herminia santiago', 'authorProfileImageUrl': 'https://yt3.ggpht.com/ytc/AGIKgqMdeA1hwmmbPXEadEjU2xlMoeYT439gx2UNSA=s48-c-k-c0x00ffffff-no-rj', 'authorChannelUrl': 'http://www.youtube.com/channel/UCmciQq32YYWfSyfv3yfioGQ', 'authorChannelId': {'value': 'UCmciQq32YYWfSyfv3yfioGQ'}, 'canRate': True, 'viewerRating': 'none', 'likeCount': 0, 'publishedAt': '2022-10-24T01:12:22Z', 'updatedAt': '2022-10-24T01:12:22Z'}}, 'canReply': True, 'totalReplyCount': 0, 'isPublic': True}",,UCmciQq32YYWfSyfv3yfioGQ,2022-10-24T01:12:22Z,Nossa ele foi de super homem !,QURTSl9pMWw0UnhTM2FCOG4tY0x0UEJNWUJKcUFob2ZhdElEU3VGRnVwT21zWXlKOWNBOWlIU2E5RG1teU1yTWpHdURVMHdMdW9tQWtvdw==,2023-06-08 14:52:35.620843
youtube#commentThread,4-UESwvq4jwfrW8MLrBp9m5SO6s,UgxYYrv8Piy2HyLFy4p4AaABAg,"{'videoId': 'zEfTDpfyt1o', 'topLevelComment': {'kind': 'youtube#comment', 'etag': 'XX98mRnik6p5DNsdXmc7JuIirOc', 'id': 'UgxYYrv8Piy2HyLFy4p4AaABAg', 'snippet': {'videoId': 'zEfTDpfyt1o', 'textDisplay': 'NADA JUSTIFICA MANDAR PRENDER UM IDOSO COM CÂNCER!<br>NADA JUSTIFICA UM CIDADÃO SEM FORO PRIVILEGIADO SER PRESO PELO STF.<br>NADA JUSTIFICA RASGAR O DEVIDO PROCESSO LEGAL!<br><br>ORDEM ILEGAL NÃO SEM CUMPRE !!!!!!!!!!!!!!!!!!!!!!!!!!!!!!!!!!!!!!!!!!!!!!!!!!!', 'textOriginal': 'NADA JUSTIFICA MANDAR PRENDER UM IDOSO COM CÂNCER!\\nNADA JUSTIFICA UM CIDADÃO SEM FORO PRIVILEGIADO SER PRESO PELO STF.\\nNADA JUSTIFICA RASGAR O DEVIDO PROCESSO LEGAL!\\n\\nORDEM ILEGAL NÃO SEM CUMPRE !!!!!!!!!!!!!!!!!!!!!!!!!!!!!!!!!!!!!!!!!!!!!!!!!!!', 'authorDisplayName': 'Thiago Coelho', 'authorProfileImageUrl': 'https://yt3.ggpht.com/ytc/AGIKgqMJZSv01wZoHOtONmvWR5cMTzha56eYMZrY=s48-c-k-c0x00ffffff-no-rj', 'authorChannelUrl': 'http://www.youtube.com/channel/UCgCww0K8ffhT7YquMNfEA9Q', 'authorChannelId': {'value': 'UCgCww0K8ffhT7YquMNfEA9Q'}, 'canRate': True, 'viewerRating': 'none', 'likeCount': 0, 'publishedAt': '2022-10-24T01:11:43Z', 'updatedAt': '2022-10-24T01:11:43Z'}}, 'canReply': True, 'totalReplyCount': 0, 'isPublic': True}",,UCgCww0K8ffhT7YquMNfEA9Q,2022-10-24T01:11:43Z,"NADA JUSTIFICA MANDAR PRENDER UM IDOSO COM CÂNCER!
NADA JUSTIFICA UM CIDADÃO SEM FORO PRIVILEGIADO SER PRESO PELO STF.
NADA JUSTIFICA RASGAR O DEVIDO PROCESSO LEGAL!

ORDEM ILEGAL NÃO SEM CUMPRE !!!!!!!!!!!!!!!!!!!!!!!!!!!!!!!!!!!!!!!!!!!!!!!!!!!",QURTSl9pMWw0UnhTM2FCOG4tY0x0UEJNWUJKcUFob2ZhdElEU3VGRnVwT21zWXlKOWNBOWlIU2E5RG1teU1yTWpHdURVMHdMdW9tQWtvdw==,2023-06-08 14:52:35.620843
youtube#commentThread,dndvcWcQ0WnmY33s1_Y2g9CPjbA,UgxKQQT-Jb3zbbzVaH94AaABAg,"{'videoId': 'zEfTDpfyt1o', 'topLevelComment': {'kind': 'youtube#comment', 'etag': 'OxV3q2uUmKFMx0QoD8BG1cVO-Co', 'id': 'UgxKQQT-Jb3zbbzVaH94AaABAg', 'snippet': {'videoId': 'zEfTDpfyt1o', 'textDisplay': 'Isso é o caos que o STE está causando. O PT também tem sua parcela de culpa. Sinto muito pelo cinegrafista, mas isso é culpa desses corvos que usam togas.', 'textOriginal': 'Isso é o caos que o STE está causando. O PT também tem sua parcela de culpa. Sinto muito pelo cinegrafista, mas isso é culpa desses corvos que usam togas.', 'authorDisplayName': 'Lei B', 'authorProfileImageUrl': 'https://yt3.ggpht.com/ytc/AGIKgqOvLK9MMetJzNDERazvQquTcFMEMp2pwV3qhou981E=s48-c-k-c0x00ffffff-no-rj', 'authorChannelUrl': 'http://www.youtube.com/channel/UCAWn1cS9z2fbWzAVDLlGcQA', 'authorChannelId': {'value': 'UCAWn1cS9z2fbWzAVDLlGcQA'}, 'canRate': True, 'viewerRating': 'none', 'likeCount': 0, 'publishedAt': '2022-10-24T01:11:40Z', 'updatedAt': '2022-10-24T01:11:40Z'}}, 'canReply': True, 'totalReplyCount': 0, 'isPublic': True}",,UCAWn1cS9z2fbWzAVDLlGcQA,2022-10-24T01:11:40Z,"Isso é o caos que o STE está causando. O PT também tem sua parcela de culpa. Sinto muito pelo cinegrafista, mas isso é culpa desses corvos que usam togas.",QURTSl9pMWw0UnhTM2FCOG4tY0x0UEJNWUJKcUFob2ZhdElEU3VGRnVwT21zWXlKOWNBOWlIU2E5RG1teU1yTWpHdURVMHdMdW9tQWtvdw==,2023-06-08 14:52:35.620843
youtube#commentThread,rKuNEUsWyx6YFQZw37l4LupT5Ng,Ugzo1lPzPaCPvsd9Mbx4AaABAg,"{'videoId': 'zEfTDpfyt1o', 'topLevelComment': {'kind': 'youtube#comment', 'etag': '5F9h5cL5oWSDH7TFVjlICdhGBLA', 'id': 'Ugzo1lPzPaCPvsd9Mbx4AaABAg', 'snippet': {'videoId': 'zEfTDpfyt1o', 'textDisplay': 'Tava lá  pra inverter os fatos', 'textOriginal': 'Tava lá  pra inverter os fatos', 'authorDisplayName': 'herminia santiago', 'authorProfileImageUrl': 'https://yt3.ggpht.com/ytc/AGIKgqMdeA1hwmmbPXEadEjU2xlMoeYT439gx2UNSA=s48-c-k-c0x00ffffff-no-rj', 'authorChannelUrl': 'http://www.youtube.com/channel/UCmciQq32YYWfSyfv3yfioGQ', 'authorChannelId': {'value': 'UCmciQq32YYWfSyfv3yfioGQ'}, 'canRate': True, 'viewerRating': 'none', 'likeCount': 0, 'publishedAt': '2022-10-24T01:11:26Z', 'updatedAt': '2022-10-24T01:11:26Z'}}, 'canReply': True, 'totalReplyCount': 0, 'isPublic': True}",,UCmciQq32YYWfSyfv3yfioGQ,2022-10-24T01:11:26Z,Tava lá  pra inverter os fatos,QURTSl9pMWw0UnhTM2FCOG4tY0x0UEJNWUJKcUFob2ZhdElEU3VGRnVwT21zWXlKOWNBOWlIU2E5RG1teU1yTWpHdURVMHdMdW9tQWtvdw==,2023-06-08 14:52:35.620843
youtube#commentThread,BU47UomnSH0s9B3-ptRpJB3o0fY,UgxafiFWuE9hXu4g_-F4AaABAg,"{'videoId': 'zEfTDpfyt1o', 'topLevelComment': {'kind': 'youtube#comment', 'etag': '4YZ2_Jzr7q1K55fDNt9ECt0085I', 'id': 'UgxafiFWuE9hXu4g_-F4AaABAg', 'snippet': {'videoId': 'zEfTDpfyt1o', 'textDisplay': 'Infelizmente tudo isso tá acontecendo por culpa de TSE que juntou com a globolixo e agem em favor de um ladrão.', 'textOriginal': 'Infelizmente tudo isso tá acontecendo por culpa de TSE que juntou com a globolixo e agem em favor de um ladrão.', 'authorDisplayName': 'Jader Ferreira', 'authorProfileImageUrl': 'https://yt3.ggpht.com/ytc/AGIKgqPi8Yf86O1CHJ967ViEOKKgTHi6amlCn2DCXg=s48-c-k-c0x00ffffff-no-rj', 'authorChannelUrl': 'http://www.youtube.com/channel/UCyp_Eu8miCwCETX9x82ho7g', 'authorChannelId': {'value': 'UCyp_Eu8miCwCETX9x82ho7g'}, 'canRate': True, 'viewerRating': 'none', 'likeCount': 0, 'publishedAt': '2022-10-24T01:11:15Z', 'updatedAt': '2022-10-24T01:11:15Z'}}, 'canReply': True, 'totalReplyCount': 0, 'isPublic': True}",,UCyp_Eu8miCwCETX9x82ho7g,2022-10-24T01:11:15Z,Infelizmente tudo isso tá acontecendo por culpa de TSE que juntou com a globolixo e agem em favor de um ladrão.,QURTSl9pMWw0UnhTM2FCOG4tY0x0UEJNWUJKcUFob2ZhdElEU3VGRnVwT21zWXlKOWNBOWlIU2E5RG1teU1yTWpHdURVMHdMdW9tQWtvdw==,2023-06-08 14:52:35.620843
youtube#commentThread,vPO62JgATThzdJUfLJZAUYOiAyo,Ugx3iWttVKJAVdo7k8R4AaABAg,"{'videoId': 'zEfTDpfyt1o', 'topLevelComment': {'kind': 'youtube#comment', 'etag': '5cxc5RhkehGPFVEt15K2Yo8D9mg', 'id': 'Ugx3iWttVKJAVdo7k8R4AaABAg', 'snippet': {'videoId': 'zEfTDpfyt1o', 'textDisplay': 'ESSES PORCOS NÃO ENXERGAM QUE QUEM MAIS AGRIDE A IMPRENSA É O STF E TSE COM CENSURAS?', 'textOriginal': 'ESSES PORCOS NÃO ENXERGAM QUE QUEM MAIS AGRIDE A IMPRENSA É O STF E TSE COM CENSURAS?', 'authorDisplayName': 'JOÃO NUNES PALESTRANTE', 'authorProfileImageUrl': 'https://yt3.ggpht.com/O5i3_H527zLh5QZTRSb7PiGm1IsRgx2yPlH3R087jSUjcypw-J_EdW-aBcNfhApJZlmr5mijcg=s48-c-k-c0x00ffffff-no-rj', 'authorChannelUrl': 'http://www.youtube.com/channel/UCE0i30pIP2Y3f597Khhf6ng', 'authorChannelId': {'value': 'UCE0i30pIP2Y3f597Khhf6ng'}, 'canRate': True, 'viewerRating': 'none', 'likeCount': 0, 'publishedAt': '2022-10-24T01:11:03Z', 'updatedAt': '2022-10-24T01:11:03Z'}}, 'canReply': True, 'totalReplyCount': 0, 'isPublic': True}",,UCE0i30pIP2Y3f597Khhf6ng,2022-10-24T01:11:03Z,ESSES PORCOS NÃO ENXERGAM QUE QUEM MAIS AGRIDE A IMPRENSA É O STF E TSE COM CENSURAS?,QURTSl9pMWw0UnhTM2FCOG4tY0x0UEJNWUJKcUFob2ZhdElEU3VGRnVwT21zWXlKOWNBOWlIU2E5RG1teU1yTWpHdURVMHdMdW9tQWtvdw==,2023-06-08 14:52:35.620843
youtube#commentThread,-NxL9Pq3Fik0Pbp9GgTKamiWw3s,Ugz-na8u42f89RDNnbB4AaABAg,"{'videoId': 'zEfTDpfyt1o', 'topLevelComment': {'kind': 'youtube#comment', 'etag': 'ncMEJvXDoE7lj0cB9mczbBNM8uw', 'id': 'Ugz-na8u42f89RDNnbB4AaABAg', 'snippet': {'videoId': 'zEfTDpfyt1o', 'textDisplay': 'Esses torgados que não respeitam a constituição  há passaram do tempo de serem julgados pelo STM', 'textOriginal': 'Esses torgados que não respeitam a constituição  há passaram do tempo de serem julgados pelo STM', 'authorDisplayName': 'Minutos com Deus com pastor Marlierio', 'authorProfileImageUrl': 'https://yt3.ggpht.com/T39-r3VknU2f8F25WW48kw0Arkw1Az2HE9Cr-xJZFxPohpoK6tMow1Snibwld8VgcQSd39yXmyw=s48-c-k-c0x00ffffff-no-rj', 'authorChannelUrl': 'http://www.youtube.com/channel/UC2kl1cV5Cg3KuJrfb_Ah0mQ', 'authorChannelId': {'value': 'UC2kl1cV5Cg3KuJrfb_Ah0mQ'}, 'canRate': True, 'viewerRating': 'none', 'likeCount': 0, 'publishedAt': '2022-10-24T01:09:49Z', 'updatedAt': '2022-10-24T01:09:49Z'}}, 'canReply': True, 'totalReplyCount': 0, 'isPublic': True}",,UC2kl1cV5Cg3KuJrfb_Ah0mQ,2022-10-24T01:09:49Z,Esses torgados que não respeitam a constituição  há passaram do tempo de serem julgados pelo STM,QURTSl9pMWw0UnhTM2FCOG4tY0x0UEJNWUJKcUFob2ZhdElEU3VGRnVwT21zWXlKOWNBOWlIU2E5RG1teU1yTWpHdURVMHdMdW9tQWtvdw==,2023-06-08 14:52:35.620843
youtube#commentThread,NdPP8JAgM1Pen22ZoVB-V3mBOgk,Ugyv9t37RKq2RAcu_Zt4AaABAg,"{'videoId': 'zEfTDpfyt1o', 'topLevelComment': {'kind': 'youtube#comment', 'etag': 'fhTNuCU7r9WryM3IcgV-Anpznfc', 'id': 'Ugyv9t37RKq2RAcu_Zt4AaABAg', 'snippet': {'videoId': 'zEfTDpfyt1o', 'textDisplay': 'STF  trazendo o caos  para  o pais.', 'textOriginal': 'STF  trazendo o caos  para  o pais.', 'authorDisplayName': 'Marinalva Paulina', 'authorProfileImageUrl': 'https://yt3.ggpht.com/ytc/AGIKgqOF063ABVIgNrvTg7g8GHLwfN9Ehl0MKlT5u75XNQXdPwIQFD9bDE-IMbZB6Ppw=s48-c-k-c0x00ffffff-no-rj', 'authorChannelUrl': 'http://www.youtube.com/channel/UCk2paZTjGUzYkTNk0MEZ77w', 'authorChannelId': {'value': 'UCk2paZTjGUzYkTNk0MEZ77w'}, 'canRate': True, 'viewerRating': 'none', 'likeCount': 1, 'publishedAt': '2022-10-24T01:09:17Z', 'updatedAt': '2022-10-24T01:14:04Z'}}, 'canReply': True, 'totalReplyCount': 0, 'isPublic': True}",,UCk2paZTjGUzYkTNk0MEZ77w,2022-10-24T01:09:17Z,STF  trazendo o caos  para  o pais.,QURTSl9pMWw0UnhTM2FCOG4tY0x0UEJNWUJKcUFob2ZhdElEU3VGRnVwT21zWXlKOWNBOWlIU2E5RG1teU1yTWpHdURVMHdMdW9tQWtvdw==,2023-06-08 14:52:35.620843
youtube#commentThread,tCOZ5hXpC0qtYLg3wwkxvJvMxSE,UgwTytB4JuScfAwBMMJ4AaABAg,"{'videoId': 'zEfTDpfyt1o', 'topLevelComment': {'kind': 'youtube#comment', 'etag': '1e3GIh4XTgYPm6-UhylbKG-Ogow', 'id': 'UgwTytB4JuScfAwBMMJ4AaABAg', 'snippet': {'videoId': 'zEfTDpfyt1o', 'textDisplay': 'A culpa de tudo isso são as injusticas que estão cometendo. E o viés ideologico que certas emissoras Roman partidos', 'textOriginal': 'A culpa de tudo isso são as injusticas que estão cometendo. E o viés ideologico que certas emissoras Roman partidos', 'authorDisplayName': 'Antônio Reis Caxias ma', 'authorProfileImageUrl': 'https://yt3.ggpht.com/ytc/AGIKgqNPErm58xgunp3GsdDBtrjDVQ16rAV7WuPefA=s48-c-k-c0x00ffffff-no-rj', 'authorChannelUrl': 'http://www.youtube.com/channel/UCif0bhUoCCeCV2vqT6tD0kw', 'authorChannelId': {'value': 'UCif0bhUoCCeCV2vqT6tD0kw'}, 'canRate': True, 'viewerRating': 'none', 'likeCount': 1, 'publishedAt': '2022-10-24T01:07:39Z', 'updatedAt': '2022-10-24T01:07:39Z'}}, 'canReply': True, 'totalReplyCount': 0, 'isPublic': True}",,UCif0bhUoCCeCV2vqT6tD0kw,2022-10-24T01:07:39Z,A culpa de tudo isso são as injusticas que estão cometendo. E o viés ideologico que certas emissoras Roman partidos,QURTSl9pMWw0UnhTM2FCOG4tY0x0UEJNWUJKcUFob2ZhdElEU3VGRnVwT21zWXlKOWNBOWlIU2E5RG1teU1yTWpHdURVMHdMdW9tQWtvdw==,2023-06-08 14:52:35.620843
youtube#commentThread,z8jOX11RkNxfP2GNTD4Lv-I4RDw,UgwdYc1Ry4771agvmCN4AaABAg,"{'videoId': 'zEfTDpfyt1o', 'topLevelComment': {'kind': 'youtube#comment', 'etag': 'FacVwOo0TB22lCoIRGJO4_aNZig', 'id': 'UgwdYc1Ry4771agvmCN4AaABAg', 'snippet': {'videoId': 'zEfTDpfyt1o', 'textDisplay': 'Mudem o titulo. Apoiador e não apoiadores.', 'textOriginal': 'Mudem o titulo. Apoiador e não apoiadores.', 'authorDisplayName': 'raf nh', 'authorProfileImageUrl': 'https://yt3.ggpht.com/ytc/AGIKgqO0nACBV9ahaTljjrtMle9G8EjiaiaZmi4xOw=s48-c-k-c0x00ffffff-no-rj', 'authorChannelUrl': 'http://www.youtube.com/channel/UCA_geL4S0dCtGwglIR0c3eg', 'authorChannelId': {'value': 'UCA_geL4S0dCtGwglIR0c3eg'}, 'canRate': True, 'viewerRating': 'none', 'likeCount': 0, 'publishedAt': '2022-10-24T01:07:27Z', 'updatedAt': '2022-10-24T01:07:27Z'}}, 'canReply': True, 'totalReplyCount': 0, 'isPublic': True}",,UCA_geL4S0dCtGwglIR0c3eg,2022-10-24T01:07:27Z,Mudem o titulo. Apoiador e não apoiadores.,QURTSl9pMWw0UnhTM2FCOG4tY0x0UEJNWUJKcUFob2ZhdElEU3VGRnVwT21zWXlKOWNBOWlIU2E5RG1teU1yTWpHdURVMHdMdW9tQWtvdw==,2023-06-08 14:52:35.620843
youtube#commentThread,Ss3p0mN4Ubni3n75sZU8CFZUnoM,UgzQl36IrdgDNBNKWkV4AaABAg,"{'videoId': 'zEfTDpfyt1o', 'topLevelComment': {'kind': 'youtube#comment', 'etag': 'dSFreFbxaKbRo5-ZHHDqHb_Va68', 'id': 'UgzQl36IrdgDNBNKWkV4AaABAg', 'snippet': {'videoId': 'zEfTDpfyt1o', 'textDisplay': 'Essa legenda está errada! O certo seria &quot; cinegrafista é agredido por apoiadores de Bolsonaro &quot;', 'textOriginal': 'Essa legenda está errada! O certo seria "" cinegrafista é agredido por apoiadores de Bolsonaro ""', 'authorDisplayName': 'Jonathan Seixas', 'authorProfileImageUrl': 'https://yt3.ggpht.com/ytc/AGIKgqPkKDvO56nOFvbwnDdIGOKFob5_wnm4Rj3ru39HoA=s48-c-k-c0x00ffffff-no-rj', 'authorChannelUrl': 'http://www.youtube.com/channel/UCTkLm-ieZZ0XeTLKkIb2PbQ', 'authorChannelId': {'value': 'UCTkLm-ieZZ0XeTLKkIb2PbQ'}, 'canRate': True, 'viewerRating': 'none', 'likeCount': 0, 'publishedAt': '2022-10-24T01:07:25Z', 'updatedAt': '2022-10-24T01:07:25Z'}}, 'canReply': True, 'totalReplyCount': 0, 'isPublic': True}",,UCTkLm-ieZZ0XeTLKkIb2PbQ,2022-10-24T01:07:25Z,"Essa legenda está errada! O certo seria "" cinegrafista é agredido por apoiadores de Bolsonaro """,QURTSl9pMWw0UnhTM2FCOG4tY0x0UEJNWUJKcUFob2ZhdElEU3VGRnVwT21zWXlKOWNBOWlIU2E5RG1teU1yTWpHdURVMHdMdW9tQWtvdw==,2023-06-08 14:52:35.620843
youtube#commentThread,9KcXDjNdAKiD1McTDJ1vcXDDgBI,UgysuXi0ALjwPaxCR_94AaABAg,"{'videoId': 'zEfTDpfyt1o', 'topLevelComment': {'kind': 'youtube#comment', 'etag': 'G92oswVtlG057xI2LcKkMKHRoQA', 'id': 'UgysuXi0ALjwPaxCR_94AaABAg', 'snippet': {'videoId': 'zEfTDpfyt1o', 'textDisplay': 'Nao pode agredir ninguém!', 'textOriginal': 'Nao pode agredir ninguém!', 'authorDisplayName': 'Eckogroup Distribuidora', 'authorProfileImageUrl': 'https://yt3.ggpht.com/ytc/AGIKgqOabH7zbvHix8KiccrjnpEAzsU_Wwdl22voMg=s48-c-k-c0x00ffffff-no-rj', 'authorChannelUrl': 'http://www.youtube.com/channel/UCqwJyuH9YGwySFXSs20p9Rw', 'authorChannelId': {'value': 'UCqwJyuH9YGwySFXSs20p9Rw'}, 'canRate': True, 'viewerRating': 'none', 'likeCount': 0, 'publishedAt': '2022-10-24T01:07:00Z', 'updatedAt': '2022-10-24T01:07:00Z'}}, 'canReply': True, 'totalReplyCount': 0, 'isPublic': True}",,UCqwJyuH9YGwySFXSs20p9Rw,2022-10-24T01:07:00Z,Nao pode agredir ninguém!,QURTSl9pMWw0UnhTM2FCOG4tY0x0UEJNWUJKcUFob2ZhdElEU3VGRnVwT21zWXlKOWNBOWlIU2E5RG1teU1yTWpHdURVMHdMdW9tQWtvdw==,2023-06-08 14:52:35.620843
youtube#commentThread,SU9lya9yJ5xnbNC5kBIF8F2njaI,UgzFNAINqvzgTS-7Set4AaABAg,"{'videoId': 'zEfTDpfyt1o', 'topLevelComment': {'kind': 'youtube#comment', 'etag': 'lcZ3aDTuJz7c5Cg7oWQJOYM1-9k', 'id': 'UgzFNAINqvzgTS-7Set4AaABAg', 'snippet': {'videoId': 'zEfTDpfyt1o', 'textDisplay': 'Não é com hostilidade e muito menos com violência que conduzimos as situações. Apoio a liberdade de expressão não é ser agressivo. Fico extremamente triste e decepcionada. <br>Deus cuide desse profissional.', 'textOriginal': 'Não é com hostilidade e muito menos com violência que conduzimos as situações. Apoio a liberdade de expressão não é ser agressivo. Fico extremamente triste e decepcionada. \\nDeus cuide desse profissional.', 'authorDisplayName': 'Patricia Viana', 'authorProfileImageUrl': 'https://yt3.ggpht.com/ytc/AGIKgqM5slRyVMIRbYzpWNNMCXFI252VEHL9kVCCJBI1w90=s48-c-k-c0x00ffffff-no-rj', 'authorChannelUrl': 'http://www.youtube.com/channel/UC84pCnp6cCrlOK_r_9tS8Vw', 'authorChannelId': {'value': 'UC84pCnp6cCrlOK_r_9tS8Vw'}, 'canRate': True, 'viewerRating': 'none', 'likeCount': 0, 'publishedAt': '2022-10-24T01:06:36Z', 'updatedAt': '2022-10-24T01:06:36Z'}}, 'canReply': True, 'totalReplyCount': 0, 'isPublic': True}",,UC84pCnp6cCrlOK_r_9tS8Vw,2022-10-24T01:06:36Z,"Não é com hostilidade e muito menos com violência que conduzimos as situações. Apoio a liberdade de expressão não é ser agressivo. Fico extremamente triste e decepcionada. 
Deus cuide desse profissional.",QURTSl9pMWw0UnhTM2FCOG4tY0x0UEJNWUJKcUFob2ZhdElEU3VGRnVwT21zWXlKOWNBOWlIU2E5RG1teU1yTWpHdURVMHdMdW9tQWtvdw==,2023-06-08 14:52:35.620843
youtube#commentThread,CnxLhSBykzzjcBNf9J9oXfIoArY,UgyPb3i0QYKX4yUSmP14AaABAg,"{'videoId': 'zEfTDpfyt1o', 'topLevelComment': {'kind': 'youtube#comment', 'etag': 'nykobICLEMm7BetfOsD_DqVgUI4', 'id': 'UgyPb3i0QYKX4yUSmP14AaABAg', 'snippet': {'videoId': 'zEfTDpfyt1o', 'textDisplay': 'É lamentável porque a revolta da sociedade contra essa imprensa mercenária já nem distingue mais um profissional de um mercenário. Os verdadeiros culpados entram e saem todos os dias pelo portão da Rede Goebbels. <a href=""http://www.youtube.com/results?search_query=%23ficaadica"">#ficaadica</a>', 'textOriginal': 'É lamentável porque a revolta da sociedade contra essa imprensa mercenária já nem distingue mais um profissional de um mercenário. Os verdadeiros culpados entram e saem todos os dias pelo portão da Rede Goebbels. #ficaadica', 'authorDisplayName': 'Marcos Roberto', 'authorProfileImageUrl': 'https://yt3.ggpht.com/ytc/AGIKgqPNe60a9r50GMhGtjItkEdLCgiOVKoMI0HBDg=s48-c-k-c0x00ffffff-no-rj', 'authorChannelUrl': 'http://www.youtube.com/channel/UCKJx5dsTzLmCJVGGJVh8p1g', 'authorChannelId': {'value': 'UCKJx5dsTzLmCJVGGJVh8p1g'}, 'canRate': True, 'viewerRating': 'none', 'likeCount': 0, 'publishedAt': '2022-10-24T01:06:09Z', 'updatedAt': '2022-10-24T01:06:09Z'}}, 'canReply': True, 'totalReplyCount': 0, 'isPublic': True}",,UCKJx5dsTzLmCJVGGJVh8p1g,2022-10-24T01:06:09Z,É lamentável porque a revolta da sociedade contra essa imprensa mercenária já nem distingue mais um profissional de um mercenário. Os verdadeiros culpados entram e saem todos os dias pelo portão da Rede Goebbels. #ficaadica,QURTSl9pMWw0UnhTM2FCOG4tY0x0UEJNWUJKcUFob2ZhdElEU3VGRnVwT21zWXlKOWNBOWlIU2E5RG1teU1yTWpHdURVMHdMdW9tQWtvdw==,2023-06-08 14:52:35.620843
youtube#commentThread,l1HpTsfWyP0ywQZFxPpx1z8dIhE,UgxG1NTWeFfK61mrMY14AaABAg,"{'videoId': 'zEfTDpfyt1o', 'topLevelComment': {'kind': 'youtube#comment', 'etag': '6nAJ0n5Co2GQ1XF0h3JmLOTAb3c', 'id': 'UgxG1NTWeFfK61mrMY14AaABAg', 'snippet': {'videoId': 'zEfTDpfyt1o', 'textDisplay': 'O Rogério é muito gente boa, além de amigo é meu vizinho aqui em Petrópolis. <br>Hoje pela manhã ainda estávamos conversando aqui em casa antes de ele ir para Levy Gasparian.', 'textOriginal': 'O Rogério é muito gente boa, além de amigo é meu vizinho aqui em Petrópolis. \\nHoje pela manhã ainda estávamos conversando aqui em casa antes de ele ir para Levy Gasparian.', 'authorDisplayName': 'Guilherme Rabello', 'authorProfileImageUrl': 'https://yt3.ggpht.com/ytc/AGIKgqPPs1FCDQSErCXb6RTGOm5FokXPVGqgbyvP_ZIS8g=s48-c-k-c0x00ffffff-no-rj', 'authorChannelUrl': 'http://www.youtube.com/channel/UC58VkzfT72p8gNFNPvwnCjw', 'authorChannelId': {'value': 'UC58VkzfT72p8gNFNPvwnCjw'}, 'canRate': True, 'viewerRating': 'none', 'likeCount': 0, 'publishedAt': '2022-10-24T01:06:08Z', 'updatedAt': '2022-10-24T01:06:08Z'}}, 'canReply': True, 'totalReplyCount': 0, 'isPublic': True}",,UC58VkzfT72p8gNFNPvwnCjw,2022-10-24T01:06:08Z,"O Rogério é muito gente boa, além de amigo é meu vizinho aqui em Petrópolis. 
Hoje pela manhã ainda estávamos conversando aqui em casa antes de ele ir para Levy Gasparian.",QURTSl9pMWw0UnhTM2FCOG4tY0x0UEJNWUJKcUFob2ZhdElEU3VGRnVwT21zWXlKOWNBOWlIU2E5RG1teU1yTWpHdURVMHdMdW9tQWtvdw==,2023-06-08 14:52:35.620843
youtube#commentThread,Rz4spB_OxuBsg2DWo3BMQ1TNbdA,Ugy2cpi8NQgE8llC59J4AaABAg,"{'videoId': 'zEfTDpfyt1o', 'topLevelComment': {'kind': 'youtube#comment', 'etag': '2MuIlTI2SW35E8JvENZ4Dtzr0so', 'id': 'Ugy2cpi8NQgE8llC59J4AaABAg', 'snippet': {'videoId': 'zEfTDpfyt1o', 'textDisplay': 'Viva o xandao. <br>Essa agressão vai pra conta dele.', 'textOriginal': 'Viva o xandao. \\nEssa agressão vai pra conta dele.', 'authorDisplayName': 'vilson schenkel', 'authorProfileImageUrl': 'https://yt3.ggpht.com/ytc/AGIKgqOWk9wPn1w0ZRz3MISKWFBD9n89OsATtQy3OA=s48-c-k-c0x00ffffff-no-rj', 'authorChannelUrl': 'http://www.youtube.com/channel/UC84FPJ0SGtwKkPTf5SCqHlQ', 'authorChannelId': {'value': 'UC84FPJ0SGtwKkPTf5SCqHlQ'}, 'canRate': True, 'viewerRating': 'none', 'likeCount': 0, 'publishedAt': '2022-10-24T01:05:52Z', 'updatedAt': '2022-10-24T01:05:52Z'}}, 'canReply': True, 'totalReplyCount': 0, 'isPublic': True}",,UC84FPJ0SGtwKkPTf5SCqHlQ,2022-10-24T01:05:52Z,"Viva o xandao. 
Essa agressão vai pra conta dele.",QURTSl9pMWw0UnhTM2FCOG4tY0x0UEJNWUJKcUFob2ZhdElEU3VGRnVwT21zWXlKOWNBOWlIU2E5RG1teU1yTWpHdURVMHdMdW9tQWtvdw==,2023-06-08 14:52:35.620843
youtube#commentThread,NCt7jSX9D25rRfn-zsvksNSXTJU,UgyghuNo5whm1qFNW2F4AaABAg,"{'videoId': 'zEfTDpfyt1o', 'topLevelComment': {'kind': 'youtube#comment', 'etag': 'AAPKMezDI6nv7NVmd5E1lqeKdDY', 'id': 'UgyghuNo5whm1qFNW2F4AaABAg', 'snippet': {'videoId': 'zEfTDpfyt1o', 'textDisplay': 'So ver nos comentarios, a esquerda ta conseguindo seu exito TSE e STF sao bandidos e nao vai parar porai.', 'textOriginal': 'So ver nos comentarios, a esquerda ta conseguindo seu exito TSE e STF sao bandidos e nao vai parar porai.', 'authorDisplayName': 'Joel Ramos Belarmino', 'authorProfileImageUrl': 'https://yt3.ggpht.com/ytc/AGIKgqNhdAuyGe9PSdMur7FwMurgi1OSkEqtXbhoIw=s48-c-k-c0x00ffffff-no-rj', 'authorChannelUrl': 'http://www.youtube.com/channel/UCIbYDnz4KOIitV6KDfZUGIA', 'authorChannelId': {'value': 'UCIbYDnz4KOIitV6KDfZUGIA'}, 'canRate': True, 'viewerRating': 'none', 'likeCount': 0, 'publishedAt': '2022-10-24T01:04:33Z', 'updatedAt': '2022-10-24T01:04:33Z'}}, 'canReply': True, 'totalReplyCount': 0, 'isPublic': True}",,UCIbYDnz4KOIitV6KDfZUGIA,2022-10-24T01:04:33Z,"So ver nos comentarios, a esquerda ta conseguindo seu exito TSE e STF sao bandidos e nao vai parar porai.",QURTSl9pMWw0UnhTM2FCOG4tY0x0UEJNWUJKcUFob2ZhdElEU3VGRnVwT21zWXlKOWNBOWlIU2E5RG1teU1yTWpHdURVMHdMdW9tQWtvdw==,2023-06-08 14:52:35.620843
youtube#commentThread,3TJpX8FIXhd4etS-Ai0hA678Fhk,UgyEzSVBPUK2iuJslFh4AaABAg,"{'videoId': 'zEfTDpfyt1o', 'topLevelComment': {'kind': 'youtube#comment', 'etag': 'HbCzaEUjdc82tH8Sc1Oul9OM9RA', 'id': 'UgyEzSVBPUK2iuJslFh4AaABAg', 'snippet': {'videoId': 'zEfTDpfyt1o', 'textDisplay': 'Pessoal isso não pode políticos passam e as pessoas ficam. Ter indignação por desmandos, mentiras é uma coisa agressão não pessoal temos que lutar com responsabilidade e com base nos direitos da nossa constituição.', 'textOriginal': 'Pessoal isso não pode políticos passam e as pessoas ficam. Ter indignação por desmandos, mentiras é uma coisa agressão não pessoal temos que lutar com responsabilidade e com base nos direitos da nossa constituição.', 'authorDisplayName': 'Felipe de Andrade Belisário', 'authorProfileImageUrl': 'https://yt3.ggpht.com/ytc/AGIKgqOqKYC3L0iJs2PPVblUSN4vQEH4pKQTcmzDtcJM88JZ3Nt6pcSFPbMAtqY4RpdZ=s48-c-k-c0x00ffffff-no-rj', 'authorChannelUrl': 'http://www.youtube.com/channel/UCGFDFxG5UUKw3PU7OPY3puQ', 'authorChannelId': {'value': 'UCGFDFxG5UUKw3PU7OPY3puQ'}, 'canRate': True, 'viewerRating': 'none', 'likeCount': 0, 'publishedAt': '2022-10-24T01:03:47Z', 'updatedAt': '2022-10-24T01:03:47Z'}}, 'canReply': True, 'totalReplyCount': 0, 'isPublic': True}",,UCGFDFxG5UUKw3PU7OPY3puQ,2022-10-24T01:03:47Z,"Pessoal isso não pode políticos passam e as pessoas ficam. Ter indignação por desmandos, mentiras é uma coisa agressão não pessoal temos que lutar com responsabilidade e com base nos direitos da nossa constituição.",QURTSl9pMWw0UnhTM2FCOG4tY0x0UEJNWUJKcUFob2ZhdElEU3VGRnVwT21zWXlKOWNBOWlIU2E5RG1teU1yTWpHdURVMHdMdW9tQWtvdw==,2023-06-08 14:52:35.620843
youtube#commentThread,4ge10lK9KvcA_qWnIg7klcQenLA,Ugx1DYj__53mutdHpxF4AaABAg,"{'videoId': 'zEfTDpfyt1o', 'topLevelComment': {'kind': 'youtube#comment', 'etag': '38F4WBeO0xoFea21EUpL8qqaZro', 'id': 'Ugx1DYj__53mutdHpxF4AaABAg', 'snippet': {'videoId': 'zEfTDpfyt1o', 'textDisplay': 'Qual a relaçao do cinegrafista da Rede Globo, trabalhador, ser agredido por tras, por um fanatico politico...Triste isso!!!', 'textOriginal': 'Qual a relaçao do cinegrafista da Rede Globo, trabalhador, ser agredido por tras, por um fanatico politico...Triste isso!!!', 'authorDisplayName': 'Jean Pereira', 'authorProfileImageUrl': 'https://yt3.ggpht.com/ytc/AGIKgqOpMWG_zfAm5t1tftBbl1rqzP4Xs-qx1oTtMg=s48-c-k-c0x00ffffff-no-rj', 'authorChannelUrl': 'http://www.youtube.com/channel/UC9YFRnJ_crmm0TMeyDeg5Qg', 'authorChannelId': {'value': 'UC9YFRnJ_crmm0TMeyDeg5Qg'}, 'canRate': True, 'viewerRating': 'none', 'likeCount': 0, 'publishedAt': '2022-10-24T01:03:28Z', 'updatedAt': '2022-10-24T01:03:28Z'}}, 'canReply': True, 'totalReplyCount': 0, 'isPublic': True}",,UC9YFRnJ_crmm0TMeyDeg5Qg,2022-10-24T01:03:28Z,"Qual a relaçao do cinegrafista da Rede Globo, trabalhador, ser agredido por tras, por um fanatico politico...Triste isso!!!",QURTSl9pMWw0UnhTM2FCOG4tY0x0UEJNWUJKcUFob2ZhdElEU3VGRnVwT21zWXlKOWNBOWlIU2E5RG1teU1yTWpHdURVMHdMdW9tQWtvdw==,2023-06-08 14:52:35.620843
youtube#commentThread,TZqM8FAOI74bqQtw77pOVYiC2Xk,Ugw0cLISL9hVwl16vul4AaABAg,"{'videoId': 'zEfTDpfyt1o', 'topLevelComment': {'kind': 'youtube#comment', 'etag': 'RIwa6T5FmFnnqr__RjV1E8h6Bvc', 'id': 'Ugw0cLISL9hVwl16vul4AaABAg', 'snippet': {'videoId': 'zEfTDpfyt1o', 'textDisplay': 'esse é o retrato do bolsonarismo, é o legado de intolerância e ódio que o nosso mandatário, prolifera... que Deus abençoe nossa nação, e que os verdadeiros cristãos aqueles que amam o próximo como mandamento supremo deixado por jesus, orem por todos esses que estão em um caminho tortuoso e alienado.', 'textOriginal': 'esse é o retrato do bolsonarismo, é o legado de intolerância e ódio que o nosso mandatário, prolifera... que Deus abençoe nossa nação, e que os verdadeiros cristãos aqueles que amam o próximo como mandamento supremo deixado por jesus, orem por todos esses que estão em um caminho tortuoso e alienado.', 'authorDisplayName': 'francisco falcao Veiga', 'authorProfileImageUrl': 'https://yt3.ggpht.com/ytc/AGIKgqOvHAlVA3jJ3Z-9j33IQMjO1Z5RnQzdFQX17NO-ZQ=s48-c-k-c0x00ffffff-no-rj', 'authorChannelUrl': 'http://www.youtube.com/channel/UCynmsJt-GdwOWIYxkI4moGw', 'authorChannelId': {'value': 'UCynmsJt-GdwOWIYxkI4moGw'}, 'canRate': True, 'viewerRating': 'none', 'likeCount': 0, 'publishedAt': '2022-10-24T01:02:02Z', 'updatedAt': '2022-10-24T01:02:02Z'}}, 'canReply': True, 'totalReplyCount': 0, 'isPublic': True}",,UCynmsJt-GdwOWIYxkI4moGw,2022-10-24T01:02:02Z,"esse é o retrato do bolsonarismo, é o legado de intolerância e ódio que o nosso mandatário, prolifera... que Deus abençoe nossa nação, e que os verdadeiros cristãos aqueles que amam o próximo como mandamento supremo deixado por jesus, orem por todos esses que estão em um caminho tortuoso e alienado.",QURTSl9pMWw0UnhTM2FCOG4tY0x0UEJNWUJKcUFob2ZhdElEU3VGRnVwT21zWXlKOWNBOWlIU2E5RG1teU1yTWpHdURVMHdMdW9tQWtvdw==,2023-06-08 14:52:35.620843
youtube#commentThread,_eZdkmu74s_fR0yNOkU0EPZeHZQ,Ugzqrwhhtf6GiofhRvV4AaABAg,"{'videoId': 'zEfTDpfyt1o', 'topLevelComment': {'kind': 'youtube#comment', 'etag': 'EGZliYSWhWx9nK3eHDxwdR7NGd4', 'id': 'Ugzqrwhhtf6GiofhRvV4AaABAg', 'snippet': {'videoId': 'zEfTDpfyt1o', 'textDisplay': 'Coitado desta família que está sofrendo', 'textOriginal': 'Coitado desta família que está sofrendo', 'authorDisplayName': 'Neura Martins', 'authorProfileImageUrl': 'https://yt3.ggpht.com/ytc/AGIKgqPMHNCIMl6LBrsHk5OyApP7eqZJcIOPoouDTJXSbrc=s48-c-k-c0x00ffffff-no-rj', 'authorChannelUrl': 'http://www.youtube.com/channel/UCYCLDH1Y_in1nyxAsbdSsDw', 'authorChannelId': {'value': 'UCYCLDH1Y_in1nyxAsbdSsDw'}, 'canRate': True, 'viewerRating': 'none', 'likeCount': 1, 'publishedAt': '2022-10-24T01:01:49Z', 'updatedAt': '2022-10-24T01:01:49Z'}}, 'canReply': True, 'totalReplyCount': 0, 'isPublic': True}",,UCYCLDH1Y_in1nyxAsbdSsDw,2022-10-24T01:01:49Z,Coitado desta família que está sofrendo,QURTSl9pMWw0UnhTM2FCOG4tY0x0UEJNWUJKcUFob2ZhdElEU3VGRnVwT21zWXlKOWNBOWlIU2E5RG1teU1yTWpHdURVMHdMdW9tQWtvdw==,2023-06-08 14:52:35.620843
youtube#commentThread,xp-OAx4kg0FSrxQQjqvA1VGkFx4,UgyMIqY8L3wYUZ-Ide94AaABAg,"{'videoId': 'zEfTDpfyt1o', 'topLevelComment': {'kind': 'youtube#comment', 'etag': 'PI7NtZaFuaTZDHZ4AupDJbVyVKM', 'id': 'UgyMIqY8L3wYUZ-Ide94AaABAg', 'snippet': {'videoId': 'zEfTDpfyt1o', 'textDisplay': 'Bolsominions desgraçados!', 'textOriginal': 'Bolsominions desgraçados!', 'authorDisplayName': 'DIAZ', 'authorProfileImageUrl': 'https://yt3.ggpht.com/ytc/AGIKgqN1NkcL0tHoBObmFylQJmGbtqcqaphowgm44g=s48-c-k-c0x00ffffff-no-rj', 'authorChannelUrl': 'http://www.youtube.com/channel/UC-IBkbL2Vz7GnmLzG6cVghQ', 'authorChannelId': {'value': 'UC-IBkbL2Vz7GnmLzG6cVghQ'}, 'canRate': True, 'viewerRating': 'none', 'likeCount': 1, 'publishedAt': '2022-10-24T01:01:35Z', 'updatedAt': '2022-10-24T01:01:35Z'}}, 'canReply': True, 'totalReplyCount': 0, 'isPublic': True}",,UC-IBkbL2Vz7GnmLzG6cVghQ,2022-10-24T01:01:35Z,Bolsominions desgraçados!,QURTSl9pMWw0UnhTM2FCOG4tY0x0UEJNWUJKcUFob2ZhdElEU3VGRnVwT21zWXlKOWNBOWlIU2E5RG1teU1yTWpHdURVMHdMdW9tQWtvdw==,2023-06-08 14:52:35.620843
youtube#commentThread,viM7QAIFHKl1szhgNyQvqeAqKno,Ugz0ueEw_iMOTiXJkNl4AaABAg,"{'videoId': 'zEfTDpfyt1o', 'topLevelComment': {'kind': 'youtube#comment', 'etag': 'Q-ygey_Cp9UEGqvoffv6dTtoXeE', 'id': 'Ugz0ueEw_iMOTiXJkNl4AaABAg', 'snippet': {'videoId': 'zEfTDpfyt1o', 'textDisplay': 'Que tristeza 😢😢', 'textOriginal': 'Que tristeza 😢😢', 'authorDisplayName': 'Neura Martins', 'authorProfileImageUrl': 'https://yt3.ggpht.com/ytc/AGIKgqPMHNCIMl6LBrsHk5OyApP7eqZJcIOPoouDTJXSbrc=s48-c-k-c0x00ffffff-no-rj', 'authorChannelUrl': 'http://www.youtube.com/channel/UCYCLDH1Y_in1nyxAsbdSsDw', 'authorChannelId': {'value': 'UCYCLDH1Y_in1nyxAsbdSsDw'}, 'canRate': True, 'viewerRating': 'none', 'likeCount': 0, 'publishedAt': '2022-10-24T01:01:32Z', 'updatedAt': '2022-10-24T01:01:32Z'}}, 'canReply': True, 'totalReplyCount': 0, 'isPublic': True}",,UCYCLDH1Y_in1nyxAsbdSsDw,2022-10-24T01:01:32Z,Que tristeza 😢😢,QURTSl9pMWw0UnhTM2FCOG4tY0x0UEJNWUJKcUFob2ZhdElEU3VGRnVwT21zWXlKOWNBOWlIU2E5RG1teU1yTWpHdURVMHdMdW9tQWtvdw==,2023-06-08 14:52:35.620843
youtube#commentThread,UIkloF5JsGJ0JShXQ2Z6yV9ujes,UgywhL_FURC5B9dEpkl4AaABAg,"{'videoId': 'zEfTDpfyt1o', 'topLevelComment': {'kind': 'youtube#comment', 'etag': 'getIOu48k9nyxg3Am1ngSD7QJ-I', 'id': 'UgywhL_FURC5B9dEpkl4AaABAg', 'snippet': {'videoId': 'zEfTDpfyt1o', 'textDisplay': 'NÃO HÁ NECESSIDADE DE AGREDIR NINGUÉM!  ESTAMOS EM UMA DEMOCRACIA!', 'textOriginal': 'NÃO HÁ NECESSIDADE DE AGREDIR NINGUÉM!  ESTAMOS EM UMA DEMOCRACIA!', 'authorDisplayName': 'Eunice Da Rocha Gonçalves', 'authorProfileImageUrl': 'https://yt3.ggpht.com/ytc/AGIKgqMUTqDXC_U_HenWJgAJZUR34o12Fzjht085_kLZYhVRH0TK89zlnoWrI9R0jqX3=s48-c-k-c0x00ffffff-no-rj', 'authorChannelUrl': 'http://www.youtube.com/channel/UCm50-d6VdXiqIB-81Y3r5DA', 'authorChannelId': {'value': 'UCm50-d6VdXiqIB-81Y3r5DA'}, 'canRate': True, 'viewerRating': 'none', 'likeCount': 0, 'publishedAt': '2022-10-24T01:00:54Z', 'updatedAt': '2022-10-24T01:00:54Z'}}, 'canReply': True, 'totalReplyCount': 0, 'isPublic': True}",,UCm50-d6VdXiqIB-81Y3r5DA,2022-10-24T01:00:54Z,NÃO HÁ NECESSIDADE DE AGREDIR NINGUÉM!  ESTAMOS EM UMA DEMOCRACIA!,QURTSl9pMWw0UnhTM2FCOG4tY0x0UEJNWUJKcUFob2ZhdElEU3VGRnVwT21zWXlKOWNBOWlIU2E5RG1teU1yTWpHdURVMHdMdW9tQWtvdw==,2023-06-08 14:52:35.620843
youtube#commentThread,jLQVSh0VgRgVuZCjBrJ7KoJgdAA,UgxMuJnuPWFuvBdZdix4AaABAg,"{'videoId': 'zEfTDpfyt1o', 'topLevelComment': {'kind': 'youtube#comment', 'etag': 'B_JKv-_Dfd0Zpwqj2RlAM_iUOpM', 'id': 'UgxMuJnuPWFuvBdZdix4AaABAg', 'snippet': {'videoId': 'zEfTDpfyt1o', 'textDisplay': 'Mentira! Falem a verdade  foi um cara sozinho quero agrediu   e antes que alguém levante e insinue; NÃO  ELE NÃO É BOLSONARISTA COMO A GLOBOLIXO FALOU, foi  caso isolado de antipatia pela emissora, o quê está errado; o rapaz está  fazendo o trabalho dele e não é a Emissora, apenas trabalha nela. Não se é aceito qualquer tipo de agressão', 'textOriginal': 'Mentira! Falem a verdade  foi um cara sozinho quero agrediu   e antes que alguém levante e insinue; NÃO  ELE NÃO É BOLSONARISTA COMO A GLOBOLIXO FALOU, foi  caso isolado de antipatia pela emissora, o quê está errado; o rapaz está  fazendo o trabalho dele e não é a Emissora, apenas trabalha nela. Não se é aceito qualquer tipo de agressão', 'authorDisplayName': 'Malu Trotta', 'authorProfileImageUrl': 'https://yt3.ggpht.com/ytc/AGIKgqMp6ULQZ7ZFtt0oq2_X_8MjJSyCUZVwSeFYx6Fs3A=s48-c-k-c0x00ffffff-no-rj', 'authorChannelUrl': 'http://www.youtube.com/channel/UC-irp4RGQHN-3roDCVusWFA', 'authorChannelId': {'value': 'UC-irp4RGQHN-3roDCVusWFA'}, 'canRate': True, 'viewerRating': 'none', 'likeCount': 0, 'publishedAt': '2022-10-24T01:00:42Z', 'updatedAt': '2022-10-24T01:00:42Z'}}, 'canReply': True, 'totalReplyCount': 0, 'isPublic': True}",,UC-irp4RGQHN-3roDCVusWFA,2022-10-24T01:00:42Z,"Mentira! Falem a verdade  foi um cara sozinho quero agrediu   e antes que alguém levante e insinue; NÃO  ELE NÃO É BOLSONARISTA COMO A GLOBOLIXO FALOU, foi  caso isolado de antipatia pela emissora, o quê está errado; o rapaz está  fazendo o trabalho dele e não é a Emissora, apenas trabalha nela. Não se é aceito qualquer tipo de agressão",QURTSl9pMWw0UnhTM2FCOG4tY0x0UEJNWUJKcUFob2ZhdElEU3VGRnVwT21zWXlKOWNBOWlIU2E5RG1teU1yTWpHdURVMHdMdW9tQWtvdw==,2023-06-08 14:52:35.620843
youtube#commentThread,dM_yI_qZw7C8LxRSZ_ZAg0SoJzw,Ugw5cv7WB61QKre9FIF4AaABAg,"{'videoId': 'zEfTDpfyt1o', 'topLevelComment': {'kind': 'youtube#comment', 'etag': 'MMX8ZHb7FqZYIQ37sxkD4gEg6jQ', 'id': 'Ugw5cv7WB61QKre9FIF4AaABAg', 'snippet': {'videoId': 'zEfTDpfyt1o', 'textDisplay': 'Aí não foi uma situação mais duas situações', 'textOriginal': 'Aí não foi uma situação mais duas situações', 'authorDisplayName': 'Deusdeth Ferreira', 'authorProfileImageUrl': 'https://yt3.ggpht.com/ytc/AGIKgqP_tO0RTMVnw7rlI7fdnsO7t0Sx5Wmm9VugdA=s48-c-k-c0x00ffffff-no-rj', 'authorChannelUrl': 'http://www.youtube.com/channel/UCX9Y6-l7UuLwna79AaYXS-Q', 'authorChannelId': {'value': 'UCX9Y6-l7UuLwna79AaYXS-Q'}, 'canRate': True, 'viewerRating': 'none', 'likeCount': 0, 'publishedAt': '2022-10-24T00:59:58Z', 'updatedAt': '2022-10-24T00:59:58Z'}}, 'canReply': True, 'totalReplyCount': 0, 'isPublic': True}",,UCX9Y6-l7UuLwna79AaYXS-Q,2022-10-24T00:59:58Z,Aí não foi uma situação mais duas situações,QURTSl9pMWw0UnhTM2FCOG4tY0x0UEJNWUJKcUFob2ZhdElEU3VGRnVwT21zWXlKOWNBOWlIU2E5RG1teU1yTWpHdURVMHdMdW9tQWtvdw==,2023-06-08 14:52:35.620843
youtube#commentThread,PamFdyYU9HU5Dil41jkZPHZgti0,UgzKFdUCl9eUbt621VN4AaABAg,"{'videoId': 'zEfTDpfyt1o', 'topLevelComment': {'kind': 'youtube#comment', 'etag': 'iJlTJ_dDawAcbBZwE9FsGJB8wCo', 'id': 'UgzKFdUCl9eUbt621VN4AaABAg', 'snippet': {'videoId': 'zEfTDpfyt1o', 'textDisplay': 'Triste', 'textOriginal': 'Triste', 'authorDisplayName': 'Carmelita Moura Moura', 'authorProfileImageUrl': 'https://yt3.ggpht.com/ytc/AGIKgqOoxvLLqk6HulPdlXiHTqLDitJbrDnBbthimf_g1_AdDkd0qxapVEbJX33GgQjh=s48-c-k-c0x00ffffff-no-rj', 'authorChannelUrl': 'http://www.youtube.com/channel/UCsqE5CKOChz5WN2KbPM8lCQ', 'authorChannelId': {'value': 'UCsqE5CKOChz5WN2KbPM8lCQ'}, 'canRate': True, 'viewerRating': 'none', 'likeCount': 0, 'publishedAt': '2022-10-24T00:59:50Z', 'updatedAt': '2022-10-24T00:59:50Z'}}, 'canReply': True, 'totalReplyCount': 0, 'isPublic': True}",,UCsqE5CKOChz5WN2KbPM8lCQ,2022-10-24T00:59:50Z,Triste,QURTSl9pMWw0UnhTM2FCOG4tY0x0UEJNWUJKcUFob2ZhdElEU3VGRnVwT21zWXlKOWNBOWlIU2E5RG1teU1yTWpHdURVMHdMdW9tQWtvdw==,2023-06-08 14:52:35.620843
youtube#commentThread,BKOLfcAY2YPOi5kLdlskhNKCy0Q,Ugxl6dgQL4rlfhtJyux4AaABAg,"{'videoId': 'zEfTDpfyt1o', 'topLevelComment': {'kind': 'youtube#comment', 'etag': 'VwSTDl5PE69F5M0ror6O2_2TTC0', 'id': 'Ugxl6dgQL4rlfhtJyux4AaABAg', 'snippet': {'videoId': 'zEfTDpfyt1o', 'textDisplay': 'Sim isto não justifica e tem de ser repudiada', 'textOriginal': 'Sim isto não justifica e tem de ser repudiada', 'authorDisplayName': 'Marcos Faria', 'authorProfileImageUrl': 'https://yt3.ggpht.com/ytc/AGIKgqPTuEwkhunYI4iwwsmkYrHRqcRpnTjVoogoSg=s48-c-k-c0x00ffffff-no-rj', 'authorChannelUrl': 'http://www.youtube.com/channel/UCGtxVQJMkrBP4vke0ri9T1g', 'authorChannelId': {'value': 'UCGtxVQJMkrBP4vke0ri9T1g'}, 'canRate': True, 'viewerRating': 'none', 'likeCount': 0, 'publishedAt': '2022-10-24T00:58:05Z', 'updatedAt': '2022-10-24T00:58:05Z'}}, 'canReply': True, 'totalReplyCount': 0, 'isPublic': True}",,UCGtxVQJMkrBP4vke0ri9T1g,2022-10-24T00:58:05Z,Sim isto não justifica e tem de ser repudiada,QURTSl9pMWw0UnhTM2FCOG4tY0x0UEJNWUJKcUFob2ZhdElEU3VGRnVwT21zWXlKOWNBOWlIU2E5RG1teU1yTWpHdURVMHdMdW9tQWtvdw==,2023-06-08 14:52:35.620843
youtube#commentThread,5I_1CoP3jeF2EVp2UXbzeqfLFas,UgwFQBAhN6KwLOSulmp4AaABAg,"{'videoId': 'zEfTDpfyt1o', 'topLevelComment': {'kind': 'youtube#comment', 'etag': 'lfjp_Df_AU_jQvyoI5WCZm35HDk', 'id': 'UgwFQBAhN6KwLOSulmp4AaABAg', 'snippet': {'videoId': 'zEfTDpfyt1o', 'textDisplay': 'A GUERRA COEÇOU AGORA VAMU PEGAR AQUELE BAR BURDO E O JULINHA. TEM QUI ARRANCAR A GARGANTA DO PE DE GALINHA.', 'textOriginal': 'A GUERRA COEÇOU AGORA VAMU PEGAR AQUELE BAR BURDO E O JULINHA. TEM QUI ARRANCAR A GARGANTA DO PE DE GALINHA.', 'authorDisplayName': 'Mauricio Seixas', 'authorProfileImageUrl': 'https://yt3.ggpht.com/ytc/AGIKgqPBayAgU0w67i8RUZBfdcrEpDm_kabpYh9trQ=s48-c-k-c0x00ffffff-no-rj', 'authorChannelUrl': 'http://www.youtube.com/channel/UCWG5skuFggltPw8VhZN7b4g', 'authorChannelId': {'value': 'UCWG5skuFggltPw8VhZN7b4g'}, 'canRate': True, 'viewerRating': 'none', 'likeCount': 0, 'publishedAt': '2022-10-24T00:57:27Z', 'updatedAt': '2022-10-24T00:57:27Z'}}, 'canReply': True, 'totalReplyCount': 0, 'isPublic': True}",,UCWG5skuFggltPw8VhZN7b4g,2022-10-24T00:57:27Z,A GUERRA COEÇOU AGORA VAMU PEGAR AQUELE BAR BURDO E O JULINHA. TEM QUI ARRANCAR A GARGANTA DO PE DE GALINHA.,QURTSl9pMWw0UnhTM2FCOG4tY0x0UEJNWUJKcUFob2ZhdElEU3VGRnVwT21zWXlKOWNBOWlIU2E5RG1teU1yTWpHdURVMHdMdW9tQWtvdw==,2023-06-08 14:52:35.620843
youtube#commentThread,R0wMAFNCoa8ScyRkHGqxuMf-pH4,UgwrIVf8RG49vWDKMot4AaABAg,"{'videoId': 'zEfTDpfyt1o', 'topLevelComment': {'kind': 'youtube#comment', 'etag': 'KZ3H5C5A8xUeFfN-xyCZfnpmaDM', 'id': 'UgwrIVf8RG49vWDKMot4AaABAg', 'snippet': {'videoId': 'zEfTDpfyt1o', 'textDisplay': 'Nada justifica este ato. Precisamos de paz e serenidade. Sou de direita, sou da paz. O que queremos? Uma bolha? Não!!! Eles tem o direito de mostrar o que está acontecendo. Mais amor aos nossos semelhantes.', 'textOriginal': 'Nada justifica este ato. Precisamos de paz e serenidade. Sou de direita, sou da paz. O que queremos? Uma bolha? Não!!! Eles tem o direito de mostrar o que está acontecendo. Mais amor aos nossos semelhantes.', 'authorDisplayName': 'Maria Jose Macedo Rosa', 'authorProfileImageUrl': 'https://yt3.ggpht.com/ytc/AGIKgqMYUarOOqEtsKO0d1aWyjzDHQfSFFOkCV7nQw=s48-c-k-c0x00ffffff-no-rj', 'authorChannelUrl': 'http://www.youtube.com/channel/UCDJBndUky8Syu-EM55y4tHw', 'authorChannelId': {'value': 'UCDJBndUky8Syu-EM55y4tHw'}, 'canRate': True, 'viewerRating': 'none', 'likeCount': 0, 'publishedAt': '2022-10-24T00:56:40Z', 'updatedAt': '2022-10-24T00:56:40Z'}}, 'canReply': True, 'totalReplyCount': 0, 'isPublic': True}",,UCDJBndUky8Syu-EM55y4tHw,2022-10-24T00:56:40Z,"Nada justifica este ato. Precisamos de paz e serenidade. Sou de direita, sou da paz. O que queremos? Uma bolha? Não!!! Eles tem o direito de mostrar o que está acontecendo. Mais amor aos nossos semelhantes.",QURTSl9pMWw0UnhTM2FCOG4tY0x0UEJNWUJKcUFob2ZhdElEU3VGRnVwT21zWXlKOWNBOWlIU2E5RG1teU1yTWpHdURVMHdMdW9tQWtvdw==,2023-06-08 14:52:35.620843
youtube#commentThread,izkxJ9D-Mx8cyvxbgqCw-lfrfFc,UgxNjOAW564fJ-VHUtJ4AaABAg,"{'videoId': 'zEfTDpfyt1o', 'topLevelComment': {'kind': 'youtube#comment', 'etag': 'C-oa66G0FGjEhAlZvkWWMm9yp1c', 'id': 'UgxNjOAW564fJ-VHUtJ4AaABAg', 'snippet': {'videoId': 'zEfTDpfyt1o', 'textDisplay': 'QUEM VAI METER A ENXADA NA KALBEÇA DO Mst para CHUPAR A LA RANJA DE LIMÃO. LIMÃO Nada LARANJADA VAI TER PAU NO CURIOSO.', 'textOriginal': 'QUEM VAI METER A ENXADA NA KALBEÇA DO Mst para CHUPAR A LA RANJA DE LIMÃO. LIMÃO Nada LARANJADA VAI TER PAU NO CURIOSO.', 'authorDisplayName': 'Mauricio Seixas', 'authorProfileImageUrl': 'https://yt3.ggpht.com/ytc/AGIKgqPBayAgU0w67i8RUZBfdcrEpDm_kabpYh9trQ=s48-c-k-c0x00ffffff-no-rj', 'authorChannelUrl': 'http://www.youtube.com/channel/UCWG5skuFggltPw8VhZN7b4g', 'authorChannelId': {'value': 'UCWG5skuFggltPw8VhZN7b4g'}, 'canRate': True, 'viewerRating': 'none', 'likeCount': 0, 'publishedAt': '2022-10-24T00:56:28Z', 'updatedAt': '2022-10-24T00:56:28Z'}}, 'canReply': True, 'totalReplyCount': 0, 'isPublic': True}",,UCWG5skuFggltPw8VhZN7b4g,2022-10-24T00:56:28Z,QUEM VAI METER A ENXADA NA KALBEÇA DO Mst para CHUPAR A LA RANJA DE LIMÃO. LIMÃO Nada LARANJADA VAI TER PAU NO CURIOSO.,QURTSl9pMWw0UnhTM2FCOG4tY0x0UEJNWUJKcUFob2ZhdElEU3VGRnVwT21zWXlKOWNBOWlIU2E5RG1teU1yTWpHdURVMHdMdW9tQWtvdw==,2023-06-08 14:52:35.620843
youtube#commentThread,iuc4v594oCuaFEx26sXwlMOcySk,UgwMvjyHMmXMkj94mHl4AaABAg,"{'videoId': 'zEfTDpfyt1o', 'topLevelComment': {'kind': 'youtube#comment', 'etag': 'dWoq2WJAKKTR7t5nfGTqnPhO9bU', 'id': 'UgwMvjyHMmXMkj94mHl4AaABAg', 'snippet': {'videoId': 'zEfTDpfyt1o', 'textDisplay': 'MIMIMI DA GLOBOLIXO', 'textOriginal': 'MIMIMI DA GLOBOLIXO', 'authorDisplayName': 'Leônidas Batista', 'authorProfileImageUrl': 'https://yt3.ggpht.com/ytc/AGIKgqM2dHw_H8wG6qt6fr-E9nMjpTZ7S6eNQM19yw=s48-c-k-c0x00ffffff-no-rj', 'authorChannelUrl': 'http://www.youtube.com/channel/UCITu60kOhv4HiuJMJ18H7vQ', 'authorChannelId': {'value': 'UCITu60kOhv4HiuJMJ18H7vQ'}, 'canRate': True, 'viewerRating': 'none', 'likeCount': 0, 'publishedAt': '2022-10-24T00:55:09Z', 'updatedAt': '2022-10-24T00:55:09Z'}}, 'canReply': True, 'totalReplyCount': 0, 'isPublic': True}",,UCITu60kOhv4HiuJMJ18H7vQ,2022-10-24T00:55:09Z,MIMIMI DA GLOBOLIXO,QURTSl9pMWw0UnhTM2FCOG4tY0x0UEJNWUJKcUFob2ZhdElEU3VGRnVwT21zWXlKOWNBOWlIU2E5RG1teU1yTWpHdURVMHdMdW9tQWtvdw==,2023-06-08 14:52:35.620843
youtube#commentThread,iS6De13seQ2deccxihv1bChhz_I,UgxjpprbmnyUQDXb89d4AaABAg,"{'videoId': 'zEfTDpfyt1o', 'topLevelComment': {'kind': 'youtube#comment', 'etag': 'a2W1ZOHxj1-5B_kSr1xWTXr1nD8', 'id': 'UgxjpprbmnyUQDXb89d4AaABAg', 'snippet': {'videoId': 'zEfTDpfyt1o', 'textDisplay': 'Muito triste', 'textOriginal': 'Muito triste', 'authorDisplayName': 'Carmelita Moura Moura', 'authorProfileImageUrl': 'https://yt3.ggpht.com/ytc/AGIKgqOoxvLLqk6HulPdlXiHTqLDitJbrDnBbthimf_g1_AdDkd0qxapVEbJX33GgQjh=s48-c-k-c0x00ffffff-no-rj', 'authorChannelUrl': 'http://www.youtube.com/channel/UCsqE5CKOChz5WN2KbPM8lCQ', 'authorChannelId': {'value': 'UCsqE5CKOChz5WN2KbPM8lCQ'}, 'canRate': True, 'viewerRating': 'none', 'likeCount': 0, 'publishedAt': '2022-10-24T00:55:02Z', 'updatedAt': '2022-10-24T00:55:02Z'}}, 'canReply': True, 'totalReplyCount': 0, 'isPublic': True}",,UCsqE5CKOChz5WN2KbPM8lCQ,2022-10-24T00:55:02Z,Muito triste,QURTSl9pMWw0UnhTM2FCOG4tY0x0UEJNWUJKcUFob2ZhdElEU3VGRnVwT21zWXlKOWNBOWlIU2E5RG1teU1yTWpHdURVMHdMdW9tQWtvdw==,2023-06-08 14:52:35.620843
youtube#commentThread,bVOl0kKurDgynLKriZUDhXxL4uk,Ugz-HhSND4RhAfXABrR4AaABAg,"{'videoId': 'zEfTDpfyt1o', 'topLevelComment': {'kind': 'youtube#comment', 'etag': 'oxZGfecoew7nDszjRLfbvHzHUUA', 'id': 'Ugz-HhSND4RhAfXABrR4AaABAg', 'snippet': {'videoId': 'zEfTDpfyt1o', 'textDisplay': 'Tem que ser agredido mesmo ,esses lacradores safados.', 'textOriginal': 'Tem que ser agredido mesmo ,esses lacradores safados.', 'authorDisplayName': 'Alexandre Ferreira', 'authorProfileImageUrl': 'https://yt3.ggpht.com/ytc/AGIKgqPL1HdiyFTm86CxK9VKnGk3aXwj31oWViOJyp4_Sc1-zEgv-NZRUNA48LOtndZK=s48-c-k-c0x00ffffff-no-rj', 'authorChannelUrl': 'http://www.youtube.com/channel/UCosf3xvHacWIK60_SA03CkQ', 'authorChannelId': {'value': 'UCosf3xvHacWIK60_SA03CkQ'}, 'canRate': True, 'viewerRating': 'none', 'likeCount': 1, 'publishedAt': '2022-10-24T00:55:00Z', 'updatedAt': '2022-10-24T00:55:20Z'}}, 'canReply': True, 'totalReplyCount': 0, 'isPublic': True}",,UCosf3xvHacWIK60_SA03CkQ,2022-10-24T00:55:00Z,"Tem que ser agredido mesmo ,esses lacradores safados.",QURTSl9pMWw0UnhTM2FCOG4tY0x0UEJNWUJKcUFob2ZhdElEU3VGRnVwT21zWXlKOWNBOWlIU2E5RG1teU1yTWpHdURVMHdMdW9tQWtvdw==,2023-06-08 14:52:35.620843
youtube#commentThread,--TjQ1I0CiPLgaPOr1lGBljMfv8,UgyVqA3ZIkj5iYI_iNN4AaABAg,"{'videoId': 'zEfTDpfyt1o', 'topLevelComment': {'kind': 'youtube#comment', 'etag': 'FPBKLnWPYHLCR_lEwJyiiy39q7M', 'id': 'UgyVqA3ZIkj5iYI_iNN4AaABAg', 'snippet': {'videoId': 'zEfTDpfyt1o', 'textDisplay': 'AGORA SAO OS  de pestTIS  VAMOS PEGAR O TRABALHADOR LAVRADOR. VAMOS ARAR A TERRA. PEGAR A ENCHADÃO E REFLORESTAR NO CATACUMBA. VAMOS PEGAR O BARBUDO. E CGUSPAR A LARANJA. ESTA TEM QUE AMAR A FAKA NEIS. AKABAR COM LA RANJA E O JULINHA VAI TER QUE PEGAR ELE. SE NÃONO PARA O CAR REGA VAI MOSTRAR O CAIXÕ. PEGA ELES VIANJO VAI MORRER A LIBERDADI E AIR NO TUMULU.', 'textOriginal': 'AGORA SAO OS  de pestTIS  VAMOS PEGAR O TRABALHADOR LAVRADOR. VAMOS ARAR A TERRA. PEGAR A ENCHADÃO E REFLORESTAR NO CATACUMBA. VAMOS PEGAR O BARBUDO. E CGUSPAR A LARANJA. ESTA TEM QUE AMAR A FAKA NEIS. AKABAR COM LA RANJA E O JULINHA VAI TER QUE PEGAR ELE. SE NÃONO PARA O CAR REGA VAI MOSTRAR O CAIXÕ. PEGA ELES VIANJO VAI MORRER A LIBERDADI E AIR NO TUMULU.', 'authorDisplayName': 'Mauricio Seixas', 'authorProfileImageUrl': 'https://yt3.ggpht.com/ytc/AGIKgqPBayAgU0w67i8RUZBfdcrEpDm_kabpYh9trQ=s48-c-k-c0x00ffffff-no-rj', 'authorChannelUrl': 'http://www.youtube.com/channel/UCWG5skuFggltPw8VhZN7b4g', 'authorChannelId': {'value': 'UCWG5skuFggltPw8VhZN7b4g'}, 'canRate': True, 'viewerRating': 'none', 'likeCount': 0, 'publishedAt': '2022-10-24T00:54:57Z', 'updatedAt': '2022-10-24T00:54:57Z'}}, 'canReply': True, 'totalReplyCount': 0, 'isPublic': True}",,UCWG5skuFggltPw8VhZN7b4g,2022-10-24T00:54:57Z,AGORA SAO OS  de pestTIS  VAMOS PEGAR O TRABALHADOR LAVRADOR. VAMOS ARAR A TERRA. PEGAR A ENCHADÃO E REFLORESTAR NO CATACUMBA. VAMOS PEGAR O BARBUDO. E CGUSPAR A LARANJA. ESTA TEM QUE AMAR A FAKA NEIS. AKABAR COM LA RANJA E O JULINHA VAI TER QUE PEGAR ELE. SE NÃONO PARA O CAR REGA VAI MOSTRAR O CAIXÕ. PEGA ELES VIANJO VAI MORRER A LIBERDADI E AIR NO TUMULU.,QURTSl9pMWw0UnhTM2FCOG4tY0x0UEJNWUJKcUFob2ZhdElEU3VGRnVwT21zWXlKOWNBOWlIU2E5RG1teU1yTWpHdURVMHdMdW9tQWtvdw==,2023-06-08 14:52:35.620843
youtube#commentThread,tb4_E5wUmhTpSVvFFCB6aqm3r24,UgwFGX6mCR6tE3gxlQB4AaABAg,"{'videoId': 'zEfTDpfyt1o', 'topLevelComment': {'kind': 'youtube#comment', 'etag': 'nGUJtOVBcZzQUPZwPbmfxUNh67U', 'id': 'UgwFGX6mCR6tE3gxlQB4AaABAg', 'snippet': {'videoId': 'zEfTDpfyt1o', 'textDisplay': 'Bolsonaro grava vídeo dizendo que quem atira em policial é bandido!', 'textOriginal': 'Bolsonaro grava vídeo dizendo que quem atira em policial é bandido!', 'authorDisplayName': 'Menezes', 'authorProfileImageUrl': 'https://yt3.ggpht.com/goBdGXFRGDWP3ZQROa1Jtzr3iS4mXx4BVyEl-r-TCtfC9OrTszTgetOmucgAb2NOR7HvPX_s=s48-c-k-c0x00ffffff-no-rj', 'authorChannelUrl': 'http://www.youtube.com/channel/UC47l1XVp9fZlKl1k8bn-NXQ', 'authorChannelId': {'value': 'UC47l1XVp9fZlKl1k8bn-NXQ'}, 'canRate': True, 'viewerRating': 'none', 'likeCount': 0, 'publishedAt': '2022-10-24T00:54:43Z', 'updatedAt': '2022-10-24T00:54:43Z'}}, 'canReply': True, 'totalReplyCount': 0, 'isPublic': True}",,UC47l1XVp9fZlKl1k8bn-NXQ,2022-10-24T00:54:43Z,Bolsonaro grava vídeo dizendo que quem atira em policial é bandido!,QURTSl9pMWw0UnhTM2FCOG4tY0x0UEJNWUJKcUFob2ZhdElEU3VGRnVwT21zWXlKOWNBOWlIU2E5RG1teU1yTWpHdURVMHdMdW9tQWtvdw==,2023-06-08 14:52:35.620843
youtube#commentThread,roo_3FuX5CEUCkYI_Ubpy29Zh_8,UgzHz0-K0bWu2sQ1zYZ4AaABAg,"{'videoId': 'zEfTDpfyt1o', 'topLevelComment': {'kind': 'youtube#comment', 'etag': 'rZk99kUawvp8LOffiEn_B1EdU7c', 'id': 'UgzHz0-K0bWu2sQ1zYZ4AaABAg', 'snippet': {'videoId': 'zEfTDpfyt1o', 'textDisplay': 'Isso não pode acontecer.  Quem  fez isso pague pelos seus atos', 'textOriginal': 'Isso não pode acontecer.  Quem  fez isso pague pelos seus atos', 'authorDisplayName': 'Angela Bianchini', 'authorProfileImageUrl': 'https://yt3.ggpht.com/ytc/AGIKgqN__YZRwXWF8UvAW_V0MuwIBuU1jPeW1fkZ_nsu2A=s48-c-k-c0x00ffffff-no-rj', 'authorChannelUrl': 'http://www.youtube.com/channel/UC_QbRrbUBDa_QF8tjtsi9lw', 'authorChannelId': {'value': 'UC_QbRrbUBDa_QF8tjtsi9lw'}, 'canRate': True, 'viewerRating': 'none', 'likeCount': 0, 'publishedAt': '2022-10-24T00:54:23Z', 'updatedAt': '2022-10-24T00:54:23Z'}}, 'canReply': True, 'totalReplyCount': 0, 'isPublic': True}",,UC_QbRrbUBDa_QF8tjtsi9lw,2022-10-24T00:54:23Z,Isso não pode acontecer.  Quem  fez isso pague pelos seus atos,QURTSl9pMWw0UnhTM2FCOG4tY0x0UEJNWUJKcUFob2ZhdElEU3VGRnVwT21zWXlKOWNBOWlIU2E5RG1teU1yTWpHdURVMHdMdW9tQWtvdw==,2023-06-08 14:52:35.620843
youtube#commentThread,2zpEKN8JlvUzw564prL_t5PnXLc,UgyqxpNxq6VaSACuyLh4AaABAg,"{'videoId': 'zEfTDpfyt1o', 'topLevelComment': {'kind': 'youtube#comment', 'etag': 'ts9yTIwhRUvZR8vx48aqTIKh950', 'id': 'UgyqxpNxq6VaSACuyLh4AaABAg', 'snippet': {'videoId': 'zEfTDpfyt1o', 'textDisplay': 'Têm que dá um basta nesses vagabundos Bossonaristas radicais; são bandidos bossonaristas', 'textOriginal': 'Têm que dá um basta nesses vagabundos Bossonaristas radicais; são bandidos bossonaristas', 'authorDisplayName': 'Raimundo Santos', 'authorProfileImageUrl': 'https://yt3.ggpht.com/ytc/AGIKgqPf2TktpeFyu6Kq1roBlKou9J9XD8DgJL_5TH-6fMRbv8AfC3LQcwiP6VoReq0B=s48-c-k-c0x00ffffff-no-rj', 'authorChannelUrl': 'http://www.youtube.com/channel/UCg-nSyLB0wCuC95kK82M8Uw', 'authorChannelId': {'value': 'UCg-nSyLB0wCuC95kK82M8Uw'}, 'canRate': True, 'viewerRating': 'none', 'likeCount': 0, 'publishedAt': '2022-10-24T00:53:40Z', 'updatedAt': '2022-10-24T00:53:40Z'}}, 'canReply': True, 'totalReplyCount': 0, 'isPublic': True}",,UCg-nSyLB0wCuC95kK82M8Uw,2022-10-24T00:53:40Z,Têm que dá um basta nesses vagabundos Bossonaristas radicais; são bandidos bossonaristas,QURTSl9pMWw0UnhTM2FCOG4tY0x0UEJNWUJKcUFob2ZhdElEU3VGRnVwT21zWXlKOWNBOWlIU2E5RG1teU1yTWpHdURVMHdMdW9tQWtvdw==,2023-06-08 14:52:35.620843
youtube#commentThread,bke5m_K5e8OnFnikITTL0ZZlcJ8,UgzYvSsSzdRTE54FmmN4AaABAg,"{'videoId': 'zEfTDpfyt1o', 'topLevelComment': {'kind': 'youtube#comment', 'etag': 'Ked5ah5g6q43yYZWvrxGpvxNADk', 'id': 'UgzYvSsSzdRTE54FmmN4AaABAg', 'snippet': {'videoId': 'zEfTDpfyt1o', 'textDisplay': 'O cinegrafista foi agredido por apoiadores de Bolsonaro e não de Roberto Jefferson. De uma emissora que apoia esse governo, não se poderia esperar outra coisa, a não ser deturpar os fatos. 😡😡😡', 'textOriginal': 'O cinegrafista foi agredido por apoiadores de Bolsonaro e não de Roberto Jefferson. De uma emissora que apoia esse governo, não se poderia esperar outra coisa, a não ser deturpar os fatos. 😡😡😡', 'authorDisplayName': 'Edilson Duarte', 'authorProfileImageUrl': 'https://yt3.ggpht.com/ytc/AGIKgqMRJiGZQPhaDmjk89EkulITKepeDNSI0MMDOLRjzw=s48-c-k-c0x00ffffff-no-rj', 'authorChannelUrl': 'http://www.youtube.com/channel/UClfVNWiWX0YvBrtktKIa16Q', 'authorChannelId': {'value': 'UClfVNWiWX0YvBrtktKIa16Q'}, 'canRate': True, 'viewerRating': 'none', 'likeCount': 0, 'publishedAt': '2022-10-24T00:53:20Z', 'updatedAt': '2022-10-24T00:53:20Z'}}, 'canReply': True, 'totalReplyCount': 0, 'isPublic': True}",,UClfVNWiWX0YvBrtktKIa16Q,2022-10-24T00:53:20Z,"O cinegrafista foi agredido por apoiadores de Bolsonaro e não de Roberto Jefferson. De uma emissora que apoia esse governo, não se poderia esperar outra coisa, a não ser deturpar os fatos. 😡😡😡",QURTSl9pMWw0UnhTM2FCOG4tY0x0UEJNWUJKcUFob2ZhdElEU3VGRnVwT21zWXlKOWNBOWlIU2E5RG1teU1yTWpHdURVMHdMdW9tQWtvdw==,2023-06-08 14:52:35.620843
youtube#commentThread,lJ3dlYygax4ki75ayzrGgwL_Es0,UgwsPKXux2BkzdNRuCZ4AaABAg,"{'videoId': 'zEfTDpfyt1o', 'topLevelComment': {'kind': 'youtube#comment', 'etag': 'keNb5zJ82xNezy2iKdyJDFJ5JWQ', 'id': 'UgwsPKXux2BkzdNRuCZ4AaABAg', 'snippet': {'videoId': 'zEfTDpfyt1o', 'textDisplay': '<a href=""http://www.youtube.com/results?search_query=%23globolixo"">#GloboLixo</a> provando do seu próprio venen0', 'textOriginal': '#GloboLixo provando do seu próprio venen0', 'authorDisplayName': '@WanderleiMelo', 'authorProfileImageUrl': 'https://yt3.ggpht.com/XoIBbaiafwVXhS_NndHLGbghFtInWK38iHa7QYha6ATOwnj_J-H8m50gjo1Bz-VbUgTCXPycjw=s48-c-k-c0x00ffffff-no-rj', 'authorChannelUrl': 'http://www.youtube.com/channel/UCj4DlHmLn1kLIqGUbfdzZgg', 'authorChannelId': {'value': 'UCj4DlHmLn1kLIqGUbfdzZgg'}, 'canRate': True, 'viewerRating': 'none', 'likeCount': 1, 'publishedAt': '2022-10-24T00:53:00Z', 'updatedAt': '2022-10-24T00:53:00Z'}}, 'canReply': True, 'totalReplyCount': 0, 'isPublic': True}",,UCj4DlHmLn1kLIqGUbfdzZgg,2022-10-24T00:53:00Z,#GloboLixo provando do seu próprio venen0,QURTSl9pMWw0UnhTM2FCOG4tY0x0UEJNWUJKcUFob2ZhdElEU3VGRnVwT21zWXlKOWNBOWlIU2E5RG1teU1yTWpHdURVMHdMdW9tQWtvdw==,2023-06-08 14:52:35.620843
youtube#commentThread,kksSm-gzu65VPiCqcyuASfA-X0c,Ugy7RoqdOD6cjBXlXah4AaABAg,"{'videoId': 'zEfTDpfyt1o', 'topLevelComment': {'kind': 'youtube#comment', 'etag': 'ek3VhaeuPqcphI31fpd5eM0TBPM', 'id': 'Ugy7RoqdOD6cjBXlXah4AaABAg', 'snippet': {'videoId': 'zEfTDpfyt1o', 'textDisplay': 'Bem feito <a href=""http://www.youtube.com/results?search_query=%23globolixo"">#globolixo</a>', 'textOriginal': 'Bem feito #globolixo', 'authorDisplayName': '@WanderleiMelo', 'authorProfileImageUrl': 'https://yt3.ggpht.com/XoIBbaiafwVXhS_NndHLGbghFtInWK38iHa7QYha6ATOwnj_J-H8m50gjo1Bz-VbUgTCXPycjw=s48-c-k-c0x00ffffff-no-rj', 'authorChannelUrl': 'http://www.youtube.com/channel/UCj4DlHmLn1kLIqGUbfdzZgg', 'authorChannelId': {'value': 'UCj4DlHmLn1kLIqGUbfdzZgg'}, 'canRate': True, 'viewerRating': 'none', 'likeCount': 0, 'publishedAt': '2022-10-24T00:51:42Z', 'updatedAt': '2022-10-24T00:51:42Z'}}, 'canReply': True, 'totalReplyCount': 0, 'isPublic': True}",,UCj4DlHmLn1kLIqGUbfdzZgg,2022-10-24T00:51:42Z,Bem feito #globolixo,QURTSl9pMWw0UnhTM2FCOG4tY0x0UEJNWUJKcUFob2ZhdElEU3VGRnVwT21zWXlKOWNBOWlIU2E5RG1teU1yTWpHdURVMHdMdW9tQWtvdw==,2023-06-08 14:52:35.620843
youtube#commentThread,TedxhPS_bvju0BkYTd4JQP4v5Qk,UgwIBFF7wfcIYgqzq5N4AaABAg,"{'videoId': 'zEfTDpfyt1o', 'topLevelComment': {'kind': 'youtube#comment', 'etag': 'VQJGltFs8H9CGAcVoiU7QqmpfLw', 'id': 'UgwIBFF7wfcIYgqzq5N4AaABAg', 'snippet': {'videoId': 'zEfTDpfyt1o', 'textDisplay': '<a href=""http://www.youtube.com/results?search_query=%23globolixo"">#GloboLixo</a>', 'textOriginal': '#GloboLixo', 'authorDisplayName': 'Devanir Barbosa De Moraes', 'authorProfileImageUrl': 'https://yt3.ggpht.com/ytc/AGIKgqPz-tDRcS7smfwZtFNQz6fJ-MCpv4Zokf_a9Q=s48-c-k-c0x00ffffff-no-rj', 'authorChannelUrl': 'http://www.youtube.com/channel/UC9mN4-C3tA5qAZUb18tu76Q', 'authorChannelId': {'value': 'UC9mN4-C3tA5qAZUb18tu76Q'}, 'canRate': True, 'viewerRating': 'none', 'likeCount': 0, 'publishedAt': '2022-10-24T00:51:35Z', 'updatedAt': '2022-10-24T00:51:35Z'}}, 'canReply': True, 'totalReplyCount': 0, 'isPublic': True}",,UC9mN4-C3tA5qAZUb18tu76Q,2022-10-24T00:51:35Z,#GloboLixo,QURTSl9pMWw0UnhTM2FCOG4tY0x0UEJNWUJKcUFob2ZhdElEU3VGRnVwT21zWXlKOWNBOWlIU2E5RG1teU1yTWpHdURVMHdMdW9tQWtvdw==,2023-06-08 14:52:35.620843
youtube#commentThread,Z_0mGwoQrBq5amtqrE_ofkHU8fk,Ugx0f6uhfRJuMmdx_qt4AaABAg,"{'videoId': 'zEfTDpfyt1o', 'topLevelComment': {'kind': 'youtube#comment', 'etag': 'xqisLasYkHBQ159FA1418ZYYaQ8', 'id': 'Ugx0f6uhfRJuMmdx_qt4AaABAg', 'snippet': {'videoId': 'zEfTDpfyt1o', 'textDisplay': 'B 22 e Lula nunca mais..', 'textOriginal': 'B 22 e Lula nunca mais..', 'authorDisplayName': 'Maria Pagani', 'authorProfileImageUrl': 'https://yt3.ggpht.com/ytc/AGIKgqOd5czpTAgbNAIaf90nNy5pfrSDjuRjkmdEL1vpEtXyHN1WDWMBOKeo6YGPPC6-=s48-c-k-c0x00ffffff-no-rj', 'authorChannelUrl': 'http://www.youtube.com/channel/UCQ1GfKZCSHENbqzRQFv1bGw', 'authorChannelId': {'value': 'UCQ1GfKZCSHENbqzRQFv1bGw'}, 'canRate': True, 'viewerRating': 'none', 'likeCount': 0, 'publishedAt': '2022-10-24T00:51:29Z', 'updatedAt': '2022-10-24T00:51:29Z'}}, 'canReply': True, 'totalReplyCount': 0, 'isPublic': True}",,UCQ1GfKZCSHENbqzRQFv1bGw,2022-10-24T00:51:29Z,B 22 e Lula nunca mais..,QURTSl9pMWw0UnhTM2FCOG4tY0x0UEJNWUJKcUFob2ZhdElEU3VGRnVwT21zWXlKOWNBOWlIU2E5RG1teU1yTWpHdURVMHdMdW9tQWtvdw==,2023-06-08 14:52:35.620843
youtube#commentThread,qBSs5RUwZl5lyG17ExSCk2Mgpbg,Ugz5FDKGQJ-JGxLHG1p4AaABAg,"{'videoId': 'zEfTDpfyt1o', 'topLevelComment': {'kind': 'youtube#comment', 'etag': 'lyXVSJ0TdHwRBrtAEOVZLaGqHck', 'id': 'Ugz5FDKGQJ-JGxLHG1p4AaABAg', 'snippet': {'videoId': 'zEfTDpfyt1o', 'textDisplay': 'Parabéns a Jovem Pan pelo caráter, tanto da emissora, quanto de seus profissionais, por divulgar a reportagem de forma verídica, como realmente aconteceu, e pelo ato de repúdio a agressão contra o repórter cinematográfico da outra emissora. Infelizmente a emissora a qual o repórter  cinematográfico trabalha, não noticiou o ocorrido como realmente foi, houve distorção por parte deles. Mas ainda bem que existe uma emissora de caráter excelente, como também seus profissionais para reportar a verdade como ela é. Parabéns a Jovem Pan!', 'textOriginal': 'Parabéns a Jovem Pan pelo caráter, tanto da emissora, quanto de seus profissionais, por divulgar a reportagem de forma verídica, como realmente aconteceu, e pelo ato de repúdio a agressão contra o repórter cinematográfico da outra emissora. Infelizmente a emissora a qual o repórter  cinematográfico trabalha, não noticiou o ocorrido como realmente foi, houve distorção por parte deles. Mas ainda bem que existe uma emissora de caráter excelente, como também seus profissionais para reportar a verdade como ela é. Parabéns a Jovem Pan!', 'authorDisplayName': 'Cirino Junior Junior', 'authorProfileImageUrl': 'https://yt3.ggpht.com/ytc/AGIKgqPxl7JhSd9afeiWyJ6iG3aKHIh-1JjBiaXv1Q=s48-c-k-c0x00ffffff-no-rj', 'authorChannelUrl': 'http://www.youtube.com/channel/UCNbKK1QRDtSZUxUf0GxnAdQ', 'authorChannelId': {'value': 'UCNbKK1QRDtSZUxUf0GxnAdQ'}, 'canRate': True, 'viewerRating': 'none', 'likeCount': 3, 'publishedAt': '2022-10-24T00:50:43Z', 'updatedAt': '2022-10-24T00:50:43Z'}}, 'canReply': True, 'totalReplyCount': 0, 'isPublic': True}",,UCNbKK1QRDtSZUxUf0GxnAdQ,2022-10-24T00:50:43Z,"Parabéns a Jovem Pan pelo caráter, tanto da emissora, quanto de seus profissionais, por divulgar a reportagem de forma verídica, como realmente aconteceu, e pelo ato de repúdio a agressão contra o repórter cinematográfico da outra emissora. Infelizmente a emissora a qual o repórter  cinematográfico trabalha, não noticiou o ocorrido como realmente foi, houve distorção por parte deles. Mas ainda bem que existe uma emissora de caráter excelente, como também seus profissionais para reportar a verdade como ela é. Parabéns a Jovem Pan!",QURTSl9pMWw0UnhTM2FCOG4tY0x0UEJNWUJKcUFob2ZhdElEU3VGRnVwT21zWXlKOWNBOWlIU2E5RG1teU1yTWpHdURVMHdMdW9tQWtvdw==,2023-06-08 14:52:35.620843
youtube#commentThread,F2rFqVmTlv2hkTAJs9vx6HDGCAQ,Ugxigb5A0MGXRF4EISJ4AaABAg,"{'videoId': 'zEfTDpfyt1o', 'topLevelComment': {'kind': 'youtube#comment', 'etag': 'VEERYr4cxvZvFJBDOXaljA6G1nI', 'id': 'Ugxigb5A0MGXRF4EISJ4AaABAg', 'snippet': {'videoId': 'zEfTDpfyt1o', 'textDisplay': 'Culpa de quem xandão.', 'textOriginal': 'Culpa de quem xandão.', 'authorDisplayName': 'Waldirene Silveira', 'authorProfileImageUrl': 'https://yt3.ggpht.com/ytc/AGIKgqOafLa44iGh7mRd6w53A8ynrqgwVTaK1dQSqA=s48-c-k-c0x00ffffff-no-rj', 'authorChannelUrl': 'http://www.youtube.com/channel/UC1JMd55fzXim_teerFCsHOw', 'authorChannelId': {'value': 'UC1JMd55fzXim_teerFCsHOw'}, 'canRate': True, 'viewerRating': 'none', 'likeCount': 0, 'publishedAt': '2022-10-24T00:49:50Z', 'updatedAt': '2022-10-24T00:49:50Z'}}, 'canReply': True, 'totalReplyCount': 0, 'isPublic': True}",,UC1JMd55fzXim_teerFCsHOw,2022-10-24T00:49:50Z,Culpa de quem xandão.,QURTSl9pMWw0UnhTM2FCOG4tY0x0UEJNWUJKcUFob2ZhdElEU3VGRnVwT21zWXlKOWNBOWlIU2E5RG1teU1yTWpHdURVMHdMdW9tQWtvdw==,2023-06-08 14:52:35.620843
youtube#commentThread,mn4GBXKbhWtjI2exLhBcVNfi9g4,Ugxz8RuHjdo3mF51CJZ4AaABAg,"{'videoId': 'zEfTDpfyt1o', 'topLevelComment': {'kind': 'youtube#comment', 'etag': 'A_TC1tCDgHbXs5n7YlybRsaXF4M', 'id': 'Ugxz8RuHjdo3mF51CJZ4AaABAg', 'snippet': {'videoId': 'zEfTDpfyt1o', 'textDisplay': 'Quem é que está provocando a desordem no pais,e quem está em casa, porque não manda prender os traficantes do morro, e vcs da jovem pan, já foi calado a boca pelo mesmo', 'textOriginal': 'Quem é que está provocando a desordem no pais,e quem está em casa, porque não manda prender os traficantes do morro, e vcs da jovem pan, já foi calado a boca pelo mesmo', 'authorDisplayName': 'Ataíde Augusto Lopes Lopes', 'authorProfileImageUrl': 'https://yt3.ggpht.com/ytc/AGIKgqO-P3w9WwrFCjxHWYvY0KG5JS_V5cla0LUlQ-Bu6YCEHgx0iyHHsz9FIFqOUzBv=s48-c-k-c0x00ffffff-no-rj', 'authorChannelUrl': 'http://www.youtube.com/channel/UC6ure_E6eAEP4lUmKv58adw', 'authorChannelId': {'value': 'UC6ure_E6eAEP4lUmKv58adw'}, 'canRate': True, 'viewerRating': 'none', 'likeCount': 0, 'publishedAt': '2022-10-24T00:49:46Z', 'updatedAt': '2022-10-24T00:49:46Z'}}, 'canReply': True, 'totalReplyCount': 0, 'isPublic': True}",,UC6ure_E6eAEP4lUmKv58adw,2022-10-24T00:49:46Z,"Quem é que está provocando a desordem no pais,e quem está em casa, porque não manda prender os traficantes do morro, e vcs da jovem pan, já foi calado a boca pelo mesmo",QURTSl9pMWw0UnhTM2FCOG4tY0x0UEJNWUJKcUFob2ZhdElEU3VGRnVwT21zWXlKOWNBOWlIU2E5RG1teU1yTWpHdURVMHdMdW9tQWtvdw==,2023-06-08 14:52:35.620843
youtube#commentThread,S5_8EGFedlSEn8qKyEPYT8TfeME,Ugztkh_9WReJld30CNF4AaABAg,"{'videoId': 'zEfTDpfyt1o', 'topLevelComment': {'kind': 'youtube#comment', 'etag': '50W15mbZov4BeQ8xTAvgyY5oC74', 'id': 'Ugztkh_9WReJld30CNF4AaABAg', 'snippet': {'videoId': 'zEfTDpfyt1o', 'textDisplay': 'O d3 camisa verde  3 bermuda   será que foi o mito  kkkk', 'textOriginal': 'O d3 camisa verde  3 bermuda   será que foi o mito  kkkk', 'authorDisplayName': 'Sandro Chaves', 'authorProfileImageUrl': 'https://yt3.ggpht.com/ytc/AGIKgqO5pD_PYD6e1PbOiJyWHYVbjPLa_1vQSAXmA6NRvluYt-3ABI7HwhUpCRNg22j4=s48-c-k-c0x00ffffff-no-rj', 'authorChannelUrl': 'http://www.youtube.com/channel/UC5IRcrII3Uq7gd2MpompYOQ', 'authorChannelId': {'value': 'UC5IRcrII3Uq7gd2MpompYOQ'}, 'canRate': True, 'viewerRating': 'none', 'likeCount': 0, 'publishedAt': '2022-10-24T00:49:46Z', 'updatedAt': '2022-10-24T00:49:46Z'}}, 'canReply': True, 'totalReplyCount': 0, 'isPublic': True}",,UC5IRcrII3Uq7gd2MpompYOQ,2022-10-24T00:49:46Z,O d3 camisa verde  3 bermuda   será que foi o mito  kkkk,QURTSl9pMWw0UnhTM2FCOG4tY0x0UEJNWUJKcUFob2ZhdElEU3VGRnVwT21zWXlKOWNBOWlIU2E5RG1teU1yTWpHdURVMHdMdW9tQWtvdw==,2023-06-08 14:52:35.620843
youtube#commentThread,SdywtUmZG6pVoEiUXF1mnHQCwK4,UgwHV2EW8dS_tJAwxQV4AaABAg,"{'videoId': 'zEfTDpfyt1o', 'topLevelComment': {'kind': 'youtube#comment', 'etag': '_hEfNYw92774_GMwv1AHDAktQfQ', 'id': 'UgwHV2EW8dS_tJAwxQV4AaABAg', 'snippet': {'videoId': 'zEfTDpfyt1o', 'textDisplay': 'Nosso desprezo é não assistir a globo o cara está trabalhando...', 'textOriginal': 'Nosso desprezo é não assistir a globo o cara está trabalhando...', 'authorDisplayName': 'Maria Pagani', 'authorProfileImageUrl': 'https://yt3.ggpht.com/ytc/AGIKgqOd5czpTAgbNAIaf90nNy5pfrSDjuRjkmdEL1vpEtXyHN1WDWMBOKeo6YGPPC6-=s48-c-k-c0x00ffffff-no-rj', 'authorChannelUrl': 'http://www.youtube.com/channel/UCQ1GfKZCSHENbqzRQFv1bGw', 'authorChannelId': {'value': 'UCQ1GfKZCSHENbqzRQFv1bGw'}, 'canRate': True, 'viewerRating': 'none', 'likeCount': 1, 'publishedAt': '2022-10-24T00:49:19Z', 'updatedAt': '2022-10-24T00:49:19Z'}}, 'canReply': True, 'totalReplyCount': 0, 'isPublic': True}",,UCQ1GfKZCSHENbqzRQFv1bGw,2022-10-24T00:49:19Z,Nosso desprezo é não assistir a globo o cara está trabalhando...,QURTSl9pMWw0UnhTM2FCOG4tY0x0UEJNWUJKcUFob2ZhdElEU3VGRnVwT21zWXlKOWNBOWlIU2E5RG1teU1yTWpHdURVMHdMdW9tQWtvdw==,2023-06-08 14:52:35.620843
youtube#commentThread,qcLKcgjwRIjtoffO8vNiiFIfJ70,Ugyqq54_G9RNZZ2I6jR4AaABAg,"{'videoId': 'zEfTDpfyt1o', 'topLevelComment': {'kind': 'youtube#comment', 'etag': 'iR4R89FQt4CZN0Ait5znQ9bDDiM', 'id': 'Ugyqq54_G9RNZZ2I6jR4AaABAg', 'snippet': {'videoId': 'zEfTDpfyt1o', 'textDisplay': 'FAÇAM COMO EU, EXCLUAM, À REDE GLOBO, ITAPIPOCA CEARÁ', 'textOriginal': 'FAÇAM COMO EU, EXCLUAM, À REDE GLOBO, ITAPIPOCA CEARÁ', 'authorDisplayName': 'Miguel Mota', 'authorProfileImageUrl': 'https://yt3.ggpht.com/ytc/AGIKgqMMrK3XYUUXsSxQaEYoDCfg_D3SDPACd1WxzDXrSbrpUuT04IxWA5AIqItFud_V=s48-c-k-c0x00ffffff-no-rj', 'authorChannelUrl': 'http://www.youtube.com/channel/UCnzRY2IYXCB9KhVtElEOpDQ', 'authorChannelId': {'value': 'UCnzRY2IYXCB9KhVtElEOpDQ'}, 'canRate': True, 'viewerRating': 'none', 'likeCount': 0, 'publishedAt': '2022-10-24T00:48:48Z', 'updatedAt': '2022-10-24T00:48:48Z'}}, 'canReply': True, 'totalReplyCount': 0, 'isPublic': True}",,UCnzRY2IYXCB9KhVtElEOpDQ,2022-10-24T00:48:48Z,"FAÇAM COMO EU, EXCLUAM, À REDE GLOBO, ITAPIPOCA CEARÁ",QURTSl9pMWw0UnhTM2FCOG4tY0x0UEJNWUJKcUFob2ZhdElEU3VGRnVwT21zWXlKOWNBOWlIU2E5RG1teU1yTWpHdURVMHdMdW9tQWtvdw==,2023-06-08 14:52:35.620843
youtube#commentThread,DT4raNYUacQF6hYXhTdoC5ZVlpo,UgyKOco2aua5CLmX2OF4AaABAg,"{'videoId': 'zEfTDpfyt1o', 'topLevelComment': {'kind': 'youtube#comment', 'etag': 'TYRIRMyZRv4cIo7xPe4g1oJH8S0', 'id': 'UgyKOco2aua5CLmX2OF4AaABAg', 'snippet': {'videoId': 'zEfTDpfyt1o', 'textDisplay': 'A melhor resposta ao jornalismo sujo, distorcido e manipulador da grande midia putrida e corrompida, é ignora lo por completo!!', 'textOriginal': 'A melhor resposta ao jornalismo sujo, distorcido e manipulador da grande midia putrida e corrompida, é ignora lo por completo!!', 'authorDisplayName': 'Thor Nascimento', 'authorProfileImageUrl': 'https://yt3.ggpht.com/ytc/AGIKgqNJdg-gqJgIUhCZJWRmwXo4z8f_jX3Dk2HxGyPhtQ=s48-c-k-c0x00ffffff-no-rj', 'authorChannelUrl': 'http://www.youtube.com/channel/UCocQ7E0ns-7m6vguWg86qJQ', 'authorChannelId': {'value': 'UCocQ7E0ns-7m6vguWg86qJQ'}, 'canRate': True, 'viewerRating': 'none', 'likeCount': 0, 'publishedAt': '2022-10-24T00:48:31Z', 'updatedAt': '2022-10-24T00:48:31Z'}}, 'canReply': True, 'totalReplyCount': 0, 'isPublic': True}",,UCocQ7E0ns-7m6vguWg86qJQ,2022-10-24T00:48:31Z,"A melhor resposta ao jornalismo sujo, distorcido e manipulador da grande midia putrida e corrompida, é ignora lo por completo!!",QURTSl9pMWw0UnhTM2FCOG4tY0x0UEJNWUJKcUFob2ZhdElEU3VGRnVwT21zWXlKOWNBOWlIU2E5RG1teU1yTWpHdURVMHdMdW9tQWtvdw==,2023-06-08 14:52:35.620843
youtube#commentThread,WuyzSnLyAA_O9JTM-tFVIGqVuWc,UgzKEA9eJoue8I8aGmx4AaABAg,"{'videoId': 'zEfTDpfyt1o', 'topLevelComment': {'kind': 'youtube#comment', 'etag': 'mDFCZhEsy52Qa_QZa8vQCwS_32o', 'id': 'UgzKEA9eJoue8I8aGmx4AaABAg', 'snippet': {'videoId': 'zEfTDpfyt1o', 'textDisplay': 'na rede globo tem la escrito, que  &quot;bolsonarista agride cinegrafista&quot; quero que tinho da rede globo va pro inferno.', 'textOriginal': 'na rede globo tem la escrito, que  ""bolsonarista agride cinegrafista"" quero que tinho da rede globo va pro inferno.', 'authorDisplayName': 'lordshadownx', 'authorProfileImageUrl': 'https://yt3.ggpht.com/ytc/AGIKgqNV9tMal22BpWR02IInEPmzeuw7J8aJD-3jmkPggA=s48-c-k-c0x00ffffff-no-rj', 'authorChannelUrl': 'http://www.youtube.com/channel/UCM35-ad1kdsPjV1Jw_T8wEg', 'authorChannelId': {'value': 'UCM35-ad1kdsPjV1Jw_T8wEg'}, 'canRate': True, 'viewerRating': 'none', 'likeCount': 0, 'publishedAt': '2022-10-24T00:47:18Z', 'updatedAt': '2022-10-24T00:47:18Z'}}, 'canReply': True, 'totalReplyCount': 0, 'isPublic': True}",,UCM35-ad1kdsPjV1Jw_T8wEg,2022-10-24T00:47:18Z,"na rede globo tem la escrito, que  ""bolsonarista agride cinegrafista"" quero que tinho da rede globo va pro inferno.",QURTSl9pMWw0UnhTM2FCOG4tY0x0UEJNWUJKcUFob2ZhdElEU3VGRnVwT21zWXlKOWNBOWlIU2E5RG1teU1yTWpHdURVMHdMdW9tQWtvdw==,2023-06-08 14:52:35.620843
youtube#commentThread,fe0WEauIIfEyUbFi-j46B_7zGSY,Ugy85B_4yGLBaGc4W7V4AaABAg,"{'videoId': 'zEfTDpfyt1o', 'topLevelComment': {'kind': 'youtube#comment', 'etag': 'trnx9VFdKTKUT0OJ7I0iiJtx7OM', 'id': 'Ugy85B_4yGLBaGc4W7V4AaABAg', 'snippet': {'videoId': 'zEfTDpfyt1o', 'textDisplay': 'É apoiador do Bolsonaro, tem que dizer isso, agrediu um trabalhador, o cara só filma, não dá ordens.', 'textOriginal': 'É apoiador do Bolsonaro, tem que dizer isso, agrediu um trabalhador, o cara só filma, não dá ordens.', 'authorDisplayName': 'Daniel Evaristo', 'authorProfileImageUrl': 'https://yt3.ggpht.com/ytc/AGIKgqMMZrdbsUhCBJwiIxj7aWtylqAevCFt1mBiPkdHXg=s48-c-k-c0x00ffffff-no-rj', 'authorChannelUrl': 'http://www.youtube.com/channel/UCnJkkckcbWytbhy9_wxYglw', 'authorChannelId': {'value': 'UCnJkkckcbWytbhy9_wxYglw'}, 'canRate': True, 'viewerRating': 'none', 'likeCount': 0, 'publishedAt': '2022-10-24T00:47:18Z', 'updatedAt': '2022-10-24T00:47:18Z'}}, 'canReply': True, 'totalReplyCount': 0, 'isPublic': True}",,UCnJkkckcbWytbhy9_wxYglw,2022-10-24T00:47:18Z,"É apoiador do Bolsonaro, tem que dizer isso, agrediu um trabalhador, o cara só filma, não dá ordens.",QURTSl9pMWw0UnhTM2FCOG4tY0x0UEJNWUJKcUFob2ZhdElEU3VGRnVwT21zWXlKOWNBOWlIU2E5RG1teU1yTWpHdURVMHdMdW9tQWtvdw==,2023-06-08 14:52:35.620843
youtube#commentThread,4_p5uwvd75PdrjJMPXM7KJhEDlg,Ugw9el9nF_YZfnMfhcV4AaABAg,"{'videoId': 'zEfTDpfyt1o', 'topLevelComment': {'kind': 'youtube#comment', 'etag': 'GJwKCHQA0cI8jOjIWRse-Pn_L8Y', 'id': 'Ugw9el9nF_YZfnMfhcV4AaABAg', 'snippet': {'videoId': 'zEfTDpfyt1o', 'textDisplay': 'Bolsonaro não declarou apoio a Roberto Jeferson', 'textOriginal': 'Bolsonaro não declarou apoio a Roberto Jeferson', 'authorDisplayName': 'JL', 'authorProfileImageUrl': 'https://yt3.ggpht.com/jGnYs9o2d1K7E0yYBqOfVDbu5I1fJxWXdseXUl1XP1QBsHo6P1C_TnnWg64kGVHRKn921QEk1A=s48-c-k-c0x00ffffff-no-rj', 'authorChannelUrl': 'http://www.youtube.com/channel/UCiwSSPiL2LzK2_TsbZ3-I2A', 'authorChannelId': {'value': 'UCiwSSPiL2LzK2_TsbZ3-I2A'}, 'canRate': True, 'viewerRating': 'none', 'likeCount': 0, 'publishedAt': '2022-10-24T00:46:57Z', 'updatedAt': '2022-10-24T00:46:57Z'}}, 'canReply': True, 'totalReplyCount': 0, 'isPublic': True}",,UCiwSSPiL2LzK2_TsbZ3-I2A,2022-10-24T00:46:57Z,Bolsonaro não declarou apoio a Roberto Jeferson,QURTSl9pM2xHNFhSVktJUklTT3Q1eV8tZVVhZ0pNQTF2eERTZkNzTkkxcTBBOGZkcGs1NHJ4NUJNYlN1VTE3YnkzOEV6TTVDU3E4OGxFYw==,2023-06-08 14:52:36.492671
youtube#commentThread,-hz5vxD9wjyp0PCREILIEC_qG9c,UgxeCdwWXo5QP4TvdQl4AaABAg,"{'videoId': 'zEfTDpfyt1o', 'topLevelComment': {'kind': 'youtube#comment', 'etag': 'CITYFMHGo9AhhAdw9KALv2D7e3I', 'id': 'UgxeCdwWXo5QP4TvdQl4AaABAg', 'snippet': {'videoId': 'zEfTDpfyt1o', 'textDisplay': 'Não seria apoiador de Bolsonaro', 'textOriginal': 'Não seria apoiador de Bolsonaro', 'authorDisplayName': 'Josimar Francisco Nunes', 'authorProfileImageUrl': 'https://yt3.ggpht.com/ytc/AGIKgqPzHjNNxn-b0B0uAskTlx70p6K1qDUKPzzgJw=s48-c-k-c0x00ffffff-no-rj', 'authorChannelUrl': 'http://www.youtube.com/channel/UClzsBESC-Ibg_iziacUIpJw', 'authorChannelId': {'value': 'UClzsBESC-Ibg_iziacUIpJw'}, 'canRate': True, 'viewerRating': 'none', 'likeCount': 0, 'publishedAt': '2022-10-24T00:46:49Z', 'updatedAt': '2022-10-24T00:46:49Z'}}, 'canReply': True, 'totalReplyCount': 0, 'isPublic': True}",,UClzsBESC-Ibg_iziacUIpJw,2022-10-24T00:46:49Z,Não seria apoiador de Bolsonaro,QURTSl9pM2xHNFhSVktJUklTT3Q1eV8tZVVhZ0pNQTF2eERTZkNzTkkxcTBBOGZkcGs1NHJ4NUJNYlN1VTE3YnkzOEV6TTVDU3E4OGxFYw==,2023-06-08 14:52:36.492671
youtube#commentThread,-F2Lt0OqtruEpMwK1HyqAYcgVaw,UgwmvLbHfww7THVh9xR4AaABAg,"{'videoId': 'zEfTDpfyt1o', 'topLevelComment': {'kind': 'youtube#comment', 'etag': 'rW1ocmAmJZD2fwrgteM6yuhlFVE', 'id': 'UgwmvLbHfww7THVh9xR4AaABAg', 'snippet': {'videoId': 'zEfTDpfyt1o', 'textDisplay': 'Vão falar que foram Bolsonaristas.🤷\\u200d♀️🤷\\u200d♀️', 'textOriginal': 'Vão falar que foram Bolsonaristas.🤷\\u200d♀️🤷\\u200d♀️', 'authorDisplayName': 'Tania Cavi', 'authorProfileImageUrl': 'https://yt3.ggpht.com/ytc/AGIKgqOv_C0scqtq84KKqQ4tk90MwG4DabypeUV4QQ=s48-c-k-c0x00ffffff-no-rj', 'authorChannelUrl': 'http://www.youtube.com/channel/UCrk0JNdbLwHgytK2IJbyTiQ', 'authorChannelId': {'value': 'UCrk0JNdbLwHgytK2IJbyTiQ'}, 'canRate': True, 'viewerRating': 'none', 'likeCount': 0, 'publishedAt': '2022-10-24T00:46:43Z', 'updatedAt': '2022-10-24T00:46:43Z'}}, 'canReply': True, 'totalReplyCount': 0, 'isPublic': True}",,UCrk0JNdbLwHgytK2IJbyTiQ,2022-10-24T00:46:43Z,Vão falar que foram Bolsonaristas.🤷‍♀️🤷‍♀️,QURTSl9pM2xHNFhSVktJUklTT3Q1eV8tZVVhZ0pNQTF2eERTZkNzTkkxcTBBOGZkcGs1NHJ4NUJNYlN1VTE3YnkzOEV6TTVDU3E4OGxFYw==,2023-06-08 14:52:36.492671
youtube#commentThread,dxbHHawCAXRSoR2b3nJjR8oJWIo,UgxFR1dUpZQRFJafcMZ4AaABAg,"{'videoId': 'zEfTDpfyt1o', 'topLevelComment': {'kind': 'youtube#comment', 'etag': '9Ga3o_4bSMbczl1nXzjXMCogXbk', 'id': 'UgxFR1dUpZQRFJafcMZ4AaABAg', 'snippet': {'videoId': 'zEfTDpfyt1o', 'textDisplay': 'O quê que é isso, gente... 😕😕 Isso é estúpido, irracional... Não façam isso, meu Deus do céu.', 'textOriginal': 'O quê que é isso, gente... 😕😕 Isso é estúpido, irracional... Não façam isso, meu Deus do céu.', 'authorDisplayName': 'Fernando Rodrigues', 'authorProfileImageUrl': 'https://yt3.ggpht.com/ytc/AGIKgqNAhC8cfuL4NU8_grjXq9bV4WAiIzOGqq-Qyswi=s48-c-k-c0x00ffffff-no-rj', 'authorChannelUrl': 'http://www.youtube.com/channel/UCQtQ7TreP5sekN_Ru9G_cfA', 'authorChannelId': {'value': 'UCQtQ7TreP5sekN_Ru9G_cfA'}, 'canRate': True, 'viewerRating': 'none', 'likeCount': 0, 'publishedAt': '2022-10-24T00:46:32Z', 'updatedAt': '2022-10-24T00:46:32Z'}}, 'canReply': True, 'totalReplyCount': 0, 'isPublic': True}",,UCQtQ7TreP5sekN_Ru9G_cfA,2022-10-24T00:46:32Z,"O quê que é isso, gente... 😕😕 Isso é estúpido, irracional... Não façam isso, meu Deus do céu.",QURTSl9pM2xHNFhSVktJUklTT3Q1eV8tZVVhZ0pNQTF2eERTZkNzTkkxcTBBOGZkcGs1NHJ4NUJNYlN1VTE3YnkzOEV6TTVDU3E4OGxFYw==,2023-06-08 14:52:36.492671
youtube#commentThread,1N0HYqGmb5sdtZKS2mIg1IWGFrE,UgzYDHtF3iaKQv19G-V4AaABAg,"{'videoId': 'zEfTDpfyt1o', 'topLevelComment': {'kind': 'youtube#comment', 'etag': 'joWHdRzBf4GlPcV51np_iD6Jexw', 'id': 'UgzYDHtF3iaKQv19G-V4AaABAg', 'snippet': {'videoId': 'zEfTDpfyt1o', 'textDisplay': 'Se foi so um, porque colocaram apoiadores no plural na descrição do video?', 'textOriginal': 'Se foi so um, porque colocaram apoiadores no plural na descrição do video?', 'authorDisplayName': '[국제커플] Marsong Casal', 'authorProfileImageUrl': 'https://yt3.ggpht.com/wD5wyqERThTeLKZ54h1PEzhSbEljO8KMwaXFoi8oQSbuD04pa3P0Hu7yOA7xQm9arcg2EMgg=s48-c-k-c0x00ffffff-no-rj', 'authorChannelUrl': 'http://www.youtube.com/channel/UCr0uWmdEkzWoB6On41Vv4MQ', 'authorChannelId': {'value': 'UCr0uWmdEkzWoB6On41Vv4MQ'}, 'canRate': True, 'viewerRating': 'none', 'likeCount': 0, 'publishedAt': '2022-10-24T00:46:01Z', 'updatedAt': '2022-10-24T00:46:01Z'}}, 'canReply': True, 'totalReplyCount': 0, 'isPublic': True}",,UCr0uWmdEkzWoB6On41Vv4MQ,2022-10-24T00:46:01Z,"Se foi so um, porque colocaram apoiadores no plural na descrição do video?",QURTSl9pM2xHNFhSVktJUklTT3Q1eV8tZVVhZ0pNQTF2eERTZkNzTkkxcTBBOGZkcGs1NHJ4NUJNYlN1VTE3YnkzOEV6TTVDU3E4OGxFYw==,2023-06-08 14:52:36.492671
youtube#commentThread,GkL0yFveBa396rA86lU0iiQ4W-w,UgzuRnjISrwvGY-zHyp4AaABAg,"{'videoId': 'zEfTDpfyt1o', 'topLevelComment': {'kind': 'youtube#comment', 'etag': '4M9YVjapS7JIx896qe-GjjCfgjo', 'id': 'UgzuRnjISrwvGY-zHyp4AaABAg', 'snippet': {'videoId': 'zEfTDpfyt1o', 'textDisplay': 'Foi esse cara de camiseta verde. Olha só.!', 'textOriginal': 'Foi esse cara de camiseta verde. Olha só.!', 'authorDisplayName': 'Tiana Duarte', 'authorProfileImageUrl': 'https://yt3.ggpht.com/ytc/AGIKgqOlYfkQQ4rNt5rl9uOgN623zysnT6fqTmCPbA=s48-c-k-c0x00ffffff-no-rj', 'authorChannelUrl': 'http://www.youtube.com/channel/UCyJq0BUui34_DXCUTppUvEA', 'authorChannelId': {'value': 'UCyJq0BUui34_DXCUTppUvEA'}, 'canRate': True, 'viewerRating': 'none', 'likeCount': 0, 'publishedAt': '2022-10-24T00:44:57Z', 'updatedAt': '2022-10-24T00:44:57Z'}}, 'canReply': True, 'totalReplyCount': 0, 'isPublic': True}",,UCyJq0BUui34_DXCUTppUvEA,2022-10-24T00:44:57Z,Foi esse cara de camiseta verde. Olha só.!,QURTSl9pM2xHNFhSVktJUklTT3Q1eV8tZVVhZ0pNQTF2eERTZkNzTkkxcTBBOGZkcGs1NHJ4NUJNYlN1VTE3YnkzOEV6TTVDU3E4OGxFYw==,2023-06-08 14:52:36.492671
youtube#commentThread,Lf99BmV1GXrn2OTlVzZfUBMX_S8,UgycwnmP_ALnps2FeEJ4AaABAg,"{'videoId': 'zEfTDpfyt1o', 'topLevelComment': {'kind': 'youtube#comment', 'etag': 'XC1MG3coPIg2zWVzajkSbrXld8E', 'id': 'UgycwnmP_ALnps2FeEJ4AaABAg', 'snippet': {'videoId': 'zEfTDpfyt1o', 'textDisplay': 'Espero melhoras ao cinegrafista, apesar de para quem trabalha, mas no mínimo a VELHA IMPRENSA e companhias irão dizer, &quot;apoiadores de Bolsonaro&quot;.', 'textOriginal': 'Espero melhoras ao cinegrafista, apesar de para quem trabalha, mas no mínimo a VELHA IMPRENSA e companhias irão dizer, ""apoiadores de Bolsonaro"".', 'authorDisplayName': 'Alexandre Müller Machado', 'authorProfileImageUrl': 'https://yt3.ggpht.com/ytc/AGIKgqMFLjTawpjPKqoSqWAGuCM0fM6KfPf-0lyaKqk3cg=s48-c-k-c0x00ffffff-no-rj', 'authorChannelUrl': 'http://www.youtube.com/channel/UCAajDUEOK1Iera_A2DAmi0g', 'authorChannelId': {'value': 'UCAajDUEOK1Iera_A2DAmi0g'}, 'canRate': True, 'viewerRating': 'none', 'likeCount': 0, 'publishedAt': '2022-10-24T00:44:56Z', 'updatedAt': '2022-10-24T00:44:56Z'}}, 'canReply': True, 'totalReplyCount': 0, 'isPublic': True}",,UCAajDUEOK1Iera_A2DAmi0g,2022-10-24T00:44:56Z,"Espero melhoras ao cinegrafista, apesar de para quem trabalha, mas no mínimo a VELHA IMPRENSA e companhias irão dizer, ""apoiadores de Bolsonaro"".",QURTSl9pM2xHNFhSVktJUklTT3Q1eV8tZVVhZ0pNQTF2eERTZkNzTkkxcTBBOGZkcGs1NHJ4NUJNYlN1VTE3YnkzOEV6TTVDU3E4OGxFYw==,2023-06-08 14:52:36.492671
youtube#commentThread,n5UShKgFJ6g6bXzfCAOLu_Dw6GY,UgwBn6UEMTYuFJc-_Z14AaABAg,"{'videoId': 'zEfTDpfyt1o', 'topLevelComment': {'kind': 'youtube#comment', 'etag': 'GLr1TurbH-w_v7nB7NxvVDps8-E', 'id': 'UgwBn6UEMTYuFJc-_Z14AaABAg', 'snippet': {'videoId': 'zEfTDpfyt1o', 'textDisplay': 'Tudo isso é culpa do xadão', 'textOriginal': 'Tudo isso é culpa do xadão', 'authorDisplayName': 'sabedoria pra vencer', 'authorProfileImageUrl': 'https://yt3.ggpht.com/KvPPVRid0nMmxy41JmKV9CifzdbCr_6LArQ18wQvJfMYlq8f2WSRVTX8ZEZjRWfCSsowYiAb=s48-c-k-c0x00ffffff-no-rj', 'authorChannelUrl': 'http://www.youtube.com/channel/UCIGb_6J1yaPmK0PXSMEER-Q', 'authorChannelId': {'value': 'UCIGb_6J1yaPmK0PXSMEER-Q'}, 'canRate': True, 'viewerRating': 'none', 'likeCount': 0, 'publishedAt': '2022-10-24T00:44:54Z', 'updatedAt': '2022-10-24T00:44:54Z'}}, 'canReply': True, 'totalReplyCount': 0, 'isPublic': True}",,UCIGb_6J1yaPmK0PXSMEER-Q,2022-10-24T00:44:54Z,Tudo isso é culpa do xadão,QURTSl9pM2xHNFhSVktJUklTT3Q1eV8tZVVhZ0pNQTF2eERTZkNzTkkxcTBBOGZkcGs1NHJ4NUJNYlN1VTE3YnkzOEV6TTVDU3E4OGxFYw==,2023-06-08 14:52:36.492671
youtube#commentThread,6PJGFQ44bFHnjWseor41HQEj4FA,Ugz0UTt9qZfmyLXh8ep4AaABAg,"{'videoId': 'zEfTDpfyt1o', 'topLevelComment': {'kind': 'youtube#comment', 'etag': 'HPRPDrwKwr1aCGDw3oHHi-KwXig', 'id': 'Ugz0UTt9qZfmyLXh8ep4AaABAg', 'snippet': {'videoId': 'zEfTDpfyt1o', 'textDisplay': 'Ele errou feio', 'textOriginal': 'Ele errou feio', 'authorDisplayName': 'Osnilda Moreira', 'authorProfileImageUrl': 'https://yt3.ggpht.com/ytc/AGIKgqNJImovJxQLMd6lrDr4ODJN7PlzwDtn2yFSKg=s48-c-k-c0x00ffffff-no-rj', 'authorChannelUrl': 'http://www.youtube.com/channel/UCXqDbVm60Ug8zFu6hn9nRUA', 'authorChannelId': {'value': 'UCXqDbVm60Ug8zFu6hn9nRUA'}, 'canRate': True, 'viewerRating': 'none', 'likeCount': 0, 'publishedAt': '2022-10-24T00:44:53Z', 'updatedAt': '2022-10-24T00:44:53Z'}}, 'canReply': True, 'totalReplyCount': 0, 'isPublic': True}",,UCXqDbVm60Ug8zFu6hn9nRUA,2022-10-24T00:44:53Z,Ele errou feio,QURTSl9pM2xHNFhSVktJUklTT3Q1eV8tZVVhZ0pNQTF2eERTZkNzTkkxcTBBOGZkcGs1NHJ4NUJNYlN1VTE3YnkzOEV6TTVDU3E4OGxFYw==,2023-06-08 14:52:36.492671
youtube#commentThread,U_tdQDU8MX5fFXZh1ZDFT1W4KUM,UgwBnv9AqP4okpqthKZ4AaABAg,"{'videoId': 'zEfTDpfyt1o', 'topLevelComment': {'kind': 'youtube#comment', 'etag': 'MQ0wzct47FSolbEq6gImeFtaT9k', 'id': 'UgwBnv9AqP4okpqthKZ4AaABAg', 'snippet': {'videoId': 'zEfTDpfyt1o', 'textDisplay': 'A INJUSTIÇA DO STF ESTÁ ENLOUQUECENDO AS PESSOAS!', 'textOriginal': 'A INJUSTIÇA DO STF ESTÁ ENLOUQUECENDO AS PESSOAS!', 'authorDisplayName': 'luciana moreira da silva', 'authorProfileImageUrl': 'https://yt3.ggpht.com/ytc/AGIKgqMAlls0rLuAlOGMr1z5wSYvS-rSPbje0FsYc6SR8j7eowX7BAz7T1AG70mfZlmU=s48-c-k-c0x00ffffff-no-rj', 'authorChannelUrl': 'http://www.youtube.com/channel/UC4RsBkz0Iq7Fgr4jMyOYW2g', 'authorChannelId': {'value': 'UC4RsBkz0Iq7Fgr4jMyOYW2g'}, 'canRate': True, 'viewerRating': 'none', 'likeCount': 1, 'publishedAt': '2022-10-24T00:44:33Z', 'updatedAt': '2022-10-24T00:44:33Z'}}, 'canReply': True, 'totalReplyCount': 0, 'isPublic': True}",,UC4RsBkz0Iq7Fgr4jMyOYW2g,2022-10-24T00:44:33Z,A INJUSTIÇA DO STF ESTÁ ENLOUQUECENDO AS PESSOAS!,QURTSl9pM2xHNFhSVktJUklTT3Q1eV8tZVVhZ0pNQTF2eERTZkNzTkkxcTBBOGZkcGs1NHJ4NUJNYlN1VTE3YnkzOEV6TTVDU3E4OGxFYw==,2023-06-08 14:52:36.492671
youtube#commentThread,qXA5iknoiSM9qRGdcCEnlcIdqbw,UgyrTT_DLe7dhiZ6Nr54AaABAg,"{'videoId': 'zEfTDpfyt1o', 'topLevelComment': {'kind': 'youtube#comment', 'etag': 'zVWxmCNu0Hu8gzn1VBXzTY9rHFQ', 'id': 'UgyrTT_DLe7dhiZ6Nr54AaABAg', 'snippet': {'videoId': 'zEfTDpfyt1o', 'textDisplay': 'Que coisa horrível!<br>Deus tenha misericórdia de nós. 🙌🙏', 'textOriginal': 'Que coisa horrível!\\nDeus tenha misericórdia de nós. 🙌🙏', 'authorDisplayName': 'Renilda Soares Chagas', 'authorProfileImageUrl': 'https://yt3.ggpht.com/ytc/AGIKgqOeTDljaDhNWejcvjKa76a-p4B225nC7ZSjjQ=s48-c-k-c0x00ffffff-no-rj', 'authorChannelUrl': 'http://www.youtube.com/channel/UC7oGPGdetsfTZtQvID8SW0A', 'authorChannelId': {'value': 'UC7oGPGdetsfTZtQvID8SW0A'}, 'canRate': True, 'viewerRating': 'none', 'likeCount': 1, 'publishedAt': '2022-10-24T00:43:50Z', 'updatedAt': '2022-10-24T00:43:50Z'}}, 'canReply': True, 'totalReplyCount': 0, 'isPublic': True}",,UC7oGPGdetsfTZtQvID8SW0A,2022-10-24T00:43:50Z,"Que coisa horrível!
Deus tenha misericórdia de nós. 🙌🙏",QURTSl9pM2xHNFhSVktJUklTT3Q1eV8tZVVhZ0pNQTF2eERTZkNzTkkxcTBBOGZkcGs1NHJ4NUJNYlN1VTE3YnkzOEV6TTVDU3E4OGxFYw==,2023-06-08 14:52:36.492671
youtube#commentThread,PJ7t0ZT8Meu7Tr0oiemnCnjjMU0,Ugw26RDOoJugHmqVzz54AaABAg,"{'videoId': 'zEfTDpfyt1o', 'topLevelComment': {'kind': 'youtube#comment', 'etag': 'CfBWKiLXdYrZiGbXtcJEpbKGAbw', 'id': 'Ugw26RDOoJugHmqVzz54AaABAg', 'snippet': {'videoId': 'zEfTDpfyt1o', 'textDisplay': 'O povo tá cansado,o povo vão começar a reagir.', 'textOriginal': 'O povo tá cansado,o povo vão começar a reagir.', 'authorDisplayName': 'Jilson Alvez', 'authorProfileImageUrl': 'https://yt3.ggpht.com/ytc/AGIKgqOd-zkd22WKZWva80sQB-pEd_SamaXsADRQMZ2AgA=s48-c-k-c0x00ffffff-no-rj', 'authorChannelUrl': 'http://www.youtube.com/channel/UCQxYD1k1d32wmaAcOrFWhlQ', 'authorChannelId': {'value': 'UCQxYD1k1d32wmaAcOrFWhlQ'}, 'canRate': True, 'viewerRating': 'none', 'likeCount': 0, 'publishedAt': '2022-10-24T00:43:40Z', 'updatedAt': '2022-10-24T00:43:40Z'}}, 'canReply': True, 'totalReplyCount': 0, 'isPublic': True}",,UCQxYD1k1d32wmaAcOrFWhlQ,2022-10-24T00:43:40Z,"O povo tá cansado,o povo vão começar a reagir.",QURTSl9pM2xHNFhSVktJUklTT3Q1eV8tZVVhZ0pNQTF2eERTZkNzTkkxcTBBOGZkcGs1NHJ4NUJNYlN1VTE3YnkzOEV6TTVDU3E4OGxFYw==,2023-06-08 14:52:36.492671
youtube#commentThread,5Lgp0L5OJU6Q4aozDcPpRX8na1A,Ugx0Qvqh67ySw2aBegd4AaABAg,"{'videoId': 'zEfTDpfyt1o', 'topLevelComment': {'kind': 'youtube#comment', 'etag': 'MULYNr8IqygtsRJ97QnhMpmPmgk', 'id': 'Ugx0Qvqh67ySw2aBegd4AaABAg', 'snippet': {'videoId': 'zEfTDpfyt1o', 'textDisplay': 'Tudo culpa desse bandido Alexandre de imoral', 'textOriginal': 'Tudo culpa desse bandido Alexandre de imoral', 'authorDisplayName': '𝐛𝐚𝐭𝐚𝐭𝐚𝐬 𝐟𝐫𝐢𝐭𝐚𝐬 𝐟𝐨𝐫𝐞𝐯𝐞𝐫♡♥︎', 'authorProfileImageUrl': 'https://yt3.ggpht.com/vFWwplfR1WUWnVimamWmNT1WQflksiHVVuRAa_ruJxdorP-6qovHOzE4Y485iAQTlaz0G68TyIM=s48-c-k-c0x00ffffff-no-rj', 'authorChannelUrl': 'http://www.youtube.com/channel/UCiq9mGYX5u--ZCy_VClAgLw', 'authorChannelId': {'value': 'UCiq9mGYX5u--ZCy_VClAgLw'}, 'canRate': True, 'viewerRating': 'none', 'likeCount': 0, 'publishedAt': '2022-10-24T00:43:27Z', 'updatedAt': '2022-10-24T00:43:27Z'}}, 'canReply': True, 'totalReplyCount': 0, 'isPublic': True}",,UCiq9mGYX5u--ZCy_VClAgLw,2022-10-24T00:43:27Z,Tudo culpa desse bandido Alexandre de imoral,QURTSl9pM2xHNFhSVktJUklTT3Q1eV8tZVVhZ0pNQTF2eERTZkNzTkkxcTBBOGZkcGs1NHJ4NUJNYlN1VTE3YnkzOEV6TTVDU3E4OGxFYw==,2023-06-08 14:52:36.492671
youtube#commentThread,2zz0DvUFPfLjjFac9kzCfKAUEts,Ugx-mmn2CnZlpSrqLAd4AaABAg,"{'videoId': 'zEfTDpfyt1o', 'topLevelComment': {'kind': 'youtube#comment', 'etag': 'ffYHOAhibsaOzLahqiqnO1KsMA0', 'id': 'Ugx-mmn2CnZlpSrqLAd4AaABAg', 'snippet': {'videoId': 'zEfTDpfyt1o', 'textDisplay': 'Meu Deus, esses gados são muito violentos. Deus tenha piedade do povo brasileiro 🙏', 'textOriginal': 'Meu Deus, esses gados são muito violentos. Deus tenha piedade do povo brasileiro 🙏', 'authorDisplayName': 'Taise Silva', 'authorProfileImageUrl': 'https://yt3.ggpht.com/IUVYk9oDmPGsGa9d62-rHiPhXYslwTSGl4TAnWAm1yAZc_IU4khDkLOf9lgRVrRr8o-tTEZYXW0=s48-c-k-c0x00ffffff-no-rj', 'authorChannelUrl': 'http://www.youtube.com/channel/UC3JSPhRk1VRYVQMfstYhr0w', 'authorChannelId': {'value': 'UC3JSPhRk1VRYVQMfstYhr0w'}, 'canRate': True, 'viewerRating': 'none', 'likeCount': 0, 'publishedAt': '2022-10-24T00:43:13Z', 'updatedAt': '2022-10-24T00:43:13Z'}}, 'canReply': True, 'totalReplyCount': 1, 'isPublic': True}","{'comments': [{'kind': 'youtube#comment', 'etag': 'cPDsSTNKpVFSZWZfU9t2riKfP7w', 'id': 'Ugx-mmn2CnZlpSrqLAd4AaABAg.9hYQIk_dKQy9hYl_tFVt_h', 'snippet': {'videoId': 'zEfTDpfyt1o', 'textDisplay': 'Tu só viu uma pequena amostra e não tem nem idéia do que podemos...te cuida..', 'textOriginal': 'Tu só viu uma pequena amostra e não tem nem idéia do que podemos...te cuida..', 'parentId': 'Ugx-mmn2CnZlpSrqLAd4AaABAg', 'authorDisplayName': 'Tiburcio Nascimento', 'authorProfileImageUrl': 'https://yt3.ggpht.com/ytc/AGIKgqPYJ16XbloZp1nRif2q9UiINjE9b3aLcJFllVpYZmGF8L32gAvFuJ_fm0H5T6oa=s48-c-k-c0x00ffffff-no-rj', 'authorChannelUrl': 'http://www.youtube.com/channel/UCOpVT2WBtvOTmNgRgNreY3Q', 'authorChannelId': {'value': 'UCOpVT2WBtvOTmNgRgNreY3Q'}, 'canRate': True, 'viewerRating': 'none', 'likeCount': 0, 'publishedAt': '2022-10-24T03:57:56Z', 'updatedAt': '2022-10-24T03:57:56Z'}}]}",UC3JSPhRk1VRYVQMfstYhr0w,2022-10-24T00:43:13Z,"Meu Deus, esses gados são muito violentos. Deus tenha piedade do povo brasileiro 🙏",QURTSl9pM2xHNFhSVktJUklTT3Q1eV8tZVVhZ0pNQTF2eERTZkNzTkkxcTBBOGZkcGs1NHJ4NUJNYlN1VTE3YnkzOEV6TTVDU3E4OGxFYw==,2023-06-08 14:52:36.492671
youtube#commentThread,pq2ZKJNYy5urizhef7g4LHjkhzI,Ugxj9AAgZMij6IqVXHl4AaABAg,"{'videoId': 'zEfTDpfyt1o', 'topLevelComment': {'kind': 'youtube#comment', 'etag': 'A5Qp1ZClhwSaj4fGM_qLEAS4NnM', 'id': 'Ugxj9AAgZMij6IqVXHl4AaABAg', 'snippet': {'videoId': 'zEfTDpfyt1o', 'textDisplay': 'Lembro que alguns anos atrás, dois petistas covarde fizeram a mesma coisa com um coitado  de um cinegrafista que infelizmente  veio a falecer por ser atingido na cabeça também, infelizmente acho que os assasinos ficaram impunes , mas diante de Deus não vão ficar.', 'textOriginal': 'Lembro que alguns anos atrás, dois petistas covarde fizeram a mesma coisa com um coitado  de um cinegrafista que infelizmente  veio a falecer por ser atingido na cabeça também, infelizmente acho que os assasinos ficaram impunes , mas diante de Deus não vão ficar.', 'authorDisplayName': 'Ana Micucci', 'authorProfileImageUrl': 'https://yt3.ggpht.com/ytc/AGIKgqOWBl0LvciKXy72XQXklyLhTxoI2nE4LWnbBw=s48-c-k-c0x00ffffff-no-rj', 'authorChannelUrl': 'http://www.youtube.com/channel/UCGbHl01oNDqugUazEUT67rw', 'authorChannelId': {'value': 'UCGbHl01oNDqugUazEUT67rw'}, 'canRate': True, 'viewerRating': 'none', 'likeCount': 0, 'publishedAt': '2022-10-24T00:42:55Z', 'updatedAt': '2022-10-24T00:42:55Z'}}, 'canReply': True, 'totalReplyCount': 0, 'isPublic': True}",,UCGbHl01oNDqugUazEUT67rw,2022-10-24T00:42:55Z,"Lembro que alguns anos atrás, dois petistas covarde fizeram a mesma coisa com um coitado  de um cinegrafista que infelizmente  veio a falecer por ser atingido na cabeça também, infelizmente acho que os assasinos ficaram impunes , mas diante de Deus não vão ficar.",QURTSl9pM2xHNFhSVktJUklTT3Q1eV8tZVVhZ0pNQTF2eERTZkNzTkkxcTBBOGZkcGs1NHJ4NUJNYlN1VTE3YnkzOEV6TTVDU3E4OGxFYw==,2023-06-08 14:52:36.492671
youtube#commentThread,oShL3foDlNxXT6YRzJLTPhd98us,UgwrBcF3O45nk9iLfj54AaABAg,"{'videoId': 'zEfTDpfyt1o', 'topLevelComment': {'kind': 'youtube#comment', 'etag': 'fWRxJUGtGvukYFsuKaFrDZ41lE8', 'id': 'UgwrBcF3O45nk9iLfj54AaABAg', 'snippet': {'videoId': 'zEfTDpfyt1o', 'textDisplay': 'O que agrediu deve ser um petista disfarçado', 'textOriginal': 'O que agrediu deve ser um petista disfarçado', 'authorDisplayName': '𝐛𝐚𝐭𝐚𝐭𝐚𝐬 𝐟𝐫𝐢𝐭𝐚𝐬 𝐟𝐨𝐫𝐞𝐯𝐞𝐫♡♥︎', 'authorProfileImageUrl': 'https://yt3.ggpht.com/vFWwplfR1WUWnVimamWmNT1WQflksiHVVuRAa_ruJxdorP-6qovHOzE4Y485iAQTlaz0G68TyIM=s48-c-k-c0x00ffffff-no-rj', 'authorChannelUrl': 'http://www.youtube.com/channel/UCiq9mGYX5u--ZCy_VClAgLw', 'authorChannelId': {'value': 'UCiq9mGYX5u--ZCy_VClAgLw'}, 'canRate': True, 'viewerRating': 'none', 'likeCount': 0, 'publishedAt': '2022-10-24T00:42:19Z', 'updatedAt': '2022-10-24T00:42:19Z'}}, 'canReply': True, 'totalReplyCount': 0, 'isPublic': True}",,UCiq9mGYX5u--ZCy_VClAgLw,2022-10-24T00:42:19Z,O que agrediu deve ser um petista disfarçado,QURTSl9pM2xHNFhSVktJUklTT3Q1eV8tZVVhZ0pNQTF2eERTZkNzTkkxcTBBOGZkcGs1NHJ4NUJNYlN1VTE3YnkzOEV6TTVDU3E4OGxFYw==,2023-06-08 14:52:36.492671
youtube#commentThread,IAHQGNa3BUQ23Y_suAheQyiQ5SQ,UgyBe0j-236hGjJLu3F4AaABAg,"{'videoId': 'zEfTDpfyt1o', 'topLevelComment': {'kind': 'youtube#comment', 'etag': 'Tbx5Ud6CorJ6gwhd1O0Fy4fwOYQ', 'id': 'UgyBe0j-236hGjJLu3F4AaABAg', 'snippet': {'videoId': 'zEfTDpfyt1o', 'textDisplay': 'Sou contra qualquer tipo de agressão à não ser em defesa própria !! As pessoas estão perdendo a paciência com tanto  &quot; Abuso de poder &quot; , com a Ditadura da TOGA!!!!', 'textOriginal': 'Sou contra qualquer tipo de agressão à não ser em defesa própria !! As pessoas estão perdendo a paciência com tanto  "" Abuso de poder "" , com a Ditadura da TOGA!!!!', 'authorDisplayName': 'Paula Müller', 'authorProfileImageUrl': 'https://yt3.ggpht.com/ytc/AGIKgqNOupxMHAu8f5okS9jBHe3Z-469yJ7ZZP7hhcnl=s48-c-k-c0x00ffffff-no-rj', 'authorChannelUrl': 'http://www.youtube.com/channel/UC2xod114LuDX1DAwqHrXiIQ', 'authorChannelId': {'value': 'UC2xod114LuDX1DAwqHrXiIQ'}, 'canRate': True, 'viewerRating': 'none', 'likeCount': 0, 'publishedAt': '2022-10-24T00:41:42Z', 'updatedAt': '2022-10-24T00:41:42Z'}}, 'canReply': True, 'totalReplyCount': 0, 'isPublic': True}",,UC2xod114LuDX1DAwqHrXiIQ,2022-10-24T00:41:42Z,"Sou contra qualquer tipo de agressão à não ser em defesa própria !! As pessoas estão perdendo a paciência com tanto  "" Abuso de poder "" , com a Ditadura da TOGA!!!!",QURTSl9pM2xHNFhSVktJUklTT3Q1eV8tZVVhZ0pNQTF2eERTZkNzTkkxcTBBOGZkcGs1NHJ4NUJNYlN1VTE3YnkzOEV6TTVDU3E4OGxFYw==,2023-06-08 14:52:36.492671
youtube#commentThread,6sH5CxYNtsxqAf9tTpV1okffVMI,UgzytD5wcckK00QfCKF4AaABAg,"{'videoId': 'zEfTDpfyt1o', 'topLevelComment': {'kind': 'youtube#comment', 'etag': 'oW-KbWbEruJ466dcEtpJcAbZpmE', 'id': 'UgzytD5wcckK00QfCKF4AaABAg', 'snippet': {'videoId': 'zEfTDpfyt1o', 'textDisplay': 'Más covadia  vem dos ministros do STF essa e a verdade', 'textOriginal': 'Más covadia  vem dos ministros do STF essa e a verdade', 'authorDisplayName': 'Patricio Lima', 'authorProfileImageUrl': 'https://yt3.ggpht.com/ytc/AGIKgqPnstohAqSTnO_lZl3fhBxnNv5eGZDiJ7IG_tAvhSp1w0Ifn6-aa7Py2xhrslms=s48-c-k-c0x00ffffff-no-rj', 'authorChannelUrl': 'http://www.youtube.com/channel/UCkBMSPR1iehudddoWPB0Otw', 'authorChannelId': {'value': 'UCkBMSPR1iehudddoWPB0Otw'}, 'canRate': True, 'viewerRating': 'none', 'likeCount': 0, 'publishedAt': '2022-10-24T00:40:52Z', 'updatedAt': '2022-10-24T00:40:52Z'}}, 'canReply': True, 'totalReplyCount': 0, 'isPublic': True}",,UCkBMSPR1iehudddoWPB0Otw,2022-10-24T00:40:52Z,Más covadia  vem dos ministros do STF essa e a verdade,QURTSl9pM2xHNFhSVktJUklTT3Q1eV8tZVVhZ0pNQTF2eERTZkNzTkkxcTBBOGZkcGs1NHJ4NUJNYlN1VTE3YnkzOEV6TTVDU3E4OGxFYw==,2023-06-08 14:52:36.492671
youtube#commentThread,oljKe7DB1ev-EKC053Nl1xz-6FU,UgzTBlTJn8pxQUqYih14AaABAg,"{'videoId': 'zEfTDpfyt1o', 'topLevelComment': {'kind': 'youtube#comment', 'etag': 'FhOanklTYVNhEMBh1pqqsw3se4E', 'id': 'UgzTBlTJn8pxQUqYih14AaABAg', 'snippet': {'videoId': 'zEfTDpfyt1o', 'textDisplay': 'APOIADORES DE JAIR BOLSONARO! OS MESMOS QUE DEFENDEM A JOVEM PAN CONTRA suposta CENSURA!<br><br>TEM QUE DAR NOME AOS BOIS! <br><br>🤣🤣🤣🤣🤣🤣🤣🤣🤣🤣', 'textOriginal': 'APOIADORES DE JAIR BOLSONARO! OS MESMOS QUE DEFENDEM A JOVEM PAN CONTRA suposta CENSURA!\\n\\nTEM QUE DAR NOME AOS BOIS! \\n\\n🤣🤣🤣🤣🤣🤣🤣🤣🤣🤣', 'authorDisplayName': 'Henrique Moraes', 'authorProfileImageUrl': 'https://yt3.ggpht.com/ytc/AGIKgqOYLHyIFrXGLSYybaR7mSc_bKlVWyVkUeCP1Ssumg=s48-c-k-c0x00ffffff-no-rj', 'authorChannelUrl': 'http://www.youtube.com/channel/UCGS0StMz-boGH9eGQ_1SLfw', 'authorChannelId': {'value': 'UCGS0StMz-boGH9eGQ_1SLfw'}, 'canRate': True, 'viewerRating': 'none', 'likeCount': 1, 'publishedAt': '2022-10-24T00:40:00Z', 'updatedAt': '2022-10-24T00:40:00Z'}}, 'canReply': True, 'totalReplyCount': 0, 'isPublic': True}",,UCGS0StMz-boGH9eGQ_1SLfw,2022-10-24T00:40:00Z,"APOIADORES DE JAIR BOLSONARO! OS MESMOS QUE DEFENDEM A JOVEM PAN CONTRA suposta CENSURA!

TEM QUE DAR NOME AOS BOIS! 

🤣🤣🤣🤣🤣🤣🤣🤣🤣🤣",QURTSl9pM2xHNFhSVktJUklTT3Q1eV8tZVVhZ0pNQTF2eERTZkNzTkkxcTBBOGZkcGs1NHJ4NUJNYlN1VTE3YnkzOEV6TTVDU3E4OGxFYw==,2023-06-08 14:52:36.492671
youtube#commentThread,2kYCXHCKAP6dbvlQJlxchJ2O9gg,UgwtUIk_So5NF3OWvXh4AaABAg,"{'videoId': 'zEfTDpfyt1o', 'topLevelComment': {'kind': 'youtube#comment', 'etag': 'UpXb7AyEiLm8tiPdEeQBJL1kEP0', 'id': 'UgwtUIk_So5NF3OWvXh4AaABAg', 'snippet': {'videoId': 'zEfTDpfyt1o', 'textDisplay': 'Divulgar o bom do governo Bolsonaro não fazem .agora querem cobertura do Bob Jeferson? A globo só gosta de tragédia', 'textOriginal': 'Divulgar o bom do governo Bolsonaro não fazem .agora querem cobertura do Bob Jeferson? A globo só gosta de tragédia', 'authorDisplayName': 'Maria Antônia', 'authorProfileImageUrl': 'https://yt3.ggpht.com/QvzvsHL7zdo_FC-bTwe_smoFviI1fYqyMAdVgLZeGnBXgqkrBC1ZOTY3p0DZaA3V9bzZ9EiE=s48-c-k-c0x00ffffff-no-rj', 'authorChannelUrl': 'http://www.youtube.com/channel/UCDEJiZ4mmc41zSmu1Ac19ZQ', 'authorChannelId': {'value': 'UCDEJiZ4mmc41zSmu1Ac19ZQ'}, 'canRate': True, 'viewerRating': 'none', 'likeCount': 0, 'publishedAt': '2022-10-24T00:39:57Z', 'updatedAt': '2022-10-24T00:39:57Z'}}, 'canReply': True, 'totalReplyCount': 0, 'isPublic': True}",,UCDEJiZ4mmc41zSmu1Ac19ZQ,2022-10-24T00:39:57Z,Divulgar o bom do governo Bolsonaro não fazem .agora querem cobertura do Bob Jeferson? A globo só gosta de tragédia,QURTSl9pM2xHNFhSVktJUklTT3Q1eV8tZVVhZ0pNQTF2eERTZkNzTkkxcTBBOGZkcGs1NHJ4NUJNYlN1VTE3YnkzOEV6TTVDU3E4OGxFYw==,2023-06-08 14:52:36.492671
youtube#commentThread,Aywkc3qtU-O4dS3ebB-eEWj7ibo,UgwiP3TVPPS7ldW7rj94AaABAg,"{'videoId': 'zEfTDpfyt1o', 'topLevelComment': {'kind': 'youtube#comment', 'etag': 'AcLVQlANor9Nbdla9h4CW5FjYfs', 'id': 'UgwiP3TVPPS7ldW7rj94AaABAg', 'snippet': {'videoId': 'zEfTDpfyt1o', 'textDisplay': 'E o cancelamento das redes sociais ? Não vão malhar?', 'textOriginal': 'E o cancelamento das redes sociais ? Não vão malhar?', 'authorDisplayName': 'Maria Antônia', 'authorProfileImageUrl': 'https://yt3.ggpht.com/QvzvsHL7zdo_FC-bTwe_smoFviI1fYqyMAdVgLZeGnBXgqkrBC1ZOTY3p0DZaA3V9bzZ9EiE=s48-c-k-c0x00ffffff-no-rj', 'authorChannelUrl': 'http://www.youtube.com/channel/UCDEJiZ4mmc41zSmu1Ac19ZQ', 'authorChannelId': {'value': 'UCDEJiZ4mmc41zSmu1Ac19ZQ'}, 'canRate': True, 'viewerRating': 'none', 'likeCount': 0, 'publishedAt': '2022-10-24T00:38:40Z', 'updatedAt': '2022-10-24T00:38:40Z'}}, 'canReply': True, 'totalReplyCount': 0, 'isPublic': True}",,UCDEJiZ4mmc41zSmu1Ac19ZQ,2022-10-24T00:38:40Z,E o cancelamento das redes sociais ? Não vão malhar?,QURTSl9pM2xHNFhSVktJUklTT3Q1eV8tZVVhZ0pNQTF2eERTZkNzTkkxcTBBOGZkcGs1NHJ4NUJNYlN1VTE3YnkzOEV6TTVDU3E4OGxFYw==,2023-06-08 14:52:36.492671
youtube#commentThread,F-heVCsDObLwRk3ofVtNzGGUZQQ,UgxH5PORq6evzK81fr54AaABAg,"{'videoId': 'zEfTDpfyt1o', 'topLevelComment': {'kind': 'youtube#comment', 'etag': 'EnOc3tUdP-WPrCfwHVvDEtGRo0M', 'id': 'UgxH5PORq6evzK81fr54AaABAg', 'snippet': {'videoId': 'zEfTDpfyt1o', 'textDisplay': 'Quem está gerando essa reação? Não sou a favor da agressão, mas também não sou a favor da injustiça.', 'textOriginal': 'Quem está gerando essa reação? Não sou a favor da agressão, mas também não sou a favor da injustiça.', 'authorDisplayName': 'Mercedes Bogo', 'authorProfileImageUrl': 'https://yt3.ggpht.com/ytc/AGIKgqNUPmW7O_0zyIFwohiOGDm0NAhDkE33KXDZ-Q=s48-c-k-c0x00ffffff-no-rj', 'authorChannelUrl': 'http://www.youtube.com/channel/UCmlwt0DOk6ABCVK1eN9jCaA', 'authorChannelId': {'value': 'UCmlwt0DOk6ABCVK1eN9jCaA'}, 'canRate': True, 'viewerRating': 'none', 'likeCount': 0, 'publishedAt': '2022-10-24T00:38:21Z', 'updatedAt': '2022-10-24T00:40:30Z'}}, 'canReply': True, 'totalReplyCount': 0, 'isPublic': True}",,UCmlwt0DOk6ABCVK1eN9jCaA,2022-10-24T00:38:21Z,"Quem está gerando essa reação? Não sou a favor da agressão, mas também não sou a favor da injustiça.",QURTSl9pM2xHNFhSVktJUklTT3Q1eV8tZVVhZ0pNQTF2eERTZkNzTkkxcTBBOGZkcGs1NHJ4NUJNYlN1VTE3YnkzOEV6TTVDU3E4OGxFYw==,2023-06-08 14:52:36.492671
youtube#commentThread,NpIUTrR-iYPTkohkk11PRuwIx7I,Ugx6TTkJA3sGUCB8Uvp4AaABAg,"{'videoId': 'zEfTDpfyt1o', 'topLevelComment': {'kind': 'youtube#comment', 'etag': 'DXEMolrv6EiriRcLTpr-lnyFpZw', 'id': 'Ugx6TTkJA3sGUCB8Uvp4AaABAg', 'snippet': {'videoId': 'zEfTDpfyt1o', 'textDisplay': 'Essa agressão é inaceitável,  o que tem que ser feito, é não dá audiência a tal emissora.', 'textOriginal': 'Essa agressão é inaceitável,  o que tem que ser feito, é não dá audiência a tal emissora.', 'authorDisplayName': 'Jose Edinaldo Machado Batista', 'authorProfileImageUrl': 'https://yt3.ggpht.com/ytc/AGIKgqOpMgISqk7ageIuQAifE195TTFJUyRiEAw0GA=s48-c-k-c0x00ffffff-no-rj', 'authorChannelUrl': 'http://www.youtube.com/channel/UCVwIksWxQpn2FR0kSHjCY6w', 'authorChannelId': {'value': 'UCVwIksWxQpn2FR0kSHjCY6w'}, 'canRate': True, 'viewerRating': 'none', 'likeCount': 1, 'publishedAt': '2022-10-24T00:37:53Z', 'updatedAt': '2022-10-24T00:37:53Z'}}, 'canReply': True, 'totalReplyCount': 0, 'isPublic': True}",,UCVwIksWxQpn2FR0kSHjCY6w,2022-10-24T00:37:53Z,"Essa agressão é inaceitável,  o que tem que ser feito, é não dá audiência a tal emissora.",QURTSl9pM2xHNFhSVktJUklTT3Q1eV8tZVVhZ0pNQTF2eERTZkNzTkkxcTBBOGZkcGs1NHJ4NUJNYlN1VTE3YnkzOEV6TTVDU3E4OGxFYw==,2023-06-08 14:52:36.492671
youtube#commentThread,x8pfY8-aU_iOgwuW79o1kKE9RkE,UgwGFitjYCmqjM33KFR4AaABAg,"{'videoId': 'zEfTDpfyt1o', 'topLevelComment': {'kind': 'youtube#comment', 'etag': 'WYYyENdy5G0QL9Mfnlq3Q_7Wfdg', 'id': 'UgwGFitjYCmqjM33KFR4AaABAg', 'snippet': {'videoId': 'zEfTDpfyt1o', 'textDisplay': 'O povo está cheio de tantos desmandos.', 'textOriginal': 'O povo está cheio de tantos desmandos.', 'authorDisplayName': 'Maria Antônia', 'authorProfileImageUrl': 'https://yt3.ggpht.com/QvzvsHL7zdo_FC-bTwe_smoFviI1fYqyMAdVgLZeGnBXgqkrBC1ZOTY3p0DZaA3V9bzZ9EiE=s48-c-k-c0x00ffffff-no-rj', 'authorChannelUrl': 'http://www.youtube.com/channel/UCDEJiZ4mmc41zSmu1Ac19ZQ', 'authorChannelId': {'value': 'UCDEJiZ4mmc41zSmu1Ac19ZQ'}, 'canRate': True, 'viewerRating': 'none', 'likeCount': 0, 'publishedAt': '2022-10-24T00:37:49Z', 'updatedAt': '2022-10-24T00:37:49Z'}}, 'canReply': True, 'totalReplyCount': 0, 'isPublic': True}",,UCDEJiZ4mmc41zSmu1Ac19ZQ,2022-10-24T00:37:49Z,O povo está cheio de tantos desmandos.,QURTSl9pM2xHNFhSVktJUklTT3Q1eV8tZVVhZ0pNQTF2eERTZkNzTkkxcTBBOGZkcGs1NHJ4NUJNYlN1VTE3YnkzOEV6TTVDU3E4OGxFYw==,2023-06-08 14:52:36.492671
youtube#commentThread,9UvBB2W5iw1GkiLLI1p1FpvA2sY,Ugwo0ZZWlQA-WN1RqoZ4AaABAg,"{'videoId': 'zEfTDpfyt1o', 'topLevelComment': {'kind': 'youtube#comment', 'etag': 'TeQQkCpatVLByhCCvenleGRZX94', 'id': 'Ugwo0ZZWlQA-WN1RqoZ4AaABAg', 'snippet': {'videoId': 'zEfTDpfyt1o', 'textDisplay': 'Isso significa a revolta que o BRASIL está tendo e principalmente quando vem da globo que passa mensagem destorcida e mentirosa', 'textOriginal': 'Isso significa a revolta que o BRASIL está tendo e principalmente quando vem da globo que passa mensagem destorcida e mentirosa', 'authorDisplayName': 'Patricio Lima', 'authorProfileImageUrl': 'https://yt3.ggpht.com/ytc/AGIKgqPnstohAqSTnO_lZl3fhBxnNv5eGZDiJ7IG_tAvhSp1w0Ifn6-aa7Py2xhrslms=s48-c-k-c0x00ffffff-no-rj', 'authorChannelUrl': 'http://www.youtube.com/channel/UCkBMSPR1iehudddoWPB0Otw', 'authorChannelId': {'value': 'UCkBMSPR1iehudddoWPB0Otw'}, 'canRate': True, 'viewerRating': 'none', 'likeCount': 1, 'publishedAt': '2022-10-24T00:37:01Z', 'updatedAt': '2022-10-24T00:37:01Z'}}, 'canReply': True, 'totalReplyCount': 1, 'isPublic': True}","{'comments': [{'kind': 'youtube#comment', 'etag': 'OPq3lHDZzdMoDQcGa8nq5PdRtzY', 'id': 'Ugwo0ZZWlQA-WN1RqoZ4AaABAg.9hYPaGt9zem9hYkIG1uKSF', 'snippet': {'videoId': 'zEfTDpfyt1o', 'textDisplay': 'Eles não perdem por esperar....serenata com Michel Teló e sua musiquinha de maior sucesso...', 'textOriginal': 'Eles não perdem por esperar....serenata com Michel Teló e sua musiquinha de maior sucesso...', 'parentId': 'Ugwo0ZZWlQA-WN1RqoZ4AaABAg', 'authorDisplayName': 'Tiburcio Nascimento', 'authorProfileImageUrl': 'https://yt3.ggpht.com/ytc/AGIKgqPYJ16XbloZp1nRif2q9UiINjE9b3aLcJFllVpYZmGF8L32gAvFuJ_fm0H5T6oa=s48-c-k-c0x00ffffff-no-rj', 'authorChannelUrl': 'http://www.youtube.com/channel/UCOpVT2WBtvOTmNgRgNreY3Q', 'authorChannelId': {'value': 'UCOpVT2WBtvOTmNgRgNreY3Q'}, 'canRate': True, 'viewerRating': 'none', 'likeCount': 0, 'publishedAt': '2022-10-24T03:46:39Z', 'updatedAt': '2022-10-24T03:46:39Z'}}]}",UCkBMSPR1iehudddoWPB0Otw,2022-10-24T00:37:01Z,Isso significa a revolta que o BRASIL está tendo e principalmente quando vem da globo que passa mensagem destorcida e mentirosa,QURTSl9pM2xHNFhSVktJUklTT3Q1eV8tZVVhZ0pNQTF2eERTZkNzTkkxcTBBOGZkcGs1NHJ4NUJNYlN1VTE3YnkzOEV6TTVDU3E4OGxFYw==,2023-06-08 14:52:36.492671
youtube#commentThread,dxguwgar92cQMwx-SbZpfUskw84,UgxCP19bm_doCKxmemJ4AaABAg,"{'videoId': 'zEfTDpfyt1o', 'topLevelComment': {'kind': 'youtube#comment', 'etag': 'jEsqD78yLyRkqzYcbPd6Pwo1sdQ', 'id': 'UgxCP19bm_doCKxmemJ4AaABAg', 'snippet': {'videoId': 'zEfTDpfyt1o', 'textDisplay': 'graças a deus que depois que o cinegrafista cai, muitas pessoas naquele momento deixam o lado politico de lado, e deixaram de ver que naquele momento a pessoa caida não era um representante da Globo, e sim um ser humano.<br>sou lula, mas tenho que enaltecer o caráter de todos ali.', 'textOriginal': 'graças a deus que depois que o cinegrafista cai, muitas pessoas naquele momento deixam o lado politico de lado, e deixaram de ver que naquele momento a pessoa caida não era um representante da Globo, e sim um ser humano.\\nsou lula, mas tenho que enaltecer o caráter de todos ali.', 'authorDisplayName': 'Bruninha gatinha', 'authorProfileImageUrl': 'https://yt3.ggpht.com/ytc/AGIKgqNrvy3vaiQ4CvIe8q_TiM0aNBdRZS1oBTpzaC6Q=s48-c-k-c0x00ffffff-no-rj', 'authorChannelUrl': 'http://www.youtube.com/channel/UCsmI__AojHkbkR6h2Lv_ieQ', 'authorChannelId': {'value': 'UCsmI__AojHkbkR6h2Lv_ieQ'}, 'canRate': True, 'viewerRating': 'none', 'likeCount': 1, 'publishedAt': '2022-10-24T00:36:34Z', 'updatedAt': '2022-10-24T00:36:34Z'}}, 'canReply': True, 'totalReplyCount': 0, 'isPublic': True}",,UCsmI__AojHkbkR6h2Lv_ieQ,2022-10-24T00:36:34Z,"graças a deus que depois que o cinegrafista cai, muitas pessoas naquele momento deixam o lado politico de lado, e deixaram de ver que naquele momento a pessoa caida não era um representante da Globo, e sim um ser humano.
sou lula, mas tenho que enaltecer o caráter de todos ali.",QURTSl9pM2xHNFhSVktJUklTT3Q1eV8tZVVhZ0pNQTF2eERTZkNzTkkxcTBBOGZkcGs1NHJ4NUJNYlN1VTE3YnkzOEV6TTVDU3E4OGxFYw==,2023-06-08 14:52:36.492671
youtube#commentThread,omZsaqGOrEFt6-mSUbRCGR_gLPc,UgwRDVXywbxKAi3IroJ4AaABAg,"{'videoId': 'zEfTDpfyt1o', 'topLevelComment': {'kind': 'youtube#comment', 'etag': 'JnOV0JhViXZHqkxvhcrDVF2tUl0', 'id': 'UgwRDVXywbxKAi3IroJ4AaABAg', 'snippet': {'videoId': 'zEfTDpfyt1o', 'textDisplay': 'EU NÃO CONCORDO COM ESSAS ATITUDES, MAS, O  STF ESTÁ AGREDINDO AOS JORNALISTAS E AGORA O POVO ESTÁ SE ACHANDO QUE PODE FAZER O MESMO.', 'textOriginal': 'EU NÃO CONCORDO COM ESSAS ATITUDES, MAS, O  STF ESTÁ AGREDINDO AOS JORNALISTAS E AGORA O POVO ESTÁ SE ACHANDO QUE PODE FAZER O MESMO.', 'authorDisplayName': 'A PURA VERDADE CATÓLICA', 'authorProfileImageUrl': 'https://yt3.ggpht.com/TC9925kRFlu_nmZQlYEB6i147__x27YOxZaVNdRRonJyhbXEnATzA5tyovpnmfxhydqCjeLGrQ=s48-c-k-c0x00ffffff-no-rj', 'authorChannelUrl': 'http://www.youtube.com/channel/UCdtMRiZd20EeMZNAa7WyAsA', 'authorChannelId': {'value': 'UCdtMRiZd20EeMZNAa7WyAsA'}, 'canRate': True, 'viewerRating': 'none', 'likeCount': 2, 'publishedAt': '2022-10-24T00:36:30Z', 'updatedAt': '2022-10-24T00:36:30Z'}}, 'canReply': True, 'totalReplyCount': 0, 'isPublic': True}",,UCdtMRiZd20EeMZNAa7WyAsA,2022-10-24T00:36:30Z,"EU NÃO CONCORDO COM ESSAS ATITUDES, MAS, O  STF ESTÁ AGREDINDO AOS JORNALISTAS E AGORA O POVO ESTÁ SE ACHANDO QUE PODE FAZER O MESMO.",QURTSl9pM2xHNFhSVktJUklTT3Q1eV8tZVVhZ0pNQTF2eERTZkNzTkkxcTBBOGZkcGs1NHJ4NUJNYlN1VTE3YnkzOEV6TTVDU3E4OGxFYw==,2023-06-08 14:52:36.492671
youtube#commentThread,QOu94o48rbT_3Pr7OAcqkz7Zaa8,UgwJEXazMTDoQ4wFawF4AaABAg,"{'videoId': 'zEfTDpfyt1o', 'topLevelComment': {'kind': 'youtube#comment', 'etag': 'KajG33kcmyMZMjEmcAMvaLjYK9A', 'id': 'UgwJEXazMTDoQ4wFawF4AaABAg', 'snippet': {'videoId': 'zEfTDpfyt1o', 'textDisplay': 'Meu Deus, nada justifica esta covardia, ele estava trabalhando, Deus abençoe e proteja este cinegrafista, peço a Deus que ele recupere.', 'textOriginal': 'Meu Deus, nada justifica esta covardia, ele estava trabalhando, Deus abençoe e proteja este cinegrafista, peço a Deus que ele recupere.', 'authorDisplayName': 'Ana Micucci', 'authorProfileImageUrl': 'https://yt3.ggpht.com/ytc/AGIKgqOWBl0LvciKXy72XQXklyLhTxoI2nE4LWnbBw=s48-c-k-c0x00ffffff-no-rj', 'authorChannelUrl': 'http://www.youtube.com/channel/UCGbHl01oNDqugUazEUT67rw', 'authorChannelId': {'value': 'UCGbHl01oNDqugUazEUT67rw'}, 'canRate': True, 'viewerRating': 'none', 'likeCount': 7, 'publishedAt': '2022-10-24T00:36:06Z', 'updatedAt': '2022-10-24T00:36:06Z'}}, 'canReply': True, 'totalReplyCount': 1, 'isPublic': True}","{'comments': [{'kind': 'youtube#comment', 'etag': 'G0FY_IuV-NWcRw4AoH6yNEPBtno', 'id': 'UgwJEXazMTDoQ4wFawF4AaABAg.9hYPUYgUZR59hYSYN-GQ4M', 'snippet': {'videoId': 'zEfTDpfyt1o', 'textDisplay': 'Filmar alguém se afogando , deve ser emocionante....nada de mão salvadora...só acena sem interferência...', 'textOriginal': 'Filmar alguém se afogando , deve ser emocionante....nada de mão salvadora...só acena sem interferência...', 'parentId': 'UgwJEXazMTDoQ4wFawF4AaABAg', 'authorDisplayName': 'Tiburcio Nascimento', 'authorProfileImageUrl': 'https://yt3.ggpht.com/ytc/AGIKgqPYJ16XbloZp1nRif2q9UiINjE9b3aLcJFllVpYZmGF8L32gAvFuJ_fm0H5T6oa=s48-c-k-c0x00ffffff-no-rj', 'authorChannelUrl': 'http://www.youtube.com/channel/UCOpVT2WBtvOTmNgRgNreY3Q', 'authorChannelId': {'value': 'UCOpVT2WBtvOTmNgRgNreY3Q'}, 'canRate': True, 'viewerRating': 'none', 'likeCount': 0, 'publishedAt': '2022-10-24T01:02:50Z', 'updatedAt': '2022-10-24T01:02:50Z'}}]}",UCGbHl01oNDqugUazEUT67rw,2022-10-24T00:36:06Z,"Meu Deus, nada justifica esta covardia, ele estava trabalhando, Deus abençoe e proteja este cinegrafista, peço a Deus que ele recupere.",QURTSl9pM2xHNFhSVktJUklTT3Q1eV8tZVVhZ0pNQTF2eERTZkNzTkkxcTBBOGZkcGs1NHJ4NUJNYlN1VTE3YnkzOEV6TTVDU3E4OGxFYw==,2023-06-08 14:52:36.492671
youtube#commentThread,SXghw0cB0R_l2z41NPqopYqRi1g,Ugx_XQoE9exngN8RVsF4AaABAg,"{'videoId': 'zEfTDpfyt1o', 'topLevelComment': {'kind': 'youtube#comment', 'etag': 'Y-QWYKx7dMtRtnU7n9VpoeuSkTg', 'id': 'Ugx_XQoE9exngN8RVsF4AaABAg', 'snippet': {'videoId': 'zEfTDpfyt1o', 'textDisplay': 'TUDO ISSO E CULPA DO SUPREMO TRIBUNAL FEDERAL CORRUPTO 😡😡 O BRASIL VIRAR UMA VENEZUELA OU NIGUARAGA ESTÁ MUITO PERTO INFELIZMENTE 🤬🤬 CENSURA VIOLÊNCIA CACHAÇA DO LULA PADRE PASTOR QUE BAGUNÇA ESSE PAÍS RUMO AO COMUNISMO E SOCIALISMO 😔😔', 'textOriginal': 'TUDO ISSO E CULPA DO SUPREMO TRIBUNAL FEDERAL CORRUPTO 😡😡 O BRASIL VIRAR UMA VENEZUELA OU NIGUARAGA ESTÁ MUITO PERTO INFELIZMENTE 🤬🤬 CENSURA VIOLÊNCIA CACHAÇA DO LULA PADRE PASTOR QUE BAGUNÇA ESSE PAÍS RUMO AO COMUNISMO E SOCIALISMO 😔😔', 'authorDisplayName': 'Paulo Henrique', 'authorProfileImageUrl': 'https://yt3.ggpht.com/ytc/AGIKgqO_hG4ryye0PbdI_q79iSuA-1PqFInJM-JkHA=s48-c-k-c0x00ffffff-no-rj', 'authorChannelUrl': 'http://www.youtube.com/channel/UCrzdbQ7Wx1KC6M8Co4nQ8Rw', 'authorChannelId': {'value': 'UCrzdbQ7Wx1KC6M8Co4nQ8Rw'}, 'canRate': True, 'viewerRating': 'none', 'likeCount': 0, 'publishedAt': '2022-10-24T00:36:01Z', 'updatedAt': '2022-10-24T00:36:01Z'}}, 'canReply': True, 'totalReplyCount': 0, 'isPublic': True}",,UCrzdbQ7Wx1KC6M8Co4nQ8Rw,2022-10-24T00:36:01Z,TUDO ISSO E CULPA DO SUPREMO TRIBUNAL FEDERAL CORRUPTO 😡😡 O BRASIL VIRAR UMA VENEZUELA OU NIGUARAGA ESTÁ MUITO PERTO INFELIZMENTE 🤬🤬 CENSURA VIOLÊNCIA CACHAÇA DO LULA PADRE PASTOR QUE BAGUNÇA ESSE PAÍS RUMO AO COMUNISMO E SOCIALISMO 😔😔,QURTSl9pM2xHNFhSVktJUklTT3Q1eV8tZVVhZ0pNQTF2eERTZkNzTkkxcTBBOGZkcGs1NHJ4NUJNYlN1VTE3YnkzOEV6TTVDU3E4OGxFYw==,2023-06-08 14:52:36.492671
youtube#commentThread,321d8zhUvyFw57O76oH-jmu7lWQ,Ugy6AQ74RbpB5lxs0Pp4AaABAg,"{'videoId': 'zEfTDpfyt1o', 'topLevelComment': {'kind': 'youtube#comment', 'etag': 'KgkijkQXICkG9NiXk4DBLHMDKiQ', 'id': 'Ugy6AQ74RbpB5lxs0Pp4AaABAg', 'snippet': {'videoId': 'zEfTDpfyt1o', 'textDisplay': 'É só vc nem ligar , mais aquele canal que não goste , isso que eu faço , agora  está pessoa que fez isso ,tem sempre ser digno e nunca dar o troco e ser como a Globo está agindo ,e faz com falcatruas mais nunca vamos nos rebaixar e ser iguais a eles pois de qualquer jeito tá trabalhando', 'textOriginal': 'É só vc nem ligar , mais aquele canal que não goste , isso que eu faço , agora  está pessoa que fez isso ,tem sempre ser digno e nunca dar o troco e ser como a Globo está agindo ,e faz com falcatruas mais nunca vamos nos rebaixar e ser iguais a eles pois de qualquer jeito tá trabalhando', 'authorDisplayName': 'Magda Liduares', 'authorProfileImageUrl': 'https://yt3.ggpht.com/ytc/AGIKgqPFF35jVN-K1iSY_Lu3Ugem4AvOy15LYc_rkA=s48-c-k-c0x00ffffff-no-rj', 'authorChannelUrl': 'http://www.youtube.com/channel/UC6ToVBJ3UTD6dwtBQxwLjLw', 'authorChannelId': {'value': 'UC6ToVBJ3UTD6dwtBQxwLjLw'}, 'canRate': True, 'viewerRating': 'none', 'likeCount': 1, 'publishedAt': '2022-10-24T00:35:26Z', 'updatedAt': '2022-10-24T00:35:26Z'}}, 'canReply': True, 'totalReplyCount': 0, 'isPublic': True}",,UC6ToVBJ3UTD6dwtBQxwLjLw,2022-10-24T00:35:26Z,"É só vc nem ligar , mais aquele canal que não goste , isso que eu faço , agora  está pessoa que fez isso ,tem sempre ser digno e nunca dar o troco e ser como a Globo está agindo ,e faz com falcatruas mais nunca vamos nos rebaixar e ser iguais a eles pois de qualquer jeito tá trabalhando",QURTSl9pM2xHNFhSVktJUklTT3Q1eV8tZVVhZ0pNQTF2eERTZkNzTkkxcTBBOGZkcGs1NHJ4NUJNYlN1VTE3YnkzOEV6TTVDU3E4OGxFYw==,2023-06-08 14:52:36.492671
youtube#commentThread,p6Duz_Lp10-ja1zZAASexOMQj5Y,UgxKYWtqkWj9onvSRbR4AaABAg,"{'videoId': 'zEfTDpfyt1o', 'topLevelComment': {'kind': 'youtube#comment', 'etag': 'r-hxlvTWVXy0V_mNa_ujNlp7x-E', 'id': 'UgxKYWtqkWj9onvSRbR4AaABAg', 'snippet': {'videoId': 'zEfTDpfyt1o', 'textDisplay': '👏🏻👏🏻👏🏻 parabéns jovem pan', 'textOriginal': '👏🏻👏🏻👏🏻 parabéns jovem pan', 'authorDisplayName': 'Marcelo', 'authorProfileImageUrl': 'https://yt3.ggpht.com/tcKOHj1O1PjBlhEIKsqaJjwOzAvkXiiAb9XdRvGjjEGk9njTVcnNpZ6k-1Z6SnXFAADwS056=s48-c-k-c0x00ffffff-no-rj', 'authorChannelUrl': 'http://www.youtube.com/channel/UCHtI-Xe5nrlYvSySL8LD4eg', 'authorChannelId': {'value': 'UCHtI-Xe5nrlYvSySL8LD4eg'}, 'canRate': True, 'viewerRating': 'none', 'likeCount': 2, 'publishedAt': '2022-10-24T00:35:19Z', 'updatedAt': '2022-10-24T00:35:19Z'}}, 'canReply': True, 'totalReplyCount': 0, 'isPublic': True}",,UCHtI-Xe5nrlYvSySL8LD4eg,2022-10-24T00:35:19Z,👏🏻👏🏻👏🏻 parabéns jovem pan,QURTSl9pM2xHNFhSVktJUklTT3Q1eV8tZVVhZ0pNQTF2eERTZkNzTkkxcTBBOGZkcGs1NHJ4NUJNYlN1VTE3YnkzOEV6TTVDU3E4OGxFYw==,2023-06-08 14:52:36.492671
youtube#commentThread,kS-IObKx-myargxloWQ7C5mzBqg,UgwEDAjudSy99VIndEd4AaABAg,"{'videoId': 'zEfTDpfyt1o', 'topLevelComment': {'kind': 'youtube#comment', 'etag': 'zBYcO7lS8DbxWJSWI2qyiJYsX7I', 'id': 'UgwEDAjudSy99VIndEd4AaABAg', 'snippet': {'videoId': 'zEfTDpfyt1o', 'textDisplay': 'De Roberto Jéferson e Bolsonaro.', 'textOriginal': 'De Roberto Jéferson e Bolsonaro.', 'authorDisplayName': 'tiao Caetano', 'authorProfileImageUrl': 'https://yt3.ggpht.com/ytc/AGIKgqNxtSDBz92AixuiPw9ontwKNMg0noggL2B5LAPkGA=s48-c-k-c0x00ffffff-no-rj', 'authorChannelUrl': 'http://www.youtube.com/channel/UCYp2jjhk_OF5UfDp9gWc9dA', 'authorChannelId': {'value': 'UCYp2jjhk_OF5UfDp9gWc9dA'}, 'canRate': True, 'viewerRating': 'none', 'likeCount': 0, 'publishedAt': '2022-10-24T00:35:14Z', 'updatedAt': '2022-10-24T00:35:14Z'}}, 'canReply': True, 'totalReplyCount': 0, 'isPublic': True}",,UCYp2jjhk_OF5UfDp9gWc9dA,2022-10-24T00:35:14Z,De Roberto Jéferson e Bolsonaro.,QURTSl9pM2xHNFhSVktJUklTT3Q1eV8tZVVhZ0pNQTF2eERTZkNzTkkxcTBBOGZkcGs1NHJ4NUJNYlN1VTE3YnkzOEV6TTVDU3E4OGxFYw==,2023-06-08 14:52:36.492671
youtube#commentThread,0FZ9Au2tGle1L9eoI5hbR4sjrJw,UgxtisPTE3ZNISj4z-t4AaABAg,"{'videoId': 'zEfTDpfyt1o', 'topLevelComment': {'kind': 'youtube#comment', 'etag': '_ToapyjV99I1xN591iM6x7M3H0M', 'id': 'UgxtisPTE3ZNISj4z-t4AaABAg', 'snippet': {'videoId': 'zEfTDpfyt1o', 'textDisplay': 'Claro que qualquer agressão é errada, mas acho que esse cinegrafista é parente do Neymar.', 'textOriginal': 'Claro que qualquer agressão é errada, mas acho que esse cinegrafista é parente do Neymar.', 'authorDisplayName': 'Arnaldo Bellucci', 'authorProfileImageUrl': 'https://yt3.ggpht.com/ytc/AGIKgqOzhgJhlhyKg2idx9hbnCbTLnqCrgrZMl1wRQ=s48-c-k-c0x00ffffff-no-rj', 'authorChannelUrl': 'http://www.youtube.com/channel/UCbo06bUfuWzg17WlqzT4izg', 'authorChannelId': {'value': 'UCbo06bUfuWzg17WlqzT4izg'}, 'canRate': True, 'viewerRating': 'none', 'likeCount': 0, 'publishedAt': '2022-10-24T00:35:11Z', 'updatedAt': '2022-10-24T00:35:11Z'}}, 'canReply': True, 'totalReplyCount': 0, 'isPublic': True}",,UCbo06bUfuWzg17WlqzT4izg,2022-10-24T00:35:11Z,"Claro que qualquer agressão é errada, mas acho que esse cinegrafista é parente do Neymar.",QURTSl9pM2xHNFhSVktJUklTT3Q1eV8tZVVhZ0pNQTF2eERTZkNzTkkxcTBBOGZkcGs1NHJ4NUJNYlN1VTE3YnkzOEV6TTVDU3E4OGxFYw==,2023-06-08 14:52:36.492671
youtube#commentThread,02dVeH9Ueuerzcq7XYGv8uaP0YE,UgyTe0poYRfr8wI31Px4AaABAg,"{'videoId': 'zEfTDpfyt1o', 'topLevelComment': {'kind': 'youtube#comment', 'etag': '3b5rcYC2PIDnuyjZ2CK9NUuhLvY', 'id': 'UgyTe0poYRfr8wI31Px4AaABAg', 'snippet': {'videoId': 'zEfTDpfyt1o', 'textDisplay': 'Aquele canalha de verde.Manda bo e prender este covarde.', 'textOriginal': 'Aquele canalha de verde.Manda bo e prender este covarde.', 'authorDisplayName': 'juarez rezende araujo', 'authorProfileImageUrl': 'https://yt3.ggpht.com/ytc/AGIKgqOQAhCZjZ2R4O8775tDhWRf0J4j2AXgcXJZ0s-iJw=s48-c-k-c0x00ffffff-no-rj', 'authorChannelUrl': 'http://www.youtube.com/channel/UCk3j1Ksgp8sYGHH7MUCvRkA', 'authorChannelId': {'value': 'UCk3j1Ksgp8sYGHH7MUCvRkA'}, 'canRate': True, 'viewerRating': 'none', 'likeCount': 0, 'publishedAt': '2022-10-24T00:33:53Z', 'updatedAt': '2022-10-24T00:33:53Z'}}, 'canReply': True, 'totalReplyCount': 0, 'isPublic': True}",,UCk3j1Ksgp8sYGHH7MUCvRkA,2022-10-24T00:33:53Z,Aquele canalha de verde.Manda bo e prender este covarde.,QURTSl9pM2xHNFhSVktJUklTT3Q1eV8tZVVhZ0pNQTF2eERTZkNzTkkxcTBBOGZkcGs1NHJ4NUJNYlN1VTE3YnkzOEV6TTVDU3E4OGxFYw==,2023-06-08 14:52:36.492671
youtube#commentThread,AnStVBQKniOBUMXreQL0dNlTycY,UgxWpOjOXUwkqKcKMwR4AaABAg,"{'videoId': 'zEfTDpfyt1o', 'topLevelComment': {'kind': 'youtube#comment', 'etag': 'jMjlGIwROFKkxapDwjUsAPZf4Uo', 'id': 'UgxWpOjOXUwkqKcKMwR4AaABAg', 'snippet': {'videoId': 'zEfTDpfyt1o', 'textDisplay': 'Toda minha admiração só Professor Marcelo, resumiu tudo o que está acontecendo em nosso País.Esta pessoa tem que ser presa.', 'textOriginal': 'Toda minha admiração só Professor Marcelo, resumiu tudo o que está acontecendo em nosso País.Esta pessoa tem que ser presa.', 'authorDisplayName': 'Vilma Maria Martins', 'authorProfileImageUrl': 'https://yt3.ggpht.com/ytc/AGIKgqPGGj_aSru5cjILuZ667_5qy_EEtAbAsYhp_K37FVmzQFdqL5ku9_0BvOJJ6Pqh=s48-c-k-c0x00ffffff-no-rj', 'authorChannelUrl': 'http://www.youtube.com/channel/UCNZB2tllbyU6envL4iGIIlg', 'authorChannelId': {'value': 'UCNZB2tllbyU6envL4iGIIlg'}, 'canRate': True, 'viewerRating': 'none', 'likeCount': 0, 'publishedAt': '2022-10-24T00:32:26Z', 'updatedAt': '2022-10-24T00:32:26Z'}}, 'canReply': True, 'totalReplyCount': 0, 'isPublic': True}",,UCNZB2tllbyU6envL4iGIIlg,2022-10-24T00:32:26Z,"Toda minha admiração só Professor Marcelo, resumiu tudo o que está acontecendo em nosso País.Esta pessoa tem que ser presa.",QURTSl9pM2xHNFhSVktJUklTT3Q1eV8tZVVhZ0pNQTF2eERTZkNzTkkxcTBBOGZkcGs1NHJ4NUJNYlN1VTE3YnkzOEV6TTVDU3E4OGxFYw==,2023-06-08 14:52:36.492671
youtube#commentThread,NrEREaWgGZrlh9X7hdxzG_csmPw,UgxkvucBrxyu45QtVBR4AaABAg,"{'videoId': 'zEfTDpfyt1o', 'topLevelComment': {'kind': 'youtube#comment', 'etag': 'jNRRp04qMfsTorQIoW_ilxk57UA', 'id': 'UgxkvucBrxyu45QtVBR4AaABAg', 'snippet': {'videoId': 'zEfTDpfyt1o', 'textDisplay': 'Não pararam o Alexandre Moraes e Cia, agora temos que assistir esse terror. <br>10 X 0 para o Pe Kelmon.', 'textOriginal': 'Não pararam o Alexandre Moraes e Cia, agora temos que assistir esse terror. \\n10 X 0 para o Pe Kelmon.', 'authorDisplayName': 'Elenice Souza', 'authorProfileImageUrl': 'https://yt3.ggpht.com/jkJqOTBp1AHQBhRjVsWvOuJBDmP-CouMTUc5C0FaNbsNrEEr6UTncB2Wc98c1YDaop-AsbhHRIQ=s48-c-k-c0x00ffffff-no-rj', 'authorChannelUrl': 'http://www.youtube.com/channel/UC7kgg35NbY-5wEK6AOdjROQ', 'authorChannelId': {'value': 'UC7kgg35NbY-5wEK6AOdjROQ'}, 'canRate': True, 'viewerRating': 'none', 'likeCount': 1, 'publishedAt': '2022-10-24T00:31:58Z', 'updatedAt': '2022-10-24T00:31:58Z'}}, 'canReply': True, 'totalReplyCount': 0, 'isPublic': True}",,UC7kgg35NbY-5wEK6AOdjROQ,2022-10-24T00:31:58Z,"Não pararam o Alexandre Moraes e Cia, agora temos que assistir esse terror. 
10 X 0 para o Pe Kelmon.",QURTSl9pM2xHNFhSVktJUklTT3Q1eV8tZVVhZ0pNQTF2eERTZkNzTkkxcTBBOGZkcGs1NHJ4NUJNYlN1VTE3YnkzOEV6TTVDU3E4OGxFYw==,2023-06-08 14:52:36.492671
youtube#commentThread,ndiAfwRUSu6chh2vM-PO0VfaO3g,UgyyDRhEZvfWLc7O93d4AaABAg,"{'videoId': 'zEfTDpfyt1o', 'topLevelComment': {'kind': 'youtube#comment', 'etag': 'pGhkl0VCjH0EZcRGNbXPunZ6BeA', 'id': 'UgyyDRhEZvfWLc7O93d4AaABAg', 'snippet': {'videoId': 'zEfTDpfyt1o', 'textDisplay': 'É isso mesmo,caso não assistir algum veículo de notícias, não somos obrigado.<br>É só não permitir qe entrem na  nossa casa.', 'textOriginal': 'É isso mesmo,caso não assistir algum veículo de notícias, não somos obrigado.\\nÉ só não permitir qe entrem na  nossa casa.', 'authorDisplayName': 'Marlene Loureiro Ramos', 'authorProfileImageUrl': 'https://yt3.ggpht.com/ytc/AGIKgqO1XoGceWun2CY8--sujxQZcpvB4IRiNlExKA=s48-c-k-c0x00ffffff-no-rj', 'authorChannelUrl': 'http://www.youtube.com/channel/UCoBQK8ut19-AcIFADeIHHmg', 'authorChannelId': {'value': 'UCoBQK8ut19-AcIFADeIHHmg'}, 'canRate': True, 'viewerRating': 'none', 'likeCount': 1, 'publishedAt': '2022-10-24T00:31:55Z', 'updatedAt': '2022-10-24T00:31:55Z'}}, 'canReply': True, 'totalReplyCount': 0, 'isPublic': True}",,UCoBQK8ut19-AcIFADeIHHmg,2022-10-24T00:31:55Z,"É isso mesmo,caso não assistir algum veículo de notícias, não somos obrigado.
É só não permitir qe entrem na  nossa casa.",QURTSl9pM2xHNFhSVktJUklTT3Q1eV8tZVVhZ0pNQTF2eERTZkNzTkkxcTBBOGZkcGs1NHJ4NUJNYlN1VTE3YnkzOEV6TTVDU3E4OGxFYw==,2023-06-08 14:52:36.492671
youtube#commentThread,EfRxA_YkRi4BDIHcr7GypgbqKwE,Ugz_bA8K2VSB9EkcSU14AaABAg,"{'videoId': 'zEfTDpfyt1o', 'topLevelComment': {'kind': 'youtube#comment', 'etag': 'dssj_H-Z3KjdhxWpI950mC4zEpg', 'id': 'Ugz_bA8K2VSB9EkcSU14AaABAg', 'snippet': {'videoId': 'zEfTDpfyt1o', 'textDisplay': 'As vacas loucas do bolsonaro estão nervosas.O Presidente capitao terrorista chamou Bob Jeff de BANDIDO por ter dado tiros na policia e ter chamado a Ministra do STF de prostituta arrombada.Viu gado?Ele estimula o ódio e a violência,mas se der cagada te chama de bandido.Melhor pensar duas vezes em votar em politico que na hora da onça beber água se borra todo e te deixa na mão...', 'textOriginal': 'As vacas loucas do bolsonaro estão nervosas.O Presidente capitao terrorista chamou Bob Jeff de BANDIDO por ter dado tiros na policia e ter chamado a Ministra do STF de prostituta arrombada.Viu gado?Ele estimula o ódio e a violência,mas se der cagada te chama de bandido.Melhor pensar duas vezes em votar em politico que na hora da onça beber água se borra todo e te deixa na mão...', 'authorDisplayName': 'juarez rezende araujo', 'authorProfileImageUrl': 'https://yt3.ggpht.com/ytc/AGIKgqOQAhCZjZ2R4O8775tDhWRf0J4j2AXgcXJZ0s-iJw=s48-c-k-c0x00ffffff-no-rj', 'authorChannelUrl': 'http://www.youtube.com/channel/UCk3j1Ksgp8sYGHH7MUCvRkA', 'authorChannelId': {'value': 'UCk3j1Ksgp8sYGHH7MUCvRkA'}, 'canRate': True, 'viewerRating': 'none', 'likeCount': 0, 'publishedAt': '2022-10-24T00:31:52Z', 'updatedAt': '2022-10-24T00:31:52Z'}}, 'canReply': True, 'totalReplyCount': 0, 'isPublic': True}",,UCk3j1Ksgp8sYGHH7MUCvRkA,2022-10-24T00:31:52Z,"As vacas loucas do bolsonaro estão nervosas.O Presidente capitao terrorista chamou Bob Jeff de BANDIDO por ter dado tiros na policia e ter chamado a Ministra do STF de prostituta arrombada.Viu gado?Ele estimula o ódio e a violência,mas se der cagada te chama de bandido.Melhor pensar duas vezes em votar em politico que na hora da onça beber água se borra todo e te deixa na mão...",QURTSl9pM2xHNFhSVktJUklTT3Q1eV8tZVVhZ0pNQTF2eERTZkNzTkkxcTBBOGZkcGs1NHJ4NUJNYlN1VTE3YnkzOEV6TTVDU3E4OGxFYw==,2023-06-08 14:52:36.492671
youtube#commentThread,xCFY2Ou51FsfoH9ibttkzEOJoTo,UgyrFGzdQjy7ydhVfHZ4AaABAg,"{'videoId': 'zEfTDpfyt1o', 'topLevelComment': {'kind': 'youtube#comment', 'etag': 'YjuQtNJqF4f0Tnzg94DcaghMUY0', 'id': 'UgyrFGzdQjy7ydhVfHZ4AaABAg', 'snippet': {'videoId': 'zEfTDpfyt1o', 'textDisplay': 'Sei que a injustiça  Que estão fazendo com todos os brasileiros é revoltante mais precisamos manter a calma e lutarmos com fé e sabedoria', 'textOriginal': 'Sei que a injustiça  Que estão fazendo com todos os brasileiros é revoltante mais precisamos manter a calma e lutarmos com fé e sabedoria', 'authorDisplayName': 'Valdene Sousa', 'authorProfileImageUrl': 'https://yt3.ggpht.com/ytc/AGIKgqM8TBtR0dXHg-TB74htvnfAWgOTyjxoQtJDulVAd83gL-YW9kmR3OGU8_fS5JuC=s48-c-k-c0x00ffffff-no-rj', 'authorChannelUrl': 'http://www.youtube.com/channel/UCBMD6JFkaZqSmAicOmt2wbQ', 'authorChannelId': {'value': 'UCBMD6JFkaZqSmAicOmt2wbQ'}, 'canRate': True, 'viewerRating': 'none', 'likeCount': 1, 'publishedAt': '2022-10-24T00:31:49Z', 'updatedAt': '2022-10-24T00:31:49Z'}}, 'canReply': True, 'totalReplyCount': 0, 'isPublic': True}",,UCBMD6JFkaZqSmAicOmt2wbQ,2022-10-24T00:31:49Z,Sei que a injustiça  Que estão fazendo com todos os brasileiros é revoltante mais precisamos manter a calma e lutarmos com fé e sabedoria,QURTSl9pM2xHNFhSVktJUklTT3Q1eV8tZVVhZ0pNQTF2eERTZkNzTkkxcTBBOGZkcGs1NHJ4NUJNYlN1VTE3YnkzOEV6TTVDU3E4OGxFYw==,2023-06-08 14:52:36.492671
youtube#commentThread,KAIRKtwuPHpPI3ak3h6V4lQJ8QA,Ugy3bOZIRbgeL8uNAzd4AaABAg,"{'videoId': 'zEfTDpfyt1o', 'topLevelComment': {'kind': 'youtube#comment', 'etag': 'dGJqsXRYW5Y-3fSJ3luz9QHboaw', 'id': 'Ugy3bOZIRbgeL8uNAzd4AaABAg', 'snippet': {'videoId': 'zEfTDpfyt1o', 'textDisplay': 'Se não tivesse vocês nos não teríamos informações e além disso ele está ganhando o seu sustento,ele tem uma família', 'textOriginal': 'Se não tivesse vocês nos não teríamos informações e além disso ele está ganhando o seu sustento,ele tem uma família', 'authorDisplayName': 'Marli Gomes', 'authorProfileImageUrl': 'https://yt3.ggpht.com/ytc/AGIKgqNsZgzALjyK4GcjL_NuJ5G7AQ7vGOJvsqzy6w=s48-c-k-c0x00ffffff-no-rj', 'authorChannelUrl': 'http://www.youtube.com/channel/UCPdulGUJKTpHSfI9OdrhZVw', 'authorChannelId': {'value': 'UCPdulGUJKTpHSfI9OdrhZVw'}, 'canRate': True, 'viewerRating': 'none', 'likeCount': 0, 'publishedAt': '2022-10-24T00:31:23Z', 'updatedAt': '2022-10-24T00:31:23Z'}}, 'canReply': True, 'totalReplyCount': 0, 'isPublic': True}",,UCPdulGUJKTpHSfI9OdrhZVw,2022-10-24T00:31:23Z,"Se não tivesse vocês nos não teríamos informações e além disso ele está ganhando o seu sustento,ele tem uma família",QURTSl9pM2xHNFhSVktJUklTT3Q1eV8tZVVhZ0pNQTF2eERTZkNzTkkxcTBBOGZkcGs1NHJ4NUJNYlN1VTE3YnkzOEV6TTVDU3E4OGxFYw==,2023-06-08 14:52:36.492671
youtube#commentThread,rJzgcFoeOZXHmHZGGVOiA1Gi7ww,UgxxgSJQ28MK6jw08Sx4AaABAg,"{'videoId': 'zEfTDpfyt1o', 'topLevelComment': {'kind': 'youtube#comment', 'etag': '3APcN3EdVXYu9Wooff2iPd7CQII', 'id': 'UgxxgSJQ28MK6jw08Sx4AaABAg', 'snippet': {'videoId': 'zEfTDpfyt1o', 'textDisplay': 'VAO PRA PQP.......A IMPRENSA NÃO PODE SER ATACADA, MAS ESTA MESMA IMPRENSA PODE ATACAR O CIDADÃO COM MENTIRAS, COM DISTORÇÃO DOS FATOS, COM DESINFORMAÇÃO. VÃO PRO INFERNO.', 'textOriginal': 'VAO PRA PQP.......A IMPRENSA NÃO PODE SER ATACADA, MAS ESTA MESMA IMPRENSA PODE ATACAR O CIDADÃO COM MENTIRAS, COM DISTORÇÃO DOS FATOS, COM DESINFORMAÇÃO. VÃO PRO INFERNO.', 'authorDisplayName': 'Dargat Dga', 'authorProfileImageUrl': 'https://yt3.ggpht.com/ytc/AGIKgqOG0BZqyJ9PdG9mK4dwWeMwyklnZNKxTq1-RiPQOw=s48-c-k-c0x00ffffff-no-rj', 'authorChannelUrl': 'http://www.youtube.com/channel/UCYyGS6lpJdAXViJUORpK0pg', 'authorChannelId': {'value': 'UCYyGS6lpJdAXViJUORpK0pg'}, 'canRate': True, 'viewerRating': 'none', 'likeCount': 0, 'publishedAt': '2022-10-24T00:31:20Z', 'updatedAt': '2022-10-24T00:31:20Z'}}, 'canReply': True, 'totalReplyCount': 0, 'isPublic': True}",,UCYyGS6lpJdAXViJUORpK0pg,2022-10-24T00:31:20Z,"VAO PRA PQP.......A IMPRENSA NÃO PODE SER ATACADA, MAS ESTA MESMA IMPRENSA PODE ATACAR O CIDADÃO COM MENTIRAS, COM DISTORÇÃO DOS FATOS, COM DESINFORMAÇÃO. VÃO PRO INFERNO.",QURTSl9pM2xHNFhSVktJUklTT3Q1eV8tZVVhZ0pNQTF2eERTZkNzTkkxcTBBOGZkcGs1NHJ4NUJNYlN1VTE3YnkzOEV6TTVDU3E4OGxFYw==,2023-06-08 14:52:36.492671
youtube#commentThread,o0udDZRVOqaEp9OjUrgLcNRwPYs,UgwoSmj-N1Vj4cQQKh54AaABAg,"{'videoId': 'zEfTDpfyt1o', 'topLevelComment': {'kind': 'youtube#comment', 'etag': 'ALm0EltVRSpMbH-CzuFcGUGR3cU', 'id': 'UgwoSmj-N1Vj4cQQKh54AaABAg', 'snippet': {'videoId': 'zEfTDpfyt1o', 'textDisplay': 'É o Bolsonarismo, nenhum respeito a <a href=""http://liberdade.de/"">liberdade.de</a> imprensa.', 'textOriginal': 'É o Bolsonarismo, nenhum respeito a liberdade.de imprensa.', 'authorDisplayName': 'Daniel Matta Rocha', 'authorProfileImageUrl': 'https://yt3.ggpht.com/ytc/AGIKgqNrRhmwZsxO2ic7sss7NSOVs3ysTtkY0KQYqA=s48-c-k-c0x00ffffff-no-rj', 'authorChannelUrl': 'http://www.youtube.com/channel/UCpEJIedniEvNkhsAGiaiNKA', 'authorChannelId': {'value': 'UCpEJIedniEvNkhsAGiaiNKA'}, 'canRate': True, 'viewerRating': 'none', 'likeCount': 0, 'publishedAt': '2022-10-24T00:30:54Z', 'updatedAt': '2022-10-24T00:30:54Z'}}, 'canReply': True, 'totalReplyCount': 0, 'isPublic': True}",,UCpEJIedniEvNkhsAGiaiNKA,2022-10-24T00:30:54Z,"É o Bolsonarismo, nenhum respeito a liberdade.de imprensa.",QURTSl9pM2xHNFhSVktJUklTT3Q1eV8tZVVhZ0pNQTF2eERTZkNzTkkxcTBBOGZkcGs1NHJ4NUJNYlN1VTE3YnkzOEV6TTVDU3E4OGxFYw==,2023-06-08 14:52:36.492671
youtube#commentThread,2qPPBfkoqGSsEz0vuznX63EqU4M,UgzZ-kdQDHAVuat1Rgl4AaABAg,"{'videoId': 'zEfTDpfyt1o', 'topLevelComment': {'kind': 'youtube#comment', 'etag': 'Biw56fAQXSciOoqbups6Duae0bk', 'id': 'UgzZ-kdQDHAVuat1Rgl4AaABAg', 'snippet': {'videoId': 'zEfTDpfyt1o', 'textDisplay': 'Apoiadores, olha o nível que chegamos 🥴', 'textOriginal': 'Apoiadores, olha o nível que chegamos 🥴', 'authorDisplayName': 'Everting4fun', 'authorProfileImageUrl': 'https://yt3.ggpht.com/ytc/AGIKgqPV-DVL0xzCmt5UJSPhZ_y31aXCvdL-wBJXgM2B=s48-c-k-c0x00ffffff-no-rj', 'authorChannelUrl': 'http://www.youtube.com/channel/UCrc4bH5SJBn47lgaMwvHn2w', 'authorChannelId': {'value': 'UCrc4bH5SJBn47lgaMwvHn2w'}, 'canRate': True, 'viewerRating': 'none', 'likeCount': 0, 'publishedAt': '2022-10-24T00:30:36Z', 'updatedAt': '2022-10-24T00:30:36Z'}}, 'canReply': True, 'totalReplyCount': 0, 'isPublic': True}",,UCrc4bH5SJBn47lgaMwvHn2w,2022-10-24T00:30:36Z,"Apoiadores, olha o nível que chegamos 🥴",QURTSl9pM2xHNFhSVktJUklTT3Q1eV8tZVVhZ0pNQTF2eERTZkNzTkkxcTBBOGZkcGs1NHJ4NUJNYlN1VTE3YnkzOEV6TTVDU3E4OGxFYw==,2023-06-08 14:52:36.492671
youtube#commentThread,40ZarJpsEuw2m2PelgQVytKHH9E,Ugxx_v1ssnfoRy6gcp54AaABAg,"{'videoId': 'zEfTDpfyt1o', 'topLevelComment': {'kind': 'youtube#comment', 'etag': 'udtqGtrT7cJ0wz6G0eeu7PQ6rJ8', 'id': 'Ugxx_v1ssnfoRy6gcp54AaABAg', 'snippet': {'videoId': 'zEfTDpfyt1o', 'textDisplay': 'Tudo culpa do Morales!! Conseguindo causar o caos no país 🤬', 'textOriginal': 'Tudo culpa do Morales!! Conseguindo causar o caos no país 🤬', 'authorDisplayName': 'Vilma Vilma', 'authorProfileImageUrl': 'https://yt3.ggpht.com/ytc/AGIKgqPf0nZvcDx4cRFg5BQDNaBHINuEZcy3atJojg=s48-c-k-c0x00ffffff-no-rj', 'authorChannelUrl': 'http://www.youtube.com/channel/UCPHYcKwnH5uGT-PrcVB_s2w', 'authorChannelId': {'value': 'UCPHYcKwnH5uGT-PrcVB_s2w'}, 'canRate': True, 'viewerRating': 'none', 'likeCount': 0, 'publishedAt': '2022-10-24T00:29:21Z', 'updatedAt': '2022-10-24T00:29:21Z'}}, 'canReply': True, 'totalReplyCount': 0, 'isPublic': True}",,UCPHYcKwnH5uGT-PrcVB_s2w,2022-10-24T00:29:21Z,Tudo culpa do Morales!! Conseguindo causar o caos no país 🤬,QURTSl9pM2xHNFhSVktJUklTT3Q1eV8tZVVhZ0pNQTF2eERTZkNzTkkxcTBBOGZkcGs1NHJ4NUJNYlN1VTE3YnkzOEV6TTVDU3E4OGxFYw==,2023-06-08 14:52:36.492671
youtube#commentThread,0Jr9dAhE8ecCwbSosKgJdI2p4LU,UgxUnAH-yB1L9SydAn54AaABAg,"{'videoId': 'zEfTDpfyt1o', 'topLevelComment': {'kind': 'youtube#comment', 'etag': 'mo_c_b1UJzJrAlrCjQyjwgsYw3s', 'id': 'UgxUnAH-yB1L9SydAn54AaABAg', 'snippet': {'videoId': 'zEfTDpfyt1o', 'textDisplay': 'O povo tá cansado ou acham que povo não pode se indignar??? Imprensa mente,  distorce tudo e ainda querem que povo seja bonzinho!!!', 'textOriginal': 'O povo tá cansado ou acham que povo não pode se indignar??? Imprensa mente,  distorce tudo e ainda querem que povo seja bonzinho!!!', 'authorDisplayName': 'Lucia Figueira', 'authorProfileImageUrl': 'https://yt3.ggpht.com/ytc/AGIKgqMgk0yZifWiAYQ6JI_rZEyH5YgUlPD9KaLClg=s48-c-k-c0x00ffffff-no-rj', 'authorChannelUrl': 'http://www.youtube.com/channel/UCxKQhd7kpQX3Asp6OGHp6JQ', 'authorChannelId': {'value': 'UCxKQhd7kpQX3Asp6OGHp6JQ'}, 'canRate': True, 'viewerRating': 'none', 'likeCount': 0, 'publishedAt': '2022-10-24T00:28:53Z', 'updatedAt': '2022-10-24T00:28:53Z'}}, 'canReply': True, 'totalReplyCount': 0, 'isPublic': True}",,UCxKQhd7kpQX3Asp6OGHp6JQ,2022-10-24T00:28:53Z,"O povo tá cansado ou acham que povo não pode se indignar??? Imprensa mente,  distorce tudo e ainda querem que povo seja bonzinho!!!",QURTSl9pM2xHNFhSVktJUklTT3Q1eV8tZVVhZ0pNQTF2eERTZkNzTkkxcTBBOGZkcGs1NHJ4NUJNYlN1VTE3YnkzOEV6TTVDU3E4OGxFYw==,2023-06-08 14:52:36.492671
youtube#commentThread,XhuCAqdfvmG5dypgFADQS6gdLt8,UgyyxFcHuEY5oZXVS_F4AaABAg,"{'videoId': 'zEfTDpfyt1o', 'topLevelComment': {'kind': 'youtube#comment', 'etag': 'W4k71ZykNPvYrtlMhlu7lAJsqU0', 'id': 'UgyyxFcHuEY5oZXVS_F4AaABAg', 'snippet': {'videoId': 'zEfTDpfyt1o', 'textDisplay': 'Esse cara nem sabe quem agrediu e já tá falando,ninguém agrediu não.', 'textOriginal': 'Esse cara nem sabe quem agrediu e já tá falando,ninguém agrediu não.', 'authorDisplayName': 'maria evolene', 'authorProfileImageUrl': 'https://yt3.ggpht.com/ytc/AGIKgqPkF7aYCWZqOJ_QbjT2lDB6uguR39w40JaeYBR_=s48-c-k-c0x00ffffff-no-rj', 'authorChannelUrl': 'http://www.youtube.com/channel/UCXAvDOyQ4EjEDoHNHg3T5lg', 'authorChannelId': {'value': 'UCXAvDOyQ4EjEDoHNHg3T5lg'}, 'canRate': True, 'viewerRating': 'none', 'likeCount': 0, 'publishedAt': '2022-10-24T00:28:51Z', 'updatedAt': '2022-10-24T00:28:51Z'}}, 'canReply': True, 'totalReplyCount': 0, 'isPublic': True}",,UCXAvDOyQ4EjEDoHNHg3T5lg,2022-10-24T00:28:51Z,"Esse cara nem sabe quem agrediu e já tá falando,ninguém agrediu não.",QURTSl9pM2xHNFhSVktJUklTT3Q1eV8tZVVhZ0pNQTF2eERTZkNzTkkxcTBBOGZkcGs1NHJ4NUJNYlN1VTE3YnkzOEV6TTVDU3E4OGxFYw==,2023-06-08 14:52:36.492671
youtube#commentThread,PtZhabdxV1UvoK7mb-X6R62EPYw,Ugz29smt9qTWYtASVIp4AaABAg,"{'videoId': 'zEfTDpfyt1o', 'topLevelComment': {'kind': 'youtube#comment', 'etag': 'e_VuToUWKl1Brgd1G37FU6uGY04', 'id': 'Ugz29smt9qTWYtASVIp4AaABAg', 'snippet': {'videoId': 'zEfTDpfyt1o', 'textDisplay': 'Estamos em guerra daqui pra frente o povo não so vai lutar pelos seus direitos como também morrer pela pátria errado está seu comentário', 'textOriginal': 'Estamos em guerra daqui pra frente o povo não so vai lutar pelos seus direitos como também morrer pela pátria errado está seu comentário', 'authorDisplayName': 'Deis Costa oficial', 'authorProfileImageUrl': 'https://yt3.ggpht.com/ytc/AGIKgqPAw2tX7rHpzhDak0G1haZURLJiaoSOYKnO6PIyjg=s48-c-k-c0x00ffffff-no-rj', 'authorChannelUrl': 'http://www.youtube.com/channel/UCXYHexYxnMAbrseBBcW_dSA', 'authorChannelId': {'value': 'UCXYHexYxnMAbrseBBcW_dSA'}, 'canRate': True, 'viewerRating': 'none', 'likeCount': 0, 'publishedAt': '2022-10-24T00:28:46Z', 'updatedAt': '2022-10-24T00:28:46Z'}}, 'canReply': True, 'totalReplyCount': 0, 'isPublic': True}",,UCXYHexYxnMAbrseBBcW_dSA,2022-10-24T00:28:46Z,Estamos em guerra daqui pra frente o povo não so vai lutar pelos seus direitos como também morrer pela pátria errado está seu comentário,QURTSl9pM2xHNFhSVktJUklTT3Q1eV8tZVVhZ0pNQTF2eERTZkNzTkkxcTBBOGZkcGs1NHJ4NUJNYlN1VTE3YnkzOEV6TTVDU3E4OGxFYw==,2023-06-08 14:52:36.492671
youtube#commentThread,ZSR7EnWw77SRT832grCF4QQ_G-4,Ugxo0QxUYrUUWb6tWC14AaABAg,"{'videoId': 'zEfTDpfyt1o', 'topLevelComment': {'kind': 'youtube#comment', 'etag': '8bnyHKCrjlxu6zivZUtRSyYtwJ0', 'id': 'Ugxo0QxUYrUUWb6tWC14AaABAg', 'snippet': {'videoId': 'zEfTDpfyt1o', 'textDisplay': 'As vacas loucas do bolsonaro estão nervosas.O Presidente capitao terrorista chamou Bob Jeff de BANDIDO por ter dado tiros na policia e ter chamado a Ministra do STF de prostituta arrombada.Viu gado?Ele estimula o ódio e a violência,mas se der cagada te chama de bandido.Melhor pensar duas vezes em votar em politico que na hora da onça beber água se borra todo e te deixa na mão...', 'textOriginal': 'As vacas loucas do bolsonaro estão nervosas.O Presidente capitao terrorista chamou Bob Jeff de BANDIDO por ter dado tiros na policia e ter chamado a Ministra do STF de prostituta arrombada.Viu gado?Ele estimula o ódio e a violência,mas se der cagada te chama de bandido.Melhor pensar duas vezes em votar em politico que na hora da onça beber água se borra todo e te deixa na mão...', 'authorDisplayName': 'juarez rezende araujo', 'authorProfileImageUrl': 'https://yt3.ggpht.com/ytc/AGIKgqOQAhCZjZ2R4O8775tDhWRf0J4j2AXgcXJZ0s-iJw=s48-c-k-c0x00ffffff-no-rj', 'authorChannelUrl': 'http://www.youtube.com/channel/UCk3j1Ksgp8sYGHH7MUCvRkA', 'authorChannelId': {'value': 'UCk3j1Ksgp8sYGHH7MUCvRkA'}, 'canRate': True, 'viewerRating': 'none', 'likeCount': 0, 'publishedAt': '2022-10-24T00:28:40Z', 'updatedAt': '2022-10-24T00:28:40Z'}}, 'canReply': True, 'totalReplyCount': 0, 'isPublic': True}",,UCk3j1Ksgp8sYGHH7MUCvRkA,2022-10-24T00:28:40Z,"As vacas loucas do bolsonaro estão nervosas.O Presidente capitao terrorista chamou Bob Jeff de BANDIDO por ter dado tiros na policia e ter chamado a Ministra do STF de prostituta arrombada.Viu gado?Ele estimula o ódio e a violência,mas se der cagada te chama de bandido.Melhor pensar duas vezes em votar em politico que na hora da onça beber água se borra todo e te deixa na mão...",QURTSl9pM2xHNFhSVktJUklTT3Q1eV8tZVVhZ0pNQTF2eERTZkNzTkkxcTBBOGZkcGs1NHJ4NUJNYlN1VTE3YnkzOEV6TTVDU3E4OGxFYw==,2023-06-08 14:52:36.492671
youtube#commentThread,5NhS70rqM9D5R_OdA2DNMX2bWYo,UgwvnAbjK2YoOLAJC0p4AaABAg,"{'videoId': 'zEfTDpfyt1o', 'topLevelComment': {'kind': 'youtube#comment', 'etag': 'PDNjOm8EG_9AyQxw4cdUM-3mKC0', 'id': 'UgwvnAbjK2YoOLAJC0p4AaABAg', 'snippet': {'videoId': 'zEfTDpfyt1o', 'textDisplay': 'Eu só queria entender porque ele atacou o cinegrafista e não o repórter', 'textOriginal': 'Eu só queria entender porque ele atacou o cinegrafista e não o repórter', 'authorDisplayName': 'Adenilton Silva', 'authorProfileImageUrl': 'https://yt3.ggpht.com/ytc/AGIKgqOaN6Djk1XSREJMogcN1JRsCqMpLERBx-6IAg=s48-c-k-c0x00ffffff-no-rj', 'authorChannelUrl': 'http://www.youtube.com/channel/UCyDKs5NoCKz4I_BMaihAuDw', 'authorChannelId': {'value': 'UCyDKs5NoCKz4I_BMaihAuDw'}, 'canRate': True, 'viewerRating': 'none', 'likeCount': 0, 'publishedAt': '2022-10-24T00:28:35Z', 'updatedAt': '2022-10-24T00:28:35Z'}}, 'canReply': True, 'totalReplyCount': 0, 'isPublic': True}",,UCyDKs5NoCKz4I_BMaihAuDw,2022-10-24T00:28:35Z,Eu só queria entender porque ele atacou o cinegrafista e não o repórter,QURTSl9pM2xHNFhSVktJUklTT3Q1eV8tZVVhZ0pNQTF2eERTZkNzTkkxcTBBOGZkcGs1NHJ4NUJNYlN1VTE3YnkzOEV6TTVDU3E4OGxFYw==,2023-06-08 14:52:36.492671
youtube#commentThread,lER_PdYYDr_zsaFNynx5PVij5Jk,Ugz0196YwVTGa1sp_fZ4AaABAg,"{'videoId': 'zEfTDpfyt1o', 'topLevelComment': {'kind': 'youtube#comment', 'etag': 'rpAVk2v3p_mHXt28eJ0ILn-eA5U', 'id': 'Ugz0196YwVTGa1sp_fZ4AaABAg', 'snippet': {'videoId': 'zEfTDpfyt1o', 'textDisplay': 'Falo sempre para meus filhos confie somente em seu pai e sua mãe 🙏', 'textOriginal': 'Falo sempre para meus filhos confie somente em seu pai e sua mãe 🙏', 'authorDisplayName': 'Ricardo Aquino', 'authorProfileImageUrl': 'https://yt3.ggpht.com/ytc/AGIKgqO3Kj_L9ZAPfYnjGIy5AfH6MLf99_QdLSVYjMd-Xw=s48-c-k-c0x00ffffff-no-rj', 'authorChannelUrl': 'http://www.youtube.com/channel/UCmzkPvqSE79I2XfvCtCtYKA', 'authorChannelId': {'value': 'UCmzkPvqSE79I2XfvCtCtYKA'}, 'canRate': True, 'viewerRating': 'none', 'likeCount': 1, 'publishedAt': '2022-10-24T00:28:32Z', 'updatedAt': '2022-10-24T00:28:32Z'}}, 'canReply': True, 'totalReplyCount': 0, 'isPublic': True}",,UCmzkPvqSE79I2XfvCtCtYKA,2022-10-24T00:28:32Z,Falo sempre para meus filhos confie somente em seu pai e sua mãe 🙏,QURTSl9pM2xHNFhSVktJUklTT3Q1eV8tZVVhZ0pNQTF2eERTZkNzTkkxcTBBOGZkcGs1NHJ4NUJNYlN1VTE3YnkzOEV6TTVDU3E4OGxFYw==,2023-06-08 14:52:36.492671
youtube#commentThread,Y633Ply9LHA7qQFla-FJF_tYLdA,UgwXGEGl9ZH8X9OalNd4AaABAg,"{'videoId': 'zEfTDpfyt1o', 'topLevelComment': {'kind': 'youtube#comment', 'etag': 'TQSCo01lnP-3G6hXueqKPEOZYzk', 'id': 'UgwXGEGl9ZH8X9OalNd4AaABAg', 'snippet': {'videoId': 'zEfTDpfyt1o', 'textDisplay': 'Foi aquela cara de verde.COVARDAO!!', 'textOriginal': 'Foi aquela cara de verde.COVARDAO!!', 'authorDisplayName': 'juarez rezende araujo', 'authorProfileImageUrl': 'https://yt3.ggpht.com/ytc/AGIKgqOQAhCZjZ2R4O8775tDhWRf0J4j2AXgcXJZ0s-iJw=s48-c-k-c0x00ffffff-no-rj', 'authorChannelUrl': 'http://www.youtube.com/channel/UCk3j1Ksgp8sYGHH7MUCvRkA', 'authorChannelId': {'value': 'UCk3j1Ksgp8sYGHH7MUCvRkA'}, 'canRate': True, 'viewerRating': 'none', 'likeCount': 0, 'publishedAt': '2022-10-24T00:28:27Z', 'updatedAt': '2022-10-24T00:28:27Z'}}, 'canReply': True, 'totalReplyCount': 0, 'isPublic': True}",,UCk3j1Ksgp8sYGHH7MUCvRkA,2022-10-24T00:28:27Z,Foi aquela cara de verde.COVARDAO!!,QURTSl9pM2xHNFhSVktJUklTT3Q1eV8tZVVhZ0pNQTF2eERTZkNzTkkxcTBBOGZkcGs1NHJ4NUJNYlN1VTE3YnkzOEV6TTVDU3E4OGxFYw==,2023-06-08 14:52:36.492671
youtube#commentThread,xE1s75UF-HAVkFhCi7A_kFCzW14,UgyNYTFvJA2wCHeyqDt4AaABAg,"{'videoId': 'zEfTDpfyt1o', 'topLevelComment': {'kind': 'youtube#comment', 'etag': 'MiBEWUc4OiTfMJFGCcUZ6taEjJU', 'id': 'UgyNYTFvJA2wCHeyqDt4AaABAg', 'snippet': {'videoId': 'zEfTDpfyt1o', 'textDisplay': 'Tô achando que não foi agredido! e sim ,foi o tumulto de gente ,nós sabemos que assim  se machuca mesmo !', 'textOriginal': 'Tô achando que não foi agredido! e sim ,foi o tumulto de gente ,nós sabemos que assim  se machuca mesmo !', 'authorDisplayName': 'LEONETE', 'authorProfileImageUrl': 'https://yt3.ggpht.com/oWY78jwBDCgDW0HyWPKCjNruvoIukr7zbcqhmpMG9vzRhS47PhWvPpMImr_V2L9EZaDq-OKD=s48-c-k-c0x00ffffff-no-rj', 'authorChannelUrl': 'http://www.youtube.com/channel/UCX-wE9XxbkXKrMOLBfggb9Q', 'authorChannelId': {'value': 'UCX-wE9XxbkXKrMOLBfggb9Q'}, 'canRate': True, 'viewerRating': 'none', 'likeCount': 0, 'publishedAt': '2022-10-24T00:28:26Z', 'updatedAt': '2022-10-24T00:28:58Z'}}, 'canReply': True, 'totalReplyCount': 0, 'isPublic': True}",,UCX-wE9XxbkXKrMOLBfggb9Q,2022-10-24T00:28:26Z,"Tô achando que não foi agredido! e sim ,foi o tumulto de gente ,nós sabemos que assim  se machuca mesmo !",QURTSl9pM2xHNFhSVktJUklTT3Q1eV8tZVVhZ0pNQTF2eERTZkNzTkkxcTBBOGZkcGs1NHJ4NUJNYlN1VTE3YnkzOEV6TTVDU3E4OGxFYw==,2023-06-08 14:52:36.492671
youtube#commentThread,-N6CdNgSQRnaHX81OaUNe_7TVFc,UgxAWDpp8VTbqBy2Vsh4AaABAg,"{'videoId': 'zEfTDpfyt1o', 'topLevelComment': {'kind': 'youtube#comment', 'etag': 'liv_ykAC6W_zaE_k3ClGUNyO-Y0', 'id': 'UgxAWDpp8VTbqBy2Vsh4AaABAg', 'snippet': {'videoId': 'zEfTDpfyt1o', 'textDisplay': 'Concordo , essa conduta não é necessário são pessoas seres humanoos antes de tudo, se vc não gosta de uma certa emissora tudo bem mas não é possível agredir um PROFICIONAL trabalhador . Não podemos igualar com agressão isso não é  democracia.', 'textOriginal': 'Concordo , essa conduta não é necessário são pessoas seres humanoos antes de tudo, se vc não gosta de uma certa emissora tudo bem mas não é possível agredir um PROFICIONAL trabalhador . Não podemos igualar com agressão isso não é  democracia.', 'authorDisplayName': 'Carlos Da Silva', 'authorProfileImageUrl': 'https://yt3.ggpht.com/ytc/AGIKgqOHN5DT3vsShgiN0J-ksDTPN00dd8saVh8_ZQ=s48-c-k-c0x00ffffff-no-rj', 'authorChannelUrl': 'http://www.youtube.com/channel/UCfrIzMU1yC8i5B9wumLRMTg', 'authorChannelId': {'value': 'UCfrIzMU1yC8i5B9wumLRMTg'}, 'canRate': True, 'viewerRating': 'none', 'likeCount': 0, 'publishedAt': '2022-10-24T00:28:14Z', 'updatedAt': '2022-10-24T00:28:14Z'}}, 'canReply': True, 'totalReplyCount': 0, 'isPublic': True}",,UCfrIzMU1yC8i5B9wumLRMTg,2022-10-24T00:28:14Z,"Concordo , essa conduta não é necessário são pessoas seres humanoos antes de tudo, se vc não gosta de uma certa emissora tudo bem mas não é possível agredir um PROFICIONAL trabalhador . Não podemos igualar com agressão isso não é  democracia.",QURTSl9pM2xHNFhSVktJUklTT3Q1eV8tZVVhZ0pNQTF2eERTZkNzTkkxcTBBOGZkcGs1NHJ4NUJNYlN1VTE3YnkzOEV6TTVDU3E4OGxFYw==,2023-06-08 14:52:36.492671
youtube#commentThread,sOeXcLJ5oYCN_PrxYscfh5yu5tM,Ugx84alt4xrgkym2bzV4AaABAg,"{'videoId': 'zEfTDpfyt1o', 'topLevelComment': {'kind': 'youtube#comment', 'etag': 'wo4kAUy_U71-EOn3QwMb_Uaytjk', 'id': 'Ugx84alt4xrgkym2bzV4AaABAg', 'snippet': {'videoId': 'zEfTDpfyt1o', 'textDisplay': 'Suprema corte causando o caos no pais.', 'textOriginal': 'Suprema corte causando o caos no pais.', 'authorDisplayName': 'Zan. Peres', 'authorProfileImageUrl': 'https://yt3.ggpht.com/ytc/AGIKgqM99WH4A5r90_ud7o0acMyvkxV-qSLmiO6Xab3aHw=s48-c-k-c0x00ffffff-no-rj', 'authorChannelUrl': 'http://www.youtube.com/channel/UC25xTdoDO-FRfo1QuQb4QBA', 'authorChannelId': {'value': 'UC25xTdoDO-FRfo1QuQb4QBA'}, 'canRate': True, 'viewerRating': 'none', 'likeCount': 0, 'publishedAt': '2022-10-24T00:28:00Z', 'updatedAt': '2022-10-24T00:28:00Z'}}, 'canReply': True, 'totalReplyCount': 0, 'isPublic': True}",,UC25xTdoDO-FRfo1QuQb4QBA,2022-10-24T00:28:00Z,Suprema corte causando o caos no pais.,QURTSl9pM2xHNFhSVktJUklTT3Q1eV8tZVVhZ0pNQTF2eERTZkNzTkkxcTBBOGZkcGs1NHJ4NUJNYlN1VTE3YnkzOEV6TTVDU3E4OGxFYw==,2023-06-08 14:52:36.492671
youtube#commentThread,WFgrYY1uhemll7F7be3YN34ZOgM,Ugze4SNNCVPQJ8dpYqB4AaABAg,"{'videoId': 'zEfTDpfyt1o', 'topLevelComment': {'kind': 'youtube#comment', 'etag': 'ckNke6QJyoGnbxI24WH-GnaZ-3E', 'id': 'Ugze4SNNCVPQJ8dpYqB4AaABAg', 'snippet': {'videoId': 'zEfTDpfyt1o', 'textDisplay': 'O Ex  deputado também foi muito agredido também por parte do STF.', 'textOriginal': 'O Ex  deputado também foi muito agredido também por parte do STF.', 'authorDisplayName': 'Maria Salustiano', 'authorProfileImageUrl': 'https://yt3.ggpht.com/ytc/AGIKgqOZWUkjk6xHoadL-XqRcVh_2y5WkbKhfW7lEA=s48-c-k-c0x00ffffff-no-rj', 'authorChannelUrl': 'http://www.youtube.com/channel/UCa9SSYzAUFr1E6sol2oEX5Q', 'authorChannelId': {'value': 'UCa9SSYzAUFr1E6sol2oEX5Q'}, 'canRate': True, 'viewerRating': 'none', 'likeCount': 1, 'publishedAt': '2022-10-24T00:27:49Z', 'updatedAt': '2022-10-24T00:27:49Z'}}, 'canReply': True, 'totalReplyCount': 0, 'isPublic': True}",,UCa9SSYzAUFr1E6sol2oEX5Q,2022-10-24T00:27:49Z,O Ex  deputado também foi muito agredido também por parte do STF.,QURTSl9pM2xHNFhSVktJUklTT3Q1eV8tZVVhZ0pNQTF2eERTZkNzTkkxcTBBOGZkcGs1NHJ4NUJNYlN1VTE3YnkzOEV6TTVDU3E4OGxFYw==,2023-06-08 14:52:36.492671
youtube#commentThread,iZnuNlodIMGJmX651p05jopEJH8,Ugzf5o7EePNVpO4GAWd4AaABAg,"{'videoId': 'zEfTDpfyt1o', 'topLevelComment': {'kind': 'youtube#comment', 'etag': 'TR1fjlDntMJPZMbVwLAqNy7xFY8', 'id': 'Ugzf5o7EePNVpO4GAWd4AaABAg', 'snippet': {'videoId': 'zEfTDpfyt1o', 'textDisplay': 'A prisão arbitrária de comum, vai virar um circo para a imprensa, para a PF e Partidos políticos. <br>Eu repudio o oportunismo. <br>Deus é justo, eu creio.', 'textOriginal': 'A prisão arbitrária de comum, vai virar um circo para a imprensa, para a PF e Partidos políticos. \\nEu repudio o oportunismo. \\nDeus é justo, eu creio.', 'authorDisplayName': 'Elenice Souza', 'authorProfileImageUrl': 'https://yt3.ggpht.com/jkJqOTBp1AHQBhRjVsWvOuJBDmP-CouMTUc5C0FaNbsNrEEr6UTncB2Wc98c1YDaop-AsbhHRIQ=s48-c-k-c0x00ffffff-no-rj', 'authorChannelUrl': 'http://www.youtube.com/channel/UC7kgg35NbY-5wEK6AOdjROQ', 'authorChannelId': {'value': 'UC7kgg35NbY-5wEK6AOdjROQ'}, 'canRate': True, 'viewerRating': 'none', 'likeCount': 0, 'publishedAt': '2022-10-24T00:27:45Z', 'updatedAt': '2022-10-24T00:27:45Z'}}, 'canReply': True, 'totalReplyCount': 0, 'isPublic': True}",,UC7kgg35NbY-5wEK6AOdjROQ,2022-10-24T00:27:45Z,"A prisão arbitrária de comum, vai virar um circo para a imprensa, para a PF e Partidos políticos. 
Eu repudio o oportunismo. 
Deus é justo, eu creio.",QURTSl9pM2xHNFhSVktJUklTT3Q1eV8tZVVhZ0pNQTF2eERTZkNzTkkxcTBBOGZkcGs1NHJ4NUJNYlN1VTE3YnkzOEV6TTVDU3E4OGxFYw==,2023-06-08 14:52:36.492671
youtube#commentThread,zx0BkhGwBJXRkyZPgF0JUsJZ43w,UgxUl6VgHvOHOOdZCQh4AaABAg,"{'videoId': 'zEfTDpfyt1o', 'topLevelComment': {'kind': 'youtube#comment', 'etag': 'QIZkyK-xCv3ipR4_J0UsBkqVRz4', 'id': 'UgxUl6VgHvOHOOdZCQh4AaABAg', 'snippet': {'videoId': 'zEfTDpfyt1o', 'textDisplay': 'Oi meu amigo boa noite vocês só vão se respeitado quando vocês agirem da maneira correta', 'textOriginal': 'Oi meu amigo boa noite vocês só vão se respeitado quando vocês agirem da maneira correta', 'authorDisplayName': 'Claudio De Souza', 'authorProfileImageUrl': 'https://yt3.ggpht.com/ytc/AGIKgqMOC7DbdJ71gWIEHUIAfvQbW262h6C81emEDg=s48-c-k-c0x00ffffff-no-rj', 'authorChannelUrl': 'http://www.youtube.com/channel/UCLUh9qPPUigX3aKGH8WEyBQ', 'authorChannelId': {'value': 'UCLUh9qPPUigX3aKGH8WEyBQ'}, 'canRate': True, 'viewerRating': 'none', 'likeCount': 0, 'publishedAt': '2022-10-24T00:26:35Z', 'updatedAt': '2022-10-24T00:26:35Z'}}, 'canReply': True, 'totalReplyCount': 0, 'isPublic': True}",,UCLUh9qPPUigX3aKGH8WEyBQ,2022-10-24T00:26:35Z,Oi meu amigo boa noite vocês só vão se respeitado quando vocês agirem da maneira correta,QURTSl9pM2xHNFhSVktJUklTT3Q1eV8tZVVhZ0pNQTF2eERTZkNzTkkxcTBBOGZkcGs1NHJ4NUJNYlN1VTE3YnkzOEV6TTVDU3E4OGxFYw==,2023-06-08 14:52:36.492671
youtube#commentThread,sW9iqk-jR7YMeAe3mB6cgsWdQIc,Ugy21EENAwSnMlFyHMV4AaABAg,"{'videoId': 'zEfTDpfyt1o', 'topLevelComment': {'kind': 'youtube#comment', 'etag': '5FOwCocQsflB3Qok_dkVQQuGWXc', 'id': 'Ugy21EENAwSnMlFyHMV4AaABAg', 'snippet': {'videoId': 'zEfTDpfyt1o', 'textDisplay': 'Luladrao na prisão perpétua', 'textOriginal': 'Luladrao na prisão perpétua', 'authorDisplayName': 'Cláudio Almeida', 'authorProfileImageUrl': 'https://yt3.ggpht.com/ytc/AGIKgqM6p-rbUkssEcxbNy4B8oGuYxPJYyX2fBGrjg=s48-c-k-c0x00ffffff-no-rj', 'authorChannelUrl': 'http://www.youtube.com/channel/UCagOFMg7V9lbFaIBTLISNRw', 'authorChannelId': {'value': 'UCagOFMg7V9lbFaIBTLISNRw'}, 'canRate': True, 'viewerRating': 'none', 'likeCount': 1, 'publishedAt': '2022-10-24T00:26:06Z', 'updatedAt': '2022-10-24T00:26:06Z'}}, 'canReply': True, 'totalReplyCount': 0, 'isPublic': True}",,UCagOFMg7V9lbFaIBTLISNRw,2022-10-24T00:26:06Z,Luladrao na prisão perpétua,QURTSl9pM2xHNFhSVktJUklTT3Q1eV8tZVVhZ0pNQTF2eERTZkNzTkkxcTBBOGZkcGs1NHJ4NUJNYlN1VTE3YnkzOEV6TTVDU3E4OGxFYw==,2023-06-08 14:52:36.492671
youtube#commentThread,J-Kl_aCqI1fHrzIp4aWZOMxOor0,UgxdHQP9cmwFfzf7a0p4AaABAg,"{'videoId': 'zEfTDpfyt1o', 'topLevelComment': {'kind': 'youtube#comment', 'etag': 'o7Dqk4F0z7PJp-lRsvaoWQ59l2g', 'id': 'UgxdHQP9cmwFfzf7a0p4AaABAg', 'snippet': {'videoId': 'zEfTDpfyt1o', 'textDisplay': 'quem é o culpado se os ministros do STF presidente do senado só faz cagadas o que esperar do povo', 'textOriginal': 'quem é o culpado se os ministros do STF presidente do senado só faz cagadas o que esperar do povo', 'authorDisplayName': 'Gildanio Marques da Silva', 'authorProfileImageUrl': 'https://yt3.ggpht.com/ytc/AGIKgqP5Oi318ssn2M0KOUBxqFovABtX2GFzzQ7vhcbnXIQb1idGgUyrh0-1lmFUZaE7=s48-c-k-c0x00ffffff-no-rj', 'authorChannelUrl': 'http://www.youtube.com/channel/UCGH-qxkiLBmNu9ogpxA8xlQ', 'authorChannelId': {'value': 'UCGH-qxkiLBmNu9ogpxA8xlQ'}, 'canRate': True, 'viewerRating': 'none', 'likeCount': 1, 'publishedAt': '2022-10-24T00:26:00Z', 'updatedAt': '2022-10-24T00:26:00Z'}}, 'canReply': True, 'totalReplyCount': 0, 'isPublic': True}",,UCGH-qxkiLBmNu9ogpxA8xlQ,2022-10-24T00:26:00Z,quem é o culpado se os ministros do STF presidente do senado só faz cagadas o que esperar do povo,QURTSl9pM2xHNFhSVktJUklTT3Q1eV8tZVVhZ0pNQTF2eERTZkNzTkkxcTBBOGZkcGs1NHJ4NUJNYlN1VTE3YnkzOEV6TTVDU3E4OGxFYw==,2023-06-08 14:52:36.492671
youtube#commentThread,4BAPLYCta2bQy-PlpdgnIOll1XQ,UgyInJ0PrxNjmXunniJ4AaABAg,"{'videoId': 'zEfTDpfyt1o', 'topLevelComment': {'kind': 'youtube#comment', 'etag': 'scbet5Geg8hEZkEgwQloJxiJwEU', 'id': 'UgyInJ0PrxNjmXunniJ4AaABAg', 'snippet': {'videoId': 'zEfTDpfyt1o', 'textDisplay': 'gente os políticos passa mais o nosso Brasil permanece', 'textOriginal': 'gente os políticos passa mais o nosso Brasil permanece', 'authorDisplayName': 'Ivan Alves Feitoza', 'authorProfileImageUrl': 'https://yt3.ggpht.com/ytc/AGIKgqOUcR_ijVcjA7B6LIL3SlejSSmSbH-I1IvvSKOr-ZA59Cr9GXqN9eiP56YqeU7A=s48-c-k-c0x00ffffff-no-rj', 'authorChannelUrl': 'http://www.youtube.com/channel/UCbQ3ca0PPkPh-_XX6PbQNbw', 'authorChannelId': {'value': 'UCbQ3ca0PPkPh-_XX6PbQNbw'}, 'canRate': True, 'viewerRating': 'none', 'likeCount': 0, 'publishedAt': '2022-10-24T00:25:50Z', 'updatedAt': '2022-10-24T00:25:50Z'}}, 'canReply': True, 'totalReplyCount': 0, 'isPublic': True}",,UCbQ3ca0PPkPh-_XX6PbQNbw,2022-10-24T00:25:50Z,gente os políticos passa mais o nosso Brasil permanece,QURTSl9pM2xHNFhSVktJUklTT3Q1eV8tZVVhZ0pNQTF2eERTZkNzTkkxcTBBOGZkcGs1NHJ4NUJNYlN1VTE3YnkzOEV6TTVDU3E4OGxFYw==,2023-06-08 14:52:36.492671
youtube#commentThread,THpaIRGIGNHZsBeBIG8Osup96xw,UgzECU6O4KAXuZRhZhR4AaABAg,"{'videoId': 'zEfTDpfyt1o', 'topLevelComment': {'kind': 'youtube#comment', 'etag': 'hAiMaznI1qVod7GTbK7ggbDJSPI', 'id': 'UgzECU6O4KAXuZRhZhR4AaABAg', 'snippet': {'videoId': 'zEfTDpfyt1o', 'textDisplay': 'José Maria: Mas o PT... Lamentável!', 'textOriginal': 'José Maria: Mas o PT... Lamentável!', 'authorDisplayName': 'Wanderson Soares', 'authorProfileImageUrl': 'https://yt3.ggpht.com/ytc/AGIKgqMCjKIGV2NYkAyoKrdLV5Iou-nxEUowne79dw=s48-c-k-c0x00ffffff-no-rj', 'authorChannelUrl': 'http://www.youtube.com/channel/UCChOmCvYoBFG1DvlZXJQ9MA', 'authorChannelId': {'value': 'UCChOmCvYoBFG1DvlZXJQ9MA'}, 'canRate': True, 'viewerRating': 'none', 'likeCount': 1, 'publishedAt': '2022-10-24T00:25:45Z', 'updatedAt': '2022-10-24T00:25:45Z'}}, 'canReply': True, 'totalReplyCount': 0, 'isPublic': True}",,UCChOmCvYoBFG1DvlZXJQ9MA,2022-10-24T00:25:45Z,José Maria: Mas o PT... Lamentável!,QURTSl9pM2xHNFhSVktJUklTT3Q1eV8tZVVhZ0pNQTF2eERTZkNzTkkxcTBBOGZkcGs1NHJ4NUJNYlN1VTE3YnkzOEV6TTVDU3E4OGxFYw==,2023-06-08 14:52:36.492671
youtube#commentThread,qT1busD9RRRNdjoAI69hk5dCTfQ,UgxkfN2E4GIDjVgkElJ4AaABAg,"{'videoId': 'zEfTDpfyt1o', 'topLevelComment': {'kind': 'youtube#comment', 'etag': 'iXXP2oIEJnVnVF6FOWb-y6-7mS8', 'id': 'UgxkfN2E4GIDjVgkElJ4AaABAg', 'snippet': {'videoId': 'zEfTDpfyt1o', 'textDisplay': 'Não justificando a agressão, mas apenas constatando tragédia anunciada. Onde a &quot;imprensa&quot; acha que a proteção, defesa e soltura dos maiores BANDIDOS do país vai acabar? Incluindo nesse balaio decisões esdruxulas de verdadeiros mafiosos do STF. Não duvidem que isso vá piorar.', 'textOriginal': 'Não justificando a agressão, mas apenas constatando tragédia anunciada. Onde a ""imprensa"" acha que a proteção, defesa e soltura dos maiores BANDIDOS do país vai acabar? Incluindo nesse balaio decisões esdruxulas de verdadeiros mafiosos do STF. Não duvidem que isso vá piorar.', 'authorDisplayName': 'Quico Lima', 'authorProfileImageUrl': 'https://yt3.ggpht.com/ytc/AGIKgqMUJjp0vfgvXXsTrWNZfVrwv8CLVKyIZCzHHw=s48-c-k-c0x00ffffff-no-rj', 'authorChannelUrl': 'http://www.youtube.com/channel/UCrvQJ9p5awZ8C4jEpMvGTYw', 'authorChannelId': {'value': 'UCrvQJ9p5awZ8C4jEpMvGTYw'}, 'canRate': True, 'viewerRating': 'none', 'likeCount': 0, 'publishedAt': '2022-10-24T00:25:36Z', 'updatedAt': '2022-10-24T00:25:36Z'}}, 'canReply': True, 'totalReplyCount': 0, 'isPublic': True}",,UCrvQJ9p5awZ8C4jEpMvGTYw,2022-10-24T00:25:36Z,"Não justificando a agressão, mas apenas constatando tragédia anunciada. Onde a ""imprensa"" acha que a proteção, defesa e soltura dos maiores BANDIDOS do país vai acabar? Incluindo nesse balaio decisões esdruxulas de verdadeiros mafiosos do STF. Não duvidem que isso vá piorar.",QURTSl9pM2xHNFhSVktJUklTT3Q1eV8tZVVhZ0pNQTF2eERTZkNzTkkxcTBBOGZkcGs1NHJ4NUJNYlN1VTE3YnkzOEV6TTVDU3E4OGxFYw==,2023-06-08 14:52:36.492671
youtube#commentThread,SuY9YSsqpuGHW3dXmJLs-p6-l2s,Ugwj2gf4oHfMHFuHLuB4AaABAg,"{'videoId': 'zEfTDpfyt1o', 'topLevelComment': {'kind': 'youtube#comment', 'etag': 'D5wYleDJeFlzdq2AubB5mrKmYWs', 'id': 'Ugwj2gf4oHfMHFuHLuB4AaABAg', 'snippet': {'videoId': 'zEfTDpfyt1o', 'textDisplay': 'O nosso presidente fez, certo, nós não podemos desrespeitar os nossos profissionais da segurança,, tudo nesta vida têm gue ter diálogo, então o presidente agiu correto, todo cidadão brasileiro, não pode agir por impulso ou no calor da emoção, porque então, vai perder o direito de liberdade, então,o ex deputado, perde a razão, guando agi com essa agressividade, porgue aí ele coloca até a vida de outros em risco, então o presidente agui, corretamente,e ainda pediu pra uma outra autoridade ir lá pra trazer uma solução pacífica, o meu voto é sim para o presidente gue acabou de ganhar o voto de toda a minha casa 🏡 e família,por ter agido em favor das polícias, porgue eles também é um trabalhador e merece o nosso respeito, pode ser bandido ou não , temos sim 🙏 gue ter limites e não fazer isso contra gualguer outro cidadão brasileiro, então, espero gue a família desse deputado busgue forças em Deus 🙏 e gue tudo seja resolvido com muita paz', 'textOriginal': 'O nosso presidente fez, certo, nós não podemos desrespeitar os nossos profissionais da segurança,, tudo nesta vida têm gue ter diálogo, então o presidente agiu correto, todo cidadão brasileiro, não pode agir por impulso ou no calor da emoção, porque então, vai perder o direito de liberdade, então,o ex deputado, perde a razão, guando agi com essa agressividade, porgue aí ele coloca até a vida de outros em risco, então o presidente agui, corretamente,e ainda pediu pra uma outra autoridade ir lá pra trazer uma solução pacífica, o meu voto é sim para o presidente gue acabou de ganhar o voto de toda a minha casa 🏡 e família,por ter agido em favor das polícias, porgue eles também é um trabalhador e merece o nosso respeito, pode ser bandido ou não , temos sim 🙏 gue ter limites e não fazer isso contra gualguer outro cidadão brasileiro, então, espero gue a família desse deputado busgue forças em Deus 🙏 e gue tudo seja resolvido com muita paz', 'authorDisplayName': 'Maria Jose', 'authorProfileImageUrl': 'https://yt3.ggpht.com/ytc/AGIKgqPBqdThAuCJdrlVa32vdw0eJ1k-r7euU97ONGVliuMUl58EjLGI_ddm7HJAGesk=s48-c-k-c0x00ffffff-no-rj', 'authorChannelUrl': 'http://www.youtube.com/channel/UCTW5u0BZ4KX3d6zPT-xvvVg', 'authorChannelId': {'value': 'UCTW5u0BZ4KX3d6zPT-xvvVg'}, 'canRate': True, 'viewerRating': 'none', 'likeCount': 0, 'publishedAt': '2022-10-24T00:25:34Z', 'updatedAt': '2022-10-24T00:25:34Z'}}, 'canReply': True, 'totalReplyCount': 0, 'isPublic': True}",,UCTW5u0BZ4KX3d6zPT-xvvVg,2022-10-24T00:25:34Z,"O nosso presidente fez, certo, nós não podemos desrespeitar os nossos profissionais da segurança,, tudo nesta vida têm gue ter diálogo, então o presidente agiu correto, todo cidadão brasileiro, não pode agir por impulso ou no calor da emoção, porque então, vai perder o direito de liberdade, então,o ex deputado, perde a razão, guando agi com essa agressividade, porgue aí ele coloca até a vida de outros em risco, então o presidente agui, corretamente,e ainda pediu pra uma outra autoridade ir lá pra trazer uma solução pacífica, o meu voto é sim para o presidente gue acabou de ganhar o voto de toda a minha casa 🏡 e família,por ter agido em favor das polícias, porgue eles também é um trabalhador e merece o nosso respeito, pode ser bandido ou não , temos sim 🙏 gue ter limites e não fazer isso contra gualguer outro cidadão brasileiro, então, espero gue a família desse deputado busgue forças em Deus 🙏 e gue tudo seja resolvido com muita paz",QURTSl9pM2xHNFhSVktJUklTT3Q1eV8tZVVhZ0pNQTF2eERTZkNzTkkxcTBBOGZkcGs1NHJ4NUJNYlN1VTE3YnkzOEV6TTVDU3E4OGxFYw==,2023-06-08 14:52:36.492671
youtube#commentThread,tR8taP7xvUqvjfYZ4UvUokkLswo,UgxxnorWZEicLlEbCAR4AaABAg,"{'videoId': 'zEfTDpfyt1o', 'topLevelComment': {'kind': 'youtube#comment', 'etag': '3ToGlnukT4oTHyJy31fxzRFLEkw', 'id': 'UgxxnorWZEicLlEbCAR4AaABAg', 'snippet': {'videoId': 'zEfTDpfyt1o', 'textDisplay': 'SE BOLSONARO CONTINUAR NO PODER ESTAREMOS PERDIDOS COM OS BOLSONARISTAS.', 'textOriginal': 'SE BOLSONARO CONTINUAR NO PODER ESTAREMOS PERDIDOS COM OS BOLSONARISTAS.', 'authorDisplayName': 'Mensageiro lá do Alto', 'authorProfileImageUrl': 'https://yt3.ggpht.com/ytc/AGIKgqNDLReNcHBBVhlY7tTOTStR4d4cbuMakeDMtWz3=s48-c-k-c0x00ffffff-no-rj', 'authorChannelUrl': 'http://www.youtube.com/channel/UCvgcIejZIX46bN3mK9QPkfw', 'authorChannelId': {'value': 'UCvgcIejZIX46bN3mK9QPkfw'}, 'canRate': True, 'viewerRating': 'none', 'likeCount': 0, 'publishedAt': '2022-10-24T00:23:35Z', 'updatedAt': '2022-10-24T00:23:35Z'}}, 'canReply': True, 'totalReplyCount': 0, 'isPublic': True}",,UCvgcIejZIX46bN3mK9QPkfw,2022-10-24T00:23:35Z,SE BOLSONARO CONTINUAR NO PODER ESTAREMOS PERDIDOS COM OS BOLSONARISTAS.,QURTSl9pM2xHNFhSVktJUklTT3Q1eV8tZVVhZ0pNQTF2eERTZkNzTkkxcTBBOGZkcGs1NHJ4NUJNYlN1VTE3YnkzOEV6TTVDU3E4OGxFYw==,2023-06-08 14:52:36.492671
youtube#commentThread,QW2s76Mv1AFstlG_oucZlITXKZs,Ugz1YSSBlmEDkfjFDmN4AaABAg,"{'videoId': 'zEfTDpfyt1o', 'topLevelComment': {'kind': 'youtube#comment', 'etag': 'RJan5Om5X8lpGHlCbL2OiA_z5rA', 'id': 'Ugz1YSSBlmEDkfjFDmN4AaABAg', 'snippet': {'videoId': 'zEfTDpfyt1o', 'textDisplay': 'Idolatria da nisso ...Idolatria de tolo ....a mesma coisa com os bolsonarista e etc', 'textOriginal': 'Idolatria da nisso ...Idolatria de tolo ....a mesma coisa com os bolsonarista e etc', 'authorDisplayName': 'Diego Neri', 'authorProfileImageUrl': 'https://yt3.ggpht.com/ytc/AGIKgqNHziKnIr8BkPXbKp8fnVYXTs8j8lA5ZYCYXQ=s48-c-k-c0x00ffffff-no-rj', 'authorChannelUrl': 'http://www.youtube.com/channel/UC82rha4W0Y1bZxMsiFrpdtg', 'authorChannelId': {'value': 'UC82rha4W0Y1bZxMsiFrpdtg'}, 'canRate': True, 'viewerRating': 'none', 'likeCount': 0, 'publishedAt': '2022-10-24T00:23:31Z', 'updatedAt': '2022-10-24T00:23:31Z'}}, 'canReply': True, 'totalReplyCount': 0, 'isPublic': True}",,UC82rha4W0Y1bZxMsiFrpdtg,2022-10-24T00:23:31Z,Idolatria da nisso ...Idolatria de tolo ....a mesma coisa com os bolsonarista e etc,QURTSl9pM2xHNFhSVktJUklTT3Q1eV8tZVVhZ0pNQTF2eERTZkNzTkkxcTBBOGZkcGs1NHJ4NUJNYlN1VTE3YnkzOEV6TTVDU3E4OGxFYw==,2023-06-08 14:52:36.492671
youtube#commentThread,ZnmfTsTH8rWJW71axau3YFbbHAY,UgwjFd0BogBLnjJGm194AaABAg,"{'videoId': 'zEfTDpfyt1o', 'topLevelComment': {'kind': 'youtube#comment', 'etag': 'hvgoyX7iPBqk7nGUKk896A3Oifc', 'id': 'UgwjFd0BogBLnjJGm194AaABAg', 'snippet': {'videoId': 'zEfTDpfyt1o', 'textDisplay': 'Não sou a favor de violência mais em se tratando da Globolixo o povo não aguenta mais tanta mentiras, tanta canalhice. De que democracia o senhor está falando, Globolixo sabe o que e democracia?', 'textOriginal': 'Não sou a favor de violência mais em se tratando da Globolixo o povo não aguenta mais tanta mentiras, tanta canalhice. De que democracia o senhor está falando, Globolixo sabe o que e democracia?', 'authorDisplayName': 'Tereza Angela', 'authorProfileImageUrl': 'https://yt3.ggpht.com/ytc/AGIKgqNsQyWnkrhtjxiW8esmfxecxNcOcmeXQ0DKAw=s48-c-k-c0x00ffffff-no-rj', 'authorChannelUrl': 'http://www.youtube.com/channel/UC5V84dVldnXVCVEi7T5rqLw', 'authorChannelId': {'value': 'UC5V84dVldnXVCVEi7T5rqLw'}, 'canRate': True, 'viewerRating': 'none', 'likeCount': 0, 'publishedAt': '2022-10-24T00:23:29Z', 'updatedAt': '2022-10-24T00:23:29Z'}}, 'canReply': True, 'totalReplyCount': 0, 'isPublic': True}",,UC5V84dVldnXVCVEi7T5rqLw,2022-10-24T00:23:29Z,"Não sou a favor de violência mais em se tratando da Globolixo o povo não aguenta mais tanta mentiras, tanta canalhice. De que democracia o senhor está falando, Globolixo sabe o que e democracia?",QURTSl9pM2xHNFhSVktJUklTT3Q1eV8tZVVhZ0pNQTF2eERTZkNzTkkxcTBBOGZkcGs1NHJ4NUJNYlN1VTE3YnkzOEV6TTVDU3E4OGxFYw==,2023-06-08 14:52:36.492671
youtube#commentThread,7tSP7Q7R0qLaavAMfZVzCN0A388,UgxlIbAnMV7j-goXEld4AaABAg,"{'videoId': 'zEfTDpfyt1o', 'topLevelComment': {'kind': 'youtube#comment', 'etag': 'qjp3vXKOaHHJ7BJsa3cSLkR8-mQ', 'id': 'UgxlIbAnMV7j-goXEld4AaABAg', 'snippet': {'videoId': 'zEfTDpfyt1o', 'textDisplay': 'Estas atitudes infelizmente são fomentadas pela emissora que ele presta serviço, as pessoas não suportam mais globolixo.', 'textOriginal': 'Estas atitudes infelizmente são fomentadas pela emissora que ele presta serviço, as pessoas não suportam mais globolixo.', 'authorDisplayName': 'Ademir Vilas Boas', 'authorProfileImageUrl': 'https://yt3.ggpht.com/ytc/AGIKgqOfMH7TECpOU4Hwv8kele_kN9miUHTqh-8AZw=s48-c-k-c0x00ffffff-no-rj', 'authorChannelUrl': 'http://www.youtube.com/channel/UCbVN_533Arfz2DqFgIFWhJw', 'authorChannelId': {'value': 'UCbVN_533Arfz2DqFgIFWhJw'}, 'canRate': True, 'viewerRating': 'none', 'likeCount': 1, 'publishedAt': '2022-10-24T00:23:27Z', 'updatedAt': '2022-10-24T00:23:27Z'}}, 'canReply': True, 'totalReplyCount': 0, 'isPublic': True}",,UCbVN_533Arfz2DqFgIFWhJw,2022-10-24T00:23:27Z,"Estas atitudes infelizmente são fomentadas pela emissora que ele presta serviço, as pessoas não suportam mais globolixo.",QURTSl9pM2xHNFhSVktJUklTT3Q1eV8tZVVhZ0pNQTF2eERTZkNzTkkxcTBBOGZkcGs1NHJ4NUJNYlN1VTE3YnkzOEV6TTVDU3E4OGxFYw==,2023-06-08 14:52:36.492671
youtube#commentThread,X87pUiOqqWC1KXbmECl0e06wgkQ,UgxZkc8q6tjpu3M9vgN4AaABAg,"{'videoId': 'zEfTDpfyt1o', 'topLevelComment': {'kind': 'youtube#comment', 'etag': 'CJUL03Bbp0NItTTyW0ObTi0_njo', 'id': 'UgxZkc8q6tjpu3M9vgN4AaABAg', 'snippet': {'videoId': 'zEfTDpfyt1o', 'textDisplay': 'Tadinho....', 'textOriginal': 'Tadinho....', 'authorDisplayName': 'Joao Carlos Gomes Corrêa', 'authorProfileImageUrl': 'https://yt3.ggpht.com/ytc/AGIKgqP9SACYILLSbPs8ZFSvr_7_sIyuDLOO2w78-A=s48-c-k-c0x00ffffff-no-rj', 'authorChannelUrl': 'http://www.youtube.com/channel/UCa04TUn_0g0daEvAqYUJRlw', 'authorChannelId': {'value': 'UCa04TUn_0g0daEvAqYUJRlw'}, 'canRate': True, 'viewerRating': 'none', 'likeCount': 0, 'publishedAt': '2022-10-24T00:22:12Z', 'updatedAt': '2022-10-24T00:22:12Z'}}, 'canReply': True, 'totalReplyCount': 0, 'isPublic': True}",,UCa04TUn_0g0daEvAqYUJRlw,2022-10-24T00:22:12Z,Tadinho....,QURTSl9pM2xHNFhSVktJUklTT3Q1eV8tZVVhZ0pNQTF2eERTZkNzTkkxcTBBOGZkcGs1NHJ4NUJNYlN1VTE3YnkzOEV6TTVDU3E4OGxFYw==,2023-06-08 14:52:36.492671
youtube#commentThread,a00mI51PI30HubFY3btcbnGPu3M,UgySkCpwLoCj5zQhXu14AaABAg,"{'videoId': 'zEfTDpfyt1o', 'topLevelComment': {'kind': 'youtube#comment', 'etag': 'ciOsBDZpw9mQ-8ZrnsCTQar9G2E', 'id': 'UgySkCpwLoCj5zQhXu14AaABAg', 'snippet': {'videoId': 'zEfTDpfyt1o', 'textDisplay': 'Apoiadores de Roberto Jeferson, Jovem Pan? Tem certeza?', 'textOriginal': 'Apoiadores de Roberto Jeferson, Jovem Pan? Tem certeza?', 'authorDisplayName': 'samuel lima', 'authorProfileImageUrl': 'https://yt3.ggpht.com/ytc/AGIKgqP50DoHSUOolmPSCRH1f4x0is3HRieI-_r7tA=s48-c-k-c0x00ffffff-no-rj', 'authorChannelUrl': 'http://www.youtube.com/channel/UCHrzTFlz5oeJ2Vwjh8LnHdw', 'authorChannelId': {'value': 'UCHrzTFlz5oeJ2Vwjh8LnHdw'}, 'canRate': True, 'viewerRating': 'none', 'likeCount': 0, 'publishedAt': '2022-10-24T00:21:40Z', 'updatedAt': '2022-10-24T00:21:40Z'}}, 'canReply': True, 'totalReplyCount': 0, 'isPublic': True}",,UCHrzTFlz5oeJ2Vwjh8LnHdw,2022-10-24T00:21:40Z,"Apoiadores de Roberto Jeferson, Jovem Pan? Tem certeza?",QURTSl9pM2xHNFhSVktJUklTT3Q1eV8tZVVhZ0pNQTF2eERTZkNzTkkxcTBBOGZkcGs1NHJ4NUJNYlN1VTE3YnkzOEV6TTVDU3E4OGxFYw==,2023-06-08 14:52:36.492671
youtube#commentThread,3G3DkxpocjCXRCkbVb5-j_gXqxo,UgwACBkli8pAzEm-L3V4AaABAg,"{'videoId': 'zEfTDpfyt1o', 'topLevelComment': {'kind': 'youtube#comment', 'etag': 'DiHptlEjtBzyysP4n1lq_AiZ5-I', 'id': 'UgwACBkli8pAzEm-L3V4AaABAg', 'snippet': {'videoId': 'zEfTDpfyt1o', 'textDisplay': 'Que triste! 😓', 'textOriginal': 'Que triste! 😓', 'authorDisplayName': 'Luciana Amaral', 'authorProfileImageUrl': 'https://yt3.ggpht.com/ytc/AGIKgqNyK9SoG3dm1c7ioJg-Iht8a4JriGgwAtq8d8h09w=s48-c-k-c0x00ffffff-no-rj', 'authorChannelUrl': 'http://www.youtube.com/channel/UCgwkiHRL46Z1rwXQSqyftvA', 'authorChannelId': {'value': 'UCgwkiHRL46Z1rwXQSqyftvA'}, 'canRate': True, 'viewerRating': 'none', 'likeCount': 0, 'publishedAt': '2022-10-24T00:21:37Z', 'updatedAt': '2022-10-24T00:21:37Z'}}, 'canReply': True, 'totalReplyCount': 0, 'isPublic': True}",,UCgwkiHRL46Z1rwXQSqyftvA,2022-10-24T00:21:37Z,Que triste! 😓,QURTSl9pM2xHNFhSVktJUklTT3Q1eV8tZVVhZ0pNQTF2eERTZkNzTkkxcTBBOGZkcGs1NHJ4NUJNYlN1VTE3YnkzOEV6TTVDU3E4OGxFYw==,2023-06-08 14:52:36.492671
youtube#commentThread,zsYV4rxhP3S2NSiU2cSwz-Ix9fE,Ugy4fYq42L6ZDQGcxvR4AaABAg,"{'videoId': 'zEfTDpfyt1o', 'topLevelComment': {'kind': 'youtube#comment', 'etag': 'UwI2pUQXNHTkbwHzLuhW8-im8aM', 'id': 'Ugy4fYq42L6ZDQGcxvR4AaABAg', 'snippet': {'videoId': 'zEfTDpfyt1o', 'textDisplay': 'Misericórdia violência não é permitido. . A liberdade não pode ser.confundida com.libertinagem.', 'textOriginal': 'Misericórdia violência não é permitido. . A liberdade não pode ser.confundida com.libertinagem.', 'authorDisplayName': 'Daise Aparecida', 'authorProfileImageUrl': 'https://yt3.ggpht.com/ytc/AGIKgqPP5HRCmBZY2VQsZGIgB-Bns0aieVgPPvKISeAiFw=s48-c-k-c0x00ffffff-no-rj', 'authorChannelUrl': 'http://www.youtube.com/channel/UC2Ank77LU23x7dg281KsPnw', 'authorChannelId': {'value': 'UC2Ank77LU23x7dg281KsPnw'}, 'canRate': True, 'viewerRating': 'none', 'likeCount': 0, 'publishedAt': '2022-10-24T00:20:46Z', 'updatedAt': '2022-10-24T00:20:46Z'}}, 'canReply': True, 'totalReplyCount': 0, 'isPublic': True}",,UC2Ank77LU23x7dg281KsPnw,2022-10-24T00:20:46Z,Misericórdia violência não é permitido. . A liberdade não pode ser.confundida com.libertinagem.,QURTSl9pM2xHNFhSVktJUklTT3Q1eV8tZVVhZ0pNQTF2eERTZkNzTkkxcTBBOGZkcGs1NHJ4NUJNYlN1VTE3YnkzOEV6TTVDU3E4OGxFYw==,2023-06-08 14:52:36.492671
youtube#commentThread,yRL1kpeuWknlKXL_QD6W7_smrcw,Ugy8tFGWjUOj4NoFDIl4AaABAg,"{'videoId': 'zEfTDpfyt1o', 'topLevelComment': {'kind': 'youtube#comment', 'etag': 'wFPtwmgxI3XA6fo_DGkdBxlTzkE', 'id': 'Ugy8tFGWjUOj4NoFDIl4AaABAg', 'snippet': {'videoId': 'zEfTDpfyt1o', 'textDisplay': 'Qualquer tipo de agressão não é vista com bons olhos, não é bem visto esse tipo de abuso agressivo.', 'textOriginal': 'Qualquer tipo de agressão não é vista com bons olhos, não é bem visto esse tipo de abuso agressivo.', 'authorDisplayName': 'Sebastião Neris', 'authorProfileImageUrl': 'https://yt3.ggpht.com/ytc/AGIKgqMHVJeBWxX67g3x2Rvu9ey2ouSstji1PSNJG5WAlg=s48-c-k-c0x00ffffff-no-rj', 'authorChannelUrl': 'http://www.youtube.com/channel/UCfdafP8wT3MkIjjhAM7YcHg', 'authorChannelId': {'value': 'UCfdafP8wT3MkIjjhAM7YcHg'}, 'canRate': True, 'viewerRating': 'none', 'likeCount': 0, 'publishedAt': '2022-10-24T00:20:40Z', 'updatedAt': '2022-10-24T00:24:06Z'}}, 'canReply': True, 'totalReplyCount': 2, 'isPublic': True}","{'comments': [{'kind': 'youtube#comment', 'etag': '6rntrb5HjiUSyxNJ246vwL4Kv9o', 'id': 'Ugy8tFGWjUOj4NoFDIl4AaABAg.9hYNiXDbix-9hYmcc3ltQf', 'snippet': {'videoId': 'zEfTDpfyt1o', 'textDisplay': 'É a mais pura verdade... atravessando umas das ruas de minha cidade... alguém do nada, falou alguma coisa agressiva para<br> mim! Não sei oq aconteceu! Mas no mesmo instante, devolvi em dobro, fiquei mal maís aconteceu, então eu compreendo isso sabe...', 'textOriginal': 'É a mais pura verdade... atravessando umas das ruas de minha cidade... alguém do nada, falou alguma coisa agressiva para\\n mim! Não sei oq aconteceu! Mas no mesmo instante, devolvi em dobro, fiquei mal maís aconteceu, então eu compreendo isso sabe...', 'parentId': 'Ugy8tFGWjUOj4NoFDIl4AaABAg', 'authorDisplayName': 'Sebastião Neris', 'authorProfileImageUrl': 'https://yt3.ggpht.com/ytc/AGIKgqMHVJeBWxX67g3x2Rvu9ey2ouSstji1PSNJG5WAlg=s48-c-k-c0x00ffffff-no-rj', 'authorChannelUrl': 'http://www.youtube.com/channel/UCfdafP8wT3MkIjjhAM7YcHg', 'authorChannelId': {'value': 'UCfdafP8wT3MkIjjhAM7YcHg'}, 'canRate': True, 'viewerRating': 'none', 'likeCount': 0, 'publishedAt': '2022-10-24T04:07:03Z', 'updatedAt': '2022-10-24T04:07:03Z'}}, {'kind': 'youtube#comment', 'etag': 'exTHn5hhEdzUgW_fZJco-ZWhjSE', 'id': 'Ugy8tFGWjUOj4NoFDIl4AaABAg.9hYNiXDbix-9hYhRlqqcEw', 'snippet': {'videoId': 'zEfTDpfyt1o', 'textDisplay': 'De um ponto em diante  as vítimas começam a reagir....não se surpreendam..', 'textOriginal': 'De um ponto em diante  as vítimas começam a reagir....não se surpreendam..', 'parentId': 'Ugy8tFGWjUOj4NoFDIl4AaABAg', 'authorDisplayName': 'Tiburcio Nascimento', 'authorProfileImageUrl': 'https://yt3.ggpht.com/ytc/AGIKgqPYJ16XbloZp1nRif2q9UiINjE9b3aLcJFllVpYZmGF8L32gAvFuJ_fm0H5T6oa=s48-c-k-c0x00ffffff-no-rj', 'authorChannelUrl': 'http://www.youtube.com/channel/UCOpVT2WBtvOTmNgRgNreY3Q', 'authorChannelId': {'value': 'UCOpVT2WBtvOTmNgRgNreY3Q'}, 'canRate': True, 'viewerRating': 'none', 'likeCount': 0, 'publishedAt': '2022-10-24T03:21:44Z', 'updatedAt': '2022-10-24T03:21:44Z'}}]}",UCfdafP8wT3MkIjjhAM7YcHg,2022-10-24T00:20:40Z,"Qualquer tipo de agressão não é vista com bons olhos, não é bem visto esse tipo de abuso agressivo.",QURTSl9pM2xHNFhSVktJUklTT3Q1eV8tZVVhZ0pNQTF2eERTZkNzTkkxcTBBOGZkcGs1NHJ4NUJNYlN1VTE3YnkzOEV6TTVDU3E4OGxFYw==,2023-06-08 14:52:36.492671
youtube#commentThread,L9Ai9fUfCB-poI144tbcBnlPym8,UgwcY6WTqGgjOIUyZ-94AaABAg,"{'videoId': 'zEfTDpfyt1o', 'topLevelComment': {'kind': 'youtube#comment', 'etag': 'XBVj8NsB_oZVyR1KoeYSDPo_WJs', 'id': 'UgwcY6WTqGgjOIUyZ-94AaABAg', 'snippet': {'videoId': 'zEfTDpfyt1o', 'textDisplay': 'Disnecessario isso q fizeram com ele ....', 'textOriginal': 'Disnecessario isso q fizeram com ele ....', 'authorDisplayName': 'Maria Do amparo pedrosa', 'authorProfileImageUrl': 'https://yt3.ggpht.com/ytc/AGIKgqO4N1JosMhvoxiqkMe59bT2M9lwSmE_PejA0t3oUifN0-rFD6HU5shVE_Hvppyf=s48-c-k-c0x00ffffff-no-rj', 'authorChannelUrl': 'http://www.youtube.com/channel/UCgaIyeujr_-GsFt5zx8lTRw', 'authorChannelId': {'value': 'UCgaIyeujr_-GsFt5zx8lTRw'}, 'canRate': True, 'viewerRating': 'none', 'likeCount': 0, 'publishedAt': '2022-10-24T00:20:28Z', 'updatedAt': '2022-10-24T00:20:28Z'}}, 'canReply': True, 'totalReplyCount': 0, 'isPublic': True}",,UCgaIyeujr_-GsFt5zx8lTRw,2022-10-24T00:20:28Z,Disnecessario isso q fizeram com ele ....,QURTSl9pM2xHNFhSVktJUklTT3Q1eV8tZVVhZ0pNQTF2eERTZkNzTkkxcTBBOGZkcGs1NHJ4NUJNYlN1VTE3YnkzOEV6TTVDU3E4OGxFYw==,2023-06-08 14:52:36.492671
youtube#commentThread,YrTN4Xqny4s-txEPg21k6J_ESgE,UgyBwZWDqDM-p0NTJ0N4AaABAg,"{'videoId': 'zEfTDpfyt1o', 'topLevelComment': {'kind': 'youtube#comment', 'etag': '1i7bPAhMPOIX9qV1zcm-_chOB4A', 'id': 'UgyBwZWDqDM-p0NTJ0N4AaABAg', 'snippet': {'videoId': 'zEfTDpfyt1o', 'textDisplay': 'Cheirinho de PT nessa palhaçada toda', 'textOriginal': 'Cheirinho de PT nessa palhaçada toda', 'authorDisplayName': 'Sergio Antoniolli', 'authorProfileImageUrl': 'https://yt3.ggpht.com/ytc/AGIKgqMeRJgijXGmQ3dbG2mOHnPTXf0Fq058pLI-Q8L-Kg=s48-c-k-c0x00ffffff-no-rj', 'authorChannelUrl': 'http://www.youtube.com/channel/UCw4xkcD2OSthL-EsFoIDmwQ', 'authorChannelId': {'value': 'UCw4xkcD2OSthL-EsFoIDmwQ'}, 'canRate': True, 'viewerRating': 'none', 'likeCount': 0, 'publishedAt': '2022-10-24T00:20:27Z', 'updatedAt': '2022-10-24T00:20:27Z'}}, 'canReply': True, 'totalReplyCount': 0, 'isPublic': True}",,UCw4xkcD2OSthL-EsFoIDmwQ,2022-10-24T00:20:27Z,Cheirinho de PT nessa palhaçada toda,QURTSl9pM2xHNFhSVktJUklTT3Q1eV8tZVVhZ0pNQTF2eERTZkNzTkkxcTBBOGZkcGs1NHJ4NUJNYlN1VTE3YnkzOEV6TTVDU3E4OGxFYw==,2023-06-08 14:52:36.492671
youtube#commentThread,FteS5p7HNeCIXUNXQufFCSvuf1k,UgxG5p3Md1tUKmTZ-j94AaABAg,"{'videoId': 'zEfTDpfyt1o', 'topLevelComment': {'kind': 'youtube#comment', 'etag': 'EaTFPbUbC46wlEYGLh_qJ7kKpnw', 'id': 'UgxG5p3Md1tUKmTZ-j94AaABAg', 'snippet': {'videoId': 'zEfTDpfyt1o', 'textDisplay': 'Já estou com medo Do resultado dessa eleição, os dois lados tem fanáticos', 'textOriginal': 'Já estou com medo Do resultado dessa eleição, os dois lados tem fanáticos', 'authorDisplayName': 'Miralda Barbosa', 'authorProfileImageUrl': 'https://yt3.ggpht.com/ytc/AGIKgqMNbsw9IkmmW4aFcaI65wc2V94jZDWJluap3Q=s48-c-k-c0x00ffffff-no-rj', 'authorChannelUrl': 'http://www.youtube.com/channel/UCy3MjhKgj4kok9yvLN0DSjQ', 'authorChannelId': {'value': 'UCy3MjhKgj4kok9yvLN0DSjQ'}, 'canRate': True, 'viewerRating': 'none', 'likeCount': 0, 'publishedAt': '2022-10-24T00:19:55Z', 'updatedAt': '2022-10-24T00:19:55Z'}}, 'canReply': True, 'totalReplyCount': 0, 'isPublic': True}",,UCy3MjhKgj4kok9yvLN0DSjQ,2022-10-24T00:19:55Z,"Já estou com medo Do resultado dessa eleição, os dois lados tem fanáticos",QURTSl9pM2xHNFhSVktJUklTT3Q1eV8tZVVhZ0pNQTF2eERTZkNzTkkxcTBBOGZkcGs1NHJ4NUJNYlN1VTE3YnkzOEV6TTVDU3E4OGxFYw==,2023-06-08 14:52:36.492671
youtube#commentThread,BB_oi93b125gWnbsctJAWPNQVRo,UgzoU7wTDC0n2rquiEB4AaABAg,"{'videoId': 'zEfTDpfyt1o', 'topLevelComment': {'kind': 'youtube#comment', 'etag': '9t_kb3-sHACzm65sb-W9QZdkh3I', 'id': 'UgzoU7wTDC0n2rquiEB4AaABAg', 'snippet': {'videoId': 'zEfTDpfyt1o', 'textDisplay': 'Sou eleitor e voto em Bolsonaro e Repúdio totalmente esse tipo de atitude contra qualquer pessoa que seja.', 'textOriginal': 'Sou eleitor e voto em Bolsonaro e Repúdio totalmente esse tipo de atitude contra qualquer pessoa que seja.', 'authorDisplayName': 'Alexandre R. Menezes', 'authorProfileImageUrl': 'https://yt3.ggpht.com/ytc/AGIKgqMWSnUqqbGO1EWPv72I_BTZ9ghz2TRxKmfNIhqOMA=s48-c-k-c0x00ffffff-no-rj', 'authorChannelUrl': 'http://www.youtube.com/channel/UC_K81JD1-uzM2TP0i4tqFvw', 'authorChannelId': {'value': 'UC_K81JD1-uzM2TP0i4tqFvw'}, 'canRate': True, 'viewerRating': 'none', 'likeCount': 0, 'publishedAt': '2022-10-24T00:19:39Z', 'updatedAt': '2022-10-24T00:19:39Z'}}, 'canReply': True, 'totalReplyCount': 0, 'isPublic': True}",,UC_K81JD1-uzM2TP0i4tqFvw,2022-10-24T00:19:39Z,Sou eleitor e voto em Bolsonaro e Repúdio totalmente esse tipo de atitude contra qualquer pessoa que seja.,QURTSl9pM2xHNFhSVktJUklTT3Q1eV8tZVVhZ0pNQTF2eERTZkNzTkkxcTBBOGZkcGs1NHJ4NUJNYlN1VTE3YnkzOEV6TTVDU3E4OGxFYw==,2023-06-08 14:52:36.492671
youtube#commentThread,gHFOKyRadYEB0yGtODo11gU_rpU,UgxZ6sWG6GdLqLWuh3B4AaABAg,"{'videoId': 'zEfTDpfyt1o', 'topLevelComment': {'kind': 'youtube#comment', 'etag': 'Siguh-wzl01awXix3c4LIAvu9EU', 'id': 'UgxZ6sWG6GdLqLWuh3B4AaABAg', 'snippet': {'videoId': 'zEfTDpfyt1o', 'textDisplay': 'Bem que fizeram', 'textOriginal': 'Bem que fizeram', 'authorDisplayName': 'Manoel Cruz', 'authorProfileImageUrl': 'https://yt3.ggpht.com/ytc/AGIKgqOF063ABVIgNrvTg7g8GHLwfN9Ehl0MKlT5u75XNQXdPwIQFD9bDE-IMbZB6Ppw=s48-c-k-c0x00ffffff-no-rj', 'authorChannelUrl': 'http://www.youtube.com/channel/UCWaUxDnbSeK6it6Uu8QmEyw', 'authorChannelId': {'value': 'UCWaUxDnbSeK6it6Uu8QmEyw'}, 'canRate': True, 'viewerRating': 'none', 'likeCount': 0, 'publishedAt': '2022-10-24T00:19:30Z', 'updatedAt': '2022-10-24T00:19:30Z'}}, 'canReply': True, 'totalReplyCount': 0, 'isPublic': True}",,UCWaUxDnbSeK6it6Uu8QmEyw,2022-10-24T00:19:30Z,Bem que fizeram,QURTSl9pM2xHNFhSVktJUklTT3Q1eV8tZVVhZ0pNQTF2eERTZkNzTkkxcTBBOGZkcGs1NHJ4NUJNYlN1VTE3YnkzOEV6TTVDU3E4OGxFYw==,2023-06-08 14:52:36.492671
youtube#commentThread,yKRl2wpMD1P52bV-ptpVavHDthw,Ugw6hvvNkTo2qwBSs_V4AaABAg,"{'videoId': 'zEfTDpfyt1o', 'topLevelComment': {'kind': 'youtube#comment', 'etag': '5ke3OfivaU3wrLuC_XMA2EMMDgs', 'id': 'Ugw6hvvNkTo2qwBSs_V4AaABAg', 'snippet': {'videoId': 'zEfTDpfyt1o', 'textDisplay': 'Quem tá em Pânico é caramelo', 'textOriginal': 'Quem tá em Pânico é caramelo', 'authorDisplayName': 'Joseph Lui', 'authorProfileImageUrl': 'https://yt3.ggpht.com/ytc/AGIKgqPe_tbMo0iZDmoYIHO-6O1VrF-n0OqmPfEo2A=s48-c-k-c0x00ffffff-no-rj', 'authorChannelUrl': 'http://www.youtube.com/channel/UC8jlP_wtl3UgnIcuBrcS5aA', 'authorChannelId': {'value': 'UC8jlP_wtl3UgnIcuBrcS5aA'}, 'canRate': True, 'viewerRating': 'none', 'likeCount': 0, 'publishedAt': '2022-10-24T00:19:07Z', 'updatedAt': '2022-10-24T00:19:07Z'}}, 'canReply': True, 'totalReplyCount': 0, 'isPublic': True}",,UC8jlP_wtl3UgnIcuBrcS5aA,2022-10-24T00:19:07Z,Quem tá em Pânico é caramelo,QURTSl9pM2xHNFhSVktJUklTT3Q1eV8tZVVhZ0pNQTF2eERTZkNzTkkxcTBBOGZkcGs1NHJ4NUJNYlN1VTE3YnkzOEV6TTVDU3E4OGxFYw==,2023-06-08 14:52:36.492671
youtube#commentThread,_9-omGpCdwloPp6rpYLxbufXwv8,UgxrOD2P94FlbyscykR4AaABAg,"{'videoId': 'zEfTDpfyt1o', 'topLevelComment': {'kind': 'youtube#comment', 'etag': 'PiD17AxNy6MgT9zovVG3i32kDEs', 'id': 'UgxrOD2P94FlbyscykR4AaABAg', 'snippet': {'videoId': 'zEfTDpfyt1o', 'textDisplay': 'Claro q não justifica. Meu Deus q triste', 'textOriginal': 'Claro q não justifica. Meu Deus q triste', 'authorDisplayName': 'Vera Lúcia Correia', 'authorProfileImageUrl': 'https://yt3.ggpht.com/ytc/AGIKgqM1do1uKEe67fQVt0Pal2cWuE7spL55eBjroQ=s48-c-k-c0x00ffffff-no-rj', 'authorChannelUrl': 'http://www.youtube.com/channel/UC8mwzvtFtDI1SFVYAA5Kq4g', 'authorChannelId': {'value': 'UC8mwzvtFtDI1SFVYAA5Kq4g'}, 'canRate': True, 'viewerRating': 'none', 'likeCount': 0, 'publishedAt': '2022-10-24T00:18:42Z', 'updatedAt': '2022-10-24T00:18:42Z'}}, 'canReply': True, 'totalReplyCount': 0, 'isPublic': True}",,UC8mwzvtFtDI1SFVYAA5Kq4g,2022-10-24T00:18:42Z,Claro q não justifica. Meu Deus q triste,QURTSl9pM2xHNFhSVktJUklTT3Q1eV8tZVVhZ0pNQTF2eERTZkNzTkkxcTBBOGZkcGs1NHJ4NUJNYlN1VTE3YnkzOEV6TTVDU3E4OGxFYw==,2023-06-08 14:52:36.492671
youtube#commentThread,fWZTjROyiZ0iYaca2bO-os9GS3Y,UgynR4nm0kIheIg1pvF4AaABAg,"{'videoId': 'zEfTDpfyt1o', 'topLevelComment': {'kind': 'youtube#comment', 'etag': 'F4QLd7H37-fLwx9wGbwCCKmV9UU', 'id': 'UgynR4nm0kIheIg1pvF4AaABAg', 'snippet': {'videoId': 'zEfTDpfyt1o', 'textDisplay': 'Sabe o q é isso? É errado? Claro q é. Mas já estão todos cansados  de ditaduras.', 'textOriginal': 'Sabe o q é isso? É errado? Claro q é. Mas já estão todos cansados  de ditaduras.', 'authorDisplayName': 'Vera Lúcia Correia', 'authorProfileImageUrl': 'https://yt3.ggpht.com/ytc/AGIKgqM1do1uKEe67fQVt0Pal2cWuE7spL55eBjroQ=s48-c-k-c0x00ffffff-no-rj', 'authorChannelUrl': 'http://www.youtube.com/channel/UC8mwzvtFtDI1SFVYAA5Kq4g', 'authorChannelId': {'value': 'UC8mwzvtFtDI1SFVYAA5Kq4g'}, 'canRate': True, 'viewerRating': 'none', 'likeCount': 0, 'publishedAt': '2022-10-24T00:17:44Z', 'updatedAt': '2022-10-24T00:17:44Z'}}, 'canReply': True, 'totalReplyCount': 0, 'isPublic': True}",,UC8mwzvtFtDI1SFVYAA5Kq4g,2022-10-24T00:17:44Z,Sabe o q é isso? É errado? Claro q é. Mas já estão todos cansados  de ditaduras.,QURTSl9pM2xHNFhSVktJUklTT3Q1eV8tZVVhZ0pNQTF2eERTZkNzTkkxcTBBOGZkcGs1NHJ4NUJNYlN1VTE3YnkzOEV6TTVDU3E4OGxFYw==,2023-06-08 14:52:36.492671
youtube#commentThread,Z1GTTumpXBlrkvpWx-XRF5McGII,UgzLHwAvFXbC5zZkgoR4AaABAg,"{'videoId': 'zEfTDpfyt1o', 'topLevelComment': {'kind': 'youtube#comment', 'etag': 'XlalBs8wHEkyyjcP9ypq0Juh2mQ', 'id': 'UgzLHwAvFXbC5zZkgoR4AaABAg', 'snippet': {'videoId': 'zEfTDpfyt1o', 'textDisplay': 'Certíssimo agressões não e certo mesmo', 'textOriginal': 'Certíssimo agressões não e certo mesmo', 'authorDisplayName': 'Antonia Cristina Lima Santos', 'authorProfileImageUrl': 'https://yt3.ggpht.com/ytc/AGIKgqM6Setw1YAw2G8k6x5gbjacAHzzyS5sZWSD4A=s48-c-k-c0x00ffffff-no-rj', 'authorChannelUrl': 'http://www.youtube.com/channel/UCrORNYM20mDYWgZ2bky2ZyQ', 'authorChannelId': {'value': 'UCrORNYM20mDYWgZ2bky2ZyQ'}, 'canRate': True, 'viewerRating': 'none', 'likeCount': 0, 'publishedAt': '2022-10-24T00:17:38Z', 'updatedAt': '2022-10-24T00:17:38Z'}}, 'canReply': True, 'totalReplyCount': 0, 'isPublic': True}",,UCrORNYM20mDYWgZ2bky2ZyQ,2022-10-24T00:17:38Z,Certíssimo agressões não e certo mesmo,QURTSl9pM2xHNFhSVktJUklTT3Q1eV8tZVVhZ0pNQTF2eERTZkNzTkkxcTBBOGZkcGs1NHJ4NUJNYlN1VTE3YnkzOEV6TTVDU3E4OGxFYw==,2023-06-08 14:52:36.492671
youtube#commentThread,hNxFjp6JcBmrKBVXv8p42pLAaKo,Ugx9A7jD8A2A67W4oX94AaABAg,"{'videoId': 'zEfTDpfyt1o', 'topLevelComment': {'kind': 'youtube#comment', 'etag': 'N3b7FJvNpUm50TU0O_-F3d1Vh-0', 'id': 'Ugx9A7jD8A2A67W4oX94AaABAg', 'snippet': {'videoId': 'zEfTDpfyt1o', 'textDisplay': 'N0 DlA 2 de outubro eIe fez um vídeo xingando os filhos do presida... eu já não confiava n0 B0b e desde então, confiança zer0!', 'textOriginal': 'N0 DlA 2 de outubro eIe fez um vídeo xingando os filhos do presida... eu já não confiava n0 B0b e desde então, confiança zer0!', 'authorDisplayName': 'Vivian Tahira', 'authorProfileImageUrl': 'https://yt3.ggpht.com/zPcC2eYEjwcmm7w2JH93u--cvM69kKMu0osOmT8AA-uXgpRHwu6n_NlpLmnbGEsZKmF9oLxAVUg=s48-c-k-c0x00ffffff-no-rj', 'authorChannelUrl': 'http://www.youtube.com/channel/UCS4U_FxqLhYwvDbHEApsRGQ', 'authorChannelId': {'value': 'UCS4U_FxqLhYwvDbHEApsRGQ'}, 'canRate': True, 'viewerRating': 'none', 'likeCount': 0, 'publishedAt': '2022-10-24T00:17:07Z', 'updatedAt': '2022-10-24T00:17:07Z'}}, 'canReply': True, 'totalReplyCount': 0, 'isPublic': True}",,UCS4U_FxqLhYwvDbHEApsRGQ,2022-10-24T00:17:07Z,"N0 DlA 2 de outubro eIe fez um vídeo xingando os filhos do presida... eu já não confiava n0 B0b e desde então, confiança zer0!",QURTSl9pM2xHNFhSVktJUklTT3Q1eV8tZVVhZ0pNQTF2eERTZkNzTkkxcTBBOGZkcGs1NHJ4NUJNYlN1VTE3YnkzOEV6TTVDU3E4OGxFYw==,2023-06-08 14:52:36.492671
youtube#commentThread,ikzavxKX7n4oK-6QvOCdDnIg2FU,UgywTrxsiWmP9Jr2yWZ4AaABAg,"{'videoId': 'zEfTDpfyt1o', 'topLevelComment': {'kind': 'youtube#comment', 'etag': 'e_1_l2s7FenS2mSX2IzhOanZhFQ', 'id': 'UgywTrxsiWmP9Jr2yWZ4AaABAg', 'snippet': {'videoId': 'zEfTDpfyt1o', 'textDisplay': 'N0 DlA 2 de outubro eIe fez um vídeo xingando os filhos do presida... eu já não confiava n0 B0b e desde então, confiança zer0!', 'textOriginal': 'N0 DlA 2 de outubro eIe fez um vídeo xingando os filhos do presida... eu já não confiava n0 B0b e desde então, confiança zer0!', 'authorDisplayName': 'Vivian Tahira', 'authorProfileImageUrl': 'https://yt3.ggpht.com/zPcC2eYEjwcmm7w2JH93u--cvM69kKMu0osOmT8AA-uXgpRHwu6n_NlpLmnbGEsZKmF9oLxAVUg=s48-c-k-c0x00ffffff-no-rj', 'authorChannelUrl': 'http://www.youtube.com/channel/UCS4U_FxqLhYwvDbHEApsRGQ', 'authorChannelId': {'value': 'UCS4U_FxqLhYwvDbHEApsRGQ'}, 'canRate': True, 'viewerRating': 'none', 'likeCount': 0, 'publishedAt': '2022-10-24T00:17:07Z', 'updatedAt': '2022-10-24T00:17:07Z'}}, 'canReply': True, 'totalReplyCount': 0, 'isPublic': True}",,UCS4U_FxqLhYwvDbHEApsRGQ,2022-10-24T00:17:07Z,"N0 DlA 2 de outubro eIe fez um vídeo xingando os filhos do presida... eu já não confiava n0 B0b e desde então, confiança zer0!",QURTSl9pM2xHNFhSVktJUklTT3Q1eV8tZVVhZ0pNQTF2eERTZkNzTkkxcTBBOGZkcGs1NHJ4NUJNYlN1VTE3YnkzOEV6TTVDU3E4OGxFYw==,2023-06-08 14:52:36.492671
youtube#commentThread,IjVWflLTed8HiaXhSeIEI1GwOXE,UgyQEQWRfszV_7VbDh54AaABAg,"{'videoId': 'zEfTDpfyt1o', 'topLevelComment': {'kind': 'youtube#comment', 'etag': 'DgHCqAf1ymRqxQCXsyVmHjHpcwQ', 'id': 'UgyQEQWRfszV_7VbDh54AaABAg', 'snippet': {'videoId': 'zEfTDpfyt1o', 'textDisplay': 'É a democracia do Supremo! E do PT. são as Cartinha que andam assinando da DEMOCRACIA.....', 'textOriginal': 'É a democracia do Supremo! E do PT. são as Cartinha que andam assinando da DEMOCRACIA.....', 'authorDisplayName': 'Roberto Souza', 'authorProfileImageUrl': 'https://yt3.ggpht.com/ytc/AGIKgqPGe9qPeyIFrKsjeXAGD-knim7TnAgymnVfJT5L=s48-c-k-c0x00ffffff-no-rj', 'authorChannelUrl': 'http://www.youtube.com/channel/UCHfLuK2lDDJrdB3LJOAlksQ', 'authorChannelId': {'value': 'UCHfLuK2lDDJrdB3LJOAlksQ'}, 'canRate': True, 'viewerRating': 'none', 'likeCount': 0, 'publishedAt': '2022-10-24T00:17:04Z', 'updatedAt': '2022-10-24T00:17:04Z'}}, 'canReply': True, 'totalReplyCount': 0, 'isPublic': True}",,UCHfLuK2lDDJrdB3LJOAlksQ,2022-10-24T00:17:04Z,É a democracia do Supremo! E do PT. são as Cartinha que andam assinando da DEMOCRACIA.....,QURTSl9pM2xHNFhSVktJUklTT3Q1eV8tZVVhZ0pNQTF2eERTZkNzTkkxcTBBOGZkcGs1NHJ4NUJNYlN1VTE3YnkzOEV6TTVDU3E4OGxFYw==,2023-06-08 14:52:36.492671
youtube#commentThread,usf_O0ALIxRm8YXV_f0AFGt3LJk,UgyhBfs9cR-WO7LQXhx4AaABAg,"{'videoId': 'zEfTDpfyt1o', 'topLevelComment': {'kind': 'youtube#comment', 'etag': 'Sih1yH2t9HnDrOScw7HrrcQAiUE', 'id': 'UgyhBfs9cR-WO7LQXhx4AaABAg', 'snippet': {'videoId': 'zEfTDpfyt1o', 'textDisplay': 'O bolsonarismo é o mal desse país, precisa acabar!', 'textOriginal': 'O bolsonarismo é o mal desse país, precisa acabar!', 'authorDisplayName': 'Rodrigo Ximenes', 'authorProfileImageUrl': 'https://yt3.ggpht.com/ytc/AGIKgqMVZsqFu6FAIDpTkn9Lp4HhD00XYmJTzV0TX7UM=s48-c-k-c0x00ffffff-no-rj', 'authorChannelUrl': 'http://www.youtube.com/channel/UCUw1Vg8_y20ZeB-wXvrE1Eg', 'authorChannelId': {'value': 'UCUw1Vg8_y20ZeB-wXvrE1Eg'}, 'canRate': True, 'viewerRating': 'none', 'likeCount': 0, 'publishedAt': '2022-10-24T00:17:03Z', 'updatedAt': '2022-10-24T00:17:03Z'}}, 'canReply': True, 'totalReplyCount': 0, 'isPublic': True}",,UCUw1Vg8_y20ZeB-wXvrE1Eg,2022-10-24T00:17:03Z,"O bolsonarismo é o mal desse país, precisa acabar!",QURTSl9pM2xHNFhSVktJUklTT3Q1eV8tZVVhZ0pNQTF2eERTZkNzTkkxcTBBOGZkcGs1NHJ4NUJNYlN1VTE3YnkzOEV6TTVDU3E4OGxFYw==,2023-06-08 14:52:36.492671
youtube#commentThread,nFFvPpVPLe_HEt8BpxCpEU87FQU,UgzSM3C4gHr3IQbIDE54AaABAg,"{'videoId': 'zEfTDpfyt1o', 'topLevelComment': {'kind': 'youtube#comment', 'etag': 'qTt0ymQPktm7I-YBvgSHQS18czY', 'id': 'UgzSM3C4gHr3IQbIDE54AaABAg', 'snippet': {'videoId': 'zEfTDpfyt1o', 'textDisplay': 'Que. Está deixando o povo enfurecido é o STF,  querendo ajudar Lula a voltar à cena do crime', 'textOriginal': 'Que. Está deixando o povo enfurecido é o STF,  querendo ajudar Lula a voltar à cena do crime', 'authorDisplayName': 'Janete Dias', 'authorProfileImageUrl': 'https://yt3.ggpht.com/ytc/AGIKgqOp0RAzdV_ohALfaUj1XPtoOs7DOWKKh8alCOPYfw=s48-c-k-c0x00ffffff-no-rj', 'authorChannelUrl': 'http://www.youtube.com/channel/UC_GuNaMzL-W8uBNsGRVTIIw', 'authorChannelId': {'value': 'UC_GuNaMzL-W8uBNsGRVTIIw'}, 'canRate': True, 'viewerRating': 'none', 'likeCount': 0, 'publishedAt': '2022-10-24T00:16:56Z', 'updatedAt': '2022-10-24T00:16:56Z'}}, 'canReply': True, 'totalReplyCount': 0, 'isPublic': True}",,UC_GuNaMzL-W8uBNsGRVTIIw,2022-10-24T00:16:56Z,"Que. Está deixando o povo enfurecido é o STF,  querendo ajudar Lula a voltar à cena do crime",QURTSl9pM2xHNFhSVktJUklTT3Q1eV8tZVVhZ0pNQTF2eERTZkNzTkkxcTBBOGZkcGs1NHJ4NUJNYlN1VTE3YnkzOEV6TTVDU3E4OGxFYw==,2023-06-08 14:52:36.492671
youtube#commentThread,28uvMBS5fLjPrtuolM0dkNlOSyE,UgwylE-Z5LFVB7Y6eNp4AaABAg,"{'videoId': 'zEfTDpfyt1o', 'topLevelComment': {'kind': 'youtube#comment', 'etag': 'mDAgJ7TCPFOumR-RmIPmKoXtg40', 'id': 'UgwylE-Z5LFVB7Y6eNp4AaABAg', 'snippet': {'videoId': 'zEfTDpfyt1o', 'textDisplay': 'Claro que somos contra qualquer tipo de agressão, mas; a pior agressão é do $TF ao brasil e brasileiros, e nós não ouvimos você falar contra, deve estar com medo ou vai pela linha de Amanda Klein, Fábio Pipermo ou do 1d1ota do Guga Noblat.', 'textOriginal': 'Claro que somos contra qualquer tipo de agressão, mas; a pior agressão é do $TF ao brasil e brasileiros, e nós não ouvimos você falar contra, deve estar com medo ou vai pela linha de Amanda Klein, Fábio Pipermo ou do 1d1ota do Guga Noblat.', 'authorDisplayName': 'J. C. S', 'authorProfileImageUrl': 'https://yt3.ggpht.com/ytc/AGIKgqNLi4wJm0SQraZUaKglatzeP9q7vgKaXOb-NuY7Cw=s48-c-k-c0x00ffffff-no-rj', 'authorChannelUrl': 'http://www.youtube.com/channel/UCoHHPd_PIcQcGD2vxhiwkhA', 'authorChannelId': {'value': 'UCoHHPd_PIcQcGD2vxhiwkhA'}, 'canRate': True, 'viewerRating': 'none', 'likeCount': 0, 'publishedAt': '2022-10-24T00:16:32Z', 'updatedAt': '2022-10-24T00:16:32Z'}}, 'canReply': True, 'totalReplyCount': 0, 'isPublic': True}",,UCoHHPd_PIcQcGD2vxhiwkhA,2022-10-24T00:16:32Z,"Claro que somos contra qualquer tipo de agressão, mas; a pior agressão é do $TF ao brasil e brasileiros, e nós não ouvimos você falar contra, deve estar com medo ou vai pela linha de Amanda Klein, Fábio Pipermo ou do 1d1ota do Guga Noblat.",QURTSl9pM2xHNFhSVktJUklTT3Q1eV8tZVVhZ0pNQTF2eERTZkNzTkkxcTBBOGZkcGs1NHJ4NUJNYlN1VTE3YnkzOEV6TTVDU3E4OGxFYw==,2023-06-08 14:52:36.492671
youtube#commentThread,sAFffPPF9X9mOem9R6Qqg6nzyjY,Ugzp6Kl7RcAapDmJUQN4AaABAg,"{'videoId': 'zEfTDpfyt1o', 'topLevelComment': {'kind': 'youtube#comment', 'etag': '1ASVE9RelzOQ4viDCZd_hIwxcuQ', 'id': 'Ugzp6Kl7RcAapDmJUQN4AaABAg', 'snippet': {'videoId': 'zEfTDpfyt1o', 'textDisplay': 'Não foi apoiadores. Foi um rapaz que agrediu.', 'textOriginal': 'Não foi apoiadores. Foi um rapaz que agrediu.', 'authorDisplayName': 'Janete Dias', 'authorProfileImageUrl': 'https://yt3.ggpht.com/ytc/AGIKgqOp0RAzdV_ohALfaUj1XPtoOs7DOWKKh8alCOPYfw=s48-c-k-c0x00ffffff-no-rj', 'authorChannelUrl': 'http://www.youtube.com/channel/UC_GuNaMzL-W8uBNsGRVTIIw', 'authorChannelId': {'value': 'UC_GuNaMzL-W8uBNsGRVTIIw'}, 'canRate': True, 'viewerRating': 'none', 'likeCount': 0, 'publishedAt': '2022-10-24T00:15:42Z', 'updatedAt': '2022-10-24T00:15:42Z'}}, 'canReply': True, 'totalReplyCount': 0, 'isPublic': True}",,UC_GuNaMzL-W8uBNsGRVTIIw,2022-10-24T00:15:42Z,Não foi apoiadores. Foi um rapaz que agrediu.,QURTSl9pM2xHNFhSVktJUklTT3Q1eV8tZVVhZ0pNQTF2eERTZkNzTkkxcTBBOGZkcGs1NHJ4NUJNYlN1VTE3YnkzOEV6TTVDU3E4OGxFYw==,2023-06-08 14:52:36.492671
youtube#commentThread,A74faQRex_vs7A8wQ3wQGZ1tImo,Ugycs2E3MCnLsLtLtPJ4AaABAg,"{'videoId': 'zEfTDpfyt1o', 'topLevelComment': {'kind': 'youtube#comment', 'etag': 'btGqSq75UF8YU2PyMSu3r7ZVw4A', 'id': 'Ugycs2E3MCnLsLtLtPJ4AaABAg', 'snippet': {'videoId': 'zEfTDpfyt1o', 'textDisplay': 'O que vão fazer os fascistas e os &quot;profetas&quot; do YouTube que de manhã oravam por Roberto Jeferson, alegando perseguição, e agora seu capitão do mato chutou o Bob pra lá? 🤣🤣🤣🤣🤣🤣🤣🤣🤣🤣🤣🤣🤣🤣🤣🤣🤣🤣🤣🤣🤣🤣🤣', 'textOriginal': 'O que vão fazer os fascistas e os ""profetas"" do YouTube que de manhã oravam por Roberto Jeferson, alegando perseguição, e agora seu capitão do mato chutou o Bob pra lá? 🤣🤣🤣🤣🤣🤣🤣🤣🤣🤣🤣🤣🤣🤣🤣🤣🤣🤣🤣🤣🤣🤣🤣', 'authorDisplayName': 'darcy oliveira', 'authorProfileImageUrl': 'https://yt3.ggpht.com/ytc/AGIKgqNOvDeLmgGNqqi5Vj-TBCenra442MmV98LGvw=s48-c-k-c0x00ffffff-no-rj', 'authorChannelUrl': 'http://www.youtube.com/channel/UCJuHoZU-mW0Ixqs4oiA2fTw', 'authorChannelId': {'value': 'UCJuHoZU-mW0Ixqs4oiA2fTw'}, 'canRate': True, 'viewerRating': 'none', 'likeCount': 0, 'publishedAt': '2022-10-24T00:15:36Z', 'updatedAt': '2022-10-24T00:15:36Z'}}, 'canReply': True, 'totalReplyCount': 0, 'isPublic': True}",,UCJuHoZU-mW0Ixqs4oiA2fTw,2022-10-24T00:15:36Z,"O que vão fazer os fascistas e os ""profetas"" do YouTube que de manhã oravam por Roberto Jeferson, alegando perseguição, e agora seu capitão do mato chutou o Bob pra lá? 🤣🤣🤣🤣🤣🤣🤣🤣🤣🤣🤣🤣🤣🤣🤣🤣🤣🤣🤣🤣🤣🤣🤣",QURTSl9pM2xHNFhSVktJUklTT3Q1eV8tZVVhZ0pNQTF2eERTZkNzTkkxcTBBOGZkcGs1NHJ4NUJNYlN1VTE3YnkzOEV6TTVDU3E4OGxFYw==,2023-06-08 14:52:36.492671
youtube#commentThread,-lvsoQOxSu3ElhOHdqjRN29gZsw,UgzwYpuPH6XmcAfVtkJ4AaABAg,"{'videoId': 'zEfTDpfyt1o', 'topLevelComment': {'kind': 'youtube#comment', 'etag': 'TXnA7h7AV3mF7n-I334WrfK4u_Q', 'id': 'UgzwYpuPH6XmcAfVtkJ4AaABAg', 'snippet': {'videoId': 'zEfTDpfyt1o', 'textDisplay': 'Tudo isso pq o STF desde o começo passou  em cima de toda constituiçao', 'textOriginal': 'Tudo isso pq o STF desde o começo passou  em cima de toda constituiçao', 'authorDisplayName': 'Maria Regina gigi', 'authorProfileImageUrl': 'https://yt3.ggpht.com/ytc/AGIKgqMLx4NkuWQ0ZSNMjx6f2_nWSnHLq2x6k1q8kQ=s48-c-k-c0x00ffffff-no-rj', 'authorChannelUrl': 'http://www.youtube.com/channel/UC9q4AsGuGo3Ki2Giqku1l6Q', 'authorChannelId': {'value': 'UC9q4AsGuGo3Ki2Giqku1l6Q'}, 'canRate': True, 'viewerRating': 'none', 'likeCount': 0, 'publishedAt': '2022-10-24T00:15:03Z', 'updatedAt': '2022-10-24T00:15:03Z'}}, 'canReply': True, 'totalReplyCount': 0, 'isPublic': True}",,UC9q4AsGuGo3Ki2Giqku1l6Q,2022-10-24T00:15:03Z,Tudo isso pq o STF desde o começo passou  em cima de toda constituiçao,QURTSl9pM2xHNFhSVktJUklTT3Q1eV8tZVVhZ0pNQTF2eERTZkNzTkkxcTBBOGZkcGs1NHJ4NUJNYlN1VTE3YnkzOEV6TTVDU3E4OGxFYw==,2023-06-08 14:52:36.492671
youtube#commentThread,LSdSh5XeIupV3gXfYWttEE_xjbw,Ugz7JrIbW2q0AnRjbL94AaABAg,"{'videoId': 'zEfTDpfyt1o', 'topLevelComment': {'kind': 'youtube#comment', 'etag': 'Xd7pS_cTGcWjiXh1CicS3CJB0cs', 'id': 'Ugz7JrIbW2q0AnRjbL94AaABAg', 'snippet': {'videoId': 'zEfTDpfyt1o', 'textDisplay': 'Gente,,,  algumas   pessoas     precisam     aprender  um   pouco    de boas   maneiras,,,,,,', 'textOriginal': 'Gente,,,  algumas   pessoas     precisam     aprender  um   pouco    de boas   maneiras,,,,,,', 'authorDisplayName': 'Aumaurilio Justo', 'authorProfileImageUrl': 'https://yt3.ggpht.com/ytc/AGIKgqNAsu-9vNdpx63eS_K_izcHpULdBaxajmFVAA=s48-c-k-c0x00ffffff-no-rj', 'authorChannelUrl': 'http://www.youtube.com/channel/UC1wTd8yHRZyDpUU42uEJGsw', 'authorChannelId': {'value': 'UC1wTd8yHRZyDpUU42uEJGsw'}, 'canRate': True, 'viewerRating': 'none', 'likeCount': 0, 'publishedAt': '2022-10-24T00:15:00Z', 'updatedAt': '2022-10-24T00:15:00Z'}}, 'canReply': True, 'totalReplyCount': 0, 'isPublic': True}",,UC1wTd8yHRZyDpUU42uEJGsw,2022-10-24T00:15:00Z,"Gente,,,  algumas   pessoas     precisam     aprender  um   pouco    de boas   maneiras,,,,,,",QURTSl9pM2xHNFhSVktJUklTT3Q1eV8tZVVhZ0pNQTF2eERTZkNzTkkxcTBBOGZkcGs1NHJ4NUJNYlN1VTE3YnkzOEV6TTVDU3E4OGxFYw==,2023-06-08 14:52:36.492671
youtube#commentThread,HVqjd2TFMgmspOotnxuQsmxUQDA,UgwQ2Jk6N2e5jx8oxgt4AaABAg,"{'videoId': 'zEfTDpfyt1o', 'topLevelComment': {'kind': 'youtube#comment', 'etag': 'cF_KG8SxyudVTG9lYYv421yver8', 'id': 'UgwQ2Jk6N2e5jx8oxgt4AaABAg', 'snippet': {'videoId': 'zEfTDpfyt1o', 'textDisplay': 'FODASSEEE', 'textOriginal': 'FODASSEEE', 'authorDisplayName': 'mario pingua', 'authorProfileImageUrl': 'https://yt3.ggpht.com/ytc/AGIKgqM1GSzXHNKBCiAdKWl7quO-6XHLj67dj8pT-A=s48-c-k-c0x00ffffff-no-rj', 'authorChannelUrl': 'http://www.youtube.com/channel/UCr2uX3fyC8TgAXgbCiKn3-Q', 'authorChannelId': {'value': 'UCr2uX3fyC8TgAXgbCiKn3-Q'}, 'canRate': True, 'viewerRating': 'none', 'likeCount': 0, 'publishedAt': '2022-10-24T00:14:42Z', 'updatedAt': '2022-10-24T00:14:42Z'}}, 'canReply': True, 'totalReplyCount': 0, 'isPublic': True}",,UCr2uX3fyC8TgAXgbCiKn3-Q,2022-10-24T00:14:42Z,FODASSEEE,QURTSl9pM2xHNFhSVktJUklTT3Q1eV8tZVVhZ0pNQTF2eERTZkNzTkkxcTBBOGZkcGs1NHJ4NUJNYlN1VTE3YnkzOEV6TTVDU3E4OGxFYw==,2023-06-08 14:52:36.492671
youtube#commentThread,qpmxSjL2DhMkMMTSP0z2wkPzoqY,UgyP65LU-QBYf9mlmJN4AaABAg,"{'videoId': 'zEfTDpfyt1o', 'topLevelComment': {'kind': 'youtube#comment', 'etag': 'UmqM1avJeiIf6qABFjrrui467jk', 'id': 'UgyP65LU-QBYf9mlmJN4AaABAg', 'snippet': {'videoId': 'zEfTDpfyt1o', 'textDisplay': 'QUE PENA, DA GLOBO, NÃO MATOU , QUE PENA....', 'textOriginal': 'QUE PENA, DA GLOBO, NÃO MATOU , QUE PENA....', 'authorDisplayName': 'mario pingua', 'authorProfileImageUrl': 'https://yt3.ggpht.com/ytc/AGIKgqM1GSzXHNKBCiAdKWl7quO-6XHLj67dj8pT-A=s48-c-k-c0x00ffffff-no-rj', 'authorChannelUrl': 'http://www.youtube.com/channel/UCr2uX3fyC8TgAXgbCiKn3-Q', 'authorChannelId': {'value': 'UCr2uX3fyC8TgAXgbCiKn3-Q'}, 'canRate': True, 'viewerRating': 'none', 'likeCount': 0, 'publishedAt': '2022-10-24T00:13:35Z', 'updatedAt': '2022-10-24T00:13:35Z'}}, 'canReply': True, 'totalReplyCount': 0, 'isPublic': True}",,UCr2uX3fyC8TgAXgbCiKn3-Q,2022-10-24T00:13:35Z,"QUE PENA, DA GLOBO, NÃO MATOU , QUE PENA....",QURTSl9pM2xHNFhSVktJUklTT3Q1eV8tZVVhZ0pNQTF2eERTZkNzTkkxcTBBOGZkcGs1NHJ4NUJNYlN1VTE3YnkzOEV6TTVDU3E4OGxFYw==,2023-06-08 14:52:36.492671
youtube#commentThread,9USNPR4kbIntcPJ9MQCzj-m0rSc,Ugwk1pFOX1j8_lYHmXV4AaABAg,"{'videoId': 'zEfTDpfyt1o', 'topLevelComment': {'kind': 'youtube#comment', 'etag': 'R2Rp5bxc8yjqPQ7jC-lFGIlesOo', 'id': 'Ugwk1pFOX1j8_lYHmXV4AaABAg', 'snippet': {'videoId': 'zEfTDpfyt1o', 'textDisplay': 'Puxa, eu gosto do povo brasileiro. O cinegrafista caiu e muitas pessoas foram socorrê-lo. Nesse momento, não há status social, cor, religião; Felizmente, Brasil é um país de solidariedade.', 'textOriginal': 'Puxa, eu gosto do povo brasileiro. O cinegrafista caiu e muitas pessoas foram socorrê-lo. Nesse momento, não há status social, cor, religião; Felizmente, Brasil é um país de solidariedade.', 'authorDisplayName': 'φοῖνιξ N', 'authorProfileImageUrl': 'https://yt3.ggpht.com/ytc/AGIKgqN8s3cmZZGVZeE5fOcBuPs3a1LnFqnSBSnr_N3PFw=s48-c-k-c0x00ffffff-no-rj', 'authorChannelUrl': 'http://www.youtube.com/channel/UCVcFObghhARcU97EsJdUIFA', 'authorChannelId': {'value': 'UCVcFObghhARcU97EsJdUIFA'}, 'canRate': True, 'viewerRating': 'none', 'likeCount': 0, 'publishedAt': '2022-10-24T00:12:43Z', 'updatedAt': '2022-10-24T00:12:43Z'}}, 'canReply': True, 'totalReplyCount': 0, 'isPublic': True}",,UCVcFObghhARcU97EsJdUIFA,2022-10-24T00:12:43Z,"Puxa, eu gosto do povo brasileiro. O cinegrafista caiu e muitas pessoas foram socorrê-lo. Nesse momento, não há status social, cor, religião; Felizmente, Brasil é um país de solidariedade.",QURTSl9pM2xHNFhSVktJUklTT3Q1eV8tZVVhZ0pNQTF2eERTZkNzTkkxcTBBOGZkcGs1NHJ4NUJNYlN1VTE3YnkzOEV6TTVDU3E4OGxFYw==,2023-06-08 14:52:36.492671
youtube#commentThread,B-EMK1cU5t_GcewL18OuQPBwu3o,UgwNbZQlhqH8di5XS-14AaABAg,"{'videoId': 'zEfTDpfyt1o', 'topLevelComment': {'kind': 'youtube#comment', 'etag': 'Zr5dn8M62CryIkQ174b5ULXMB7s', 'id': 'UgwNbZQlhqH8di5XS-14AaABAg', 'snippet': {'videoId': 'zEfTDpfyt1o', 'textDisplay': '<a href=""http://www.youtube.com/results?search_query=%23deusbrasilbolsonaro"">#DEUSBrasilBolsonaro</a>🙏🏼🙏🏼🙏🏼🙏🏼🙏🏼🇧🇷🇧🇷', 'textOriginal': '#DEUSBrasilBolsonaro🙏🏼🙏🏼🙏🏼🙏🏼🙏🏼🇧🇷🇧🇷', 'authorDisplayName': 'Dalvaci Azevedo', 'authorProfileImageUrl': 'https://yt3.ggpht.com/ytc/AGIKgqOYPfZjNI0I6vVW_lXG3Eh8wLJVusDbxakE_g=s48-c-k-c0x00ffffff-no-rj', 'authorChannelUrl': 'http://www.youtube.com/channel/UCAPOKQINvBUu0Wb7BKYoMKw', 'authorChannelId': {'value': 'UCAPOKQINvBUu0Wb7BKYoMKw'}, 'canRate': True, 'viewerRating': 'none', 'likeCount': 0, 'publishedAt': '2022-10-24T00:11:22Z', 'updatedAt': '2022-10-24T00:11:22Z'}}, 'canReply': True, 'totalReplyCount': 0, 'isPublic': True}",,UCAPOKQINvBUu0Wb7BKYoMKw,2022-10-24T00:11:22Z,#DEUSBrasilBolsonaro🙏🏼🙏🏼🙏🏼🙏🏼🙏🏼🇧🇷🇧🇷,QURTSl9pM2xHNFhSVktJUklTT3Q1eV8tZVVhZ0pNQTF2eERTZkNzTkkxcTBBOGZkcGs1NHJ4NUJNYlN1VTE3YnkzOEV6TTVDU3E4OGxFYw==,2023-06-08 14:52:36.492671
youtube#commentThread,NeaorPyhw8_Dn_wyqC15inF30dI,UgzLS1ZXyYTdAa6inEt4AaABAg,"{'videoId': 'zEfTDpfyt1o', 'topLevelComment': {'kind': 'youtube#comment', 'etag': 'U7u0ZTg3bDkOvqsQFBj8gatinQk', 'id': 'UgzLS1ZXyYTdAa6inEt4AaABAg', 'snippet': {'videoId': 'zEfTDpfyt1o', 'textDisplay': 'Um trabalhador não tem nada a ver com a emissora que ele trabalha.... Ele apenas está levando o sustento para seu lar, mais a globo não vale nada......', 'textOriginal': 'Um trabalhador não tem nada a ver com a emissora que ele trabalha.... Ele apenas está levando o sustento para seu lar, mais a globo não vale nada......', 'authorDisplayName': 'Eduardo Barbosa', 'authorProfileImageUrl': 'https://yt3.ggpht.com/ytc/AGIKgqPSNIz-27wH52Eyc-WoUhYdPATmGR9Obi6IOMJs=s48-c-k-c0x00ffffff-no-rj', 'authorChannelUrl': 'http://www.youtube.com/channel/UCTxrUgxfWfUsRDzqLECS4XA', 'authorChannelId': {'value': 'UCTxrUgxfWfUsRDzqLECS4XA'}, 'canRate': True, 'viewerRating': 'none', 'likeCount': 0, 'publishedAt': '2022-10-24T00:10:38Z', 'updatedAt': '2022-10-24T00:10:38Z'}}, 'canReply': True, 'totalReplyCount': 0, 'isPublic': True}",,UCTxrUgxfWfUsRDzqLECS4XA,2022-10-24T00:10:38Z,"Um trabalhador não tem nada a ver com a emissora que ele trabalha.... Ele apenas está levando o sustento para seu lar, mais a globo não vale nada......",QURTSl9pM2xHNFhSVktJUklTT3Q1eV8tZVVhZ0pNQTF2eERTZkNzTkkxcTBBOGZkcGs1NHJ4NUJNYlN1VTE3YnkzOEV6TTVDU3E4OGxFYw==,2023-06-08 14:52:36.492671
youtube#commentThread,mDJbscsQmduhpDBGWwCICmd3D_g,Ugylt4FxuvgyuQymZYZ4AaABAg,"{'videoId': 'zEfTDpfyt1o', 'topLevelComment': {'kind': 'youtube#comment', 'etag': 'WrZGhUqzT-prVImjqNbhe9UG0bA', 'id': 'Ugylt4FxuvgyuQymZYZ4AaABAg', 'snippet': {'videoId': 'zEfTDpfyt1o', 'textDisplay': 'BOZO SE ENFORCOU....JÁ ERA BOZO', 'textOriginal': 'BOZO SE ENFORCOU....JÁ ERA BOZO', 'authorDisplayName': 'Alan Pedro Crono', 'authorProfileImageUrl': 'https://yt3.ggpht.com/ytc/AGIKgqP2O7lWDrtFJlnWj2Li7VejuzIoG0UAbRfqg_N_rw=s48-c-k-c0x00ffffff-no-rj', 'authorChannelUrl': 'http://www.youtube.com/channel/UCiHMNHnrXgAmOxadJfFRNxA', 'authorChannelId': {'value': 'UCiHMNHnrXgAmOxadJfFRNxA'}, 'canRate': True, 'viewerRating': 'none', 'likeCount': 0, 'publishedAt': '2022-10-24T00:10:35Z', 'updatedAt': '2022-10-24T00:10:35Z'}}, 'canReply': True, 'totalReplyCount': 0, 'isPublic': True}",,UCiHMNHnrXgAmOxadJfFRNxA,2022-10-24T00:10:35Z,BOZO SE ENFORCOU....JÁ ERA BOZO,QURTSl9pM2xHNFhSVktJUklTT3Q1eV8tZVVhZ0pNQTF2eERTZkNzTkkxcTBBOGZkcGs1NHJ4NUJNYlN1VTE3YnkzOEV6TTVDU3E4OGxFYw==,2023-06-08 14:52:36.492671
youtube#commentThread,CBB2dhkUF5QV7Oc2uIFDJscVf1A,UgzKcCZUiCls8vlFHwB4AaABAg,"{'videoId': 'zEfTDpfyt1o', 'topLevelComment': {'kind': 'youtube#comment', 'etag': '_lTZFA5J32SitFH4CQ1Rh06Eato', 'id': 'UgzKcCZUiCls8vlFHwB4AaABAg', 'snippet': {'videoId': 'zEfTDpfyt1o', 'textDisplay': 'Muito errado a atitude de agressão.<br>Sem querer justificar o ato. Mas as pessoas já estão à flor da pele, esta guerra de política, está deixando as pessoas sem noção. Está todo mundo estressado!', 'textOriginal': 'Muito errado a atitude de agressão.\\nSem querer justificar o ato. Mas as pessoas já estão à flor da pele, esta guerra de política, está deixando as pessoas sem noção. Está todo mundo estressado!', 'authorDisplayName': 'Carlos Felipe', 'authorProfileImageUrl': 'https://yt3.ggpht.com/ytc/AGIKgqPO4RpaqSnw7zqKxevblkmqz1ZrltJv66yCEz3qKQ=s48-c-k-c0x00ffffff-no-rj', 'authorChannelUrl': 'http://www.youtube.com/channel/UCroHTt0wPqXOx3bpIV2ed0Q', 'authorChannelId': {'value': 'UCroHTt0wPqXOx3bpIV2ed0Q'}, 'canRate': True, 'viewerRating': 'none', 'likeCount': 0, 'publishedAt': '2022-10-24T00:09:28Z', 'updatedAt': '2022-10-24T00:09:28Z'}}, 'canReply': True, 'totalReplyCount': 0, 'isPublic': True}",,UCroHTt0wPqXOx3bpIV2ed0Q,2022-10-24T00:09:28Z,"Muito errado a atitude de agressão.
Sem querer justificar o ato. Mas as pessoas já estão à flor da pele, esta guerra de política, está deixando as pessoas sem noção. Está todo mundo estressado!",QURTSl9pM2xHNFhSVktJUklTT3Q1eV8tZVVhZ0pNQTF2eERTZkNzTkkxcTBBOGZkcGs1NHJ4NUJNYlN1VTE3YnkzOEV6TTVDU3E4OGxFYw==,2023-06-08 14:52:36.492671
youtube#commentThread,9Y7P14lehGsq6VlbUUKGtDTOPy0,UgxvYANju3wXttsn2MF4AaABAg,"{'videoId': 'zEfTDpfyt1o', 'topLevelComment': {'kind': 'youtube#comment', 'etag': 'w1DAZA8DlYKAZpmnsP-qLR8-sjM', 'id': 'UgxvYANju3wXttsn2MF4AaABAg', 'snippet': {'videoId': 'zEfTDpfyt1o', 'textDisplay': 'MAS O NOSSO STF PERDEU A POSTURA HA MUITO TEMPO,,TRISTE', 'textOriginal': 'MAS O NOSSO STF PERDEU A POSTURA HA MUITO TEMPO,,TRISTE', 'authorDisplayName': 'Rosangela Oliveira', 'authorProfileImageUrl': 'https://yt3.ggpht.com/ytc/AGIKgqOQ92QG_cMtakjji_0tV0t2vPsvwr7dOyv0Iw=s48-c-k-c0x00ffffff-no-rj', 'authorChannelUrl': 'http://www.youtube.com/channel/UCY_67YWZD4C2FgBHVroIdkA', 'authorChannelId': {'value': 'UCY_67YWZD4C2FgBHVroIdkA'}, 'canRate': True, 'viewerRating': 'none', 'likeCount': 1, 'publishedAt': '2022-10-24T00:08:12Z', 'updatedAt': '2022-10-24T00:08:12Z'}}, 'canReply': True, 'totalReplyCount': 0, 'isPublic': True}",,UCY_67YWZD4C2FgBHVroIdkA,2022-10-24T00:08:12Z,"MAS O NOSSO STF PERDEU A POSTURA HA MUITO TEMPO,,TRISTE",QURTSl9pM2xHNFhSVktJUklTT3Q1eV8tZVVhZ0pNQTF2eERTZkNzTkkxcTBBOGZkcGs1NHJ4NUJNYlN1VTE3YnkzOEV6TTVDU3E4OGxFYw==,2023-06-08 14:52:36.492671
youtube#commentThread,PoM-1Fa6ELJpSt4uMRzMxs8BFTI,UgwfinYz3lvYBye0C9h4AaABAg,"{'videoId': 'zEfTDpfyt1o', 'topLevelComment': {'kind': 'youtube#comment', 'etag': 'JZThua43HvX70b3MhcU3FVHPGeM', 'id': 'UgwfinYz3lvYBye0C9h4AaABAg', 'snippet': {'videoId': 'zEfTDpfyt1o', 'textDisplay': 'Isso é o bolsonarismo, o ódio, a arma, o tiro. Muitos jornalistas defendem essa turma. A Jovem Pan principalmente está com essa turma.', 'textOriginal': 'Isso é o bolsonarismo, o ódio, a arma, o tiro. Muitos jornalistas defendem essa turma. A Jovem Pan principalmente está com essa turma.', 'authorDisplayName': 'Leonardo Lopes', 'authorProfileImageUrl': 'https://yt3.ggpht.com/ytc/AGIKgqNjfq6e-fpFmjM0R4sQE6qpcSdrNMQbopI59CToNg=s48-c-k-c0x00ffffff-no-rj', 'authorChannelUrl': 'http://www.youtube.com/channel/UCMIufF8YCbOzKy_C72eU9ig', 'authorChannelId': {'value': 'UCMIufF8YCbOzKy_C72eU9ig'}, 'canRate': True, 'viewerRating': 'none', 'likeCount': 0, 'publishedAt': '2022-10-24T00:08:12Z', 'updatedAt': '2022-10-24T00:08:12Z'}}, 'canReply': True, 'totalReplyCount': 0, 'isPublic': True}",,UCMIufF8YCbOzKy_C72eU9ig,2022-10-24T00:08:12Z,"Isso é o bolsonarismo, o ódio, a arma, o tiro. Muitos jornalistas defendem essa turma. A Jovem Pan principalmente está com essa turma.",QURTSl9pM2xHNFhSVktJUklTT3Q1eV8tZVVhZ0pNQTF2eERTZkNzTkkxcTBBOGZkcGs1NHJ4NUJNYlN1VTE3YnkzOEV6TTVDU3E4OGxFYw==,2023-06-08 14:52:36.492671
youtube#commentThread,AVXnvFjl1ewPN8D0gh8jjVUicO8,Ugzc_Ksj18Xlay0ky_94AaABAg,"{'videoId': 'zEfTDpfyt1o', 'topLevelComment': {'kind': 'youtube#comment', 'etag': 'ECBfLgctKejqxultA_UvP8iBQBA', 'id': 'Ugzc_Ksj18Xlay0ky_94AaABAg', 'snippet': {'videoId': 'zEfTDpfyt1o', 'textDisplay': 'PRA. VC QUE AI ESTA COM TODO ESSE DRAMA,VAI CHRRAR NA CAMA QUE É UM LUGARZINHO QUENTE OK,O QUE ESSA REDE ESGOTO ESTA QUERENDO MAIS FAMA OK, AS AGRECOES CONTRA UM SENHOR DE IDADE AVANCADA ALEM DE ESTAR PRESO EM CASA SEM PODER SE DEFENDER O QUE VCS NAO FALAM QUE TAL,CALA TUA BOCA PTCC DISFARSSADO OK SEU SAFADO.O M ASIS RIDUCULO E VCS MUDAREM O RUMO DAS COISAS OU NAO, O QUE VCS QUEREM E FAMA E MUITO BLA BLAS. VCS SE METEM NO QUE NAO E DA OSSACA DE NAO SO DE VCS COMO DE OK UTROS BISBILHOTEIROS VAO PROCURAR O QUE FAZER. JA ESQUECERAM O CASO DO R.J.OK.CALA. TUA BOCA BABACA.', 'textOriginal': 'PRA. VC QUE AI ESTA COM TODO ESSE DRAMA,VAI CHRRAR NA CAMA QUE É UM LUGARZINHO QUENTE OK,O QUE ESSA REDE ESGOTO ESTA QUERENDO MAIS FAMA OK, AS AGRECOES CONTRA UM SENHOR DE IDADE AVANCADA ALEM DE ESTAR PRESO EM CASA SEM PODER SE DEFENDER O QUE VCS NAO FALAM QUE TAL,CALA TUA BOCA PTCC DISFARSSADO OK SEU SAFADO.O M ASIS RIDUCULO E VCS MUDAREM O RUMO DAS COISAS OU NAO, O QUE VCS QUEREM E FAMA E MUITO BLA BLAS. VCS SE METEM NO QUE NAO E DA OSSACA DE NAO SO DE VCS COMO DE OK UTROS BISBILHOTEIROS VAO PROCURAR O QUE FAZER. JA ESQUECERAM O CASO DO R.J.OK.CALA. TUA BOCA BABACA.', 'authorDisplayName': 'Joao Filho', 'authorProfileImageUrl': 'https://yt3.ggpht.com/ytc/AGIKgqMSc4yzw8kjdg9bC0UwNpVptBwthmjsAumDBCqPXdauJItnIrdXWSl8cDI3cfPV=s48-c-k-c0x00ffffff-no-rj', 'authorChannelUrl': 'http://www.youtube.com/channel/UCnfWxdp9LBasJBS0V6_tmCg', 'authorChannelId': {'value': 'UCnfWxdp9LBasJBS0V6_tmCg'}, 'canRate': True, 'viewerRating': 'none', 'likeCount': 0, 'publishedAt': '2022-10-24T00:07:38Z', 'updatedAt': '2022-10-24T00:07:38Z'}}, 'canReply': True, 'totalReplyCount': 0, 'isPublic': True}",,UCnfWxdp9LBasJBS0V6_tmCg,2022-10-24T00:07:38Z,"PRA. VC QUE AI ESTA COM TODO ESSE DRAMA,VAI CHRRAR NA CAMA QUE É UM LUGARZINHO QUENTE OK,O QUE ESSA REDE ESGOTO ESTA QUERENDO MAIS FAMA OK, AS AGRECOES CONTRA UM SENHOR DE IDADE AVANCADA ALEM DE ESTAR PRESO EM CASA SEM PODER SE DEFENDER O QUE VCS NAO FALAM QUE TAL,CALA TUA BOCA PTCC DISFARSSADO OK SEU SAFADO.O M ASIS RIDUCULO E VCS MUDAREM O RUMO DAS COISAS OU NAO, O QUE VCS QUEREM E FAMA E MUITO BLA BLAS. VCS SE METEM NO QUE NAO E DA OSSACA DE NAO SO DE VCS COMO DE OK UTROS BISBILHOTEIROS VAO PROCURAR O QUE FAZER. JA ESQUECERAM O CASO DO R.J.OK.CALA. TUA BOCA BABACA.",QURTSl9pMnMzbUpzMDczTnNEUHJjcEdQWjRtOHAtZHVOeVpWMFVYRTdUMmJKeHV1V2ZtTXkzNktQTm9tTnN0bHJUTzhxNE01enQwZm4zVQ==,2023-06-08 14:52:37.393138
youtube#commentThread,QBlaxzVPfLwpja4mf6u2w4Gf8t4,UgzB24yWQ6DlmEcRnQx4AaABAg,"{'videoId': 'zEfTDpfyt1o', 'topLevelComment': {'kind': 'youtube#comment', 'etag': 'Ee3kuVHNUbiHG9eZCV6MUDCLYiY', 'id': 'UgzB24yWQ6DlmEcRnQx4AaABAg', 'snippet': {'videoId': 'zEfTDpfyt1o', 'textDisplay': 'O povo sabe que a Rede de Esgoto é só mentira e, por isso agridem', 'textOriginal': 'O povo sabe que a Rede de Esgoto é só mentira e, por isso agridem', 'authorDisplayName': 'Scienze della vita', 'authorProfileImageUrl': 'https://yt3.ggpht.com/tK-F_wPbEg4LerxcLnQ5Cqu6BBAzNNSZqMqfydXZCq5xhzfvA5g9gHHtPFhjRepv83iW-Tm-7w=s48-c-k-c0x00ffffff-no-rj', 'authorChannelUrl': 'http://www.youtube.com/channel/UC7H9UHrj5WV7eVtUViZsy3g', 'authorChannelId': {'value': 'UC7H9UHrj5WV7eVtUViZsy3g'}, 'canRate': True, 'viewerRating': 'none', 'likeCount': 1, 'publishedAt': '2022-10-24T00:07:38Z', 'updatedAt': '2022-10-24T00:08:32Z'}}, 'canReply': True, 'totalReplyCount': 0, 'isPublic': True}",,UC7H9UHrj5WV7eVtUViZsy3g,2022-10-24T00:07:38Z,"O povo sabe que a Rede de Esgoto é só mentira e, por isso agridem",QURTSl9pMnMzbUpzMDczTnNEUHJjcEdQWjRtOHAtZHVOeVpWMFVYRTdUMmJKeHV1V2ZtTXkzNktQTm9tTnN0bHJUTzhxNE01enQwZm4zVQ==,2023-06-08 14:52:37.393138
youtube#commentThread,3RARhiEzr5_5Y7YD_SLEio-f--k,UgyjXKKR1eJsmjGhzfZ4AaABAg,"{'videoId': 'zEfTDpfyt1o', 'topLevelComment': {'kind': 'youtube#comment', 'etag': 'MtSGvX_cB_NwPsH8PyQNCZTWCDQ', 'id': 'UgyjXKKR1eJsmjGhzfZ4AaABAg', 'snippet': {'videoId': 'zEfTDpfyt1o', 'textDisplay': 'A REDE GLOBO REPUDIOU A CENSURA A JOVEM PAN?', 'textOriginal': 'A REDE GLOBO REPUDIOU A CENSURA A JOVEM PAN?', 'authorDisplayName': 'litoral pescados', 'authorProfileImageUrl': 'https://yt3.ggpht.com/ytc/AGIKgqOwKzkyMMUZtT0BQtYWEJMGxy0odPu5rPDb=s48-c-k-c0x00ffffff-no-rj', 'authorChannelUrl': 'http://www.youtube.com/channel/UCBQdoXkM9_lg-YUIF74QfTQ', 'authorChannelId': {'value': 'UCBQdoXkM9_lg-YUIF74QfTQ'}, 'canRate': True, 'viewerRating': 'none', 'likeCount': 0, 'publishedAt': '2022-10-24T00:06:57Z', 'updatedAt': '2022-10-24T00:06:57Z'}}, 'canReply': True, 'totalReplyCount': 0, 'isPublic': True}",,UCBQdoXkM9_lg-YUIF74QfTQ,2022-10-24T00:06:57Z,A REDE GLOBO REPUDIOU A CENSURA A JOVEM PAN?,QURTSl9pMnMzbUpzMDczTnNEUHJjcEdQWjRtOHAtZHVOeVpWMFVYRTdUMmJKeHV1V2ZtTXkzNktQTm9tTnN0bHJUTzhxNE01enQwZm4zVQ==,2023-06-08 14:52:37.393138
youtube#commentThread,BKUaUaBhY1TCSAOn4b2rRpkIU_k,UgwyJCAY1vmvqCV5Ljx4AaABAg,"{'videoId': 'zEfTDpfyt1o', 'topLevelComment': {'kind': 'youtube#comment', 'etag': 'VP68-M6oK5jw68AiCAY3cNYLTlc', 'id': 'UgwyJCAY1vmvqCV5Ljx4AaABAg', 'snippet': {'videoId': 'zEfTDpfyt1o', 'textDisplay': 'Gentileza retificar: &quot;Apoiadores de Bolsonaro&quot;.', 'textOriginal': 'Gentileza retificar: ""Apoiadores de Bolsonaro"".', 'authorDisplayName': 'Edsom Eduardo Ribeiro de Oliveira', 'authorProfileImageUrl': 'https://yt3.ggpht.com/ytc/AGIKgqP_Oay-TjDe-B28QzDM3rmz2Bv-V9J0AeO1QLQBNg=s48-c-k-c0x00ffffff-no-rj', 'authorChannelUrl': 'http://www.youtube.com/channel/UCjp9UKvqFn381XLk4WfBe0g', 'authorChannelId': {'value': 'UCjp9UKvqFn381XLk4WfBe0g'}, 'canRate': True, 'viewerRating': 'none', 'likeCount': 0, 'publishedAt': '2022-10-24T00:06:44Z', 'updatedAt': '2022-10-24T00:06:44Z'}}, 'canReply': True, 'totalReplyCount': 0, 'isPublic': True}",,UCjp9UKvqFn381XLk4WfBe0g,2022-10-24T00:06:44Z,"Gentileza retificar: ""Apoiadores de Bolsonaro"".",QURTSl9pMnMzbUpzMDczTnNEUHJjcEdQWjRtOHAtZHVOeVpWMFVYRTdUMmJKeHV1V2ZtTXkzNktQTm9tTnN0bHJUTzhxNE01enQwZm4zVQ==,2023-06-08 14:52:37.393138
youtube#commentThread,j_4TQGi-m0D7LYMyjecI0J4JCtM,UgwR9ue9T_cz2_YF8HZ4AaABAg,"{'videoId': 'zEfTDpfyt1o', 'topLevelComment': {'kind': 'youtube#comment', 'etag': 'R_peq96iah0oF8PbR83fF6baKMM', 'id': 'UgwR9ue9T_cz2_YF8HZ4AaABAg', 'snippet': {'videoId': 'zEfTDpfyt1o', 'textDisplay': '😱😱😱😱', 'textOriginal': '😱😱😱😱', 'authorDisplayName': 'Sarinha', 'authorProfileImageUrl': 'https://yt3.ggpht.com/q2q08qEWvCPcsRxF8mgkDlvWiy42REjHpaPg1bk7ybdthqOKx6MuCiVr5YjY_YcPk_MBsV6bbQ=s48-c-k-c0x00ffffff-no-rj', 'authorChannelUrl': 'http://www.youtube.com/channel/UCRXuZzIgVRrnF7J2BFwsvww', 'authorChannelId': {'value': 'UCRXuZzIgVRrnF7J2BFwsvww'}, 'canRate': True, 'viewerRating': 'none', 'likeCount': 0, 'publishedAt': '2022-10-24T00:06:33Z', 'updatedAt': '2022-10-24T00:06:33Z'}}, 'canReply': True, 'totalReplyCount': 0, 'isPublic': True}",,UCRXuZzIgVRrnF7J2BFwsvww,2022-10-24T00:06:33Z,😱😱😱😱,QURTSl9pMnMzbUpzMDczTnNEUHJjcEdQWjRtOHAtZHVOeVpWMFVYRTdUMmJKeHV1V2ZtTXkzNktQTm9tTnN0bHJUTzhxNE01enQwZm4zVQ==,2023-06-08 14:52:37.393138
youtube#commentThread,gEva8AvNF9r7jM48dXhKTo2teNM,UgzneczUiL_q6xP2x1V4AaABAg,"{'videoId': 'zEfTDpfyt1o', 'topLevelComment': {'kind': 'youtube#comment', 'etag': 'IUohaNCQzgnE8GtKsRHXzVuZbEc', 'id': 'UgzneczUiL_q6xP2x1V4AaABAg', 'snippet': {'videoId': 'zEfTDpfyt1o', 'textDisplay': 'Sabem o que existe?? MALDADE, O DEMÔNIO POR PERTO, A COVARDIA DO SUJEITO DE CAMISA VERDE , QUE EMPURRA COVARDEMENTE E VAI<br>EMBORA…  O QUÊ É ISTO⁉️⁉️', 'textOriginal': 'Sabem o que existe?? MALDADE, O DEMÔNIO POR PERTO, A COVARDIA DO SUJEITO DE CAMISA VERDE , QUE EMPURRA COVARDEMENTE E VAI\\nEMBORA…  O QUÊ É ISTO⁉️⁉️', 'authorDisplayName': 'heloisa m.bhering', 'authorProfileImageUrl': 'https://yt3.ggpht.com/ytc/AGIKgqPRD0Lit0gw5OPYCZso2MKQFDhug5Cv9p4HUxPayw=s48-c-k-c0x00ffffff-no-rj', 'authorChannelUrl': 'http://www.youtube.com/channel/UCNWc9mtHx99EXyotHQWgEUQ', 'authorChannelId': {'value': 'UCNWc9mtHx99EXyotHQWgEUQ'}, 'canRate': True, 'viewerRating': 'none', 'likeCount': 0, 'publishedAt': '2022-10-24T00:05:55Z', 'updatedAt': '2022-10-24T00:05:55Z'}}, 'canReply': True, 'totalReplyCount': 0, 'isPublic': True}",,UCNWc9mtHx99EXyotHQWgEUQ,2022-10-24T00:05:55Z,"Sabem o que existe?? MALDADE, O DEMÔNIO POR PERTO, A COVARDIA DO SUJEITO DE CAMISA VERDE , QUE EMPURRA COVARDEMENTE E VAI
EMBORA…  O QUÊ É ISTO⁉️⁉️",QURTSl9pMnMzbUpzMDczTnNEUHJjcEdQWjRtOHAtZHVOeVpWMFVYRTdUMmJKeHV1V2ZtTXkzNktQTm9tTnN0bHJUTzhxNE01enQwZm4zVQ==,2023-06-08 14:52:37.393138
youtube#commentThread,HVWnU_3kBxb88nNQu3bWVgvAA2o,Ugyy24G2d9JVimyNZxB4AaABAg,"{'videoId': 'zEfTDpfyt1o', 'topLevelComment': {'kind': 'youtube#comment', 'etag': 'heVVx45LqTMLN8PTGvPcditHgik', 'id': 'Ugyy24G2d9JVimyNZxB4AaABAg', 'snippet': {'videoId': 'zEfTDpfyt1o', 'textDisplay': 'AGORA À MIDIA VAI CULPAR O PRESIDENTE😒TD QUE NÃO QUEREMOS NO MOMENTO SERIA ESSE TIPO DE COISA😒😒', 'textOriginal': 'AGORA À MIDIA VAI CULPAR O PRESIDENTE😒TD QUE NÃO QUEREMOS NO MOMENTO SERIA ESSE TIPO DE COISA😒😒', 'authorDisplayName': 'maria cristina aranha pinto', 'authorProfileImageUrl': 'https://yt3.ggpht.com/ytc/AGIKgqPkluJfdXkwxVwf6oo5RqMB4Z-Ms5V2cimjiZyg=s48-c-k-c0x00ffffff-no-rj', 'authorChannelUrl': 'http://www.youtube.com/channel/UCpVwv-oAnQHx9PExzcd0kqg', 'authorChannelId': {'value': 'UCpVwv-oAnQHx9PExzcd0kqg'}, 'canRate': True, 'viewerRating': 'none', 'likeCount': 0, 'publishedAt': '2022-10-24T00:05:51Z', 'updatedAt': '2022-10-24T00:05:51Z'}}, 'canReply': True, 'totalReplyCount': 0, 'isPublic': True}",,UCpVwv-oAnQHx9PExzcd0kqg,2022-10-24T00:05:51Z,AGORA À MIDIA VAI CULPAR O PRESIDENTE😒TD QUE NÃO QUEREMOS NO MOMENTO SERIA ESSE TIPO DE COISA😒😒,QURTSl9pMnMzbUpzMDczTnNEUHJjcEdQWjRtOHAtZHVOeVpWMFVYRTdUMmJKeHV1V2ZtTXkzNktQTm9tTnN0bHJUTzhxNE01enQwZm4zVQ==,2023-06-08 14:52:37.393138
youtube#commentThread,5luGfMfn9TGCE9MAxCES75CCuYM,UgzGOKtzRYJz60Guehh4AaABAg,"{'videoId': 'zEfTDpfyt1o', 'topLevelComment': {'kind': 'youtube#comment', 'etag': 'pSVjaBzCuv5fq35MCbNuB7HQVDY', 'id': 'UgzGOKtzRYJz60Guehh4AaABAg', 'snippet': {'videoId': 'zEfTDpfyt1o', 'textDisplay': 'Censur@@@@ nãooooooo!!!', 'textOriginal': 'Censur@@@@ nãooooooo!!!', 'authorDisplayName': 'Douglas Costa', 'authorProfileImageUrl': 'https://yt3.ggpht.com/ytc/AGIKgqOBHdBaLBd7PpdcRNd_rSTIfoc46XMHi97i9w=s48-c-k-c0x00ffffff-no-rj', 'authorChannelUrl': 'http://www.youtube.com/channel/UC2PKYkT_vJ5drDSdM6Nf0cw', 'authorChannelId': {'value': 'UC2PKYkT_vJ5drDSdM6Nf0cw'}, 'canRate': True, 'viewerRating': 'none', 'likeCount': 1, 'publishedAt': '2022-10-24T00:05:02Z', 'updatedAt': '2022-10-24T00:05:02Z'}}, 'canReply': True, 'totalReplyCount': 0, 'isPublic': True}",,UC2PKYkT_vJ5drDSdM6Nf0cw,2022-10-24T00:05:02Z,Censur@@@@ nãooooooo!!!,QURTSl9pMnMzbUpzMDczTnNEUHJjcEdQWjRtOHAtZHVOeVpWMFVYRTdUMmJKeHV1V2ZtTXkzNktQTm9tTnN0bHJUTzhxNE01enQwZm4zVQ==,2023-06-08 14:52:37.393138
youtube#commentThread,3lwB6cgk-9unKDqFAao55GXuBhA,UgwnuSuGYANAsKcdtwx4AaABAg,"{'videoId': 'zEfTDpfyt1o', 'topLevelComment': {'kind': 'youtube#comment', 'etag': '6AF0m1e8fSWc4nHdxBorGbD84GA', 'id': 'UgwnuSuGYANAsKcdtwx4AaABAg', 'snippet': {'videoId': 'zEfTDpfyt1o', 'textDisplay': 'Não é correto fazermos isso pois eles estão a trabalho, não importa a Emissora tem que ser respeitado no seu trabalho.', 'textOriginal': 'Não é correto fazermos isso pois eles estão a trabalho, não importa a Emissora tem que ser respeitado no seu trabalho.', 'authorDisplayName': 'Neusa Santos', 'authorProfileImageUrl': 'https://yt3.ggpht.com/ytc/AGIKgqMSS35C806KZM98isTB6pLenHqBPUgoKv1oQw=s48-c-k-c0x00ffffff-no-rj', 'authorChannelUrl': 'http://www.youtube.com/channel/UC1ViAfdnyQyb1vOBVuzagFw', 'authorChannelId': {'value': 'UC1ViAfdnyQyb1vOBVuzagFw'}, 'canRate': True, 'viewerRating': 'none', 'likeCount': 0, 'publishedAt': '2022-10-24T00:04:31Z', 'updatedAt': '2022-10-24T00:04:31Z'}}, 'canReply': True, 'totalReplyCount': 0, 'isPublic': True}",,UC1ViAfdnyQyb1vOBVuzagFw,2022-10-24T00:04:31Z,"Não é correto fazermos isso pois eles estão a trabalho, não importa a Emissora tem que ser respeitado no seu trabalho.",QURTSl9pMnMzbUpzMDczTnNEUHJjcEdQWjRtOHAtZHVOeVpWMFVYRTdUMmJKeHV1V2ZtTXkzNktQTm9tTnN0bHJUTzhxNE01enQwZm4zVQ==,2023-06-08 14:52:37.393138
youtube#commentThread,KidcDKR8nD-pl1uSZlqLaUk3fkI,UgwFpSSw-zUxEtJcOrN4AaABAg,"{'videoId': 'zEfTDpfyt1o', 'topLevelComment': {'kind': 'youtube#comment', 'etag': 'ELC6jZm6ZLNVu8pUmPa6Y2oo6_E', 'id': 'UgwFpSSw-zUxEtJcOrN4AaABAg', 'snippet': {'videoId': 'zEfTDpfyt1o', 'textDisplay': 'O xandão está jogando gasolina no fogo. ele que degola cabeças, logo vai se deitar na guilhotina e a sua cabeça vai pender em uma lança igual na revoluçao francesa. Isto é uma metáfora, mas quem sabe...', 'textOriginal': 'O xandão está jogando gasolina no fogo. ele que degola cabeças, logo vai se deitar na guilhotina e a sua cabeça vai pender em uma lança igual na revoluçao francesa. Isto é uma metáfora, mas quem sabe...', 'authorDisplayName': 'GH0ST', 'authorProfileImageUrl': 'https://yt3.ggpht.com/ytc/AGIKgqP_toq8MvNDEC1ttnrrMmML4zTnLGuwx6GxtGXAKw=s48-c-k-c0x00ffffff-no-rj', 'authorChannelUrl': 'http://www.youtube.com/channel/UCzHJI3n3BuTSFeiFf_SadgA', 'authorChannelId': {'value': 'UCzHJI3n3BuTSFeiFf_SadgA'}, 'canRate': True, 'viewerRating': 'none', 'likeCount': 0, 'publishedAt': '2022-10-24T00:04:04Z', 'updatedAt': '2022-10-24T00:04:04Z'}}, 'canReply': True, 'totalReplyCount': 0, 'isPublic': True}",,UCzHJI3n3BuTSFeiFf_SadgA,2022-10-24T00:04:04Z,"O xandão está jogando gasolina no fogo. ele que degola cabeças, logo vai se deitar na guilhotina e a sua cabeça vai pender em uma lança igual na revoluçao francesa. Isto é uma metáfora, mas quem sabe...",QURTSl9pMnMzbUpzMDczTnNEUHJjcEdQWjRtOHAtZHVOeVpWMFVYRTdUMmJKeHV1V2ZtTXkzNktQTm9tTnN0bHJUTzhxNE01enQwZm4zVQ==,2023-06-08 14:52:37.393138
youtube#commentThread,dVw_AaAo2rQIeJul2AGYWFGNMT0,UgxlG0vpFqnWEjLb2jZ4AaABAg,"{'videoId': 'zEfTDpfyt1o', 'topLevelComment': {'kind': 'youtube#comment', 'etag': 'c2ToyRljTueUnqcqMgGKCS7Ujsc', 'id': 'UgxlG0vpFqnWEjLb2jZ4AaABAg', 'snippet': {'videoId': 'zEfTDpfyt1o', 'textDisplay': 'REPUDIAMOS TDS TIPOS DE AGRESSÃO😒😒', 'textOriginal': 'REPUDIAMOS TDS TIPOS DE AGRESSÃO😒😒', 'authorDisplayName': 'maria cristina aranha pinto', 'authorProfileImageUrl': 'https://yt3.ggpht.com/ytc/AGIKgqPkluJfdXkwxVwf6oo5RqMB4Z-Ms5V2cimjiZyg=s48-c-k-c0x00ffffff-no-rj', 'authorChannelUrl': 'http://www.youtube.com/channel/UCpVwv-oAnQHx9PExzcd0kqg', 'authorChannelId': {'value': 'UCpVwv-oAnQHx9PExzcd0kqg'}, 'canRate': True, 'viewerRating': 'none', 'likeCount': 0, 'publishedAt': '2022-10-24T00:03:06Z', 'updatedAt': '2022-10-24T00:03:06Z'}}, 'canReply': True, 'totalReplyCount': 0, 'isPublic': True}",,UCpVwv-oAnQHx9PExzcd0kqg,2022-10-24T00:03:06Z,REPUDIAMOS TDS TIPOS DE AGRESSÃO😒😒,QURTSl9pMnMzbUpzMDczTnNEUHJjcEdQWjRtOHAtZHVOeVpWMFVYRTdUMmJKeHV1V2ZtTXkzNktQTm9tTnN0bHJUTzhxNE01enQwZm4zVQ==,2023-06-08 14:52:37.393138
youtube#commentThread,-BwOME8YNtCNkkUu_qXARGn5OQA,UgxZt2fHOs2u1XWUlr14AaABAg,"{'videoId': 'zEfTDpfyt1o', 'topLevelComment': {'kind': 'youtube#comment', 'etag': 'QSdWMjhh2FMoSee__SZs2ekM7Y0', 'id': 'UgxZt2fHOs2u1XWUlr14AaABAg', 'snippet': {'videoId': 'zEfTDpfyt1o', 'textDisplay': 'Culpa disso e do STF', 'textOriginal': 'Culpa disso e do STF', 'authorDisplayName': 'Ana Paula Ferreira', 'authorProfileImageUrl': 'https://yt3.ggpht.com/ytc/AGIKgqOzjJBjLzn0Goi2EXMfUW3hLBxe4sLW8WLoNQ=s48-c-k-c0x00ffffff-no-rj', 'authorChannelUrl': 'http://www.youtube.com/channel/UCoeG3GmfeB3mC1LWyV_Bs1w', 'authorChannelId': {'value': 'UCoeG3GmfeB3mC1LWyV_Bs1w'}, 'canRate': True, 'viewerRating': 'none', 'likeCount': 0, 'publishedAt': '2022-10-24T00:02:27Z', 'updatedAt': '2022-10-24T00:02:27Z'}}, 'canReply': True, 'totalReplyCount': 0, 'isPublic': True}",,UCoeG3GmfeB3mC1LWyV_Bs1w,2022-10-24T00:02:27Z,Culpa disso e do STF,QURTSl9pMnMzbUpzMDczTnNEUHJjcEdQWjRtOHAtZHVOeVpWMFVYRTdUMmJKeHV1V2ZtTXkzNktQTm9tTnN0bHJUTzhxNE01enQwZm4zVQ==,2023-06-08 14:52:37.393138
youtube#commentThread,z1vP0zXMNQFTb0Lylr0fc7akKP8,UgwejGEw_0ujj9XBFvR4AaABAg,"{'videoId': 'zEfTDpfyt1o', 'topLevelComment': {'kind': 'youtube#comment', 'etag': 'GSeAc3NBEew7h6ZrDUv7xYzxtJM', 'id': 'UgwejGEw_0ujj9XBFvR4AaABAg', 'snippet': {'videoId': 'zEfTDpfyt1o', 'textDisplay': 'DEUS SALVA NOSSA NAÇÃO🙏🇧🇷🇧🇷🇧🇷🇧🇷', 'textOriginal': 'DEUS SALVA NOSSA NAÇÃO🙏🇧🇷🇧🇷🇧🇷🇧🇷', 'authorDisplayName': 'maria cristina aranha pinto', 'authorProfileImageUrl': 'https://yt3.ggpht.com/ytc/AGIKgqPkluJfdXkwxVwf6oo5RqMB4Z-Ms5V2cimjiZyg=s48-c-k-c0x00ffffff-no-rj', 'authorChannelUrl': 'http://www.youtube.com/channel/UCpVwv-oAnQHx9PExzcd0kqg', 'authorChannelId': {'value': 'UCpVwv-oAnQHx9PExzcd0kqg'}, 'canRate': True, 'viewerRating': 'none', 'likeCount': 3, 'publishedAt': '2022-10-24T00:02:19Z', 'updatedAt': '2022-10-24T00:02:19Z'}}, 'canReply': True, 'totalReplyCount': 0, 'isPublic': True}",,UCpVwv-oAnQHx9PExzcd0kqg,2022-10-24T00:02:19Z,DEUS SALVA NOSSA NAÇÃO🙏🇧🇷🇧🇷🇧🇷🇧🇷,QURTSl9pMnMzbUpzMDczTnNEUHJjcEdQWjRtOHAtZHVOeVpWMFVYRTdUMmJKeHV1V2ZtTXkzNktQTm9tTnN0bHJUTzhxNE01enQwZm4zVQ==,2023-06-08 14:52:37.393138
youtube#commentThread,B0KqVaFetUcORriqBcvXEsd_M6o,UgwxVRff7n5lluPF-eh4AaABAg,"{'videoId': 'zEfTDpfyt1o', 'topLevelComment': {'kind': 'youtube#comment', 'etag': 'HC_fcA_5bHk0ZgaaNW7rBrmnprs', 'id': 'UgwxVRff7n5lluPF-eh4AaABAg', 'snippet': {'videoId': 'zEfTDpfyt1o', 'textDisplay': 'Realmente muito lamentável.A agressão é fato totalmente irresponsável. Parabéns à JovenPan pela informação.', 'textOriginal': 'Realmente muito lamentável.A agressão é fato totalmente irresponsável. Parabéns à JovenPan pela informação.', 'authorDisplayName': 'Thomas', 'authorProfileImageUrl': 'https://yt3.ggpht.com/XpHXSyFqA2y4CBn0F-LwNx_OlbUnedDOXG9m0iYD-gjfaEkW0B72nfnkHrw9G7xYq3OC_bnW=s48-c-k-c0x00ffffff-no-rj', 'authorChannelUrl': 'http://www.youtube.com/channel/UC_l0FaZ6dj8Os4rBRfPPWaQ', 'authorChannelId': {'value': 'UC_l0FaZ6dj8Os4rBRfPPWaQ'}, 'canRate': True, 'viewerRating': 'none', 'likeCount': 3, 'publishedAt': '2022-10-24T00:01:50Z', 'updatedAt': '2022-10-24T00:01:50Z'}}, 'canReply': True, 'totalReplyCount': 0, 'isPublic': True}",,UC_l0FaZ6dj8Os4rBRfPPWaQ,2022-10-24T00:01:50Z,Realmente muito lamentável.A agressão é fato totalmente irresponsável. Parabéns à JovenPan pela informação.,QURTSl9pMnMzbUpzMDczTnNEUHJjcEdQWjRtOHAtZHVOeVpWMFVYRTdUMmJKeHV1V2ZtTXkzNktQTm9tTnN0bHJUTzhxNE01enQwZm4zVQ==,2023-06-08 14:52:37.393138
youtube#commentThread,7e_yOI79IX9QRomcxxiCLoI_UnI,Ugxow9f7-bdTx92FwcB4AaABAg,"{'videoId': 'zEfTDpfyt1o', 'topLevelComment': {'kind': 'youtube#comment', 'etag': 'c4mHxnSiPAmtoIBFtphQMBTk7U8', 'id': 'Ugxow9f7-bdTx92FwcB4AaABAg', 'snippet': {'videoId': 'zEfTDpfyt1o', 'textDisplay': 'Com violência não se consegue nada sou contra', 'textOriginal': 'Com violência não se consegue nada sou contra', 'authorDisplayName': 'PAULO RENATO GONÇALVES', 'authorProfileImageUrl': 'https://yt3.ggpht.com/ytc/AGIKgqMA1qClsWgsak2-UXvtpA3ikO-6ON9lvxCToQ=s48-c-k-c0x00ffffff-no-rj', 'authorChannelUrl': 'http://www.youtube.com/channel/UCW15u7Ps4InsduDRTxgu3DQ', 'authorChannelId': {'value': 'UCW15u7Ps4InsduDRTxgu3DQ'}, 'canRate': True, 'viewerRating': 'none', 'likeCount': 0, 'publishedAt': '2022-10-24T00:01:50Z', 'updatedAt': '2022-10-24T00:01:50Z'}}, 'canReply': True, 'totalReplyCount': 0, 'isPublic': True}",,UCW15u7Ps4InsduDRTxgu3DQ,2022-10-24T00:01:50Z,Com violência não se consegue nada sou contra,QURTSl9pMnMzbUpzMDczTnNEUHJjcEdQWjRtOHAtZHVOeVpWMFVYRTdUMmJKeHV1V2ZtTXkzNktQTm9tTnN0bHJUTzhxNE01enQwZm4zVQ==,2023-06-08 14:52:37.393138
youtube#commentThread,lxMn24YT7Q5-kmLn2MZtD0P1ncI,UgwcZste_hU_D2gsKRV4AaABAg,"{'videoId': 'zEfTDpfyt1o', 'topLevelComment': {'kind': 'youtube#comment', 'etag': 'l1uyhBHlKiBLzStH0gwWvWeJ7nk', 'id': 'UgwcZste_hU_D2gsKRV4AaABAg', 'snippet': {'videoId': 'zEfTDpfyt1o', 'textDisplay': 'DEUS TENHA MISERICORDIA 🙏GUARDE TDS EMBAIXO DAS SUAS ASAS🙏ESTAMOS NA TORCIDA PELA RECUPERAÇÃO DESSE CINEGRAFISTA😰', 'textOriginal': 'DEUS TENHA MISERICORDIA 🙏GUARDE TDS EMBAIXO DAS SUAS ASAS🙏ESTAMOS NA TORCIDA PELA RECUPERAÇÃO DESSE CINEGRAFISTA😰', 'authorDisplayName': 'maria cristina aranha pinto', 'authorProfileImageUrl': 'https://yt3.ggpht.com/ytc/AGIKgqPkluJfdXkwxVwf6oo5RqMB4Z-Ms5V2cimjiZyg=s48-c-k-c0x00ffffff-no-rj', 'authorChannelUrl': 'http://www.youtube.com/channel/UCpVwv-oAnQHx9PExzcd0kqg', 'authorChannelId': {'value': 'UCpVwv-oAnQHx9PExzcd0kqg'}, 'canRate': True, 'viewerRating': 'none', 'likeCount': 0, 'publishedAt': '2022-10-24T00:01:31Z', 'updatedAt': '2022-10-24T00:01:31Z'}}, 'canReply': True, 'totalReplyCount': 1, 'isPublic': True}","{'comments': [{'kind': 'youtube#comment', 'etag': 'NfXj9VKKvWZ7RTyLhMBTBKp9f-8', 'id': 'UgwcZste_hU_D2gsKRV4AaABAg.9hYLXL7AkpM9hYX5VxH81v', 'snippet': {'videoId': 'zEfTDpfyt1o', 'textDisplay': 'ELE QUERIA VER SANGUE.???..', 'textOriginal': 'ELE QUERIA VER SANGUE.???..', 'parentId': 'UgwcZste_hU_D2gsKRV4AaABAg', 'authorDisplayName': 'Tiburcio Nascimento', 'authorProfileImageUrl': 'https://yt3.ggpht.com/ytc/AGIKgqPYJ16XbloZp1nRif2q9UiINjE9b3aLcJFllVpYZmGF8L32gAvFuJ_fm0H5T6oa=s48-c-k-c0x00ffffff-no-rj', 'authorChannelUrl': 'http://www.youtube.com/channel/UCOpVT2WBtvOTmNgRgNreY3Q', 'authorChannelId': {'value': 'UCOpVT2WBtvOTmNgRgNreY3Q'}, 'canRate': True, 'viewerRating': 'none', 'likeCount': 0, 'publishedAt': '2022-10-24T01:42:35Z', 'updatedAt': '2022-10-24T01:42:35Z'}}]}",UCpVwv-oAnQHx9PExzcd0kqg,2022-10-24T00:01:31Z,DEUS TENHA MISERICORDIA 🙏GUARDE TDS EMBAIXO DAS SUAS ASAS🙏ESTAMOS NA TORCIDA PELA RECUPERAÇÃO DESSE CINEGRAFISTA😰,QURTSl9pMnMzbUpzMDczTnNEUHJjcEdQWjRtOHAtZHVOeVpWMFVYRTdUMmJKeHV1V2ZtTXkzNktQTm9tTnN0bHJUTzhxNE01enQwZm4zVQ==,2023-06-08 14:52:37.393138
youtube#commentThread,R81gQsqvYyngOv0YHqGMj_9ea94,UgyADRlUVZLYKk6Hx5F4AaABAg,"{'videoId': 'zEfTDpfyt1o', 'topLevelComment': {'kind': 'youtube#comment', 'etag': 'vhCj8CJxVcw6PZrRgX5ocb9IaiE', 'id': 'UgyADRlUVZLYKk6Hx5F4AaABAg', 'snippet': {'videoId': 'zEfTDpfyt1o', 'textDisplay': 'O problema é que a Globo vem tirando onda com nossa cara faz tempo. E aí quem paga são seus funcionários que muitas vezes são obrigados a fazer aquilo que eles querem.', 'textOriginal': 'O problema é que a Globo vem tirando onda com nossa cara faz tempo. E aí quem paga são seus funcionários que muitas vezes são obrigados a fazer aquilo que eles querem.', 'authorDisplayName': 'Maria Luisa', 'authorProfileImageUrl': 'https://yt3.ggpht.com/ytc/AGIKgqPoOechep5yD94hVxD0JBZMJBTRbaBmXAROrg=s48-c-k-c0x00ffffff-no-rj', 'authorChannelUrl': 'http://www.youtube.com/channel/UCp2xGj67xUjr-VGyPLDLHOA', 'authorChannelId': {'value': 'UCp2xGj67xUjr-VGyPLDLHOA'}, 'canRate': True, 'viewerRating': 'none', 'likeCount': 1, 'publishedAt': '2022-10-24T00:01:00Z', 'updatedAt': '2022-10-24T00:01:00Z'}}, 'canReply': True, 'totalReplyCount': 0, 'isPublic': True}",,UCp2xGj67xUjr-VGyPLDLHOA,2022-10-24T00:01:00Z,O problema é que a Globo vem tirando onda com nossa cara faz tempo. E aí quem paga são seus funcionários que muitas vezes são obrigados a fazer aquilo que eles querem.,QURTSl9pMnMzbUpzMDczTnNEUHJjcEdQWjRtOHAtZHVOeVpWMFVYRTdUMmJKeHV1V2ZtTXkzNktQTm9tTnN0bHJUTzhxNE01enQwZm4zVQ==,2023-06-08 14:52:37.393138
youtube#commentThread,-v6y6G-mNzyjAWPdEYalQm_o_s4,UgwpafZF7XLjBFTUg3F4AaABAg,"{'videoId': 'zEfTDpfyt1o', 'topLevelComment': {'kind': 'youtube#comment', 'etag': '8GxcI7ysws_IR30DLXrvluEQong', 'id': 'UgwpafZF7XLjBFTUg3F4AaABAg', 'snippet': {'videoId': 'zEfTDpfyt1o', 'textDisplay': 'Roberto Jeferson  está certo.', 'textOriginal': 'Roberto Jeferson  está certo.', 'authorDisplayName': 'Jessé Vieira Peixoto', 'authorProfileImageUrl': 'https://yt3.ggpht.com/ytc/AGIKgqN4E0aLjaOjo-7a8vzhyFMfGZvPInHXVGPvWkHI=s48-c-k-c0x00ffffff-no-rj', 'authorChannelUrl': 'http://www.youtube.com/channel/UCYen1_WtyhNWUReDUkhtrmw', 'authorChannelId': {'value': 'UCYen1_WtyhNWUReDUkhtrmw'}, 'canRate': True, 'viewerRating': 'none', 'likeCount': 0, 'publishedAt': '2022-10-24T00:00:10Z', 'updatedAt': '2022-10-24T00:00:10Z'}}, 'canReply': True, 'totalReplyCount': 0, 'isPublic': True}",,UCYen1_WtyhNWUReDUkhtrmw,2022-10-24T00:00:10Z,Roberto Jeferson  está certo.,QURTSl9pMnMzbUpzMDczTnNEUHJjcEdQWjRtOHAtZHVOeVpWMFVYRTdUMmJKeHV1V2ZtTXkzNktQTm9tTnN0bHJUTzhxNE01enQwZm4zVQ==,2023-06-08 14:52:37.393138
youtube#commentThread,YBrLVNkshGMxxruf4vL4MPBoNnc,Ugy_qRP37XA7Rvy-ZQl4AaABAg,"{'videoId': 'zEfTDpfyt1o', 'topLevelComment': {'kind': 'youtube#comment', 'etag': 'WAP9S_6kNDoj8jv_VAuwZk0SWYA', 'id': 'Ugy_qRP37XA7Rvy-ZQl4AaABAg', 'snippet': {'videoId': 'zEfTDpfyt1o', 'textDisplay': 'Roberto Jefferson, o amigão de Bolsonaro', 'textOriginal': 'Roberto Jefferson, o amigão de Bolsonaro', 'authorDisplayName': 'Fabiano Monte', 'authorProfileImageUrl': 'https://yt3.ggpht.com/ytc/AGIKgqNEgcG3ScYbdlgFYnJ5KK8EVjJ9IJxAKVN5gixrRw=s48-c-k-c0x00ffffff-no-rj', 'authorChannelUrl': 'http://www.youtube.com/channel/UCrFvGIMDgW-eiDi-RvgxZJw', 'authorChannelId': {'value': 'UCrFvGIMDgW-eiDi-RvgxZJw'}, 'canRate': True, 'viewerRating': 'none', 'likeCount': 0, 'publishedAt': '2022-10-24T00:00:07Z', 'updatedAt': '2022-10-24T00:00:07Z'}}, 'canReply': True, 'totalReplyCount': 0, 'isPublic': True}",,UCrFvGIMDgW-eiDi-RvgxZJw,2022-10-24T00:00:07Z,"Roberto Jefferson, o amigão de Bolsonaro",QURTSl9pMnMzbUpzMDczTnNEUHJjcEdQWjRtOHAtZHVOeVpWMFVYRTdUMmJKeHV1V2ZtTXkzNktQTm9tTnN0bHJUTzhxNE01enQwZm4zVQ==,2023-06-08 14:52:37.393138
youtube#commentThread,gfrHtWJQ8PSKVn723uT2oHh0lak,UgyvQF7tY4OxYrT9V_F4AaABAg,"{'videoId': 'zEfTDpfyt1o', 'topLevelComment': {'kind': 'youtube#comment', 'etag': 'kEO5xxljUPpmg1dUfoSxLTSXYmk', 'id': 'UgyvQF7tY4OxYrT9V_F4AaABAg', 'snippet': {'videoId': 'zEfTDpfyt1o', 'textDisplay': 'MEU DEUS, QUE HAJA PAZ EM NOSSO PAÍS!', 'textOriginal': 'MEU DEUS, QUE HAJA PAZ EM NOSSO PAÍS!', 'authorDisplayName': 'Edna Oliveira', 'authorProfileImageUrl': 'https://yt3.ggpht.com/ytc/AGIKgqOYMLoxGWp6mb3Bxu4kV4RkxYs9fvRQ86MRpg=s48-c-k-c0x00ffffff-no-rj', 'authorChannelUrl': 'http://www.youtube.com/channel/UC6KVzNTzzLLhiIwTMdRR7ig', 'authorChannelId': {'value': 'UC6KVzNTzzLLhiIwTMdRR7ig'}, 'canRate': True, 'viewerRating': 'none', 'likeCount': 4, 'publishedAt': '2022-10-24T00:00:02Z', 'updatedAt': '2022-10-24T00:00:02Z'}}, 'canReply': True, 'totalReplyCount': 0, 'isPublic': True}",,UC6KVzNTzzLLhiIwTMdRR7ig,2022-10-24T00:00:02Z,"MEU DEUS, QUE HAJA PAZ EM NOSSO PAÍS!",QURTSl9pMnMzbUpzMDczTnNEUHJjcEdQWjRtOHAtZHVOeVpWMFVYRTdUMmJKeHV1V2ZtTXkzNktQTm9tTnN0bHJUTzhxNE01enQwZm4zVQ==,2023-06-08 14:52:37.393138
youtube#commentThread,erzPBR5hdaAzmF5Vf7F8a11txes,UgznWGL6difaXEkw_C54AaABAg,"{'videoId': 'zEfTDpfyt1o', 'topLevelComment': {'kind': 'youtube#comment', 'etag': 'GZ_yh35rx-Q1zof4Ryap1VF1mc8', 'id': 'UgznWGL6difaXEkw_C54AaABAg', 'snippet': {'videoId': 'zEfTDpfyt1o', 'textDisplay': '😴', 'textOriginal': '😴', 'authorDisplayName': 'Sergio De Oliveira', 'authorProfileImageUrl': 'https://yt3.ggpht.com/ytc/AGIKgqOJsIeLdHSNbcRrC46cQPYPhXwyu8Cw0YiCKw=s48-c-k-c0x00ffffff-no-rj', 'authorChannelUrl': 'http://www.youtube.com/channel/UCJIBcHOG39Ii-Tyc1k0wcOQ', 'authorChannelId': {'value': 'UCJIBcHOG39Ii-Tyc1k0wcOQ'}, 'canRate': True, 'viewerRating': 'none', 'likeCount': 0, 'publishedAt': '2022-10-23T23:59:20Z', 'updatedAt': '2022-10-23T23:59:20Z'}}, 'canReply': True, 'totalReplyCount': 0, 'isPublic': True}",,UCJIBcHOG39Ii-Tyc1k0wcOQ,2022-10-23T23:59:20Z,😴,QURTSl9pMnMzbUpzMDczTnNEUHJjcEdQWjRtOHAtZHVOeVpWMFVYRTdUMmJKeHV1V2ZtTXkzNktQTm9tTnN0bHJUTzhxNE01enQwZm4zVQ==,2023-06-08 14:52:37.393138
youtube#commentThread,8YqRj8hY3y0D5SLFW39_yCDpOMw,Ugyh0cBhZqHOLtVfUxl4AaABAg,"{'videoId': 'zEfTDpfyt1o', 'topLevelComment': {'kind': 'youtube#comment', 'etag': 'CTGrULtct4R0wwC1a97FcejlDLU', 'id': 'Ugyh0cBhZqHOLtVfUxl4AaABAg', 'snippet': {'videoId': 'zEfTDpfyt1o', 'textDisplay': 'Apoiadores de Bolsonaro né', 'textOriginal': 'Apoiadores de Bolsonaro né', 'authorDisplayName': 'Jairo Matias', 'authorProfileImageUrl': 'https://yt3.ggpht.com/ytc/AGIKgqMYF9KwXMZ278bshrlPd8PbzIbg5Ad-f2Ox0FEY2w=s48-c-k-c0x00ffffff-no-rj', 'authorChannelUrl': 'http://www.youtube.com/channel/UCy0wogsM7_eOlO8fCyOXfDQ', 'authorChannelId': {'value': 'UCy0wogsM7_eOlO8fCyOXfDQ'}, 'canRate': True, 'viewerRating': 'none', 'likeCount': 0, 'publishedAt': '2022-10-23T23:59:10Z', 'updatedAt': '2022-10-23T23:59:10Z'}}, 'canReply': True, 'totalReplyCount': 0, 'isPublic': True}",,UCy0wogsM7_eOlO8fCyOXfDQ,2022-10-23T23:59:10Z,Apoiadores de Bolsonaro né,QURTSl9pMnMzbUpzMDczTnNEUHJjcEdQWjRtOHAtZHVOeVpWMFVYRTdUMmJKeHV1V2ZtTXkzNktQTm9tTnN0bHJUTzhxNE01enQwZm4zVQ==,2023-06-08 14:52:37.393138
youtube#commentThread,ceUhGx4zRiAyCxwIWXz716WJvsg,UgxNMQMF33hBoIIXLD54AaABAg,"{'videoId': 'zEfTDpfyt1o', 'topLevelComment': {'kind': 'youtube#comment', 'etag': 'qzXfD8hLpI_Fvn_fXbfeEcI1bJw', 'id': 'UgxNMQMF33hBoIIXLD54AaABAg', 'snippet': {'videoId': 'zEfTDpfyt1o', 'textDisplay': 'Coisa da esquerda eles que gostam dessa palhaçada', 'textOriginal': 'Coisa da esquerda eles que gostam dessa palhaçada', 'authorDisplayName': 'Silvana Viana', 'authorProfileImageUrl': 'https://yt3.ggpht.com/ytc/AGIKgqOFkZ3xxHgi8vbHxIiI2ctPNVN8NpoRBXhUow=s48-c-k-c0x00ffffff-no-rj', 'authorChannelUrl': 'http://www.youtube.com/channel/UC5raR7zohsbCfbT4jMK-Qzw', 'authorChannelId': {'value': 'UC5raR7zohsbCfbT4jMK-Qzw'}, 'canRate': True, 'viewerRating': 'none', 'likeCount': 0, 'publishedAt': '2022-10-23T23:58:56Z', 'updatedAt': '2022-10-23T23:58:56Z'}}, 'canReply': True, 'totalReplyCount': 0, 'isPublic': True}",,UC5raR7zohsbCfbT4jMK-Qzw,2022-10-23T23:58:56Z,Coisa da esquerda eles que gostam dessa palhaçada,QURTSl9pMnMzbUpzMDczTnNEUHJjcEdQWjRtOHAtZHVOeVpWMFVYRTdUMmJKeHV1V2ZtTXkzNktQTm9tTnN0bHJUTzhxNE01enQwZm4zVQ==,2023-06-08 14:52:37.393138
youtube#commentThread,ocpxnHcgpG22z9_MFbCE2kq4iOw,UgyCMbaYoOmGX6uMaCF4AaABAg,"{'videoId': 'zEfTDpfyt1o', 'topLevelComment': {'kind': 'youtube#comment', 'etag': 'TLLtAkZb3FbgHkDu_30_PIxvMPw', 'id': 'UgyCMbaYoOmGX6uMaCF4AaABAg', 'snippet': {'videoId': 'zEfTDpfyt1o', 'textDisplay': 'O povo tem antipatia da globo  !', 'textOriginal': 'O povo tem antipatia da globo  !', 'authorDisplayName': 'Carmelita L Cunha', 'authorProfileImageUrl': 'https://yt3.ggpht.com/ytc/AGIKgqPpRfMdzk3DzI8xyiTmoIV40hOX1g9_jX91ALyTp5Y=s48-c-k-c0x00ffffff-no-rj', 'authorChannelUrl': 'http://www.youtube.com/channel/UCjoapQFZ84FZ8IrWTvQUDqw', 'authorChannelId': {'value': 'UCjoapQFZ84FZ8IrWTvQUDqw'}, 'canRate': True, 'viewerRating': 'none', 'likeCount': 0, 'publishedAt': '2022-10-23T23:58:18Z', 'updatedAt': '2022-10-23T23:58:18Z'}}, 'canReply': True, 'totalReplyCount': 0, 'isPublic': True}",,UCjoapQFZ84FZ8IrWTvQUDqw,2022-10-23T23:58:18Z,O povo tem antipatia da globo  !,QURTSl9pMnMzbUpzMDczTnNEUHJjcEdQWjRtOHAtZHVOeVpWMFVYRTdUMmJKeHV1V2ZtTXkzNktQTm9tTnN0bHJUTzhxNE01enQwZm4zVQ==,2023-06-08 14:52:37.393138
youtube#commentThread,gcKiQOQ44q1Jg-hJQvQK9O43XEE,Ugxc8UFV8tbxlzP15qJ4AaABAg,"{'videoId': 'zEfTDpfyt1o', 'topLevelComment': {'kind': 'youtube#comment', 'etag': 'JZu2aioc33PB-uAZCxAHngdBhqM', 'id': 'Ugxc8UFV8tbxlzP15qJ4AaABAg', 'snippet': {'videoId': 'zEfTDpfyt1o', 'textDisplay': 'Lamentável! Ver essa mídia comprada e maldita🤬invertendo o caso! Agredir um idoso no aconchego do lar 🤮🤮🤮🤮⚠️', 'textOriginal': 'Lamentável! Ver essa mídia comprada e maldita🤬invertendo o caso! Agredir um idoso no aconchego do lar 🤮🤮🤮🤮⚠️', 'authorDisplayName': 'Eliane Ferreira Machado Abreu', 'authorProfileImageUrl': 'https://yt3.ggpht.com/gxyzyFT04a80kiXg8iFR3qpTceMsHKH7dAgonc3L7faYmCY_dLV-ZABf0-RXSXyOmoqNbq-N8g=s48-c-k-c0x00ffffff-no-rj', 'authorChannelUrl': 'http://www.youtube.com/channel/UCU0YKEH_EfePlMosgMEeaUg', 'authorChannelId': {'value': 'UCU0YKEH_EfePlMosgMEeaUg'}, 'canRate': True, 'viewerRating': 'none', 'likeCount': 0, 'publishedAt': '2022-10-23T23:57:54Z', 'updatedAt': '2022-10-23T23:57:54Z'}}, 'canReply': True, 'totalReplyCount': 0, 'isPublic': True}",,UCU0YKEH_EfePlMosgMEeaUg,2022-10-23T23:57:54Z,Lamentável! Ver essa mídia comprada e maldita🤬invertendo o caso! Agredir um idoso no aconchego do lar 🤮🤮🤮🤮⚠️,QURTSl9pMnMzbUpzMDczTnNEUHJjcEdQWjRtOHAtZHVOeVpWMFVYRTdUMmJKeHV1V2ZtTXkzNktQTm9tTnN0bHJUTzhxNE01enQwZm4zVQ==,2023-06-08 14:52:37.393138
youtube#commentThread,s5kwK--AWIf78brh7wMd0N8Fc4w,Ugzcvbfrs4Ag1xP24Wl4AaABAg,"{'videoId': 'zEfTDpfyt1o', 'topLevelComment': {'kind': 'youtube#comment', 'etag': 'BsfLXQXG4NfLM6Y46WXmnBAD-yE', 'id': 'Ugzcvbfrs4Ag1xP24Wl4AaABAg', 'snippet': {'videoId': 'zEfTDpfyt1o', 'textDisplay': 'Apoiadores do bolsonaro', 'textOriginal': 'Apoiadores do bolsonaro', 'authorDisplayName': 'Sangio Santos', 'authorProfileImageUrl': 'https://yt3.ggpht.com/ytc/AGIKgqO8h5J52TSC0aWwmylr2WgKjcH3OgFQxwx5q49fM9hP2gBrGoJCWb1rvo99Are1=s48-c-k-c0x00ffffff-no-rj', 'authorChannelUrl': 'http://www.youtube.com/channel/UCQDSxxLsNvBrYVn1RtPW9hQ', 'authorChannelId': {'value': 'UCQDSxxLsNvBrYVn1RtPW9hQ'}, 'canRate': True, 'viewerRating': 'none', 'likeCount': 0, 'publishedAt': '2022-10-23T23:57:49Z', 'updatedAt': '2022-10-23T23:57:49Z'}}, 'canReply': True, 'totalReplyCount': 0, 'isPublic': True}",,UCQDSxxLsNvBrYVn1RtPW9hQ,2022-10-23T23:57:49Z,Apoiadores do bolsonaro,QURTSl9pMnMzbUpzMDczTnNEUHJjcEdQWjRtOHAtZHVOeVpWMFVYRTdUMmJKeHV1V2ZtTXkzNktQTm9tTnN0bHJUTzhxNE01enQwZm4zVQ==,2023-06-08 14:52:37.393138
youtube#commentThread,aufd-ZLmQDdZF--bCoKqUmJjZEE,Ugz6GSpc_mzQ1dbR2nh4AaABAg,"{'videoId': 'zEfTDpfyt1o', 'topLevelComment': {'kind': 'youtube#comment', 'etag': 'a6VYCu2Kz8TNLRYYQ2o5T-uFWGY', 'id': 'Ugz6GSpc_mzQ1dbR2nh4AaABAg', 'snippet': {'videoId': 'zEfTDpfyt1o', 'textDisplay': 'POVO! ENTENDA DE UMA VEZ POR TODAS, O ÚNICO CULPADO DE TUDO ISSO QUE TÁ ACONTECENDO É DO SENADOR PACHECO, PRESIDENTE DO SENADO. ELE SENTOU EM CIMA DOS PEDIDOS DE IMPEACHMENT DO  ALEXANDRE DE MORAIS E OUTROS MINISTROS DO STF. O SENADO É QUEM TEM O PODER DE BARRAR AS ATROCIDADES COMETIDAS POR ESSES MINISTROS DO STF E TSE, E NÃO O PRESIDENTE BOLSONARO.', 'textOriginal': 'POVO! ENTENDA DE UMA VEZ POR TODAS, O ÚNICO CULPADO DE TUDO ISSO QUE TÁ ACONTECENDO É DO SENADOR PACHECO, PRESIDENTE DO SENADO. ELE SENTOU EM CIMA DOS PEDIDOS DE IMPEACHMENT DO  ALEXANDRE DE MORAIS E OUTROS MINISTROS DO STF. O SENADO É QUEM TEM O PODER DE BARRAR AS ATROCIDADES COMETIDAS POR ESSES MINISTROS DO STF E TSE, E NÃO O PRESIDENTE BOLSONARO.', 'authorDisplayName': 'Maria Luisa', 'authorProfileImageUrl': 'https://yt3.ggpht.com/ytc/AGIKgqPoOechep5yD94hVxD0JBZMJBTRbaBmXAROrg=s48-c-k-c0x00ffffff-no-rj', 'authorChannelUrl': 'http://www.youtube.com/channel/UCp2xGj67xUjr-VGyPLDLHOA', 'authorChannelId': {'value': 'UCp2xGj67xUjr-VGyPLDLHOA'}, 'canRate': True, 'viewerRating': 'none', 'likeCount': 0, 'publishedAt': '2022-10-23T23:57:46Z', 'updatedAt': '2022-10-23T23:57:46Z'}}, 'canReply': True, 'totalReplyCount': 0, 'isPublic': True}",,UCp2xGj67xUjr-VGyPLDLHOA,2022-10-23T23:57:46Z,"POVO! ENTENDA DE UMA VEZ POR TODAS, O ÚNICO CULPADO DE TUDO ISSO QUE TÁ ACONTECENDO É DO SENADOR PACHECO, PRESIDENTE DO SENADO. ELE SENTOU EM CIMA DOS PEDIDOS DE IMPEACHMENT DO  ALEXANDRE DE MORAIS E OUTROS MINISTROS DO STF. O SENADO É QUEM TEM O PODER DE BARRAR AS ATROCIDADES COMETIDAS POR ESSES MINISTROS DO STF E TSE, E NÃO O PRESIDENTE BOLSONARO.",QURTSl9pMnMzbUpzMDczTnNEUHJjcEdQWjRtOHAtZHVOeVpWMFVYRTdUMmJKeHV1V2ZtTXkzNktQTm9tTnN0bHJUTzhxNE01enQwZm4zVQ==,2023-06-08 14:52:37.393138
youtube#commentThread,IGdjIy5cxM1thD4KLraw0yNghag,UgxSauS7SWG0-CxFkgx4AaABAg,"{'videoId': 'zEfTDpfyt1o', 'topLevelComment': {'kind': 'youtube#comment', 'etag': '5s5MzE-BYB7NYEscQmfWQRNO2ac', 'id': 'UgxSauS7SWG0-CxFkgx4AaABAg', 'snippet': {'videoId': 'zEfTDpfyt1o', 'textDisplay': 'Eu também não concordo com agressão á imprensa. É um cidadão fazendo o seu trabalho. É inadmissível!', 'textOriginal': 'Eu também não concordo com agressão á imprensa. É um cidadão fazendo o seu trabalho. É inadmissível!', 'authorDisplayName': 'Francisco Carlos', 'authorProfileImageUrl': 'https://yt3.ggpht.com/ytc/AGIKgqNXZXZxCsIB7XKOmCL9umHh2D3gZ2iaIVS4wsV76wSg4Ut0EWjXYGf6O-84seOh=s48-c-k-c0x00ffffff-no-rj', 'authorChannelUrl': 'http://www.youtube.com/channel/UCbaL58G5KYk1c0SrVU95DIQ', 'authorChannelId': {'value': 'UCbaL58G5KYk1c0SrVU95DIQ'}, 'canRate': True, 'viewerRating': 'none', 'likeCount': 0, 'publishedAt': '2022-10-23T23:57:24Z', 'updatedAt': '2022-10-23T23:57:24Z'}}, 'canReply': True, 'totalReplyCount': 0, 'isPublic': True}",,UCbaL58G5KYk1c0SrVU95DIQ,2022-10-23T23:57:24Z,Eu também não concordo com agressão á imprensa. É um cidadão fazendo o seu trabalho. É inadmissível!,QURTSl9pMnMzbUpzMDczTnNEUHJjcEdQWjRtOHAtZHVOeVpWMFVYRTdUMmJKeHV1V2ZtTXkzNktQTm9tTnN0bHJUTzhxNE01enQwZm4zVQ==,2023-06-08 14:52:37.393138
youtube#commentThread,w4pxA5dUJ3rahprDLBTr2YCmyZ8,UgyLJp6y8UqbfQab1XJ4AaABAg,"{'videoId': 'zEfTDpfyt1o', 'topLevelComment': {'kind': 'youtube#comment', 'etag': 'qVH7PghNLRBe65kHduJXzEgfy90', 'id': 'UgyLJp6y8UqbfQab1XJ4AaABAg', 'snippet': {'videoId': 'zEfTDpfyt1o', 'textDisplay': 'Estamos vendo coisas lastimáveis, triste mesmo estes fatos ocorrendo. Temos que ter transparência nas reportagens e sem a imprensa que já está sendo pisoteada não temos a informação. Temos que respeitar todos e mesmo que estejamos vendo muita injustiça, não devemos ser agressivos ou injustos. Quem não puder ajudar não atrapalhe', 'textOriginal': 'Estamos vendo coisas lastimáveis, triste mesmo estes fatos ocorrendo. Temos que ter transparência nas reportagens e sem a imprensa que já está sendo pisoteada não temos a informação. Temos que respeitar todos e mesmo que estejamos vendo muita injustiça, não devemos ser agressivos ou injustos. Quem não puder ajudar não atrapalhe', 'authorDisplayName': 'Tonis Tonis', 'authorProfileImageUrl': 'https://yt3.ggpht.com/ytc/AGIKgqNuSFO8VtxhBjyuLdhanzMBQdyIOB6HCNiE=s48-c-k-c0x00ffffff-no-rj', 'authorChannelUrl': 'http://www.youtube.com/channel/UCjn48np8PPpGEnbnRS98_5A', 'authorChannelId': {'value': 'UCjn48np8PPpGEnbnRS98_5A'}, 'canRate': True, 'viewerRating': 'none', 'likeCount': 1, 'publishedAt': '2022-10-23T23:57:17Z', 'updatedAt': '2022-10-23T23:57:17Z'}}, 'canReply': True, 'totalReplyCount': 0, 'isPublic': True}",,UCjn48np8PPpGEnbnRS98_5A,2022-10-23T23:57:17Z,"Estamos vendo coisas lastimáveis, triste mesmo estes fatos ocorrendo. Temos que ter transparência nas reportagens e sem a imprensa que já está sendo pisoteada não temos a informação. Temos que respeitar todos e mesmo que estejamos vendo muita injustiça, não devemos ser agressivos ou injustos. Quem não puder ajudar não atrapalhe",QURTSl9pMnMzbUpzMDczTnNEUHJjcEdQWjRtOHAtZHVOeVpWMFVYRTdUMmJKeHV1V2ZtTXkzNktQTm9tTnN0bHJUTzhxNE01enQwZm4zVQ==,2023-06-08 14:52:37.393138
youtube#commentThread,iHJxljc07DhBb05GSO-3jR4aGY0,Ugxh3mgP8zWs7O_Im9x4AaABAg,"{'videoId': 'zEfTDpfyt1o', 'topLevelComment': {'kind': 'youtube#comment', 'etag': '4diZVV8_zxUO4GNn81jTLHuYUqU', 'id': 'Ugxh3mgP8zWs7O_Im9x4AaABAg', 'snippet': {'videoId': 'zEfTDpfyt1o', 'textDisplay': 'Não  é correto,   mas está  refletindo as atidudes  do STF  que  está refletindo a transgressão contra a Constituição que vem  sendo  rasgada pelo poder judiciário  que vem  praticando. Contra o povo', 'textOriginal': 'Não  é correto,   mas está  refletindo as atidudes  do STF  que  está refletindo a transgressão contra a Constituição que vem  sendo  rasgada pelo poder judiciário  que vem  praticando. Contra o povo', 'authorDisplayName': 'Maria do Carmo Vieira da Silva', 'authorProfileImageUrl': 'https://yt3.ggpht.com/ytc/AGIKgqMBknlf5sc4a2I4yQzO-eHfw16f7S85jN1vpqym=s48-c-k-c0x00ffffff-no-rj', 'authorChannelUrl': 'http://www.youtube.com/channel/UCm4fMjAAyNCsMb9o5hvuRkg', 'authorChannelId': {'value': 'UCm4fMjAAyNCsMb9o5hvuRkg'}, 'canRate': True, 'viewerRating': 'none', 'likeCount': 0, 'publishedAt': '2022-10-23T23:57:11Z', 'updatedAt': '2022-10-23T23:57:11Z'}}, 'canReply': True, 'totalReplyCount': 0, 'isPublic': True}",,UCm4fMjAAyNCsMb9o5hvuRkg,2022-10-23T23:57:11Z,"Não  é correto,   mas está  refletindo as atidudes  do STF  que  está refletindo a transgressão contra a Constituição que vem  sendo  rasgada pelo poder judiciário  que vem  praticando. Contra o povo",QURTSl9pMnMzbUpzMDczTnNEUHJjcEdQWjRtOHAtZHVOeVpWMFVYRTdUMmJKeHV1V2ZtTXkzNktQTm9tTnN0bHJUTzhxNE01enQwZm4zVQ==,2023-06-08 14:52:37.393138
youtube#commentThread,Egib_ViykZMicJQQx8A9clKzmMw,Ugzbe5Tz0t7RDFYuFwR4AaABAg,"{'videoId': 'zEfTDpfyt1o', 'topLevelComment': {'kind': 'youtube#comment', 'etag': 'A51cLPoTd5xpwhvmjuZsyMcEblQ', 'id': 'Ugzbe5Tz0t7RDFYuFwR4AaABAg', 'snippet': {'videoId': 'zEfTDpfyt1o', 'textDisplay': 'Mas é isso que leva a censura ó povo fica descontrolado', 'textOriginal': 'Mas é isso que leva a censura ó povo fica descontrolado', 'authorDisplayName': 'juracy silva', 'authorProfileImageUrl': 'https://yt3.ggpht.com/ytc/AGIKgqP1A-mMNdkVBRxfyeXgPGA6WeB0LwgGcPvfiLJg=s48-c-k-c0x00ffffff-no-rj', 'authorChannelUrl': 'http://www.youtube.com/channel/UCZHRtkJeNCw5-PkzD2pAd0A', 'authorChannelId': {'value': 'UCZHRtkJeNCw5-PkzD2pAd0A'}, 'canRate': True, 'viewerRating': 'none', 'likeCount': 0, 'publishedAt': '2022-10-23T23:57:11Z', 'updatedAt': '2022-10-23T23:57:11Z'}}, 'canReply': True, 'totalReplyCount': 0, 'isPublic': True}",,UCZHRtkJeNCw5-PkzD2pAd0A,2022-10-23T23:57:11Z,Mas é isso que leva a censura ó povo fica descontrolado,QURTSl9pMnMzbUpzMDczTnNEUHJjcEdQWjRtOHAtZHVOeVpWMFVYRTdUMmJKeHV1V2ZtTXkzNktQTm9tTnN0bHJUTzhxNE01enQwZm4zVQ==,2023-06-08 14:52:37.393138
youtube#commentThread,i0YRqIH8fY0rybAnV5KGLTwe3uw,UgwzBimHh7L3GkpvCe14AaABAg,"{'videoId': 'zEfTDpfyt1o', 'topLevelComment': {'kind': 'youtube#comment', 'etag': '3ktKj5__AAU5KidvzXk9oU0eD68', 'id': 'UgwzBimHh7L3GkpvCe14AaABAg', 'snippet': {'videoId': 'zEfTDpfyt1o', 'textDisplay': 'vagabundos bolsonarista', 'textOriginal': 'vagabundos bolsonarista', 'authorDisplayName': 'Vando Carvalho', 'authorProfileImageUrl': 'https://yt3.ggpht.com/y9Jtub4h9I9Se41ekAOSdi2nefRHTbAmGvgGC6OvhqiaBJCP0tknbMLbVuvPw-qtW9MCSN4H=s48-c-k-c0x00ffffff-no-rj', 'authorChannelUrl': 'http://www.youtube.com/channel/UCBH1tf9vJZ4MtW-Jo4rk0hw', 'authorChannelId': {'value': 'UCBH1tf9vJZ4MtW-Jo4rk0hw'}, 'canRate': True, 'viewerRating': 'none', 'likeCount': 0, 'publishedAt': '2022-10-23T23:56:59Z', 'updatedAt': '2022-10-23T23:56:59Z'}}, 'canReply': True, 'totalReplyCount': 0, 'isPublic': True}",,UCBH1tf9vJZ4MtW-Jo4rk0hw,2022-10-23T23:56:59Z,vagabundos bolsonarista,QURTSl9pMnMzbUpzMDczTnNEUHJjcEdQWjRtOHAtZHVOeVpWMFVYRTdUMmJKeHV1V2ZtTXkzNktQTm9tTnN0bHJUTzhxNE01enQwZm4zVQ==,2023-06-08 14:52:37.393138
youtube#commentThread,ObgYLZBIeBKB36iEGvR9pG_zktQ,UgyhpoMhMvsBAvGc8ul4AaABAg,"{'videoId': 'zEfTDpfyt1o', 'topLevelComment': {'kind': 'youtube#comment', 'etag': 'cnomp-mCPTYNeJRUXvW5FiyfxzI', 'id': 'UgyhpoMhMvsBAvGc8ul4AaABAg', 'snippet': {'videoId': 'zEfTDpfyt1o', 'textDisplay': 'Como vocês sabem que esses populares eram apoiadores de Roberto Jeferson? <br>A população brasileira está sem aguentar as mentiras da Rede Globo. Então é uma reação perfeitamente normal. Ninguém mais respeita a Rede Globo e nem seus funcionários. Nenhuma outra empresa jornalística faz tanto mal ao jornalismo brasileiro do que a Globo.', 'textOriginal': 'Como vocês sabem que esses populares eram apoiadores de Roberto Jeferson? \\nA população brasileira está sem aguentar as mentiras da Rede Globo. Então é uma reação perfeitamente normal. Ninguém mais respeita a Rede Globo e nem seus funcionários. Nenhuma outra empresa jornalística faz tanto mal ao jornalismo brasileiro do que a Globo.', 'authorDisplayName': 'Paulo Rogério Amaral Lyra', 'authorProfileImageUrl': 'https://yt3.ggpht.com/ytc/AGIKgqNbyDigGKbt2NDcf8KkGD_VZft08j5JyhrxpDoDlg=s48-c-k-c0x00ffffff-no-rj', 'authorChannelUrl': 'http://www.youtube.com/channel/UCEOElDxvfGWLjNZb-U7rx0Q', 'authorChannelId': {'value': 'UCEOElDxvfGWLjNZb-U7rx0Q'}, 'canRate': True, 'viewerRating': 'none', 'likeCount': 0, 'publishedAt': '2022-10-23T23:56:43Z', 'updatedAt': '2022-10-23T23:56:43Z'}}, 'canReply': True, 'totalReplyCount': 0, 'isPublic': True}",,UCEOElDxvfGWLjNZb-U7rx0Q,2022-10-23T23:56:43Z,"Como vocês sabem que esses populares eram apoiadores de Roberto Jeferson? 
A população brasileira está sem aguentar as mentiras da Rede Globo. Então é uma reação perfeitamente normal. Ninguém mais respeita a Rede Globo e nem seus funcionários. Nenhuma outra empresa jornalística faz tanto mal ao jornalismo brasileiro do que a Globo.",QURTSl9pMnMzbUpzMDczTnNEUHJjcEdQWjRtOHAtZHVOeVpWMFVYRTdUMmJKeHV1V2ZtTXkzNktQTm9tTnN0bHJUTzhxNE01enQwZm4zVQ==,2023-06-08 14:52:37.393138
youtube#commentThread,U6eb0X3fX7akCj1Fkm9aijHyLuY,Ugy9auSR12raAqpeIYB4AaABAg,"{'videoId': 'zEfTDpfyt1o', 'topLevelComment': {'kind': 'youtube#comment', 'etag': 'YjvmnMq1yNvHCofwFaH531MRoPM', 'id': 'Ugy9auSR12raAqpeIYB4AaABAg', 'snippet': {'videoId': 'zEfTDpfyt1o', 'textDisplay': 'kkk....valeu TSE. agora a jovem clã tá pianinho.', 'textOriginal': 'kkk....valeu TSE. agora a jovem clã tá pianinho.', 'authorDisplayName': 'Diether Marquardt', 'authorProfileImageUrl': 'https://yt3.ggpht.com/ytc/AGIKgqM85GeAyLQSPTmZqCtyPpZ4Cj4ax0Odzz1FlijRBQZYAnVqWTSQdy7xFoR-EEdl=s48-c-k-c0x00ffffff-no-rj', 'authorChannelUrl': 'http://www.youtube.com/channel/UCfFHoocEDvuvIi_US44m6yA', 'authorChannelId': {'value': 'UCfFHoocEDvuvIi_US44m6yA'}, 'canRate': True, 'viewerRating': 'none', 'likeCount': 0, 'publishedAt': '2022-10-23T23:56:14Z', 'updatedAt': '2022-10-23T23:56:14Z'}}, 'canReply': True, 'totalReplyCount': 0, 'isPublic': True}",,UCfFHoocEDvuvIi_US44m6yA,2022-10-23T23:56:14Z,kkk....valeu TSE. agora a jovem clã tá pianinho.,QURTSl9pMnMzbUpzMDczTnNEUHJjcEdQWjRtOHAtZHVOeVpWMFVYRTdUMmJKeHV1V2ZtTXkzNktQTm9tTnN0bHJUTzhxNE01enQwZm4zVQ==,2023-06-08 14:52:37.393138
youtube#commentThread,wc_u5wrQTAORU06Xpq_EkxYBU5o,UgzwJ-HLw9UK5pv8Mw54AaABAg,"{'videoId': 'zEfTDpfyt1o', 'topLevelComment': {'kind': 'youtube#comment', 'etag': 'hd1qZ6kkLmO1EaTF5a1PNzjTmLE', 'id': 'UgzwJ-HLw9UK5pv8Mw54AaABAg', 'snippet': {'videoId': 'zEfTDpfyt1o', 'textDisplay': 'vamos resolver esse caso ARTIGO 142 e pronto.', 'textOriginal': 'vamos resolver esse caso ARTIGO 142 e pronto.', 'authorDisplayName': 'CONDADO  DO  VINHO', 'authorProfileImageUrl': 'https://yt3.ggpht.com/TXex1VQ-zptycUomrycibymZG90sCyc5UxSsQn7AqYqXQaaUO3atv5LOuz9tWJZ-AdbPL8CHxQ=s48-c-k-c0x00ffffff-no-rj', 'authorChannelUrl': 'http://www.youtube.com/channel/UCbO7aBC4eve3a5Qs1B3FLxw', 'authorChannelId': {'value': 'UCbO7aBC4eve3a5Qs1B3FLxw'}, 'canRate': True, 'viewerRating': 'none', 'likeCount': 0, 'publishedAt': '2022-10-23T23:56:12Z', 'updatedAt': '2022-10-23T23:56:12Z'}}, 'canReply': True, 'totalReplyCount': 0, 'isPublic': True}",,UCbO7aBC4eve3a5Qs1B3FLxw,2022-10-23T23:56:12Z,vamos resolver esse caso ARTIGO 142 e pronto.,QURTSl9pMnMzbUpzMDczTnNEUHJjcEdQWjRtOHAtZHVOeVpWMFVYRTdUMmJKeHV1V2ZtTXkzNktQTm9tTnN0bHJUTzhxNE01enQwZm4zVQ==,2023-06-08 14:52:37.393138
youtube#commentThread,nQooSJpKUSva1Xw76UTB9B8QTds,UgyjjNJccS-HmmzmYt14AaABAg,"{'videoId': 'zEfTDpfyt1o', 'topLevelComment': {'kind': 'youtube#comment', 'etag': 'LiHhL8HbFtPdUF6_YmoehgqDIEU', 'id': 'UgyjjNJccS-HmmzmYt14AaABAg', 'snippet': {'videoId': 'zEfTDpfyt1o', 'textDisplay': 'Se o Velho Bolsonaro ganhar vocês vão ver coisas piores Jeferson e Bozzo são amiguissimos aí sim o Brasil vai virar guerra', 'textOriginal': 'Se o Velho Bolsonaro ganhar vocês vão ver coisas piores Jeferson e Bozzo são amiguissimos aí sim o Brasil vai virar guerra', 'authorDisplayName': 'Maria Dolci', 'authorProfileImageUrl': 'https://yt3.ggpht.com/ytc/AGIKgqOGoB63VJHclZW_wPo0YLgM-kooXv88a_pTMUJX=s48-c-k-c0x00ffffff-no-rj', 'authorChannelUrl': 'http://www.youtube.com/channel/UCwu2ykFXpwMcDc8ebe8uquw', 'authorChannelId': {'value': 'UCwu2ykFXpwMcDc8ebe8uquw'}, 'canRate': True, 'viewerRating': 'none', 'likeCount': 0, 'publishedAt': '2022-10-23T23:55:07Z', 'updatedAt': '2022-10-23T23:55:07Z'}}, 'canReply': True, 'totalReplyCount': 0, 'isPublic': True}",,UCwu2ykFXpwMcDc8ebe8uquw,2022-10-23T23:55:07Z,Se o Velho Bolsonaro ganhar vocês vão ver coisas piores Jeferson e Bozzo são amiguissimos aí sim o Brasil vai virar guerra,QURTSl9pMnMzbUpzMDczTnNEUHJjcEdQWjRtOHAtZHVOeVpWMFVYRTdUMmJKeHV1V2ZtTXkzNktQTm9tTnN0bHJUTzhxNE01enQwZm4zVQ==,2023-06-08 14:52:37.393138
youtube#commentThread,kxLY1KUeBxYqDca3lnhc6DyJKcI,UgzR-Zh-nnO5eDGZFK14AaABAg,"{'videoId': 'zEfTDpfyt1o', 'topLevelComment': {'kind': 'youtube#comment', 'etag': 'okeFtJJkP2SQdW2MO1X05nILI-Q', 'id': 'UgzR-Zh-nnO5eDGZFK14AaABAg', 'snippet': {'videoId': 'zEfTDpfyt1o', 'textDisplay': '# todos iguais ✌️', 'textOriginal': '# todos iguais ✌️', 'authorDisplayName': 'MBC Alves', 'authorProfileImageUrl': 'https://yt3.ggpht.com/Um3Pbzufg9zplVRWfXhJeE6JoQxXU5Yzw0r5uKX50HSWK1SCtrjLegWWMvOfjE0RXxc3Htk3ng=s48-c-k-c0x00ffffff-no-rj', 'authorChannelUrl': 'http://www.youtube.com/channel/UCtJnD-ccyOIlvmgRY3EWZWA', 'authorChannelId': {'value': 'UCtJnD-ccyOIlvmgRY3EWZWA'}, 'canRate': True, 'viewerRating': 'none', 'likeCount': 0, 'publishedAt': '2022-10-23T23:54:46Z', 'updatedAt': '2022-10-23T23:54:46Z'}}, 'canReply': True, 'totalReplyCount': 0, 'isPublic': True}",,UCtJnD-ccyOIlvmgRY3EWZWA,2022-10-23T23:54:46Z,# todos iguais ✌️,QURTSl9pMnMzbUpzMDczTnNEUHJjcEdQWjRtOHAtZHVOeVpWMFVYRTdUMmJKeHV1V2ZtTXkzNktQTm9tTnN0bHJUTzhxNE01enQwZm4zVQ==,2023-06-08 14:52:37.393138
youtube#commentThread,mtqoUiiU0ay29QCUIjDfcsDo2dI,Ugy4rtV-MJNNhEfv3jJ4AaABAg,"{'videoId': 'zEfTDpfyt1o', 'topLevelComment': {'kind': 'youtube#comment', 'etag': 'OpkHfpl4uLykgPLSgEA4xcKuOYE', 'id': 'Ugy4rtV-MJNNhEfv3jJ4AaABAg', 'snippet': {'videoId': 'zEfTDpfyt1o', 'textDisplay': 'Esse ódio que estão espalhando é consequências das atitudes erradas que são permitidas por aqueles que deviam ser imparciais e responsáveis.', 'textOriginal': 'Esse ódio que estão espalhando é consequências das atitudes erradas que são permitidas por aqueles que deviam ser imparciais e responsáveis.', 'authorDisplayName': 'Cleuza Amaral', 'authorProfileImageUrl': 'https://yt3.ggpht.com/ytc/AGIKgqNTPvkreCjgATxMpoWOR9__ENyCgtQy7zO9VEMA6kM=s48-c-k-c0x00ffffff-no-rj', 'authorChannelUrl': 'http://www.youtube.com/channel/UCggvdAHEBUdpX5PskO0oluQ', 'authorChannelId': {'value': 'UCggvdAHEBUdpX5PskO0oluQ'}, 'canRate': True, 'viewerRating': 'none', 'likeCount': 0, 'publishedAt': '2022-10-23T23:54:33Z', 'updatedAt': '2022-10-23T23:54:33Z'}}, 'canReply': True, 'totalReplyCount': 0, 'isPublic': True}",,UCggvdAHEBUdpX5PskO0oluQ,2022-10-23T23:54:33Z,Esse ódio que estão espalhando é consequências das atitudes erradas que são permitidas por aqueles que deviam ser imparciais e responsáveis.,QURTSl9pMnMzbUpzMDczTnNEUHJjcEdQWjRtOHAtZHVOeVpWMFVYRTdUMmJKeHV1V2ZtTXkzNktQTm9tTnN0bHJUTzhxNE01enQwZm4zVQ==,2023-06-08 14:52:37.393138
youtube#commentThread,etygvonJOnC0TnWJbNQALVgxAJA,Ugy2PRpQBFhq4v-VA4x4AaABAg,"{'videoId': 'zEfTDpfyt1o', 'topLevelComment': {'kind': 'youtube#comment', 'etag': '486G427i7RjyCRCExQyKVB20Mhk', 'id': 'Ugy2PRpQBFhq4v-VA4x4AaABAg', 'snippet': {'videoId': 'zEfTDpfyt1o', 'textDisplay': 'O que acaba com nosso país e nossa constituição são classes privilegiadas, que acham que os brasileiros normais pagadores dos salários deve ser agredidos todos os dias no trabalho, nós ônibus indo e voltando para casa, eu mesmo já fui assaltado agredido várias vezes, acordem meu Brasil antes que seja tarde demais 🙏🙏🇧🇷', 'textOriginal': 'O que acaba com nosso país e nossa constituição são classes privilegiadas, que acham que os brasileiros normais pagadores dos salários deve ser agredidos todos os dias no trabalho, nós ônibus indo e voltando para casa, eu mesmo já fui assaltado agredido várias vezes, acordem meu Brasil antes que seja tarde demais 🙏🙏🇧🇷', 'authorDisplayName': 'MBC Alves', 'authorProfileImageUrl': 'https://yt3.ggpht.com/Um3Pbzufg9zplVRWfXhJeE6JoQxXU5Yzw0r5uKX50HSWK1SCtrjLegWWMvOfjE0RXxc3Htk3ng=s48-c-k-c0x00ffffff-no-rj', 'authorChannelUrl': 'http://www.youtube.com/channel/UCtJnD-ccyOIlvmgRY3EWZWA', 'authorChannelId': {'value': 'UCtJnD-ccyOIlvmgRY3EWZWA'}, 'canRate': True, 'viewerRating': 'none', 'likeCount': 0, 'publishedAt': '2022-10-23T23:54:12Z', 'updatedAt': '2022-10-23T23:54:12Z'}}, 'canReply': True, 'totalReplyCount': 1, 'isPublic': True}","{'comments': [{'kind': 'youtube#comment', 'etag': 'nPs5vrCqft5r2HQKj11vAIdIw2c', 'id': 'Ugy2PRpQBFhq4v-VA4x4AaABAg.9hYKggT5-f89hYeEFdFNbI', 'snippet': {'videoId': 'zEfTDpfyt1o', 'textDisplay': 'É verdade , a escória  está invadindo cada vez mais o país, tem que dar um basta..nas cidades já não ha lugar para cidadãos, nem para as futuras gerações...o padrão baixou demais...', 'textOriginal': 'É verdade , a escória  está invadindo cada vez mais o país, tem que dar um basta..nas cidades já não ha lugar para cidadãos, nem para as futuras gerações...o padrão baixou demais...', 'parentId': 'Ugy2PRpQBFhq4v-VA4x4AaABAg', 'authorDisplayName': 'Tiburcio Nascimento', 'authorProfileImageUrl': 'https://yt3.ggpht.com/ytc/AGIKgqPYJ16XbloZp1nRif2q9UiINjE9b3aLcJFllVpYZmGF8L32gAvFuJ_fm0H5T6oa=s48-c-k-c0x00ffffff-no-rj', 'authorChannelUrl': 'http://www.youtube.com/channel/UCOpVT2WBtvOTmNgRgNreY3Q', 'authorChannelId': {'value': 'UCOpVT2WBtvOTmNgRgNreY3Q'}, 'canRate': True, 'viewerRating': 'none', 'likeCount': 0, 'publishedAt': '2022-10-24T02:53:41Z', 'updatedAt': '2022-10-24T02:53:41Z'}}]}",UCtJnD-ccyOIlvmgRY3EWZWA,2022-10-23T23:54:12Z,"O que acaba com nosso país e nossa constituição são classes privilegiadas, que acham que os brasileiros normais pagadores dos salários deve ser agredidos todos os dias no trabalho, nós ônibus indo e voltando para casa, eu mesmo já fui assaltado agredido várias vezes, acordem meu Brasil antes que seja tarde demais 🙏🙏🇧🇷",QURTSl9pMnMzbUpzMDczTnNEUHJjcEdQWjRtOHAtZHVOeVpWMFVYRTdUMmJKeHV1V2ZtTXkzNktQTm9tTnN0bHJUTzhxNE01enQwZm4zVQ==,2023-06-08 14:52:37.393138
youtube#commentThread,edHBK6Q5tU7jQVI89UFoSGAy5x0,UgxhVue1L7fhaCBeCB94AaABAg,"{'videoId': 'zEfTDpfyt1o', 'topLevelComment': {'kind': 'youtube#comment', 'etag': 'FxOSn5SUU4lytbYiIJ9TeW6vBPg', 'id': 'UgxhVue1L7fhaCBeCB94AaABAg', 'snippet': {'videoId': 'zEfTDpfyt1o', 'textDisplay': 'Não concordo com o Jefferson,  mas isto tudo é uma consequência das atitudes do Xandao, é só o COMEÇO', 'textOriginal': 'Não concordo com o Jefferson,  mas isto tudo é uma consequência das atitudes do Xandao, é só o COMEÇO', 'authorDisplayName': 'Milton Lima Milton', 'authorProfileImageUrl': 'https://yt3.ggpht.com/ytc/AGIKgqPglufm-yamaUL3U_Jp5mJvq2U_C6mP1HwLFg6dqA=s48-c-k-c0x00ffffff-no-rj', 'authorChannelUrl': 'http://www.youtube.com/channel/UCV6n35WMDHfYK89hvxObe0w', 'authorChannelId': {'value': 'UCV6n35WMDHfYK89hvxObe0w'}, 'canRate': True, 'viewerRating': 'none', 'likeCount': 2, 'publishedAt': '2022-10-23T23:54:00Z', 'updatedAt': '2022-10-23T23:54:00Z'}}, 'canReply': True, 'totalReplyCount': 0, 'isPublic': True}",,UCV6n35WMDHfYK89hvxObe0w,2022-10-23T23:54:00Z,"Não concordo com o Jefferson,  mas isto tudo é uma consequência das atitudes do Xandao, é só o COMEÇO",QURTSl9pMnMzbUpzMDczTnNEUHJjcEdQWjRtOHAtZHVOeVpWMFVYRTdUMmJKeHV1V2ZtTXkzNktQTm9tTnN0bHJUTzhxNE01enQwZm4zVQ==,2023-06-08 14:52:37.393138
youtube#commentThread,D9TLksSHsSJjxS4YhsjIrMY_W2o,Ugyck3lsunYBoLWneXV4AaABAg,"{'videoId': 'zEfTDpfyt1o', 'topLevelComment': {'kind': 'youtube#comment', 'etag': '8YuDj8xf8wilPCdlIo3_N0E35uU', 'id': 'Ugyck3lsunYBoLWneXV4AaABAg', 'snippet': {'videoId': 'zEfTDpfyt1o', 'textDisplay': 'É apoiador do Bolsonaro. Com adesivo e tudo!', 'textOriginal': 'É apoiador do Bolsonaro. Com adesivo e tudo!', 'authorDisplayName': 'Pedro Henrique Leite', 'authorProfileImageUrl': 'https://yt3.ggpht.com/ytc/AGIKgqNC-VNwflhQvxQul3MpFZQvrmCKSNKv6AdDx9XD-A=s48-c-k-c0x00ffffff-no-rj', 'authorChannelUrl': 'http://www.youtube.com/channel/UCB6nhunCXgnJe9u1N2dcErA', 'authorChannelId': {'value': 'UCB6nhunCXgnJe9u1N2dcErA'}, 'canRate': True, 'viewerRating': 'none', 'likeCount': 0, 'publishedAt': '2022-10-23T23:52:53Z', 'updatedAt': '2022-10-23T23:52:53Z'}}, 'canReply': True, 'totalReplyCount': 0, 'isPublic': True}",,UCB6nhunCXgnJe9u1N2dcErA,2022-10-23T23:52:53Z,É apoiador do Bolsonaro. Com adesivo e tudo!,QURTSl9pMnMzbUpzMDczTnNEUHJjcEdQWjRtOHAtZHVOeVpWMFVYRTdUMmJKeHV1V2ZtTXkzNktQTm9tTnN0bHJUTzhxNE01enQwZm4zVQ==,2023-06-08 14:52:37.393138
youtube#commentThread,NloD-ZiFAsa7nZ2RES3oP_sQOfw,UgwmJEIggqps_AXKNtF4AaABAg,"{'videoId': 'zEfTDpfyt1o', 'topLevelComment': {'kind': 'youtube#comment', 'etag': 'vF-Ocv_GBLgG7-PMYtwEI7ONXkk', 'id': 'UgwmJEIggqps_AXKNtF4AaABAg', 'snippet': {'videoId': 'zEfTDpfyt1o', 'textDisplay': 'As pessoas , quando veem profissionais da rede blobo , sabem que estão ali , não para informar o povo , mas para distorcer as informações.', 'textOriginal': 'As pessoas , quando veem profissionais da rede blobo , sabem que estão ali , não para informar o povo , mas para distorcer as informações.', 'authorDisplayName': 'pedro ferreira', 'authorProfileImageUrl': 'https://yt3.ggpht.com/ytc/AGIKgqOZcYzC5Z_TnbahBw8ffet5psQVYzBwvjI7Kg=s48-c-k-c0x00ffffff-no-rj', 'authorChannelUrl': 'http://www.youtube.com/channel/UCgCv-xFrhL3ODSggsZmJSqQ', 'authorChannelId': {'value': 'UCgCv-xFrhL3ODSggsZmJSqQ'}, 'canRate': True, 'viewerRating': 'none', 'likeCount': 0, 'publishedAt': '2022-10-23T23:52:34Z', 'updatedAt': '2022-10-23T23:52:34Z'}}, 'canReply': True, 'totalReplyCount': 0, 'isPublic': True}",,UCgCv-xFrhL3ODSggsZmJSqQ,2022-10-23T23:52:34Z,"As pessoas , quando veem profissionais da rede blobo , sabem que estão ali , não para informar o povo , mas para distorcer as informações.",QURTSl9pMnMzbUpzMDczTnNEUHJjcEdQWjRtOHAtZHVOeVpWMFVYRTdUMmJKeHV1V2ZtTXkzNktQTm9tTnN0bHJUTzhxNE01enQwZm4zVQ==,2023-06-08 14:52:37.393138
youtube#commentThread,sujbJaWCmgV0ejsnL5i0Uvux8OQ,UgxMRb_NDKZPRR6ogUt4AaABAg,"{'videoId': 'zEfTDpfyt1o', 'topLevelComment': {'kind': 'youtube#comment', 'etag': 'aJ-aes5QNS0dVPa6hkgi4QYADA0', 'id': 'UgxMRb_NDKZPRR6ogUt4AaABAg', 'snippet': {'videoId': 'zEfTDpfyt1o', 'textDisplay': 'O culpado de tudo isto é o Ministro Moraes, pode colocar na conta dele.', 'textOriginal': 'O culpado de tudo isto é o Ministro Moraes, pode colocar na conta dele.', 'authorDisplayName': 'Milton Lima Milton', 'authorProfileImageUrl': 'https://yt3.ggpht.com/ytc/AGIKgqPglufm-yamaUL3U_Jp5mJvq2U_C6mP1HwLFg6dqA=s48-c-k-c0x00ffffff-no-rj', 'authorChannelUrl': 'http://www.youtube.com/channel/UCV6n35WMDHfYK89hvxObe0w', 'authorChannelId': {'value': 'UCV6n35WMDHfYK89hvxObe0w'}, 'canRate': True, 'viewerRating': 'none', 'likeCount': 1, 'publishedAt': '2022-10-23T23:52:31Z', 'updatedAt': '2022-10-23T23:52:31Z'}}, 'canReply': True, 'totalReplyCount': 0, 'isPublic': True}",,UCV6n35WMDHfYK89hvxObe0w,2022-10-23T23:52:31Z,"O culpado de tudo isto é o Ministro Moraes, pode colocar na conta dele.",QURTSl9pMnMzbUpzMDczTnNEUHJjcEdQWjRtOHAtZHVOeVpWMFVYRTdUMmJKeHV1V2ZtTXkzNktQTm9tTnN0bHJUTzhxNE01enQwZm4zVQ==,2023-06-08 14:52:37.393138
youtube#commentThread,1JerE1xUKssmRLK5kBCTLZUKlOc,Ugyt4uwovU_Bq011ZHB4AaABAg,"{'videoId': 'zEfTDpfyt1o', 'topLevelComment': {'kind': 'youtube#comment', 'etag': 'f4JkXpG8audUS6U3ZppSRibptcA', 'id': 'Ugyt4uwovU_Bq011ZHB4AaABAg', 'snippet': {'videoId': 'zEfTDpfyt1o', 'textDisplay': 'Mas não é esse não , o que empurrou foi embora e é mais alto e magro', 'textOriginal': 'Mas não é esse não , o que empurrou foi embora e é mais alto e magro', 'authorDisplayName': 'Flavia Massafferri', 'authorProfileImageUrl': 'https://yt3.ggpht.com/ytc/AGIKgqOC0AEd4PAsbS9P1DzLRtE_u84dB_YbF4xftA=s48-c-k-c0x00ffffff-no-rj', 'authorChannelUrl': 'http://www.youtube.com/channel/UCryYZZDm5tc21fa91D1jjCQ', 'authorChannelId': {'value': 'UCryYZZDm5tc21fa91D1jjCQ'}, 'canRate': True, 'viewerRating': 'none', 'likeCount': 0, 'publishedAt': '2022-10-23T23:52:30Z', 'updatedAt': '2022-10-23T23:52:30Z'}}, 'canReply': True, 'totalReplyCount': 0, 'isPublic': True}",,UCryYZZDm5tc21fa91D1jjCQ,2022-10-23T23:52:30Z,"Mas não é esse não , o que empurrou foi embora e é mais alto e magro",QURTSl9pMnMzbUpzMDczTnNEUHJjcEdQWjRtOHAtZHVOeVpWMFVYRTdUMmJKeHV1V2ZtTXkzNktQTm9tTnN0bHJUTzhxNE01enQwZm4zVQ==,2023-06-08 14:52:37.393138
youtube#commentThread,w9ffmwnegkmddmgTIsdymYwW93o,UgzyWC8JQIterRZWRfd4AaABAg,"{'videoId': 'zEfTDpfyt1o', 'topLevelComment': {'kind': 'youtube#comment', 'etag': 'Y8BQ0lygaGF58FvEnBs1Agnld5Q', 'id': 'UgzyWC8JQIterRZWRfd4AaABAg', 'snippet': {'videoId': 'zEfTDpfyt1o', 'textDisplay': 'Se Lula ganhar roubando vai ter guerra ...', 'textOriginal': 'Se Lula ganhar roubando vai ter guerra ...', 'authorDisplayName': 'Sueli dos reis nascimento', 'authorProfileImageUrl': 'https://yt3.ggpht.com/ytc/AGIKgqN0evdeMlMFY7DRzTadgn_tVUAyPbY64bZCWi24UQ=s48-c-k-c0x00ffffff-no-rj', 'authorChannelUrl': 'http://www.youtube.com/channel/UCGkmXj4qyHA-jWfnfMFSm1w', 'authorChannelId': {'value': 'UCGkmXj4qyHA-jWfnfMFSm1w'}, 'canRate': True, 'viewerRating': 'none', 'likeCount': 0, 'publishedAt': '2022-10-23T23:52:07Z', 'updatedAt': '2022-10-23T23:52:07Z'}}, 'canReply': True, 'totalReplyCount': 0, 'isPublic': True}",,UCGkmXj4qyHA-jWfnfMFSm1w,2022-10-23T23:52:07Z,Se Lula ganhar roubando vai ter guerra ...,QURTSl9pMnMzbUpzMDczTnNEUHJjcEdQWjRtOHAtZHVOeVpWMFVYRTdUMmJKeHV1V2ZtTXkzNktQTm9tTnN0bHJUTzhxNE01enQwZm4zVQ==,2023-06-08 14:52:37.393138
youtube#commentThread,6WiCjarPBuJqURsfIR3JOuFKCN4,UgytY_eEi_DhcFF2Dqd4AaABAg,"{'videoId': 'zEfTDpfyt1o', 'topLevelComment': {'kind': 'youtube#comment', 'etag': '6Z040hkEBRasZrF4pGQrSxdI8HA', 'id': 'UgytY_eEi_DhcFF2Dqd4AaABAg', 'snippet': {'videoId': 'zEfTDpfyt1o', 'textDisplay': 'Como disse Jesus, “dai a César o que é de César e a Deus o que é de Deus”. (é o mesmo que dizer: seja justo). Então? Vamos ser justos, parar de mentir e admitir que LULA MELHOROU o Brasil  e  bostanaro DESGRAÇOU.', 'textOriginal': 'Como disse Jesus, “dai a César o que é de César e a Deus o que é de Deus”. (é o mesmo que dizer: seja justo). Então? Vamos ser justos, parar de mentir e admitir que LULA MELHOROU o Brasil  e  bostanaro DESGRAÇOU.', 'authorDisplayName': 'Joana Mourão', 'authorProfileImageUrl': 'https://yt3.ggpht.com/ytc/AGIKgqOZpNAnBIDJx0uffXTPmuAR_TlEVWBYKJwd3g=s48-c-k-c0x00ffffff-no-rj', 'authorChannelUrl': 'http://www.youtube.com/channel/UCMjsyeBhSCbey6zZ_PvhpKA', 'authorChannelId': {'value': 'UCMjsyeBhSCbey6zZ_PvhpKA'}, 'canRate': True, 'viewerRating': 'none', 'likeCount': 0, 'publishedAt': '2022-10-23T23:51:45Z', 'updatedAt': '2022-10-23T23:51:45Z'}}, 'canReply': True, 'totalReplyCount': 0, 'isPublic': True}",,UCMjsyeBhSCbey6zZ_PvhpKA,2022-10-23T23:51:45Z,"Como disse Jesus, “dai a César o que é de César e a Deus o que é de Deus”. (é o mesmo que dizer: seja justo). Então? Vamos ser justos, parar de mentir e admitir que LULA MELHOROU o Brasil  e  bostanaro DESGRAÇOU.",QURTSl9pMnMzbUpzMDczTnNEUHJjcEdQWjRtOHAtZHVOeVpWMFVYRTdUMmJKeHV1V2ZtTXkzNktQTm9tTnN0bHJUTzhxNE01enQwZm4zVQ==,2023-06-08 14:52:37.393138
youtube#commentThread,5MUbb1A3LLE2bqXL2YdIeK9jrd8,Ugx0To8QpwfMxViKiCx4AaABAg,"{'videoId': 'zEfTDpfyt1o', 'topLevelComment': {'kind': 'youtube#comment', 'etag': 'e56Ii87WQKAphL9Bf_wnQN9R-Ks', 'id': 'Ugx0To8QpwfMxViKiCx4AaABAg', 'snippet': {'videoId': 'zEfTDpfyt1o', 'textDisplay': 'Ninguém deveria ser agredidos todos deveria serem iguais segundo a nossa constituição, valeu brigado ✌️', 'textOriginal': 'Ninguém deveria ser agredidos todos deveria serem iguais segundo a nossa constituição, valeu brigado ✌️', 'authorDisplayName': 'MBC Alves', 'authorProfileImageUrl': 'https://yt3.ggpht.com/Um3Pbzufg9zplVRWfXhJeE6JoQxXU5Yzw0r5uKX50HSWK1SCtrjLegWWMvOfjE0RXxc3Htk3ng=s48-c-k-c0x00ffffff-no-rj', 'authorChannelUrl': 'http://www.youtube.com/channel/UCtJnD-ccyOIlvmgRY3EWZWA', 'authorChannelId': {'value': 'UCtJnD-ccyOIlvmgRY3EWZWA'}, 'canRate': True, 'viewerRating': 'none', 'likeCount': 1, 'publishedAt': '2022-10-23T23:51:23Z', 'updatedAt': '2022-10-23T23:51:52Z'}}, 'canReply': True, 'totalReplyCount': 2, 'isPublic': True}","{'comments': [{'kind': 'youtube#comment', 'etag': 'I2JK9qr_uJDX0WSpbvEIeEISNtE', 'id': 'Ugx0To8QpwfMxViKiCx4AaABAg.9hYKN4yohed9hZPWZJ-8GV', 'snippet': {'videoId': 'zEfTDpfyt1o', 'textDisplay': '@Tiburcio Nascimento sim constituição? Eu não está lá ? Você já fez questão de enquanto brasileiro ter lido ou está aqui como papagaio curioso ? 🤔', 'textOriginal': '@Tiburcio Nascimento sim constituição? Eu não está lá ? Você já fez questão de enquanto brasileiro ter lido ou está aqui como papagaio curioso ? 🤔', 'parentId': 'Ugx0To8QpwfMxViKiCx4AaABAg', 'authorDisplayName': 'MBC Alves', 'authorProfileImageUrl': 'https://yt3.ggpht.com/Um3Pbzufg9zplVRWfXhJeE6JoQxXU5Yzw0r5uKX50HSWK1SCtrjLegWWMvOfjE0RXxc3Htk3ng=s48-c-k-c0x00ffffff-no-rj', 'authorChannelUrl': 'http://www.youtube.com/channel/UCtJnD-ccyOIlvmgRY3EWZWA', 'authorChannelId': {'value': 'UCtJnD-ccyOIlvmgRY3EWZWA'}, 'canRate': True, 'viewerRating': 'none', 'likeCount': 0, 'publishedAt': '2022-10-24T09:55:37Z', 'updatedAt': '2022-10-24T09:55:37Z'}}, {'kind': 'youtube#comment', 'etag': '-gSW_Sd16IJI5TRYw0s18cS3PH8', 'id': 'Ugx0To8QpwfMxViKiCx4AaABAg.9hYKN4yohed9hYh8IkLCLM', 'snippet': {'videoId': 'zEfTDpfyt1o', 'textDisplay': 'Constituição????', 'textOriginal': 'Constituição????', 'parentId': 'Ugx0To8QpwfMxViKiCx4AaABAg', 'authorDisplayName': 'Tiburcio Nascimento', 'authorProfileImageUrl': 'https://yt3.ggpht.com/ytc/AGIKgqPYJ16XbloZp1nRif2q9UiINjE9b3aLcJFllVpYZmGF8L32gAvFuJ_fm0H5T6oa=s48-c-k-c0x00ffffff-no-rj', 'authorChannelUrl': 'http://www.youtube.com/channel/UCOpVT2WBtvOTmNgRgNreY3Q', 'authorChannelId': {'value': 'UCOpVT2WBtvOTmNgRgNreY3Q'}, 'canRate': True, 'viewerRating': 'none', 'likeCount': 0, 'publishedAt': '2022-10-24T03:19:05Z', 'updatedAt': '2022-10-24T03:19:05Z'}}]}",UCtJnD-ccyOIlvmgRY3EWZWA,2022-10-23T23:51:23Z,"Ninguém deveria ser agredidos todos deveria serem iguais segundo a nossa constituição, valeu brigado ✌️",QURTSl9pMnMzbUpzMDczTnNEUHJjcEdQWjRtOHAtZHVOeVpWMFVYRTdUMmJKeHV1V2ZtTXkzNktQTm9tTnN0bHJUTzhxNE01enQwZm4zVQ==,2023-06-08 14:52:37.393138
youtube#commentThread,K4Zy1QP61-qGxZivR6keD4hBAvQ,Ugx82ZiA6y7AzWCfTqp4AaABAg,"{'videoId': 'zEfTDpfyt1o', 'topLevelComment': {'kind': 'youtube#comment', 'etag': 'EbBIAusjSvZ5suKyBXyS6dJfGq4', 'id': 'Ugx82ZiA6y7AzWCfTqp4AaABAg', 'snippet': {'videoId': 'zEfTDpfyt1o', 'textDisplay': 'É exatamente isso que este STF,as pessoas se agredindo principalmente os que não apoia a bandidagem,o caus é instalados ou melhor a isca é jogada.', 'textOriginal': 'É exatamente isso que este STF,as pessoas se agredindo principalmente os que não apoia a bandidagem,o caus é instalados ou melhor a isca é jogada.', 'authorDisplayName': 'RE feliz', 'authorProfileImageUrl': 'https://yt3.ggpht.com/4evXZhdoxEnpk1tr6GOVPTeUP-nha0vPkuIJi7dZ5SfaUwI5mTCplbKHDP82UNL5PHOXuOYSeg=s48-c-k-c0x00ffffff-no-rj', 'authorChannelUrl': 'http://www.youtube.com/channel/UCZ738O6NNPF5Ufe84CaNmRQ', 'authorChannelId': {'value': 'UCZ738O6NNPF5Ufe84CaNmRQ'}, 'canRate': True, 'viewerRating': 'none', 'likeCount': 0, 'publishedAt': '2022-10-23T23:50:59Z', 'updatedAt': '2022-10-23T23:50:59Z'}}, 'canReply': True, 'totalReplyCount': 0, 'isPublic': True}",,UCZ738O6NNPF5Ufe84CaNmRQ,2022-10-23T23:50:59Z,"É exatamente isso que este STF,as pessoas se agredindo principalmente os que não apoia a bandidagem,o caus é instalados ou melhor a isca é jogada.",QURTSl9pMnMzbUpzMDczTnNEUHJjcEdQWjRtOHAtZHVOeVpWMFVYRTdUMmJKeHV1V2ZtTXkzNktQTm9tTnN0bHJUTzhxNE01enQwZm4zVQ==,2023-06-08 14:52:37.393138
youtube#commentThread,nNXg2zdJNph8TW2nuiY4kjnviRc,UgyxO7gw26a8xj_ECzB4AaABAg,"{'videoId': 'zEfTDpfyt1o', 'topLevelComment': {'kind': 'youtube#comment', 'etag': 'dBx55sbw21ruBGWFhr-hQ6zVan8', 'id': 'UgyxO7gw26a8xj_ECzB4AaABAg', 'snippet': {'videoId': 'zEfTDpfyt1o', 'textDisplay': 'GLOBOLIXO', 'textOriginal': 'GLOBOLIXO', 'authorDisplayName': 'ivoneide margareth', 'authorProfileImageUrl': 'https://yt3.ggpht.com/ytc/AGIKgqOsbRSIV3dki7HzG6H91WCldwmTs0DdyIaIUD0FVIKiOBFEcEOh9fCtuGQ2jHHi=s48-c-k-c0x00ffffff-no-rj', 'authorChannelUrl': 'http://www.youtube.com/channel/UCiLQ0akmmV8SWLVLa1J9O6A', 'authorChannelId': {'value': 'UCiLQ0akmmV8SWLVLa1J9O6A'}, 'canRate': True, 'viewerRating': 'none', 'likeCount': 0, 'publishedAt': '2022-10-23T23:50:53Z', 'updatedAt': '2022-10-23T23:50:53Z'}}, 'canReply': True, 'totalReplyCount': 0, 'isPublic': True}",,UCiLQ0akmmV8SWLVLa1J9O6A,2022-10-23T23:50:53Z,GLOBOLIXO,QURTSl9pMnMzbUpzMDczTnNEUHJjcEdQWjRtOHAtZHVOeVpWMFVYRTdUMmJKeHV1V2ZtTXkzNktQTm9tTnN0bHJUTzhxNE01enQwZm4zVQ==,2023-06-08 14:52:37.393138
youtube#commentThread,kimq864hm2cGiU8p01VADSTSmiM,UgyLa9blEykCLtDQkBZ4AaABAg,"{'videoId': 'zEfTDpfyt1o', 'topLevelComment': {'kind': 'youtube#comment', 'etag': 'LlCx6z6qqikDVo2PcYQrYHj2qeA', 'id': 'UgyLa9blEykCLtDQkBZ4AaABAg', 'snippet': {'videoId': 'zEfTDpfyt1o', 'textDisplay': 'ELE  FEZ  A   CIRURGIA  QUANDO<br><br>NAO   AGREDIR   ALGUEM .', 'textOriginal': 'ELE  FEZ  A   CIRURGIA  QUANDO\\n\\nNAO   AGREDIR   ALGUEM .', 'authorDisplayName': 'Marli Gomes', 'authorProfileImageUrl': 'https://yt3.ggpht.com/ytc/AGIKgqOmBvnOhcIaC3UkSqB_1a5INBkXvRo_YsRt3V_p=s48-c-k-c0x00ffffff-no-rj', 'authorChannelUrl': 'http://www.youtube.com/channel/UC-6tZ-yhckKSEP7xCyImhvQ', 'authorChannelId': {'value': 'UC-6tZ-yhckKSEP7xCyImhvQ'}, 'canRate': True, 'viewerRating': 'none', 'likeCount': 0, 'publishedAt': '2022-10-23T23:50:49Z', 'updatedAt': '2022-10-23T23:50:49Z'}}, 'canReply': True, 'totalReplyCount': 0, 'isPublic': True}",,UC-6tZ-yhckKSEP7xCyImhvQ,2022-10-23T23:50:49Z,"ELE  FEZ  A   CIRURGIA  QUANDO

NAO   AGREDIR   ALGUEM .",QURTSl9pMnMzbUpzMDczTnNEUHJjcEdQWjRtOHAtZHVOeVpWMFVYRTdUMmJKeHV1V2ZtTXkzNktQTm9tTnN0bHJUTzhxNE01enQwZm4zVQ==,2023-06-08 14:52:37.393138
youtube#commentThread,PUcHFKZOI-iXCM_HfNNwjYCFlN4,UgytzRja8-ZklCUye954AaABAg,"{'videoId': 'zEfTDpfyt1o', 'topLevelComment': {'kind': 'youtube#comment', 'etag': '-o41uNP4KubNLr9QNURpRLaaLd4', 'id': 'UgytzRja8-ZklCUye954AaABAg', 'snippet': {'videoId': 'zEfTDpfyt1o', 'textDisplay': '&quot;COBERTURA &quot; , estavam tentando fazer ligação deste ocorrido a campanha de Bolsonaro.', 'textOriginal': '""COBERTURA "" , estavam tentando fazer ligação deste ocorrido a campanha de Bolsonaro.', 'authorDisplayName': 'pedro ferreira', 'authorProfileImageUrl': 'https://yt3.ggpht.com/ytc/AGIKgqOZcYzC5Z_TnbahBw8ffet5psQVYzBwvjI7Kg=s48-c-k-c0x00ffffff-no-rj', 'authorChannelUrl': 'http://www.youtube.com/channel/UCgCv-xFrhL3ODSggsZmJSqQ', 'authorChannelId': {'value': 'UCgCv-xFrhL3ODSggsZmJSqQ'}, 'canRate': True, 'viewerRating': 'none', 'likeCount': 0, 'publishedAt': '2022-10-23T23:50:43Z', 'updatedAt': '2022-10-23T23:50:43Z'}}, 'canReply': True, 'totalReplyCount': 0, 'isPublic': True}",,UCgCv-xFrhL3ODSggsZmJSqQ,2022-10-23T23:50:43Z,"""COBERTURA "" , estavam tentando fazer ligação deste ocorrido a campanha de Bolsonaro.",QURTSl9pMnMzbUpzMDczTnNEUHJjcEdQWjRtOHAtZHVOeVpWMFVYRTdUMmJKeHV1V2ZtTXkzNktQTm9tTnN0bHJUTzhxNE01enQwZm4zVQ==,2023-06-08 14:52:37.393138
youtube#commentThread,0RDxU5OTs1I1cemsmAEyQ7uFtf8,UgxM0_TrggfRMpKU9cJ4AaABAg,"{'videoId': 'zEfTDpfyt1o', 'topLevelComment': {'kind': 'youtube#comment', 'etag': 'yKkUtlzxIALpi5bgplyFNc0Sehk', 'id': 'UgxM0_TrggfRMpKU9cJ4AaABAg', 'snippet': {'videoId': 'zEfTDpfyt1o', 'textDisplay': 'Não podemos agitar, necessário manter a calma. <a href=""http://www.youtube.com/results?search_query=%23agress%C3%A3onao"">#AgressãoNao</a>  <a href=""http://www.youtube.com/results?search_query=%23censuranao"">#CensuraNao</a>', 'textOriginal': 'Não podemos agitar, necessário manter a calma. #AgressãoNao  #CensuraNao', 'authorDisplayName': 'Sonia Son', 'authorProfileImageUrl': 'https://yt3.ggpht.com/ytc/AGIKgqN6B1_lYkX-PEo92loMtgSigfC8j-IwtYirm5JY2g=s48-c-k-c0x00ffffff-no-rj', 'authorChannelUrl': 'http://www.youtube.com/channel/UC2hHvoFnrJg-i7Z_0NhXaoA', 'authorChannelId': {'value': 'UC2hHvoFnrJg-i7Z_0NhXaoA'}, 'canRate': True, 'viewerRating': 'none', 'likeCount': 1, 'publishedAt': '2022-10-23T23:50:23Z', 'updatedAt': '2022-10-23T23:50:46Z'}}, 'canReply': True, 'totalReplyCount': 1, 'isPublic': True}","{'comments': [{'kind': 'youtube#comment', 'etag': '9Yjkdpt8sjFtYOPareh4FiUoa4Q', 'id': 'UgxM0_TrggfRMpKU9cJ4AaABAg.9hYKFi95WK-9hYfkOf7nOX', 'snippet': {'videoId': 'zEfTDpfyt1o', 'textDisplay': 'Mais 4 anos de calma com os marimbondos nos picando???', 'textOriginal': 'Mais 4 anos de calma com os marimbondos nos picando???', 'parentId': 'UgxM0_TrggfRMpKU9cJ4AaABAg', 'authorDisplayName': 'Tiburcio Nascimento', 'authorProfileImageUrl': 'https://yt3.ggpht.com/ytc/AGIKgqPYJ16XbloZp1nRif2q9UiINjE9b3aLcJFllVpYZmGF8L32gAvFuJ_fm0H5T6oa=s48-c-k-c0x00ffffff-no-rj', 'authorChannelUrl': 'http://www.youtube.com/channel/UCOpVT2WBtvOTmNgRgNreY3Q', 'authorChannelId': {'value': 'UCOpVT2WBtvOTmNgRgNreY3Q'}, 'canRate': True, 'viewerRating': 'none', 'likeCount': 0, 'publishedAt': '2022-10-24T03:06:57Z', 'updatedAt': '2022-10-24T03:06:57Z'}}]}",UC2hHvoFnrJg-i7Z_0NhXaoA,2022-10-23T23:50:23Z,"Não podemos agitar, necessário manter a calma. #AgressãoNao  #CensuraNao",QURTSl9pMnMzbUpzMDczTnNEUHJjcEdQWjRtOHAtZHVOeVpWMFVYRTdUMmJKeHV1V2ZtTXkzNktQTm9tTnN0bHJUTzhxNE01enQwZm4zVQ==,2023-06-08 14:52:37.393138
youtube#commentThread,mBRDhld8SlA2_b6hlcb9_fCv_Ug,UgzCXuGt9Mc6kDMP6sV4AaABAg,"{'videoId': 'zEfTDpfyt1o', 'topLevelComment': {'kind': 'youtube#comment', 'etag': '7b9Bwo4Ibxgi9Z-sd2slsih2tzM', 'id': 'UgzCXuGt9Mc6kDMP6sV4AaABAg', 'snippet': {'videoId': 'zEfTDpfyt1o', 'textDisplay': 'Estranho que ninguém  se supriende com atitude do chandao', 'textOriginal': 'Estranho que ninguém  se supriende com atitude do chandao', 'authorDisplayName': 'rosane santos', 'authorProfileImageUrl': 'https://yt3.ggpht.com/ytc/AGIKgqMPRctZS0sDCXPaHKTpKyK23_NA9YoalM0LYQ=s48-c-k-c0x00ffffff-no-rj', 'authorChannelUrl': 'http://www.youtube.com/channel/UC4h4WjRSeriWfNmYVq90e-g', 'authorChannelId': {'value': 'UC4h4WjRSeriWfNmYVq90e-g'}, 'canRate': True, 'viewerRating': 'none', 'likeCount': 1, 'publishedAt': '2022-10-23T23:50:22Z', 'updatedAt': '2022-10-23T23:50:22Z'}}, 'canReply': True, 'totalReplyCount': 0, 'isPublic': True}",,UC4h4WjRSeriWfNmYVq90e-g,2022-10-23T23:50:22Z,Estranho que ninguém  se supriende com atitude do chandao,QURTSl9pMnMzbUpzMDczTnNEUHJjcEdQWjRtOHAtZHVOeVpWMFVYRTdUMmJKeHV1V2ZtTXkzNktQTm9tTnN0bHJUTzhxNE01enQwZm4zVQ==,2023-06-08 14:52:37.393138
youtube#commentThread,1F7pFvWlQcpMhNvBwfQVZk2EB5E,UgwIcLhOjHXKEYiNd3N4AaABAg,"{'videoId': 'zEfTDpfyt1o', 'topLevelComment': {'kind': 'youtube#comment', 'etag': 'zTk-NTaKTysW8tFB4O_zMfrUQVw', 'id': 'UgwIcLhOjHXKEYiNd3N4AaABAg', 'snippet': {'videoId': 'zEfTDpfyt1o', 'textDisplay': 'QUE VERGONHA JOVEM PAN, FORAM BOLSONARISTAS QUE AGREDIRAM, FALE A VERDADE', 'textOriginal': 'QUE VERGONHA JOVEM PAN, FORAM BOLSONARISTAS QUE AGREDIRAM, FALE A VERDADE', 'authorDisplayName': 'Bolsonaro', 'authorProfileImageUrl': 'https://yt3.ggpht.com/ytc/AGIKgqOfvfApK-TyvS7LSnOSWMAmjLPbGwGRFm1chh7tcw=s48-c-k-c0x00ffffff-no-rj', 'authorChannelUrl': 'http://www.youtube.com/channel/UCRVvofmF3EvjkPATAHa7eag', 'authorChannelId': {'value': 'UCRVvofmF3EvjkPATAHa7eag'}, 'canRate': True, 'viewerRating': 'none', 'likeCount': 1, 'publishedAt': '2022-10-23T23:50:17Z', 'updatedAt': '2022-10-23T23:50:17Z'}}, 'canReply': True, 'totalReplyCount': 0, 'isPublic': True}",,UCRVvofmF3EvjkPATAHa7eag,2022-10-23T23:50:17Z,"QUE VERGONHA JOVEM PAN, FORAM BOLSONARISTAS QUE AGREDIRAM, FALE A VERDADE",QURTSl9pMnMzbUpzMDczTnNEUHJjcEdQWjRtOHAtZHVOeVpWMFVYRTdUMmJKeHV1V2ZtTXkzNktQTm9tTnN0bHJUTzhxNE01enQwZm4zVQ==,2023-06-08 14:52:37.393138
youtube#commentThread,cjYr1qjVE1ft1Ez4CKlK-X4Kse4,Ugz8TcBfzKx6w7Sr5lh4AaABAg,"{'videoId': 'zEfTDpfyt1o', 'topLevelComment': {'kind': 'youtube#comment', 'etag': 'Qs8KO34gHn00rRN5hxWUgbbmvog', 'id': 'Ugz8TcBfzKx6w7Sr5lh4AaABAg', 'snippet': {'videoId': 'zEfTDpfyt1o', 'textDisplay': 'Esse cinegrafista da globosta estava no lugar e na hora errada', 'textOriginal': 'Esse cinegrafista da globosta estava no lugar e na hora errada', 'authorDisplayName': 'Felix Cardoso', 'authorProfileImageUrl': 'https://yt3.ggpht.com/ytc/AGIKgqPsdJRXWCLOKyHid2yTFnuwDF21IWEfIm5-cw=s48-c-k-c0x00ffffff-no-rj', 'authorChannelUrl': 'http://www.youtube.com/channel/UCKTTFbTT2Bqfa4CWnEz9ZXA', 'authorChannelId': {'value': 'UCKTTFbTT2Bqfa4CWnEz9ZXA'}, 'canRate': True, 'viewerRating': 'none', 'likeCount': 0, 'publishedAt': '2022-10-23T23:50:12Z', 'updatedAt': '2022-10-23T23:50:12Z'}}, 'canReply': True, 'totalReplyCount': 0, 'isPublic': True}",,UCKTTFbTT2Bqfa4CWnEz9ZXA,2022-10-23T23:50:12Z,Esse cinegrafista da globosta estava no lugar e na hora errada,QURTSl9pMnMzbUpzMDczTnNEUHJjcEdQWjRtOHAtZHVOeVpWMFVYRTdUMmJKeHV1V2ZtTXkzNktQTm9tTnN0bHJUTzhxNE01enQwZm4zVQ==,2023-06-08 14:52:37.393138
youtube#commentThread,GAw_Z2dhx7HptixUwOdpXUu27iY,UgyWK8Y-OUOuOWBw7C14AaABAg,"{'videoId': 'zEfTDpfyt1o', 'topLevelComment': {'kind': 'youtube#comment', 'etag': 'Rr3_QAt69MU1QLIm5uFyaubsPVk', 'id': 'UgyWK8Y-OUOuOWBw7C14AaABAg', 'snippet': {'videoId': 'zEfTDpfyt1o', 'textDisplay': 'Nenhum profissional no exercício do seu trabalho deveria ser agredido, os brasileiros normais são agregados 24 horas por dia, no trabalho no transporte indo e voltando para casa, assaltados violentados homens de toda raça  mulheres de todas as cores, não deveria ter classes privilegiado em uma sociedade todos deveria ser iguais como Reza a nossa constituição.', 'textOriginal': 'Nenhum profissional no exercício do seu trabalho deveria ser agredido, os brasileiros normais são agregados 24 horas por dia, no trabalho no transporte indo e voltando para casa, assaltados violentados homens de toda raça  mulheres de todas as cores, não deveria ter classes privilegiado em uma sociedade todos deveria ser iguais como Reza a nossa constituição.', 'authorDisplayName': 'MBC Alves', 'authorProfileImageUrl': 'https://yt3.ggpht.com/Um3Pbzufg9zplVRWfXhJeE6JoQxXU5Yzw0r5uKX50HSWK1SCtrjLegWWMvOfjE0RXxc3Htk3ng=s48-c-k-c0x00ffffff-no-rj', 'authorChannelUrl': 'http://www.youtube.com/channel/UCtJnD-ccyOIlvmgRY3EWZWA', 'authorChannelId': {'value': 'UCtJnD-ccyOIlvmgRY3EWZWA'}, 'canRate': True, 'viewerRating': 'none', 'likeCount': 0, 'publishedAt': '2022-10-23T23:50:07Z', 'updatedAt': '2022-10-23T23:50:07Z'}}, 'canReply': True, 'totalReplyCount': 0, 'isPublic': True}",,UCtJnD-ccyOIlvmgRY3EWZWA,2022-10-23T23:50:07Z,"Nenhum profissional no exercício do seu trabalho deveria ser agredido, os brasileiros normais são agregados 24 horas por dia, no trabalho no transporte indo e voltando para casa, assaltados violentados homens de toda raça  mulheres de todas as cores, não deveria ter classes privilegiado em uma sociedade todos deveria ser iguais como Reza a nossa constituição.",QURTSl9pMnMzbUpzMDczTnNEUHJjcEdQWjRtOHAtZHVOeVpWMFVYRTdUMmJKeHV1V2ZtTXkzNktQTm9tTnN0bHJUTzhxNE01enQwZm4zVQ==,2023-06-08 14:52:37.393138
youtube#commentThread,mvZVz3-jtgkXLYauOH2dPyAfxXc,UgyOWI8G9sz0MI9uqrR4AaABAg,"{'videoId': 'zEfTDpfyt1o', 'topLevelComment': {'kind': 'youtube#comment', 'etag': '_vsfa7YiZIr3itX1bxpHvFZJNSM', 'id': 'UgyOWI8G9sz0MI9uqrR4AaABAg', 'snippet': {'videoId': 'zEfTDpfyt1o', 'textDisplay': 'QUEM  TEM  A  FICHA  MAIS  EXTENSA   <br>LUIS   SILVA  OU<br>ROBERTO   ?', 'textOriginal': 'QUEM  TEM  A  FICHA  MAIS  EXTENSA   \\nLUIS   SILVA  OU\\nROBERTO   ?', 'authorDisplayName': 'Marli Gomes', 'authorProfileImageUrl': 'https://yt3.ggpht.com/ytc/AGIKgqOmBvnOhcIaC3UkSqB_1a5INBkXvRo_YsRt3V_p=s48-c-k-c0x00ffffff-no-rj', 'authorChannelUrl': 'http://www.youtube.com/channel/UC-6tZ-yhckKSEP7xCyImhvQ', 'authorChannelId': {'value': 'UC-6tZ-yhckKSEP7xCyImhvQ'}, 'canRate': True, 'viewerRating': 'none', 'likeCount': 1, 'publishedAt': '2022-10-23T23:49:54Z', 'updatedAt': '2022-10-23T23:49:54Z'}}, 'canReply': True, 'totalReplyCount': 0, 'isPublic': True}",,UC-6tZ-yhckKSEP7xCyImhvQ,2022-10-23T23:49:54Z,"QUEM  TEM  A  FICHA  MAIS  EXTENSA   
LUIS   SILVA  OU
ROBERTO   ?",QURTSl9pMnMzbUpzMDczTnNEUHJjcEdQWjRtOHAtZHVOeVpWMFVYRTdUMmJKeHV1V2ZtTXkzNktQTm9tTnN0bHJUTzhxNE01enQwZm4zVQ==,2023-06-08 14:52:37.393138
youtube#commentThread,T0qG8abmEKJurn0iz6ZMG5fZC0k,UgykyvWzirCzqh5-BqJ4AaABAg,"{'videoId': 'zEfTDpfyt1o', 'topLevelComment': {'kind': 'youtube#comment', 'etag': 'edrMcJ9dnpyYd8qcCk_ypv_238A', 'id': 'UgykyvWzirCzqh5-BqJ4AaABAg', 'snippet': {'videoId': 'zEfTDpfyt1o', 'textDisplay': 'Lamentável, podemos discordar, mas nunca agredir ninguém. <br>Respeito e amor ao próximo!', 'textOriginal': 'Lamentável, podemos discordar, mas nunca agredir ninguém. \\nRespeito e amor ao próximo!', 'authorDisplayName': 'Silvia Rossi', 'authorProfileImageUrl': 'https://yt3.ggpht.com/ytc/AGIKgqPT2TCFjeQsDKudbxwf2_J4Pa4g-RvZvg__2w=s48-c-k-c0x00ffffff-no-rj', 'authorChannelUrl': 'http://www.youtube.com/channel/UCEingNZi6Fu2r3HN3BMWLFQ', 'authorChannelId': {'value': 'UCEingNZi6Fu2r3HN3BMWLFQ'}, 'canRate': True, 'viewerRating': 'none', 'likeCount': 0, 'publishedAt': '2022-10-23T23:49:47Z', 'updatedAt': '2022-10-23T23:49:47Z'}}, 'canReply': True, 'totalReplyCount': 0, 'isPublic': True}",,UCEingNZi6Fu2r3HN3BMWLFQ,2022-10-23T23:49:47Z,"Lamentável, podemos discordar, mas nunca agredir ninguém. 
Respeito e amor ao próximo!",QURTSl9pMnMzbUpzMDczTnNEUHJjcEdQWjRtOHAtZHVOeVpWMFVYRTdUMmJKeHV1V2ZtTXkzNktQTm9tTnN0bHJUTzhxNE01enQwZm4zVQ==,2023-06-08 14:52:37.393138
youtube#commentThread,zU9R74niGYfh8lADQl9KopmhoRM,UgxJ26X2h9dGdg745ex4AaABAg,"{'videoId': 'zEfTDpfyt1o', 'topLevelComment': {'kind': 'youtube#comment', 'etag': '2Q8Y58KBTavituQcCBm3QHz7B2E', 'id': 'UgxJ26X2h9dGdg745ex4AaABAg', 'snippet': {'videoId': 'zEfTDpfyt1o', 'textDisplay': 'Votar em quem prega a desordem, a violência, o ódio, a mentira, o porte de armas é renegar tudo que Jesus nos ensinou. <a href=""http://www.youtube.com/results?search_query=%23forabostanaro"">#FORAbostanaro</a>!', 'textOriginal': 'Votar em quem prega a desordem, a violência, o ódio, a mentira, o porte de armas é renegar tudo que Jesus nos ensinou. #FORAbostanaro!', 'authorDisplayName': 'Joana Mourão', 'authorProfileImageUrl': 'https://yt3.ggpht.com/ytc/AGIKgqOZpNAnBIDJx0uffXTPmuAR_TlEVWBYKJwd3g=s48-c-k-c0x00ffffff-no-rj', 'authorChannelUrl': 'http://www.youtube.com/channel/UCMjsyeBhSCbey6zZ_PvhpKA', 'authorChannelId': {'value': 'UCMjsyeBhSCbey6zZ_PvhpKA'}, 'canRate': True, 'viewerRating': 'none', 'likeCount': 0, 'publishedAt': '2022-10-23T23:49:27Z', 'updatedAt': '2022-10-23T23:49:27Z'}}, 'canReply': True, 'totalReplyCount': 0, 'isPublic': True}",,UCMjsyeBhSCbey6zZ_PvhpKA,2022-10-23T23:49:27Z,"Votar em quem prega a desordem, a violência, o ódio, a mentira, o porte de armas é renegar tudo que Jesus nos ensinou. #FORAbostanaro!",QURTSl9pMnMzbUpzMDczTnNEUHJjcEdQWjRtOHAtZHVOeVpWMFVYRTdUMmJKeHV1V2ZtTXkzNktQTm9tTnN0bHJUTzhxNE01enQwZm4zVQ==,2023-06-08 14:52:37.393138
youtube#commentThread,1eDAsWfqmc4Ugbu6JHPC4AlNDQ8,UgwerXEMc3V_Th0IQPF4AaABAg,"{'videoId': 'zEfTDpfyt1o', 'topLevelComment': {'kind': 'youtube#comment', 'etag': '8Ijon8UGNnRzV7468qIacJLY42g', 'id': 'UgwerXEMc3V_Th0IQPF4AaABAg', 'snippet': {'videoId': 'zEfTDpfyt1o', 'textDisplay': '<a href=""http://www.youtube.com/results?search_query=%23liberdade"">#Liberdade</a>', 'textOriginal': '#Liberdade', 'authorDisplayName': 'Tatiane Sohn Fagundes', 'authorProfileImageUrl': 'https://yt3.ggpht.com/ytc/AGIKgqPw3esA8lLEuW5bCyXAsHQdTe9dY-uDeBkWXAKiyv4=s48-c-k-c0x00ffffff-no-rj', 'authorChannelUrl': 'http://www.youtube.com/channel/UC2n3zzrxcm7Aj0uMt2kt8bQ', 'authorChannelId': {'value': 'UC2n3zzrxcm7Aj0uMt2kt8bQ'}, 'canRate': True, 'viewerRating': 'none', 'likeCount': 0, 'publishedAt': '2022-10-23T23:49:23Z', 'updatedAt': '2022-10-23T23:49:23Z'}}, 'canReply': True, 'totalReplyCount': 0, 'isPublic': True}",,UC2n3zzrxcm7Aj0uMt2kt8bQ,2022-10-23T23:49:23Z,#Liberdade,QURTSl9pMnMzbUpzMDczTnNEUHJjcEdQWjRtOHAtZHVOeVpWMFVYRTdUMmJKeHV1V2ZtTXkzNktQTm9tTnN0bHJUTzhxNE01enQwZm4zVQ==,2023-06-08 14:52:37.393138
youtube#commentThread,FBopMZat_hJ8e9B4p38iY6ExWR4,Ugy6_gJj6204h6RtQKd4AaABAg,"{'videoId': 'zEfTDpfyt1o', 'topLevelComment': {'kind': 'youtube#comment', 'etag': '8H1qV3iUM9XsugYyj_ezb7z0D3Q', 'id': 'Ugy6_gJj6204h6RtQKd4AaABAg', 'snippet': {'videoId': 'zEfTDpfyt1o', 'textDisplay': 'Todas as manifestações da direita não tivemos nenhuma agressão contra imprensas.', 'textOriginal': 'Todas as manifestações da direita não tivemos nenhuma agressão contra imprensas.', 'authorDisplayName': 'Maria Luiza Ozorio Fraga', 'authorProfileImageUrl': 'https://yt3.ggpht.com/ytc/AGIKgqNNJUiait9a8XAFz3P3rK8G-iSkWpCR-J65yQ=s48-c-k-c0x00ffffff-no-rj', 'authorChannelUrl': 'http://www.youtube.com/channel/UCyKul6YT6tzQl1BNKOEh1Nw', 'authorChannelId': {'value': 'UCyKul6YT6tzQl1BNKOEh1Nw'}, 'canRate': True, 'viewerRating': 'none', 'likeCount': 0, 'publishedAt': '2022-10-23T23:49:17Z', 'updatedAt': '2022-10-23T23:49:17Z'}}, 'canReply': True, 'totalReplyCount': 0, 'isPublic': True}",,UCyKul6YT6tzQl1BNKOEh1Nw,2022-10-23T23:49:17Z,Todas as manifestações da direita não tivemos nenhuma agressão contra imprensas.,QURTSl9pMnMzbUpzMDczTnNEUHJjcEdQWjRtOHAtZHVOeVpWMFVYRTdUMmJKeHV1V2ZtTXkzNktQTm9tTnN0bHJUTzhxNE01enQwZm4zVQ==,2023-06-08 14:52:37.393138
youtube#commentThread,WfLb7uFy-roVIzWWbIsR7cm1tdo,UgxQ4RSTDp9Kl6kCACx4AaABAg,"{'videoId': 'zEfTDpfyt1o', 'topLevelComment': {'kind': 'youtube#comment', 'etag': 'rESMwdhKj2d6bIr1lTquv8aJ098', 'id': 'UgxQ4RSTDp9Kl6kCACx4AaABAg', 'snippet': {'videoId': 'zEfTDpfyt1o', 'textDisplay': 'Estão todos a flor da pele. Precisamos de equilíbrio. A semana será tensa. Repúdio tb as agressões mas estamos em guerra. Q TD isso acabe logo.Estou exausta , estou nas ruas trabalhando de graça p o Presidente Bolsonaro e a energia está extremamente pesada.', 'textOriginal': 'Estão todos a flor da pele. Precisamos de equilíbrio. A semana será tensa. Repúdio tb as agressões mas estamos em guerra. Q TD isso acabe logo.Estou exausta , estou nas ruas trabalhando de graça p o Presidente Bolsonaro e a energia está extremamente pesada.', 'authorDisplayName': 'Luciane Marques', 'authorProfileImageUrl': 'https://yt3.ggpht.com/ytc/AGIKgqNp4_w4KIU8MWM0-58IF9MEuAQ1oVpyaLM6gg=s48-c-k-c0x00ffffff-no-rj', 'authorChannelUrl': 'http://www.youtube.com/channel/UC0a4SwpR-dqVHVRPZa3ZKHQ', 'authorChannelId': {'value': 'UC0a4SwpR-dqVHVRPZa3ZKHQ'}, 'canRate': True, 'viewerRating': 'none', 'likeCount': 0, 'publishedAt': '2022-10-23T23:49:10Z', 'updatedAt': '2022-10-23T23:49:10Z'}}, 'canReply': True, 'totalReplyCount': 0, 'isPublic': True}",,UC0a4SwpR-dqVHVRPZa3ZKHQ,2022-10-23T23:49:10Z,"Estão todos a flor da pele. Precisamos de equilíbrio. A semana será tensa. Repúdio tb as agressões mas estamos em guerra. Q TD isso acabe logo.Estou exausta , estou nas ruas trabalhando de graça p o Presidente Bolsonaro e a energia está extremamente pesada.",QURTSl9pMnMzbUpzMDczTnNEUHJjcEdQWjRtOHAtZHVOeVpWMFVYRTdUMmJKeHV1V2ZtTXkzNktQTm9tTnN0bHJUTzhxNE01enQwZm4zVQ==,2023-06-08 14:52:37.393138
youtube#commentThread,C2HYbFHVta23uUV65d6MXkHhb6Y,UgysDnCwMOL28bAilZx4AaABAg,"{'videoId': 'zEfTDpfyt1o', 'topLevelComment': {'kind': 'youtube#comment', 'etag': 'egBhtRfi_om2qJUSigA-kDA-5rM', 'id': 'UgysDnCwMOL28bAilZx4AaABAg', 'snippet': {'videoId': 'zEfTDpfyt1o', 'textDisplay': 'IMPREN$$$$$$$$$$$$$$A colhendo.', 'textOriginal': 'IMPREN$$$$$$$$$$$$$$A colhendo.', 'authorDisplayName': 'Ricardo Duarte', 'authorProfileImageUrl': 'https://yt3.ggpht.com/ytc/AGIKgqMGpN9xXCf93oYI-x56z2Dr3j_Vjx-0DrhqtA=s48-c-k-c0x00ffffff-no-rj', 'authorChannelUrl': 'http://www.youtube.com/channel/UC2LUCFqyBGTEx1JJ11wm7pQ', 'authorChannelId': {'value': 'UC2LUCFqyBGTEx1JJ11wm7pQ'}, 'canRate': True, 'viewerRating': 'none', 'likeCount': 0, 'publishedAt': '2022-10-23T23:49:02Z', 'updatedAt': '2022-10-23T23:49:02Z'}}, 'canReply': True, 'totalReplyCount': 0, 'isPublic': True}",,UC2LUCFqyBGTEx1JJ11wm7pQ,2022-10-23T23:49:02Z,IMPREN$$$$$$$$$$$$$$A colhendo.,QURTSl9pMnMzbUpzMDczTnNEUHJjcEdQWjRtOHAtZHVOeVpWMFVYRTdUMmJKeHV1V2ZtTXkzNktQTm9tTnN0bHJUTzhxNE01enQwZm4zVQ==,2023-06-08 14:52:37.393138
youtube#commentThread,ax6X2eN-pmAS7QikY763lrhvJyM,Ugx0JqtN7bUSZ8gzE7l4AaABAg,"{'videoId': 'zEfTDpfyt1o', 'topLevelComment': {'kind': 'youtube#comment', 'etag': 'E1GgLsRIIXvXhxpbRXrP4xYDHv8', 'id': 'Ugx0JqtN7bUSZ8gzE7l4AaABAg', 'snippet': {'videoId': 'zEfTDpfyt1o', 'textDisplay': 'e este jorna lista ta igual papal so encostou nele e o dodoi cai e desmaia', 'textOriginal': 'e este jorna lista ta igual papal so encostou nele e o dodoi cai e desmaia', 'authorDisplayName': 'ALERANDRO RAMIREZ', 'authorProfileImageUrl': 'https://yt3.ggpht.com/ytc/AGIKgqPsM9LtY2qTBJBtDJZKgn-cBla_XCI84_gWcJ5t=s48-c-k-c0x00ffffff-no-rj', 'authorChannelUrl': 'http://www.youtube.com/channel/UCC9ewqXGlYkBy2KkdyW07oQ', 'authorChannelId': {'value': 'UCC9ewqXGlYkBy2KkdyW07oQ'}, 'canRate': True, 'viewerRating': 'none', 'likeCount': 0, 'publishedAt': '2022-10-23T23:49:01Z', 'updatedAt': '2022-10-23T23:49:01Z'}}, 'canReply': True, 'totalReplyCount': 0, 'isPublic': True}",,UCC9ewqXGlYkBy2KkdyW07oQ,2022-10-23T23:49:01Z,e este jorna lista ta igual papal so encostou nele e o dodoi cai e desmaia,QURTSl9pMnMzbUpzMDczTnNEUHJjcEdQWjRtOHAtZHVOeVpWMFVYRTdUMmJKeHV1V2ZtTXkzNktQTm9tTnN0bHJUTzhxNE01enQwZm4zVQ==,2023-06-08 14:52:37.393138
youtube#commentThread,_9XuWO771R5K-KAsrzBYEjGAFnM,UgwEhP4kn7HcT7Wg6JN4AaABAg,"{'videoId': 'zEfTDpfyt1o', 'topLevelComment': {'kind': 'youtube#comment', 'etag': 'Bzlg431Y0hDLwdRzVAqGZfyzrUE', 'id': 'UgwEhP4kn7HcT7Wg6JN4AaABAg', 'snippet': {'videoId': 'zEfTDpfyt1o', 'textDisplay': 'Alexandre está causando problemas sérios por ordem inconstitucional. <br>PF não deve mais obedecer ordens inconstitucionais. <br>Lamento todos atos de violência', 'textOriginal': 'Alexandre está causando problemas sérios por ordem inconstitucional. \\nPF não deve mais obedecer ordens inconstitucionais. \\nLamento todos atos de violência', 'authorDisplayName': 'Maria Lúcia Fontanetti Perli', 'authorProfileImageUrl': 'https://yt3.ggpht.com/ytc/AGIKgqPc5_fapV8piqqPuniLl_dUp-MULpFKgC5ZWnTZ=s48-c-k-c0x00ffffff-no-rj', 'authorChannelUrl': 'http://www.youtube.com/channel/UCDLXaeTBA5xXmbA0fo-JEzw', 'authorChannelId': {'value': 'UCDLXaeTBA5xXmbA0fo-JEzw'}, 'canRate': True, 'viewerRating': 'none', 'likeCount': 1, 'publishedAt': '2022-10-23T23:48:59Z', 'updatedAt': '2022-10-23T23:48:59Z'}}, 'canReply': True, 'totalReplyCount': 0, 'isPublic': True}",,UCDLXaeTBA5xXmbA0fo-JEzw,2022-10-23T23:48:59Z,"Alexandre está causando problemas sérios por ordem inconstitucional. 
PF não deve mais obedecer ordens inconstitucionais. 
Lamento todos atos de violência",QURTSl9pMnMzbUpzMDczTnNEUHJjcEdQWjRtOHAtZHVOeVpWMFVYRTdUMmJKeHV1V2ZtTXkzNktQTm9tTnN0bHJUTzhxNE01enQwZm4zVQ==,2023-06-08 14:52:37.393138
youtube#commentThread,MMa8L-9FlFVtbXrvnVHf3sFa-T4,UgzVvHXubVmcBMv8De94AaABAg,"{'videoId': 'zEfTDpfyt1o', 'topLevelComment': {'kind': 'youtube#comment', 'etag': 'DO1GsX91jDOr04hW8LaL1prKncU', 'id': 'UgzVvHXubVmcBMv8De94AaABAg', 'snippet': {'videoId': 'zEfTDpfyt1o', 'textDisplay': '<a href=""http://www.youtube.com/results?search_query=%23foraglobolixo"">#FORAGLOBOLIXO</a>', 'textOriginal': '#FORAGLOBOLIXO', 'authorDisplayName': 'carlos galvêas', 'authorProfileImageUrl': 'https://yt3.ggpht.com/ytc/AGIKgqPDnqNDbgBi6CUlT-x6ISpgTkovpsVvcvDHNFas3Q=s48-c-k-c0x00ffffff-no-rj', 'authorChannelUrl': 'http://www.youtube.com/channel/UChI3V6VW_UoYwAz1VG5oj-A', 'authorChannelId': {'value': 'UChI3V6VW_UoYwAz1VG5oj-A'}, 'canRate': True, 'viewerRating': 'none', 'likeCount': 0, 'publishedAt': '2022-10-23T23:48:58Z', 'updatedAt': '2022-10-23T23:48:58Z'}}, 'canReply': True, 'totalReplyCount': 0, 'isPublic': True}",,UChI3V6VW_UoYwAz1VG5oj-A,2022-10-23T23:48:58Z,#FORAGLOBOLIXO,QURTSl9pMnMzbUpzMDczTnNEUHJjcEdQWjRtOHAtZHVOeVpWMFVYRTdUMmJKeHV1V2ZtTXkzNktQTm9tTnN0bHJUTzhxNE01enQwZm4zVQ==,2023-06-08 14:52:37.393138
youtube#commentThread,nCOeVlqxNjze5My7C0mAgnG9sRA,Ugw5eYGmEIn2bGS1NqB4AaABAg,"{'videoId': 'zEfTDpfyt1o', 'topLevelComment': {'kind': 'youtube#comment', 'etag': 'UG9qEe1PmuWTliG9NGSVAeeFdZM', 'id': 'Ugw5eYGmEIn2bGS1NqB4AaABAg', 'snippet': {'videoId': 'zEfTDpfyt1o', 'textDisplay': 'Só Deus e NOSSO VOTO EM 13, LULA , ETERNO PRESIDENTE DO BRASIL pra mandar esses arruaceiros assassinos junto com  o chefe deles, broxanaro, pra <a href=""http://www.youtube.com/results?search_query=%23foradobrasil"">#FORAdoBrasil</a>, Larga o osso, broxanaro! Aqui não é teu lugar', 'textOriginal': 'Só Deus e NOSSO VOTO EM 13, LULA , ETERNO PRESIDENTE DO BRASIL pra mandar esses arruaceiros assassinos junto com  o chefe deles, broxanaro, pra #FORAdoBrasil, Larga o osso, broxanaro! Aqui não é teu lugar', 'authorDisplayName': 'Joana Mourão', 'authorProfileImageUrl': 'https://yt3.ggpht.com/ytc/AGIKgqOZpNAnBIDJx0uffXTPmuAR_TlEVWBYKJwd3g=s48-c-k-c0x00ffffff-no-rj', 'authorChannelUrl': 'http://www.youtube.com/channel/UCMjsyeBhSCbey6zZ_PvhpKA', 'authorChannelId': {'value': 'UCMjsyeBhSCbey6zZ_PvhpKA'}, 'canRate': True, 'viewerRating': 'none', 'likeCount': 0, 'publishedAt': '2022-10-23T23:48:45Z', 'updatedAt': '2022-10-23T23:48:45Z'}}, 'canReply': True, 'totalReplyCount': 0, 'isPublic': True}",,UCMjsyeBhSCbey6zZ_PvhpKA,2022-10-23T23:48:45Z,"Só Deus e NOSSO VOTO EM 13, LULA , ETERNO PRESIDENTE DO BRASIL pra mandar esses arruaceiros assassinos junto com  o chefe deles, broxanaro, pra #FORAdoBrasil, Larga o osso, broxanaro! Aqui não é teu lugar",QURTSl9pMnMzbUpzMDczTnNEUHJjcEdQWjRtOHAtZHVOeVpWMFVYRTdUMmJKeHV1V2ZtTXkzNktQTm9tTnN0bHJUTzhxNE01enQwZm4zVQ==,2023-06-08 14:52:37.393138
youtube#commentThread,hljlfvQ8KoIW5aq2N8ROaQjxPvc,UgzbWSsVZXweGHYKcOx4AaABAg,"{'videoId': 'zEfTDpfyt1o', 'topLevelComment': {'kind': 'youtube#comment', 'etag': 'aZ-ww4q9hFWw-UPkkM7vjHShFwY', 'id': 'UgzbWSsVZXweGHYKcOx4AaABAg', 'snippet': {'videoId': 'zEfTDpfyt1o', 'textDisplay': 'Foi uma pessoa', 'textOriginal': 'Foi uma pessoa', 'authorDisplayName': 'Egon Alencar', 'authorProfileImageUrl': 'https://yt3.ggpht.com/ytc/AGIKgqOmU6afueG4XjzRlfDgy722eESx7Rg93b5bW-r2mw=s48-c-k-c0x00ffffff-no-rj', 'authorChannelUrl': 'http://www.youtube.com/channel/UCHA5DQPXi-vrbQk4E_tSVOA', 'authorChannelId': {'value': 'UCHA5DQPXi-vrbQk4E_tSVOA'}, 'canRate': True, 'viewerRating': 'none', 'likeCount': 0, 'publishedAt': '2022-10-23T23:48:41Z', 'updatedAt': '2022-10-23T23:48:41Z'}}, 'canReply': True, 'totalReplyCount': 0, 'isPublic': True}",,UCHA5DQPXi-vrbQk4E_tSVOA,2022-10-23T23:48:41Z,Foi uma pessoa,QURTSl9pMnMzbUpzMDczTnNEUHJjcEdQWjRtOHAtZHVOeVpWMFVYRTdUMmJKeHV1V2ZtTXkzNktQTm9tTnN0bHJUTzhxNE01enQwZm4zVQ==,2023-06-08 14:52:37.393138
youtube#commentThread,DaMWHONRrAftFbHdD7UIiDOYinY,UgyjTB9GbENDoNs5OzJ4AaABAg,"{'videoId': 'zEfTDpfyt1o', 'topLevelComment': {'kind': 'youtube#comment', 'etag': '7ee7zLm02KRNB-ActYtgmywUhnI', 'id': 'UgyjTB9GbENDoNs5OzJ4AaABAg', 'snippet': {'videoId': 'zEfTDpfyt1o', 'textDisplay': 'Ainda tem gente achar que isso é correto,atirar contra a polícia agredir repórteres isso é o bolsonarismo, Deus queria e como cristã quero que lula vença', 'textOriginal': 'Ainda tem gente achar que isso é correto,atirar contra a polícia agredir repórteres isso é o bolsonarismo, Deus queria e como cristã quero que lula vença', 'authorDisplayName': 'jeanjct', 'authorProfileImageUrl': 'https://yt3.ggpht.com/ytc/AGIKgqMFMcqbzLadN2fN9rmLybg7Ku-sHxb3PY5M4w=s48-c-k-c0x00ffffff-no-rj', 'authorChannelUrl': 'http://www.youtube.com/channel/UCdsY0sb80BVP0od8oAlTtlg', 'authorChannelId': {'value': 'UCdsY0sb80BVP0od8oAlTtlg'}, 'canRate': True, 'viewerRating': 'none', 'likeCount': 0, 'publishedAt': '2022-10-23T23:48:35Z', 'updatedAt': '2022-10-23T23:48:35Z'}}, 'canReply': True, 'totalReplyCount': 0, 'isPublic': True}",,UCdsY0sb80BVP0od8oAlTtlg,2022-10-23T23:48:35Z,"Ainda tem gente achar que isso é correto,atirar contra a polícia agredir repórteres isso é o bolsonarismo, Deus queria e como cristã quero que lula vença",QURTSl9pMnMzbUpzMDczTnNEUHJjcEdQWjRtOHAtZHVOeVpWMFVYRTdUMmJKeHV1V2ZtTXkzNktQTm9tTnN0bHJUTzhxNE01enQwZm4zVQ==,2023-06-08 14:52:37.393138
youtube#commentThread,2IAuPr_3_r8CtcxyOiCzzM_l8GI,UgzxYbNal6pFen2BIM14AaABAg,"{'videoId': 'zEfTDpfyt1o', 'topLevelComment': {'kind': 'youtube#comment', 'etag': '_cEcCU7FcPAmpXmxLwIwFNSycMs', 'id': 'UgzxYbNal6pFen2BIM14AaABAg', 'snippet': {'videoId': 'zEfTDpfyt1o', 'textDisplay': 'É um Absurdo isso tudo acontecendo por causa de ativismo judicial', 'textOriginal': 'É um Absurdo isso tudo acontecendo por causa de ativismo judicial', 'authorDisplayName': 'Janio Amâncio', 'authorProfileImageUrl': 'https://yt3.ggpht.com/ytc/AGIKgqMApj1GsvxSLClY3Cy9c6DD8mVh6ae2F8p8OKMWBc6AKNy3Jqftki-MSRzhw1mn=s48-c-k-c0x00ffffff-no-rj', 'authorChannelUrl': 'http://www.youtube.com/channel/UCXs4g28fbnKWvTQ2NgJEprw', 'authorChannelId': {'value': 'UCXs4g28fbnKWvTQ2NgJEprw'}, 'canRate': True, 'viewerRating': 'none', 'likeCount': 4, 'publishedAt': '2022-10-23T23:48:20Z', 'updatedAt': '2022-10-23T23:48:20Z'}}, 'canReply': True, 'totalReplyCount': 0, 'isPublic': True}",,UCXs4g28fbnKWvTQ2NgJEprw,2022-10-23T23:48:20Z,É um Absurdo isso tudo acontecendo por causa de ativismo judicial,QURTSl9pMnMzbUpzMDczTnNEUHJjcEdQWjRtOHAtZHVOeVpWMFVYRTdUMmJKeHV1V2ZtTXkzNktQTm9tTnN0bHJUTzhxNE01enQwZm4zVQ==,2023-06-08 14:52:37.393138
youtube#commentThread,pXStn7V15Gwp2TBvO9zVbjZ0YYY,UgxaNpPTSvIM1-c8AXx4AaABAg,"{'videoId': 'zEfTDpfyt1o', 'topLevelComment': {'kind': 'youtube#comment', 'etag': 'gYH9Re4Rg7xOrN3WhMfd81Do-B0', 'id': 'UgxaNpPTSvIM1-c8AXx4AaABAg', 'snippet': {'videoId': 'zEfTDpfyt1o', 'textDisplay': 'Ridícula rádio ridícula tá apoiadores de bolsonaro tá parem de ser bandidos tá bom', 'textOriginal': 'Ridícula rádio ridícula tá apoiadores de bolsonaro tá parem de ser bandidos tá bom', 'authorDisplayName': 'Evandro Felipe', 'authorProfileImageUrl': 'https://yt3.ggpht.com/ytc/AGIKgqP2NBT0TYrlJ4Sd_pmgkah4beFXaYg5mPNd27ag5w=s48-c-k-c0x00ffffff-no-rj', 'authorChannelUrl': 'http://www.youtube.com/channel/UCxuc2Y-rFt4Bwl9HkGEYB_w', 'authorChannelId': {'value': 'UCxuc2Y-rFt4Bwl9HkGEYB_w'}, 'canRate': True, 'viewerRating': 'none', 'likeCount': 0, 'publishedAt': '2022-10-23T23:48:05Z', 'updatedAt': '2022-10-23T23:48:05Z'}}, 'canReply': True, 'totalReplyCount': 0, 'isPublic': True}",,UCxuc2Y-rFt4Bwl9HkGEYB_w,2022-10-23T23:48:05Z,Ridícula rádio ridícula tá apoiadores de bolsonaro tá parem de ser bandidos tá bom,QURTSl9pMnMzbUpzMDczTnNEUHJjcEdQWjRtOHAtZHVOeVpWMFVYRTdUMmJKeHV1V2ZtTXkzNktQTm9tTnN0bHJUTzhxNE01enQwZm4zVQ==,2023-06-08 14:52:37.393138
youtube#commentThread,3VrxldugBIN3XKDZCvIlx5D8pac,Ugx5sSOtvAtvInEeGB94AaABAg,"{'videoId': 'zEfTDpfyt1o', 'topLevelComment': {'kind': 'youtube#comment', 'etag': 'fC6-wEYwXOxrCkXt_KpC94FYspQ', 'id': 'Ugx5sSOtvAtvInEeGB94AaABAg', 'snippet': {'videoId': 'zEfTDpfyt1o', 'textDisplay': 'O SR Marcelo  momento  antes  fez comentário  contrários  à  ordem  do ministro  do supremo, aí   incentiva este tipo de  atitude  irresponsável, de pessoas que  não  terem nenhuma  vergonha de  agir  em prol  da intolerância', 'textOriginal': 'O SR Marcelo  momento  antes  fez comentário  contrários  à  ordem  do ministro  do supremo, aí   incentiva este tipo de  atitude  irresponsável, de pessoas que  não  terem nenhuma  vergonha de  agir  em prol  da intolerância', 'authorDisplayName': 'José Nunes Filho Nunes', 'authorProfileImageUrl': 'https://yt3.ggpht.com/ytc/AGIKgqPTitZ6MAKJtbAWFh8AJidb8yjr0KBX68ltoA=s48-c-k-c0x00ffffff-no-rj', 'authorChannelUrl': 'http://www.youtube.com/channel/UC_ytJNR-QN4YoeVSbNWGudQ', 'authorChannelId': {'value': 'UC_ytJNR-QN4YoeVSbNWGudQ'}, 'canRate': True, 'viewerRating': 'none', 'likeCount': 0, 'publishedAt': '2022-10-23T23:48:03Z', 'updatedAt': '2022-10-23T23:48:03Z'}}, 'canReply': True, 'totalReplyCount': 0, 'isPublic': True}",,UC_ytJNR-QN4YoeVSbNWGudQ,2022-10-23T23:48:03Z,"O SR Marcelo  momento  antes  fez comentário  contrários  à  ordem  do ministro  do supremo, aí   incentiva este tipo de  atitude  irresponsável, de pessoas que  não  terem nenhuma  vergonha de  agir  em prol  da intolerância",QURTSl9pMnMzbUpzMDczTnNEUHJjcEdQWjRtOHAtZHVOeVpWMFVYRTdUMmJKeHV1V2ZtTXkzNktQTm9tTnN0bHJUTzhxNE01enQwZm4zVQ==,2023-06-08 14:52:37.393138
youtube#commentThread,j3zkiqFkQ6oGT6fcRqmLiMyWNkc,UgwgGVXAJCdHHjPNhV14AaABAg,"{'videoId': 'zEfTDpfyt1o', 'topLevelComment': {'kind': 'youtube#comment', 'etag': 'xOPiFvm2UgKJP2pq5-ISE5MvL-0', 'id': 'UgwgGVXAJCdHHjPNhV14AaABAg', 'snippet': {'videoId': 'zEfTDpfyt1o', 'textDisplay': 'Apoiadores De bolsonaro tá o jovem pano', 'textOriginal': 'Apoiadores De bolsonaro tá o jovem pano', 'authorDisplayName': 'Evandro Felipe', 'authorProfileImageUrl': 'https://yt3.ggpht.com/ytc/AGIKgqP2NBT0TYrlJ4Sd_pmgkah4beFXaYg5mPNd27ag5w=s48-c-k-c0x00ffffff-no-rj', 'authorChannelUrl': 'http://www.youtube.com/channel/UCxuc2Y-rFt4Bwl9HkGEYB_w', 'authorChannelId': {'value': 'UCxuc2Y-rFt4Bwl9HkGEYB_w'}, 'canRate': True, 'viewerRating': 'none', 'likeCount': 0, 'publishedAt': '2022-10-23T23:47:51Z', 'updatedAt': '2022-10-23T23:47:51Z'}}, 'canReply': True, 'totalReplyCount': 0, 'isPublic': True}",,UCxuc2Y-rFt4Bwl9HkGEYB_w,2022-10-23T23:47:51Z,Apoiadores De bolsonaro tá o jovem pano,QURTSl9pMnMzbUpzMDczTnNEUHJjcEdQWjRtOHAtZHVOeVpWMFVYRTdUMmJKeHV1V2ZtTXkzNktQTm9tTnN0bHJUTzhxNE01enQwZm4zVQ==,2023-06-08 14:52:37.393138
youtube#commentThread,oaRcEchq0rQEfMwVJ1qJVkUZ6kc,Ugyw_Rd6kzd0yOGoUzx4AaABAg,"{'videoId': 'zEfTDpfyt1o', 'topLevelComment': {'kind': 'youtube#comment', 'etag': 'z65e8wSvy5dt-W7qBsmdeSCaVTA', 'id': 'Ugyw_Rd6kzd0yOGoUzx4AaABAg', 'snippet': {'videoId': 'zEfTDpfyt1o', 'textDisplay': 'Caramba.<br>Qual a necessidade disso🤦\\u200d♀️🤦\\u200d♀️🤦\\u200d♀️🤦\\u200d♀️<br>Lamentável.', 'textOriginal': 'Caramba.\\nQual a necessidade disso🤦\\u200d♀️🤦\\u200d♀️🤦\\u200d♀️🤦\\u200d♀️\\nLamentável.', 'authorDisplayName': 'Margareth Maria', 'authorProfileImageUrl': 'https://yt3.ggpht.com/ytc/AGIKgqMDoa86pA8EijDlFv_gY5dCwIQ9z6m96MLS5OZQqQ=s48-c-k-c0x00ffffff-no-rj', 'authorChannelUrl': 'http://www.youtube.com/channel/UCTR1KyE2iYCMeG83Idls04w', 'authorChannelId': {'value': 'UCTR1KyE2iYCMeG83Idls04w'}, 'canRate': True, 'viewerRating': 'none', 'likeCount': 1, 'publishedAt': '2022-10-23T23:47:41Z', 'updatedAt': '2022-10-23T23:48:22Z'}}, 'canReply': True, 'totalReplyCount': 0, 'isPublic': True}",,UCTR1KyE2iYCMeG83Idls04w,2022-10-23T23:47:41Z,"Caramba.
Qual a necessidade disso🤦‍♀️🤦‍♀️🤦‍♀️🤦‍♀️
Lamentável.",QURTSl9pMnMzbUpzMDczTnNEUHJjcEdQWjRtOHAtZHVOeVpWMFVYRTdUMmJKeHV1V2ZtTXkzNktQTm9tTnN0bHJUTzhxNE01enQwZm4zVQ==,2023-06-08 14:52:37.393138
youtube#commentThread,W5kMIfshZjsztWB3a55-x3bbk9c,UgxpNduC8wmsGm0o-QN4AaABAg,"{'videoId': 'zEfTDpfyt1o', 'topLevelComment': {'kind': 'youtube#comment', 'etag': 'r7pqFjUUbPHzZ7Uk2WtwR9l18XU', 'id': 'UgxpNduC8wmsGm0o-QN4AaABAg', 'snippet': {'videoId': 'zEfTDpfyt1o', 'textDisplay': 'Onde está as forças armadas para colocar ordem no Brasil.', 'textOriginal': 'Onde está as forças armadas para colocar ordem no Brasil.', 'authorDisplayName': 'Maria Borel', 'authorProfileImageUrl': 'https://yt3.ggpht.com/ytc/AGIKgqM6fqFJp0ZDRL_UKohRv5gRYOwb5bx8EN2Bbg=s48-c-k-c0x00ffffff-no-rj', 'authorChannelUrl': 'http://www.youtube.com/channel/UCh5WHpnHTBSxEmqG7HTEkUQ', 'authorChannelId': {'value': 'UCh5WHpnHTBSxEmqG7HTEkUQ'}, 'canRate': True, 'viewerRating': 'none', 'likeCount': 0, 'publishedAt': '2022-10-23T23:47:25Z', 'updatedAt': '2022-10-23T23:47:25Z'}}, 'canReply': True, 'totalReplyCount': 0, 'isPublic': True}",,UCh5WHpnHTBSxEmqG7HTEkUQ,2022-10-23T23:47:25Z,Onde está as forças armadas para colocar ordem no Brasil.,QURTSl9pMnMzbUpzMDczTnNEUHJjcEdQWjRtOHAtZHVOeVpWMFVYRTdUMmJKeHV1V2ZtTXkzNktQTm9tTnN0bHJUTzhxNE01enQwZm4zVQ==,2023-06-08 14:52:37.393138
youtube#commentThread,0kzCnXW1VR48rkki1Un5IIUzWow,UgwoyQceJwVNtPmdFvd4AaABAg,"{'videoId': 'zEfTDpfyt1o', 'topLevelComment': {'kind': 'youtube#comment', 'etag': 'Y7sOfFj4cGS8yoaLe_ubbzcPcaw', 'id': 'UgwoyQceJwVNtPmdFvd4AaABAg', 'snippet': {'videoId': 'zEfTDpfyt1o', 'textDisplay': 'A esquerda comunistas é está classe que tem tumultuado todos os seguimento da sociedade brasileira. É triste ver como a imprensa que trabalham com a verdade ser agredida.', 'textOriginal': 'A esquerda comunistas é está classe que tem tumultuado todos os seguimento da sociedade brasileira. É triste ver como a imprensa que trabalham com a verdade ser agredida.', 'authorDisplayName': 'Maria Luiza Ozorio Fraga', 'authorProfileImageUrl': 'https://yt3.ggpht.com/ytc/AGIKgqNNJUiait9a8XAFz3P3rK8G-iSkWpCR-J65yQ=s48-c-k-c0x00ffffff-no-rj', 'authorChannelUrl': 'http://www.youtube.com/channel/UCyKul6YT6tzQl1BNKOEh1Nw', 'authorChannelId': {'value': 'UCyKul6YT6tzQl1BNKOEh1Nw'}, 'canRate': True, 'viewerRating': 'none', 'likeCount': 0, 'publishedAt': '2022-10-23T23:47:24Z', 'updatedAt': '2022-10-23T23:47:24Z'}}, 'canReply': True, 'totalReplyCount': 0, 'isPublic': True}",,UCyKul6YT6tzQl1BNKOEh1Nw,2022-10-23T23:47:24Z,A esquerda comunistas é está classe que tem tumultuado todos os seguimento da sociedade brasileira. É triste ver como a imprensa que trabalham com a verdade ser agredida.,QURTSl9pMnMzbUpzMDczTnNEUHJjcEdQWjRtOHAtZHVOeVpWMFVYRTdUMmJKeHV1V2ZtTXkzNktQTm9tTnN0bHJUTzhxNE01enQwZm4zVQ==,2023-06-08 14:52:37.393138
youtube#commentThread,Ue39tWN9gFtHarwRu_4rdOTBEwE,UgzuIocVbGBox74gfoB4AaABAg,"{'videoId': 'zEfTDpfyt1o', 'topLevelComment': {'kind': 'youtube#comment', 'etag': 'yhA_af1nAKQ5rzX5f8eTX0fCVO0', 'id': 'UgzuIocVbGBox74gfoB4AaABAg', 'snippet': {'videoId': 'zEfTDpfyt1o', 'textDisplay': 'A censura está acabando com a razão das pessoas.', 'textOriginal': 'A censura está acabando com a razão das pessoas.', 'authorDisplayName': 'en', 'authorProfileImageUrl': 'https://yt3.ggpht.com/ytc/AGIKgqMkG_y7JZVZx8nyoqxRZNxlPOzWPo6Bimpf4g=s48-c-k-c0x00ffffff-no-rj', 'authorChannelUrl': 'http://www.youtube.com/channel/UCVbhB30Ej5wIrj_4bdJoxGw', 'authorChannelId': {'value': 'UCVbhB30Ej5wIrj_4bdJoxGw'}, 'canRate': True, 'viewerRating': 'none', 'likeCount': 0, 'publishedAt': '2022-10-23T23:46:42Z', 'updatedAt': '2022-10-23T23:46:42Z'}}, 'canReply': True, 'totalReplyCount': 0, 'isPublic': True}",,UCVbhB30Ej5wIrj_4bdJoxGw,2022-10-23T23:46:42Z,A censura está acabando com a razão das pessoas.,QURTSl9pMnMzbUpzMDczTnNEUHJjcEdQWjRtOHAtZHVOeVpWMFVYRTdUMmJKeHV1V2ZtTXkzNktQTm9tTnN0bHJUTzhxNE01enQwZm4zVQ==,2023-06-08 14:52:37.393138
youtube#commentThread,Bqx0540puB48hH9WjRzw2PMqRZQ,Ugxn6TgAJTtC0-IMMqR4AaABAg,"{'videoId': 'zEfTDpfyt1o', 'topLevelComment': {'kind': 'youtube#comment', 'etag': 'q_B1HFMfv-fzpAG97K7MAv6BeuU', 'id': 'Ugxn6TgAJTtC0-IMMqR4AaABAg', 'snippet': {'videoId': 'zEfTDpfyt1o', 'textDisplay': 'Roberto Jefferson é um criminoso. Deve cumprir determinação da justiça. Fim. E até este caso de hoje era aliado público, declarado de Bolsonaro. Vamos ver se o presidente abandona seus parceiros no momento ruim ou é fiel a eles.', 'textOriginal': 'Roberto Jefferson é um criminoso. Deve cumprir determinação da justiça. Fim. E até este caso de hoje era aliado público, declarado de Bolsonaro. Vamos ver se o presidente abandona seus parceiros no momento ruim ou é fiel a eles.', 'authorDisplayName': 'Darci S.', 'authorProfileImageUrl': 'https://yt3.ggpht.com/ytc/AGIKgqOUj9ssQ3g7TQDhOMpFlJZk4RmHrOfj1dYzlBTN2fIRzKPBihkR8WkzQe0UeKr1=s48-c-k-c0x00ffffff-no-rj', 'authorChannelUrl': 'http://www.youtube.com/channel/UCyBFWIC-ls-tDy7p7SaY6xA', 'authorChannelId': {'value': 'UCyBFWIC-ls-tDy7p7SaY6xA'}, 'canRate': True, 'viewerRating': 'none', 'likeCount': 0, 'publishedAt': '2022-10-23T23:46:35Z', 'updatedAt': '2022-10-23T23:46:35Z'}}, 'canReply': True, 'totalReplyCount': 0, 'isPublic': True}",,UCyBFWIC-ls-tDy7p7SaY6xA,2022-10-23T23:46:35Z,"Roberto Jefferson é um criminoso. Deve cumprir determinação da justiça. Fim. E até este caso de hoje era aliado público, declarado de Bolsonaro. Vamos ver se o presidente abandona seus parceiros no momento ruim ou é fiel a eles.",QURTSl9pMnMzbUpzMDczTnNEUHJjcEdQWjRtOHAtZHVOeVpWMFVYRTdUMmJKeHV1V2ZtTXkzNktQTm9tTnN0bHJUTzhxNE01enQwZm4zVQ==,2023-06-08 14:52:37.393138
youtube#commentThread,6tA8qqYZI4me9Kmsp1Wz1QFVvwo,UgyF6InlJuIk8it6Dvp4AaABAg,"{'videoId': 'zEfTDpfyt1o', 'topLevelComment': {'kind': 'youtube#comment', 'etag': 'XitGDlESOEZdiashRVbioorVvVM', 'id': 'UgyF6InlJuIk8it6Dvp4AaABAg', 'snippet': {'videoId': 'zEfTDpfyt1o', 'textDisplay': 'Não foi por apoiadores, foi uma pessoa, quem ninguém sabe quem é, e de onde veio. O que ele fez é errado, sou completamente contra.', 'textOriginal': 'Não foi por apoiadores, foi uma pessoa, quem ninguém sabe quem é, e de onde veio. O que ele fez é errado, sou completamente contra.', 'authorDisplayName': 'Vera Lucia Becker', 'authorProfileImageUrl': 'https://yt3.ggpht.com/ytc/AGIKgqMXcOw4f4UpbitSfHLcAQ_f59tFl_6L8puX9Q=s48-c-k-c0x00ffffff-no-rj', 'authorChannelUrl': 'http://www.youtube.com/channel/UClPnOdidTLBQBptev4_9qaw', 'authorChannelId': {'value': 'UClPnOdidTLBQBptev4_9qaw'}, 'canRate': True, 'viewerRating': 'none', 'likeCount': 0, 'publishedAt': '2022-10-23T23:46:24Z', 'updatedAt': '2022-10-23T23:46:24Z'}}, 'canReply': True, 'totalReplyCount': 0, 'isPublic': True}",,UClPnOdidTLBQBptev4_9qaw,2022-10-23T23:46:24Z,"Não foi por apoiadores, foi uma pessoa, quem ninguém sabe quem é, e de onde veio. O que ele fez é errado, sou completamente contra.",QURTSl9pMnMzbUpzMDczTnNEUHJjcEdQWjRtOHAtZHVOeVpWMFVYRTdUMmJKeHV1V2ZtTXkzNktQTm9tTnN0bHJUTzhxNE01enQwZm4zVQ==,2023-06-08 14:52:37.393138
youtube#commentThread,TrgMo-8MXk91CeL8tyc4s1b0HtI,Ugz2b2OziDD0dn3uV5R4AaABAg,"{'videoId': 'zEfTDpfyt1o', 'topLevelComment': {'kind': 'youtube#comment', 'etag': 'uGV1GA0ycsn1PoWTLn8O3W0dTRA', 'id': 'Ugz2b2OziDD0dn3uV5R4AaABAg', 'snippet': {'videoId': 'zEfTDpfyt1o', 'textDisplay': 'Lamentável!', 'textOriginal': 'Lamentável!', 'authorDisplayName': 'Maria Margarete', 'authorProfileImageUrl': 'https://yt3.ggpht.com/ytc/AGIKgqMmhS_K7A7tVDkDGGvphWQItPyeKuulYr2FOjBp1s-_PiyKvjiePWVNPYfB_gcV=s48-c-k-c0x00ffffff-no-rj', 'authorChannelUrl': 'http://www.youtube.com/channel/UCtfhumpYj9y2cmDMtSGZMWg', 'authorChannelId': {'value': 'UCtfhumpYj9y2cmDMtSGZMWg'}, 'canRate': True, 'viewerRating': 'none', 'likeCount': 0, 'publishedAt': '2022-10-23T23:46:07Z', 'updatedAt': '2022-10-23T23:46:07Z'}}, 'canReply': True, 'totalReplyCount': 0, 'isPublic': True}",,UCtfhumpYj9y2cmDMtSGZMWg,2022-10-23T23:46:07Z,Lamentável!,QURTSl9pMnMzbUpzMDczTnNEUHJjcEdQWjRtOHAtZHVOeVpWMFVYRTdUMmJKeHV1V2ZtTXkzNktQTm9tTnN0bHJUTzhxNE01enQwZm4zVQ==,2023-06-08 14:52:37.393138
youtube#commentThread,7bzsKRDWQsjb2NAX8l61gN0khSI,UgwMtKohuU5Rt6_CSgJ4AaABAg,"{'videoId': 'zEfTDpfyt1o', 'topLevelComment': {'kind': 'youtube#comment', 'etag': 'ZeygIYWF2TC5kNAsMEqDADSF6W0', 'id': 'UgwMtKohuU5Rt6_CSgJ4AaABAg', 'snippet': {'videoId': 'zEfTDpfyt1o', 'textDisplay': 'Nada justifica violência desta forma, hipócritas ignorantes tentarão justificar. Esse bandido/político tem que apodrecer na cadeia. O mesmo para quem tentar seguir o exemplo dele.', 'textOriginal': 'Nada justifica violência desta forma, hipócritas ignorantes tentarão justificar. Esse bandido/político tem que apodrecer na cadeia. O mesmo para quem tentar seguir o exemplo dele.', 'authorDisplayName': 'Jorge Lencini', 'authorProfileImageUrl': 'https://yt3.ggpht.com/ytc/AGIKgqMjhs51lxYMYFly-s_9UgqAwhV0yxo_pIjy8AhXaw=s48-c-k-c0x00ffffff-no-rj', 'authorChannelUrl': 'http://www.youtube.com/channel/UC0xNqX9tJDbBfNX-Dh6VsPg', 'authorChannelId': {'value': 'UC0xNqX9tJDbBfNX-Dh6VsPg'}, 'canRate': True, 'viewerRating': 'none', 'likeCount': 0, 'publishedAt': '2022-10-23T23:46:01Z', 'updatedAt': '2022-10-23T23:46:01Z'}}, 'canReply': True, 'totalReplyCount': 0, 'isPublic': True}",,UC0xNqX9tJDbBfNX-Dh6VsPg,2022-10-23T23:46:01Z,"Nada justifica violência desta forma, hipócritas ignorantes tentarão justificar. Esse bandido/político tem que apodrecer na cadeia. O mesmo para quem tentar seguir o exemplo dele.",QURTSl9pMnMzbUpzMDczTnNEUHJjcEdQWjRtOHAtZHVOeVpWMFVYRTdUMmJKeHV1V2ZtTXkzNktQTm9tTnN0bHJUTzhxNE01enQwZm4zVQ==,2023-06-08 14:52:37.393138
youtube#commentThread,llIDeRMKRM_MP4D_APxEarmNuwY,UgxyFNzVbeNWIwUYmId4AaABAg,"{'videoId': 'zEfTDpfyt1o', 'topLevelComment': {'kind': 'youtube#comment', 'etag': 'bvQfn7e1ShcfOxVCtRM3SSr5zPc', 'id': 'UgxyFNzVbeNWIwUYmId4AaABAg', 'snippet': {'videoId': 'zEfTDpfyt1o', 'textDisplay': 'Precisamos fazer frente ao STF. <br>Não dá mais pra ficar aceitando esses ministros destruir nossa nação. <br>Bob Jefferson é um herói nacional.', 'textOriginal': 'Precisamos fazer frente ao STF. \\nNão dá mais pra ficar aceitando esses ministros destruir nossa nação. \\nBob Jefferson é um herói nacional.', 'authorDisplayName': 'Rose Santos', 'authorProfileImageUrl': 'https://yt3.ggpht.com/ytc/AGIKgqO6LbpI765WWrzt5j1-mF9xnLXy1wOKTSERndAsVAHHJyLlU3aUg1fnL-AqjeOq=s48-c-k-c0x00ffffff-no-rj', 'authorChannelUrl': 'http://www.youtube.com/channel/UCbU23p1WUkI9QYGiRIsQRhQ', 'authorChannelId': {'value': 'UCbU23p1WUkI9QYGiRIsQRhQ'}, 'canRate': True, 'viewerRating': 'none', 'likeCount': 0, 'publishedAt': '2022-10-23T23:46:00Z', 'updatedAt': '2022-10-23T23:46:00Z'}}, 'canReply': True, 'totalReplyCount': 0, 'isPublic': True}",,UCbU23p1WUkI9QYGiRIsQRhQ,2022-10-23T23:46:00Z,"Precisamos fazer frente ao STF. 
Não dá mais pra ficar aceitando esses ministros destruir nossa nação. 
Bob Jefferson é um herói nacional.",QURTSl9pMnMzbUpzMDczTnNEUHJjcEdQWjRtOHAtZHVOeVpWMFVYRTdUMmJKeHV1V2ZtTXkzNktQTm9tTnN0bHJUTzhxNE01enQwZm4zVQ==,2023-06-08 14:52:37.393138
youtube#commentThread,CAvJ99W0uR3ccjLbQXp6z_Ip0ZE,UgwNBCMinBOdL2txwrh4AaABAg,"{'videoId': 'zEfTDpfyt1o', 'topLevelComment': {'kind': 'youtube#comment', 'etag': 'znrgRV9tiRi02y3V5DUcuL7ez0M', 'id': 'UgwNBCMinBOdL2txwrh4AaABAg', 'snippet': {'videoId': 'zEfTDpfyt1o', 'textDisplay': 'O STF vai provocar uma guerra civil no Brasil.', 'textOriginal': 'O STF vai provocar uma guerra civil no Brasil.', 'authorDisplayName': 'Edvandro Costa', 'authorProfileImageUrl': 'https://yt3.ggpht.com/6Bon1-8UVkTojGfgrmQgBSHobjCQmpDBHOY7FLi7cumIPnorDPdfbbo_2Ohifgc7-x4ROJpW_Q=s48-c-k-c0x00ffffff-no-rj', 'authorChannelUrl': 'http://www.youtube.com/channel/UC-XxQBjnAeii4piAzFmuv0g', 'authorChannelId': {'value': 'UC-XxQBjnAeii4piAzFmuv0g'}, 'canRate': True, 'viewerRating': 'none', 'likeCount': 0, 'publishedAt': '2022-10-23T23:45:36Z', 'updatedAt': '2022-10-23T23:45:36Z'}}, 'canReply': True, 'totalReplyCount': 0, 'isPublic': True}",,UC-XxQBjnAeii4piAzFmuv0g,2022-10-23T23:45:36Z,O STF vai provocar uma guerra civil no Brasil.,QURTSl9pMnMzbUpzMDczTnNEUHJjcEdQWjRtOHAtZHVOeVpWMFVYRTdUMmJKeHV1V2ZtTXkzNktQTm9tTnN0bHJUTzhxNE01enQwZm4zVQ==,2023-06-08 14:52:37.393138
youtube#commentThread,AyUb8SOT1HtJQ6TNmynB1FLwuBY,UgwqvOaMKh2Kim9NvC54AaABAg,"{'videoId': 'zEfTDpfyt1o', 'topLevelComment': {'kind': 'youtube#comment', 'etag': '_BAN6lRrQ3Gi-uqrnvElwSP_IKU', 'id': 'UgwqvOaMKh2Kim9NvC54AaABAg', 'snippet': {'videoId': 'zEfTDpfyt1o', 'textDisplay': 'A violência gera a violência, triste demais, está tudo errado, a começar pela conduta do STF, o ato do Roberto Jefferson aos PFs e a esse fato lamentável contra o cinegrafista. Que ponto chegamos??', 'textOriginal': 'A violência gera a violência, triste demais, está tudo errado, a começar pela conduta do STF, o ato do Roberto Jefferson aos PFs e a esse fato lamentável contra o cinegrafista. Que ponto chegamos??', 'authorDisplayName': 'Marise', 'authorProfileImageUrl': 'https://yt3.ggpht.com/Y5qsQQLVeRncx93S-shpu3bgjsdd-CTOCEnsUuJfng1T3eB0f_vFoshA5pewfWqjR_M99TTj-A=s48-c-k-c0x00ffffff-no-rj', 'authorChannelUrl': 'http://www.youtube.com/channel/UCizGOdu4U01n9bLIlRdpLcA', 'authorChannelId': {'value': 'UCizGOdu4U01n9bLIlRdpLcA'}, 'canRate': True, 'viewerRating': 'none', 'likeCount': 2, 'publishedAt': '2022-10-23T23:45:30Z', 'updatedAt': '2022-10-23T23:45:30Z'}}, 'canReply': True, 'totalReplyCount': 1, 'isPublic': True}","{'comments': [{'kind': 'youtube#comment', 'etag': '93vG7VRDjyvPSbj8n7fxNyUv7hc', 'id': 'UgwqvOaMKh2Kim9NvC54AaABAg.9hYJgxmqazZ9hYgVOJ64YV', 'snippet': {'videoId': 'zEfTDpfyt1o', 'textDisplay': 'É o começo de uma reação em cadeia,  num país sem lei...', 'textOriginal': 'É o começo de uma reação em cadeia,  num país sem lei...', 'parentId': 'UgwqvOaMKh2Kim9NvC54AaABAg', 'authorDisplayName': 'Tiburcio Nascimento', 'authorProfileImageUrl': 'https://yt3.ggpht.com/ytc/AGIKgqPYJ16XbloZp1nRif2q9UiINjE9b3aLcJFllVpYZmGF8L32gAvFuJ_fm0H5T6oa=s48-c-k-c0x00ffffff-no-rj', 'authorChannelUrl': 'http://www.youtube.com/channel/UCOpVT2WBtvOTmNgRgNreY3Q', 'authorChannelId': {'value': 'UCOpVT2WBtvOTmNgRgNreY3Q'}, 'canRate': True, 'viewerRating': 'none', 'likeCount': 0, 'publishedAt': '2022-10-24T03:13:30Z', 'updatedAt': '2022-10-24T03:13:30Z'}}]}",UCizGOdu4U01n9bLIlRdpLcA,2022-10-23T23:45:30Z,"A violência gera a violência, triste demais, está tudo errado, a começar pela conduta do STF, o ato do Roberto Jefferson aos PFs e a esse fato lamentável contra o cinegrafista. Que ponto chegamos??",QURTSl9pMnMzbUpzMDczTnNEUHJjcEdQWjRtOHAtZHVOeVpWMFVYRTdUMmJKeHV1V2ZtTXkzNktQTm9tTnN0bHJUTzhxNE01enQwZm4zVQ==,2023-06-08 14:52:37.393138
youtube#commentThread,Xj02OwXPhjsStTu7V32bpdk26fQ,UgzzCrvj9WMNDcl_ybZ4AaABAg,"{'videoId': 'zEfTDpfyt1o', 'topLevelComment': {'kind': 'youtube#comment', 'etag': 'IoY4lhzS_xzqlK-YnQPv813vj4o', 'id': 'UgzzCrvj9WMNDcl_ybZ4AaABAg', 'snippet': {'videoId': 'zEfTDpfyt1o', 'textDisplay': 'Esses são os cristãos defensores da família kkkkkkkk<br>13💚', 'textOriginal': 'Esses são os cristãos defensores da família kkkkkkkk\\n13💚', 'authorDisplayName': 'Matheus Santos', 'authorProfileImageUrl': 'https://yt3.ggpht.com/ytc/AGIKgqN_teUG5ZH5hHzpMJPAN2dDNE6OTS17xawILA=s48-c-k-c0x00ffffff-no-rj', 'authorChannelUrl': 'http://www.youtube.com/channel/UCAlTYdwOmV3jX56R97hkTeg', 'authorChannelId': {'value': 'UCAlTYdwOmV3jX56R97hkTeg'}, 'canRate': True, 'viewerRating': 'none', 'likeCount': 0, 'publishedAt': '2022-10-23T23:45:25Z', 'updatedAt': '2022-10-23T23:45:25Z'}}, 'canReply': True, 'totalReplyCount': 0, 'isPublic': True}",,UCAlTYdwOmV3jX56R97hkTeg,2022-10-23T23:45:25Z,"Esses são os cristãos defensores da família kkkkkkkk
13💚",QURTSl9pMnMzbUpzMDczTnNEUHJjcEdQWjRtOHAtZHVOeVpWMFVYRTdUMmJKeHV1V2ZtTXkzNktQTm9tTnN0bHJUTzhxNE01enQwZm4zVQ==,2023-06-08 14:52:37.393138
youtube#commentThread,6vykb5ryMS_VyNpzluTHEBQ9-hs,UgyKI9VOrLO4KMOL_RJ4AaABAg,"{'videoId': 'zEfTDpfyt1o', 'topLevelComment': {'kind': 'youtube#comment', 'etag': 'JGMC-BGUjifWjsMRx6rDxqZQg7k', 'id': 'UgyKI9VOrLO4KMOL_RJ4AaABAg', 'snippet': {'videoId': 'zEfTDpfyt1o', 'textDisplay': 'Violência é errado porém a Globo também tem agido exageradamente contra a verdade dos fatos', 'textOriginal': 'Violência é errado porém a Globo também tem agido exageradamente contra a verdade dos fatos', 'authorDisplayName': 'Patricia Salla', 'authorProfileImageUrl': 'https://yt3.ggpht.com/ytc/AGIKgqNVovzUnZCHdfrR72Oox4IND4dfe-1nsftJyQ=s48-c-k-c0x00ffffff-no-rj', 'authorChannelUrl': 'http://www.youtube.com/channel/UCDuO9JjVSlUOd2RIN1XSMcQ', 'authorChannelId': {'value': 'UCDuO9JjVSlUOd2RIN1XSMcQ'}, 'canRate': True, 'viewerRating': 'none', 'likeCount': 0, 'publishedAt': '2022-10-23T23:45:13Z', 'updatedAt': '2022-10-23T23:45:13Z'}}, 'canReply': True, 'totalReplyCount': 0, 'isPublic': True}",,UCDuO9JjVSlUOd2RIN1XSMcQ,2022-10-23T23:45:13Z,Violência é errado porém a Globo também tem agido exageradamente contra a verdade dos fatos,QURTSl9pMnMzbUpzMDczTnNEUHJjcEdQWjRtOHAtZHVOeVpWMFVYRTdUMmJKeHV1V2ZtTXkzNktQTm9tTnN0bHJUTzhxNE01enQwZm4zVQ==,2023-06-08 14:52:37.393138
youtube#commentThread,Myf3ThAEFtKmoly319FAsiUQppw,Ugzz_obDhZDYfKxFxmZ4AaABAg,"{'videoId': 'zEfTDpfyt1o', 'topLevelComment': {'kind': 'youtube#comment', 'etag': '8KRPrVCUNY-FErsLnEcSDwROGXs', 'id': 'Ugzz_obDhZDYfKxFxmZ4AaABAg', 'snippet': {'videoId': 'zEfTDpfyt1o', 'textDisplay': 'Essa atitude do  Roberto Jefferson, justamente no momento em que a campanha do Presidente Bolsonaro consegue uma virada espetacular, tem a finalidade de prejudicar a campanha do presidente. Vão tentar colar a imagem do Bob Jeff ao Presidente. Não vamos cair nessa cilada e perder o foco, que é levar o nosso Presidente à vitória no dia 30.', 'textOriginal': 'Essa atitude do  Roberto Jefferson, justamente no momento em que a campanha do Presidente Bolsonaro consegue uma virada espetacular, tem a finalidade de prejudicar a campanha do presidente. Vão tentar colar a imagem do Bob Jeff ao Presidente. Não vamos cair nessa cilada e perder o foco, que é levar o nosso Presidente à vitória no dia 30.', 'authorDisplayName': 'Neto Pinheiro', 'authorProfileImageUrl': 'https://yt3.ggpht.com/ytc/AGIKgqNIS21CdydetkJKG_YRAuJod2Y8UzbjjviLt5VkDadF2qOF6AwMENu75SAdbV5_=s48-c-k-c0x00ffffff-no-rj', 'authorChannelUrl': 'http://www.youtube.com/channel/UCO1ovzjZ7PGVCEHb1xQDWPQ', 'authorChannelId': {'value': 'UCO1ovzjZ7PGVCEHb1xQDWPQ'}, 'canRate': True, 'viewerRating': 'none', 'likeCount': 0, 'publishedAt': '2022-10-23T23:44:30Z', 'updatedAt': '2022-10-23T23:44:30Z'}}, 'canReply': True, 'totalReplyCount': 0, 'isPublic': True}",,UCO1ovzjZ7PGVCEHb1xQDWPQ,2022-10-23T23:44:30Z,"Essa atitude do  Roberto Jefferson, justamente no momento em que a campanha do Presidente Bolsonaro consegue uma virada espetacular, tem a finalidade de prejudicar a campanha do presidente. Vão tentar colar a imagem do Bob Jeff ao Presidente. Não vamos cair nessa cilada e perder o foco, que é levar o nosso Presidente à vitória no dia 30.",QURTSl9pMnMzbUpzMDczTnNEUHJjcEdQWjRtOHAtZHVOeVpWMFVYRTdUMmJKeHV1V2ZtTXkzNktQTm9tTnN0bHJUTzhxNE01enQwZm4zVQ==,2023-06-08 14:52:37.393138
youtube#commentThread,8oUrFr8ziaUMCq8XBc1O1muNiQI,Ugym0_XDypyKkNqNPjt4AaABAg,"{'videoId': 'zEfTDpfyt1o', 'topLevelComment': {'kind': 'youtube#comment', 'etag': 'VfJkYpxl-lFYSqDAcPkw7gyXpHI', 'id': 'Ugym0_XDypyKkNqNPjt4AaABAg', 'snippet': {'videoId': 'zEfTDpfyt1o', 'textDisplay': 'Essa Tebet é sem noção.', 'textOriginal': 'Essa Tebet é sem noção.', 'authorDisplayName': 'Gefferson Do Amaral', 'authorProfileImageUrl': 'https://yt3.ggpht.com/ytc/AGIKgqN4NgEc3knrHzE8erw92rBxJRUQcKtPXNVf6w=s48-c-k-c0x00ffffff-no-rj', 'authorChannelUrl': 'http://www.youtube.com/channel/UCyTmyUsmht_kdJ_64Nx8NPA', 'authorChannelId': {'value': 'UCyTmyUsmht_kdJ_64Nx8NPA'}, 'canRate': True, 'viewerRating': 'none', 'likeCount': 0, 'publishedAt': '2022-10-23T23:44:04Z', 'updatedAt': '2022-10-23T23:44:04Z'}}, 'canReply': True, 'totalReplyCount': 0, 'isPublic': True}",,UCyTmyUsmht_kdJ_64Nx8NPA,2022-10-23T23:44:04Z,Essa Tebet é sem noção.,QURTSl9pMnMzbUpzMDczTnNEUHJjcEdQWjRtOHAtZHVOeVpWMFVYRTdUMmJKeHV1V2ZtTXkzNktQTm9tTnN0bHJUTzhxNE01enQwZm4zVQ==,2023-06-08 14:52:37.393138
youtube#commentThread,JAyJ-m_MQ-hKhD-XZ2fuCqiBEJo,UgzNDc5GlRSXPR-ovPJ4AaABAg,"{'videoId': 'zEfTDpfyt1o', 'topLevelComment': {'kind': 'youtube#comment', 'etag': 'U8jLYdHEnntZZJS-k9MtHOzmOxY', 'id': 'UgzNDc5GlRSXPR-ovPJ4AaABAg', 'snippet': {'videoId': 'zEfTDpfyt1o', 'textDisplay': 'Os Bolsonaristas estão acabando com a campanha do seu Mito ! Inacreditável  , são terroristas', 'textOriginal': 'Os Bolsonaristas estão acabando com a campanha do seu Mito ! Inacreditável  , são terroristas', 'authorDisplayName': 'Sil Karla Arte ', 'authorProfileImageUrl': 'https://yt3.ggpht.com/iApBE72onjLXrEvhNxx-kvc3gucWc3VaaXeLmZ-3CZEWhpUtk_4RtoKPVagcdCqyvLC5xkz_rw=s48-c-k-c0x00ffffff-no-rj', 'authorChannelUrl': 'http://www.youtube.com/channel/UCHB4WHNkaw76vq6j2P_U4hQ', 'authorChannelId': {'value': 'UCHB4WHNkaw76vq6j2P_U4hQ'}, 'canRate': True, 'viewerRating': 'none', 'likeCount': 0, 'publishedAt': '2022-10-23T23:43:48Z', 'updatedAt': '2022-10-23T23:43:48Z'}}, 'canReply': True, 'totalReplyCount': 0, 'isPublic': True}",,UCHB4WHNkaw76vq6j2P_U4hQ,2022-10-23T23:43:48Z,"Os Bolsonaristas estão acabando com a campanha do seu Mito ! Inacreditável  , são terroristas",QURTSl9pMnMzbUpzMDczTnNEUHJjcEdQWjRtOHAtZHVOeVpWMFVYRTdUMmJKeHV1V2ZtTXkzNktQTm9tTnN0bHJUTzhxNE01enQwZm4zVQ==,2023-06-08 14:52:37.393138
youtube#commentThread,Swg0LYssPQmBZIx5ZST2X8YJbss,UgxC4sVaJK0DjD4XyN54AaABAg,"{'videoId': 'zEfTDpfyt1o', 'topLevelComment': {'kind': 'youtube#comment', 'etag': 'LVp8ASf89C7juEJYbWK73Kzbk8U', 'id': 'UgxC4sVaJK0DjD4XyN54AaABAg', 'snippet': {'videoId': 'zEfTDpfyt1o', 'textDisplay': 'Brasil está a caminho de uma desobediência civil 🤷\\u200d♀️🙌🤦\\u200d♀️🤫🤫🤫 que Deus tenha misericórdia do Brasil 🇧🇷🇧🇷', 'textOriginal': 'Brasil está a caminho de uma desobediência civil 🤷\\u200d♀️🙌🤦\\u200d♀️🤫🤫🤫 que Deus tenha misericórdia do Brasil 🇧🇷🇧🇷', 'authorDisplayName': 'REGINA Macedo', 'authorProfileImageUrl': 'https://yt3.ggpht.com/ytc/AGIKgqPgGR4CERAzrkAmhtlCFQFgwvYMgAU2sqRCQbvuF_k=s48-c-k-c0x00ffffff-no-rj', 'authorChannelUrl': 'http://www.youtube.com/channel/UCt0iOo81h2fKntRT5aVg42Q', 'authorChannelId': {'value': 'UCt0iOo81h2fKntRT5aVg42Q'}, 'canRate': True, 'viewerRating': 'none', 'likeCount': 0, 'publishedAt': '2022-10-23T23:43:31Z', 'updatedAt': '2022-10-23T23:43:31Z'}}, 'canReply': True, 'totalReplyCount': 0, 'isPublic': True}",,UCt0iOo81h2fKntRT5aVg42Q,2022-10-23T23:43:31Z,Brasil está a caminho de uma desobediência civil 🤷‍♀️🙌🤦‍♀️🤫🤫🤫 que Deus tenha misericórdia do Brasil 🇧🇷🇧🇷,QURTSl9pMnMzbUpzMDczTnNEUHJjcEdQWjRtOHAtZHVOeVpWMFVYRTdUMmJKeHV1V2ZtTXkzNktQTm9tTnN0bHJUTzhxNE01enQwZm4zVQ==,2023-06-08 14:52:37.393138
youtube#commentThread,pC1H3rIwp_TJaWofg5cGKde-_ME,Ugzh_W3S8LNiXSz5Fgh4AaABAg,"{'videoId': 'zEfTDpfyt1o', 'topLevelComment': {'kind': 'youtube#comment', 'etag': 'XQ8EqIFE2tbXk61MECjNNDZ4824', 'id': 'Ugzh_W3S8LNiXSz5Fgh4AaABAg', 'snippet': {'videoId': 'zEfTDpfyt1o', 'textDisplay': 'É lamentável essa atitude', 'textOriginal': 'É lamentável essa atitude', 'authorDisplayName': 'Marcia Medeiros', 'authorProfileImageUrl': 'https://yt3.ggpht.com/ytc/AGIKgqPzuVMqaWIwo7SqMHSJ8AEfL8hlbFh27EP7UviK=s48-c-k-c0x00ffffff-no-rj', 'authorChannelUrl': 'http://www.youtube.com/channel/UCr5Goa-0p0ko_v7DALu31sg', 'authorChannelId': {'value': 'UCr5Goa-0p0ko_v7DALu31sg'}, 'canRate': True, 'viewerRating': 'none', 'likeCount': 0, 'publishedAt': '2022-10-23T23:43:18Z', 'updatedAt': '2022-10-23T23:43:18Z'}}, 'canReply': True, 'totalReplyCount': 0, 'isPublic': True}",,UCr5Goa-0p0ko_v7DALu31sg,2022-10-23T23:43:18Z,É lamentável essa atitude,QURTSl9pMnMzbUpzMDczTnNEUHJjcEdQWjRtOHAtZHVOeVpWMFVYRTdUMmJKeHV1V2ZtTXkzNktQTm9tTnN0bHJUTzhxNE01enQwZm4zVQ==,2023-06-08 14:52:37.393138
youtube#commentThread,nUBT8ZG9jWjao2EQA_AoMd9pnJ8,UgwO6PF3Q0kOplydarF4AaABAg,"{'videoId': 'zEfTDpfyt1o', 'topLevelComment': {'kind': 'youtube#comment', 'etag': 'a7vbu1o9hWGZ1ylCqamd9OfX7lw', 'id': 'UgwO6PF3Q0kOplydarF4AaABAg', 'snippet': {'videoId': 'zEfTDpfyt1o', 'textDisplay': 'Não existe Brasil.', 'textOriginal': 'Não existe Brasil.', 'authorDisplayName': 'Fabian Hernandes', 'authorProfileImageUrl': 'https://yt3.ggpht.com/ytc/AGIKgqMf36yjsRkNqva0AYAyXhlBue9aYFVQHRIl7YwR=s48-c-k-c0x00ffffff-no-rj', 'authorChannelUrl': 'http://www.youtube.com/channel/UCaxYlGfxy8jaCxEm6qjGoiQ', 'authorChannelId': {'value': 'UCaxYlGfxy8jaCxEm6qjGoiQ'}, 'canRate': True, 'viewerRating': 'none', 'likeCount': 0, 'publishedAt': '2022-10-23T23:43:18Z', 'updatedAt': '2022-10-23T23:43:18Z'}}, 'canReply': True, 'totalReplyCount': 0, 'isPublic': True}",,UCaxYlGfxy8jaCxEm6qjGoiQ,2022-10-23T23:43:18Z,Não existe Brasil.,QURTSl9pMnMzbUpzMDczTnNEUHJjcEdQWjRtOHAtZHVOeVpWMFVYRTdUMmJKeHV1V2ZtTXkzNktQTm9tTnN0bHJUTzhxNE01enQwZm4zVQ==,2023-06-08 14:52:37.393138
youtube#commentThread,g2vxuYR3uHhRPU1dD4pzYOx724A,UgwDN9kKz8tjzwYKxBN4AaABAg,"{'videoId': 'zEfTDpfyt1o', 'topLevelComment': {'kind': 'youtube#comment', 'etag': 'ca2KanzteM4dJjf0Sszd3LKD-rw', 'id': 'UgwDN9kKz8tjzwYKxBN4AaABAg', 'snippet': {'videoId': 'zEfTDpfyt1o', 'textDisplay': 'O brasileiro está  no seu limite<br>É  está situação  que estamos vivendo.', 'textOriginal': 'O brasileiro está  no seu limite\\nÉ  está situação  que estamos vivendo.', 'authorDisplayName': 'Rosana Sousa', 'authorProfileImageUrl': 'https://yt3.ggpht.com/ytc/AGIKgqP9URFqnxF_LrrPLKLtIME3xDWpbtgvJsNP_w=s48-c-k-c0x00ffffff-no-rj', 'authorChannelUrl': 'http://www.youtube.com/channel/UCDpD9SvrZZiFhy-MIv1I4EQ', 'authorChannelId': {'value': 'UCDpD9SvrZZiFhy-MIv1I4EQ'}, 'canRate': True, 'viewerRating': 'none', 'likeCount': 0, 'publishedAt': '2022-10-23T23:43:03Z', 'updatedAt': '2022-10-23T23:43:03Z'}}, 'canReply': True, 'totalReplyCount': 0, 'isPublic': True}",,UCDpD9SvrZZiFhy-MIv1I4EQ,2022-10-23T23:43:03Z,"O brasileiro está  no seu limite
É  está situação  que estamos vivendo.",QURTSl9pMnMzbUpzMDczTnNEUHJjcEdQWjRtOHAtZHVOeVpWMFVYRTdUMmJKeHV1V2ZtTXkzNktQTm9tTnN0bHJUTzhxNE01enQwZm4zVQ==,2023-06-08 14:52:37.393138
youtube#commentThread,mETTjMBcoIBeyeclHVpB5Htpmuc,UgwQU0HDH3go_lHnvLx4AaABAg,"{'videoId': 'zEfTDpfyt1o', 'topLevelComment': {'kind': 'youtube#comment', 'etag': 'RpqL7NXeV6lRjQ41gzdgsZx-3l0', 'id': 'UgwQU0HDH3go_lHnvLx4AaABAg', 'snippet': {'videoId': 'zEfTDpfyt1o', 'textDisplay': 'Poxa! Não é agredindo um trabalhador que as coisas vão melhorar. O verdadeiro culpado por essa revolta popular, está protegido em seu castelo de marfim. O cinegrafista não fez nada para sofrer essa agressão.', 'textOriginal': 'Poxa! Não é agredindo um trabalhador que as coisas vão melhorar. O verdadeiro culpado por essa revolta popular, está protegido em seu castelo de marfim. O cinegrafista não fez nada para sofrer essa agressão.', 'authorDisplayName': 'Stela Carvalho', 'authorProfileImageUrl': 'https://yt3.ggpht.com/ytc/AGIKgqMZ17m4PwyfQs5rxQPfIeosW1xofymWSTjfcQ=s48-c-k-c0x00ffffff-no-rj', 'authorChannelUrl': 'http://www.youtube.com/channel/UCUuONkpaY2-AbdTauRo2j0g', 'authorChannelId': {'value': 'UCUuONkpaY2-AbdTauRo2j0g'}, 'canRate': True, 'viewerRating': 'none', 'likeCount': 0, 'publishedAt': '2022-10-23T23:42:24Z', 'updatedAt': '2022-10-23T23:42:24Z'}}, 'canReply': True, 'totalReplyCount': 0, 'isPublic': True}",,UCUuONkpaY2-AbdTauRo2j0g,2022-10-23T23:42:24Z,"Poxa! Não é agredindo um trabalhador que as coisas vão melhorar. O verdadeiro culpado por essa revolta popular, está protegido em seu castelo de marfim. O cinegrafista não fez nada para sofrer essa agressão.",QURTSl9pMnMzbUpzMDczTnNEUHJjcEdQWjRtOHAtZHVOeVpWMFVYRTdUMmJKeHV1V2ZtTXkzNktQTm9tTnN0bHJUTzhxNE01enQwZm4zVQ==,2023-06-08 14:52:37.393138
youtube#commentThread,tfgXCuNyy2KYxMx4cV1rU1OjnLk,UgyCxc1Oi_NUPgfg9-x4AaABAg,"{'videoId': 'zEfTDpfyt1o', 'topLevelComment': {'kind': 'youtube#comment', 'etag': 'IBDtdAE_5s3bNt6ijpPMTuZrvro', 'id': 'UgyCxc1Oi_NUPgfg9-x4AaABAg', 'snippet': {'videoId': 'zEfTDpfyt1o', 'textDisplay': 'Tá dizendo isso porque foram censurado? Emmm', 'textOriginal': 'Tá dizendo isso porque foram censurado? Emmm', 'authorDisplayName': 'Paulo ferreira', 'authorProfileImageUrl': 'https://yt3.ggpht.com/ytc/AGIKgqO0NvgeaIU72EhY_BOXtbufOwMcQrjrC7I2oqRxJwU=s48-c-k-c0x00ffffff-no-rj', 'authorChannelUrl': 'http://www.youtube.com/channel/UCfJHyRaDCXQ_gGLIg1R6YVA', 'authorChannelId': {'value': 'UCfJHyRaDCXQ_gGLIg1R6YVA'}, 'canRate': True, 'viewerRating': 'none', 'likeCount': 0, 'publishedAt': '2022-10-23T23:42:19Z', 'updatedAt': '2022-10-23T23:42:19Z'}}, 'canReply': True, 'totalReplyCount': 0, 'isPublic': True}",,UCfJHyRaDCXQ_gGLIg1R6YVA,2022-10-23T23:42:19Z,Tá dizendo isso porque foram censurado? Emmm,QURTSl9pMnMzbUpzMDczTnNEUHJjcEdQWjRtOHAtZHVOeVpWMFVYRTdUMmJKeHV1V2ZtTXkzNktQTm9tTnN0bHJUTzhxNE01enQwZm4zVQ==,2023-06-08 14:52:37.393138
youtube#commentThread,U_Q383iIOs87UOWxMp7X75y3GYY,UgzhEcKF-TfHhJKQXEB4AaABAg,"{'videoId': 'zEfTDpfyt1o', 'topLevelComment': {'kind': 'youtube#comment', 'etag': 'gHQqLl1MXQSsHNFb-rDQElkCmQI', 'id': 'UgzhEcKF-TfHhJKQXEB4AaABAg', 'snippet': {'videoId': 'zEfTDpfyt1o', 'textDisplay': 'Imagina todos armados da sociedade trocando tiros? É esse o caminho do bolsonarismo. Bando de doido', 'textOriginal': 'Imagina todos armados da sociedade trocando tiros? É esse o caminho do bolsonarismo. Bando de doido', 'authorDisplayName': 'Sil Karla Arte ', 'authorProfileImageUrl': 'https://yt3.ggpht.com/iApBE72onjLXrEvhNxx-kvc3gucWc3VaaXeLmZ-3CZEWhpUtk_4RtoKPVagcdCqyvLC5xkz_rw=s48-c-k-c0x00ffffff-no-rj', 'authorChannelUrl': 'http://www.youtube.com/channel/UCHB4WHNkaw76vq6j2P_U4hQ', 'authorChannelId': {'value': 'UCHB4WHNkaw76vq6j2P_U4hQ'}, 'canRate': True, 'viewerRating': 'none', 'likeCount': 0, 'publishedAt': '2022-10-23T23:42:05Z', 'updatedAt': '2022-10-23T23:42:05Z'}}, 'canReply': True, 'totalReplyCount': 0, 'isPublic': True}",,UCHB4WHNkaw76vq6j2P_U4hQ,2022-10-23T23:42:05Z,Imagina todos armados da sociedade trocando tiros? É esse o caminho do bolsonarismo. Bando de doido,QURTSl9pMnMzbUpzMDczTnNEUHJjcEdQWjRtOHAtZHVOeVpWMFVYRTdUMmJKeHV1V2ZtTXkzNktQTm9tTnN0bHJUTzhxNE01enQwZm4zVQ==,2023-06-08 14:52:37.393138
youtube#commentThread,mlXXrGULxZIizh1Mw4AYbLxEh7c,UgwfgWLeIgYfhQ3XS2R4AaABAg,"{'videoId': 'zEfTDpfyt1o', 'topLevelComment': {'kind': 'youtube#comment', 'etag': 'XKOY9CBFxvkkSM5lF-9q4A0l8HM', 'id': 'UgwfgWLeIgYfhQ3XS2R4AaABAg', 'snippet': {'videoId': 'zEfTDpfyt1o', 'textDisplay': 'Jovem Pan sendo democrática mais uma vez !!!🇧🇷🇧🇷 22 <a href=""http://www.youtube.com/results?search_query=%23censuranao"">#censuranao</a>', 'textOriginal': 'Jovem Pan sendo democrática mais uma vez !!!🇧🇷🇧🇷 22 #censuranao', 'authorDisplayName': 'Emerson Leandro', 'authorProfileImageUrl': 'https://yt3.ggpht.com/ytc/AGIKgqPieUla6-x2D1gRYOql29CczlFRnHCEcV-7SQ=s48-c-k-c0x00ffffff-no-rj', 'authorChannelUrl': 'http://www.youtube.com/channel/UCeqtbXEK7aYURKza7yQRXvQ', 'authorChannelId': {'value': 'UCeqtbXEK7aYURKza7yQRXvQ'}, 'canRate': True, 'viewerRating': 'none', 'likeCount': 0, 'publishedAt': '2022-10-23T23:41:09Z', 'updatedAt': '2022-10-23T23:41:09Z'}}, 'canReply': True, 'totalReplyCount': 0, 'isPublic': True}",,UCeqtbXEK7aYURKza7yQRXvQ,2022-10-23T23:41:09Z,Jovem Pan sendo democrática mais uma vez !!!🇧🇷🇧🇷 22 #censuranao,QURTSl9pMnMzbUpzMDczTnNEUHJjcEdQWjRtOHAtZHVOeVpWMFVYRTdUMmJKeHV1V2ZtTXkzNktQTm9tTnN0bHJUTzhxNE01enQwZm4zVQ==,2023-06-08 14:52:37.393138
youtube#commentThread,-YUUGlbysin_e2ZwVP1iq8skE2I,UgzjBPWXeaP3XU-Uc854AaABAg,"{'videoId': 'zEfTDpfyt1o', 'topLevelComment': {'kind': 'youtube#comment', 'etag': 'gUEQacGzg8v1VOS2xDOGBtaWj7M', 'id': 'UgzjBPWXeaP3XU-Uc854AaABAg', 'snippet': {'videoId': 'zEfTDpfyt1o', 'textDisplay': 'O cara tomou o troco da fala de Windows Blomer no dia que ele e a Globolixo armaram para dizer que o Lula ladrão não devia nada a justiça.  Os Justos pagam pelos pecadores, se bem que gente da Globolixo não é flor que se cheire.', 'textOriginal': 'O cara tomou o troco da fala de Windows Blomer no dia que ele e a Globolixo armaram para dizer que o Lula ladrão não devia nada a justiça.  Os Justos pagam pelos pecadores, se bem que gente da Globolixo não é flor que se cheire.', 'authorDisplayName': 'caiocaesar caesar', 'authorProfileImageUrl': 'https://yt3.ggpht.com/ytc/AGIKgqNgIloM_jSZau5BoWBTq0jUvvR9oYjBqr40TA=s48-c-k-c0x00ffffff-no-rj', 'authorChannelUrl': 'http://www.youtube.com/channel/UCNcxfmaNXeMxKBa8VMR6XIg', 'authorChannelId': {'value': 'UCNcxfmaNXeMxKBa8VMR6XIg'}, 'canRate': True, 'viewerRating': 'none', 'likeCount': 0, 'publishedAt': '2022-10-23T23:41:06Z', 'updatedAt': '2022-10-23T23:41:06Z'}}, 'canReply': True, 'totalReplyCount': 0, 'isPublic': True}",,UCNcxfmaNXeMxKBa8VMR6XIg,2022-10-23T23:41:06Z,"O cara tomou o troco da fala de Windows Blomer no dia que ele e a Globolixo armaram para dizer que o Lula ladrão não devia nada a justiça.  Os Justos pagam pelos pecadores, se bem que gente da Globolixo não é flor que se cheire.",QURTSl9pMnMzbUpzMDczTnNEUHJjcEdQWjRtOHAtZHVOeVpWMFVYRTdUMmJKeHV1V2ZtTXkzNktQTm9tTnN0bHJUTzhxNE01enQwZm4zVQ==,2023-06-08 14:52:37.393138
youtube#commentThread,ueTzFarsp_XCAKLlrTsCedBDF38,UgxlgmeO9iTTyk2wOHR4AaABAg,"{'videoId': 'zEfTDpfyt1o', 'topLevelComment': {'kind': 'youtube#comment', 'etag': 'swqnCAzcSnwMKXmGMI9PQJ3l0_s', 'id': 'UgxlgmeO9iTTyk2wOHR4AaABAg', 'snippet': {'videoId': 'zEfTDpfyt1o', 'textDisplay': 'O agressor deve ser punido veementemente, absurdo! 🇧🇷', 'textOriginal': 'O agressor deve ser punido veementemente, absurdo! 🇧🇷', 'authorDisplayName': 'Marise', 'authorProfileImageUrl': 'https://yt3.ggpht.com/Y5qsQQLVeRncx93S-shpu3bgjsdd-CTOCEnsUuJfng1T3eB0f_vFoshA5pewfWqjR_M99TTj-A=s48-c-k-c0x00ffffff-no-rj', 'authorChannelUrl': 'http://www.youtube.com/channel/UCizGOdu4U01n9bLIlRdpLcA', 'authorChannelId': {'value': 'UCizGOdu4U01n9bLIlRdpLcA'}, 'canRate': True, 'viewerRating': 'none', 'likeCount': 0, 'publishedAt': '2022-10-23T23:40:57Z', 'updatedAt': '2022-10-23T23:40:57Z'}}, 'canReply': True, 'totalReplyCount': 0, 'isPublic': True}",,UCizGOdu4U01n9bLIlRdpLcA,2022-10-23T23:40:57Z,"O agressor deve ser punido veementemente, absurdo! 🇧🇷",QURTSl9pMnMzbUpzMDczTnNEUHJjcEdQWjRtOHAtZHVOeVpWMFVYRTdUMmJKeHV1V2ZtTXkzNktQTm9tTnN0bHJUTzhxNE01enQwZm4zVQ==,2023-06-08 14:52:37.393138
youtube#commentThread,h2aX6HB-aogw1lK67OSjy7bumD8,UgwrjkIaLEeHoxtIlo14AaABAg,"{'videoId': 'zEfTDpfyt1o', 'topLevelComment': {'kind': 'youtube#comment', 'etag': 'OZQOds1nRFabo3RTi1Pd53wC54Y', 'id': 'UgwrjkIaLEeHoxtIlo14AaABAg', 'snippet': {'videoId': 'zEfTDpfyt1o', 'textDisplay': 'O BOLSONARISTAS SÓ ESPALHAM ÓDIO,  VOCÊS NÃO VÃO AGUENTAR AS COBRAS QUE ESTÃO CRIANDO !', 'textOriginal': 'O BOLSONARISTAS SÓ ESPALHAM ÓDIO,  VOCÊS NÃO VÃO AGUENTAR AS COBRAS QUE ESTÃO CRIANDO !', 'authorDisplayName': 'Sil Karla Arte ', 'authorProfileImageUrl': 'https://yt3.ggpht.com/iApBE72onjLXrEvhNxx-kvc3gucWc3VaaXeLmZ-3CZEWhpUtk_4RtoKPVagcdCqyvLC5xkz_rw=s48-c-k-c0x00ffffff-no-rj', 'authorChannelUrl': 'http://www.youtube.com/channel/UCHB4WHNkaw76vq6j2P_U4hQ', 'authorChannelId': {'value': 'UCHB4WHNkaw76vq6j2P_U4hQ'}, 'canRate': True, 'viewerRating': 'none', 'likeCount': 0, 'publishedAt': '2022-10-23T23:40:49Z', 'updatedAt': '2022-10-23T23:40:49Z'}}, 'canReply': True, 'totalReplyCount': 0, 'isPublic': True}",,UCHB4WHNkaw76vq6j2P_U4hQ,2022-10-23T23:40:49Z,"O BOLSONARISTAS SÓ ESPALHAM ÓDIO,  VOCÊS NÃO VÃO AGUENTAR AS COBRAS QUE ESTÃO CRIANDO !",QURTSl9pMnMzbUpzMDczTnNEUHJjcEdQWjRtOHAtZHVOeVpWMFVYRTdUMmJKeHV1V2ZtTXkzNktQTm9tTnN0bHJUTzhxNE01enQwZm4zVQ==,2023-06-08 14:52:37.393138
youtube#commentThread,OyScTyshBYhz1PHmiS4gBUQsamw,UgwyurvT3X0ce-3kayJ4AaABAg,"{'videoId': 'zEfTDpfyt1o', 'topLevelComment': {'kind': 'youtube#comment', 'etag': '6gyPzqZTaMeQpX5qkgtCBimQT24', 'id': 'UgwyurvT3X0ce-3kayJ4AaABAg', 'snippet': {'videoId': 'zEfTDpfyt1o', 'textDisplay': 'Está mais que na hora das FFAA tomarem uma atitude em defesa da Democracia.', 'textOriginal': 'Está mais que na hora das FFAA tomarem uma atitude em defesa da Democracia.', 'authorDisplayName': 'Maurício Trindade', 'authorProfileImageUrl': 'https://yt3.ggpht.com/ytc/AGIKgqNzrEUmPhrGam-g9LmtnEhbP19Mjt4XxCv_SQ=s48-c-k-c0x00ffffff-no-rj', 'authorChannelUrl': 'http://www.youtube.com/channel/UCooot4fDLKlE4MS0r_AlvEw', 'authorChannelId': {'value': 'UCooot4fDLKlE4MS0r_AlvEw'}, 'canRate': True, 'viewerRating': 'none', 'likeCount': 0, 'publishedAt': '2022-10-23T23:40:33Z', 'updatedAt': '2022-10-23T23:40:33Z'}}, 'canReply': True, 'totalReplyCount': 0, 'isPublic': True}",,UCooot4fDLKlE4MS0r_AlvEw,2022-10-23T23:40:33Z,Está mais que na hora das FFAA tomarem uma atitude em defesa da Democracia.,QURTSl9pMFZackFLVkwyS1dSemNOU1Y3VHhaaTVzV1d3Y1FMYm9mZDBPN1NUa1hXZncyLXBjZmxJckdtTXdIZkpjX2RieVFnX2tNSFZucw==,2023-06-08 14:52:38.191822
youtube#commentThread,RI5ItjEutNxB7a3WIFwI3Uq7KDY,UgwDaoQTNLd-5KDiXvV4AaABAg,"{'videoId': 'zEfTDpfyt1o', 'topLevelComment': {'kind': 'youtube#comment', 'etag': 'Cjt3DHW3qv3_WonMFeLSrKcro6w', 'id': 'UgwDaoQTNLd-5KDiXvV4AaABAg', 'snippet': {'videoId': 'zEfTDpfyt1o', 'textDisplay': 'O bolsonarismo é isso aí, e mais um pouco. Agora a JP fala apoiador do Jeferson. Quando na verdade são apoiadores do 💩naro. <a href=""http://www.youtube.com/results?search_query=%23bolsonarismomata"">#BolsonarismoMata</a>', 'textOriginal': 'O bolsonarismo é isso aí, e mais um pouco. Agora a JP fala apoiador do Jeferson. Quando na verdade são apoiadores do 💩naro. #BolsonarismoMata', 'authorDisplayName': 'André Teixeira', 'authorProfileImageUrl': 'https://yt3.ggpht.com/ytc/AGIKgqNCFVQ0-U6-XEBSklVgTxqpKZIkw9aNhU9U=s48-c-k-c0x00ffffff-no-rj', 'authorChannelUrl': 'http://www.youtube.com/channel/UCpOb3Cr3h5TV7o81r3BENSg', 'authorChannelId': {'value': 'UCpOb3Cr3h5TV7o81r3BENSg'}, 'canRate': True, 'viewerRating': 'none', 'likeCount': 0, 'publishedAt': '2022-10-23T23:40:31Z', 'updatedAt': '2022-10-23T23:40:31Z'}}, 'canReply': True, 'totalReplyCount': 0, 'isPublic': True}",,UCpOb3Cr3h5TV7o81r3BENSg,2022-10-23T23:40:31Z,"O bolsonarismo é isso aí, e mais um pouco. Agora a JP fala apoiador do Jeferson. Quando na verdade são apoiadores do 💩naro. #BolsonarismoMata",QURTSl9pMFZackFLVkwyS1dSemNOU1Y3VHhaaTVzV1d3Y1FMYm9mZDBPN1NUa1hXZncyLXBjZmxJckdtTXdIZkpjX2RieVFnX2tNSFZucw==,2023-06-08 14:52:38.191822
youtube#commentThread,d1pkROBnHzdeeztlBVcAifxenD4,UgxEYcmmCOEXK69c5yN4AaABAg,"{'videoId': 'zEfTDpfyt1o', 'topLevelComment': {'kind': 'youtube#comment', 'etag': 'zx9rBWTZARbdxuZkY3GSemKPFfM', 'id': 'UgxEYcmmCOEXK69c5yN4AaABAg', 'snippet': {'videoId': 'zEfTDpfyt1o', 'textDisplay': 'Esperou o contato o contato se se aproximou !foi pênalti.', 'textOriginal': 'Esperou o contato o contato se se aproximou !foi pênalti.', 'authorDisplayName': 'Marcia Marcia', 'authorProfileImageUrl': 'https://yt3.ggpht.com/ytc/AGIKgqNbv4IzIR5vop4DwE-hnLQJbDUK85gDbK5I4l7eI0RHLeqh6DdXku5wJJ4OSyaH=s48-c-k-c0x00ffffff-no-rj', 'authorChannelUrl': 'http://www.youtube.com/channel/UC-Liv9KWYGJudIzRp0h4PGg', 'authorChannelId': {'value': 'UC-Liv9KWYGJudIzRp0h4PGg'}, 'canRate': True, 'viewerRating': 'none', 'likeCount': 0, 'publishedAt': '2022-10-23T23:39:54Z', 'updatedAt': '2022-10-23T23:39:54Z'}}, 'canReply': True, 'totalReplyCount': 0, 'isPublic': True}",,UC-Liv9KWYGJudIzRp0h4PGg,2022-10-23T23:39:54Z,Esperou o contato o contato se se aproximou !foi pênalti.,QURTSl9pMFZackFLVkwyS1dSemNOU1Y3VHhaaTVzV1d3Y1FMYm9mZDBPN1NUa1hXZncyLXBjZmxJckdtTXdIZkpjX2RieVFnX2tNSFZucw==,2023-06-08 14:52:38.191822
youtube#commentThread,j5RAGsUkhJfW-zxLpGo_utKjUGQ,UgwgrXwdwa5cWZ0Hfld4AaABAg,"{'videoId': 'zEfTDpfyt1o', 'topLevelComment': {'kind': 'youtube#comment', 'etag': 'aOl9mq_ZapX920TI4p7dM4jWLzM', 'id': 'UgwgrXwdwa5cWZ0Hfld4AaABAg', 'snippet': {'videoId': 'zEfTDpfyt1o', 'textDisplay': 'Se não hai lei vira isso bagunça', 'textOriginal': 'Se não hai lei vira isso bagunça', 'authorDisplayName': 'Marli Alves', 'authorProfileImageUrl': 'https://yt3.ggpht.com/ytc/AGIKgqPQlpuK7wn4YLkV_KQCfn3rpNOeV8wCGIg6Er1xag=s48-c-k-c0x00ffffff-no-rj', 'authorChannelUrl': 'http://www.youtube.com/channel/UC1NPQQ_pv9GsHringgAnFRg', 'authorChannelId': {'value': 'UC1NPQQ_pv9GsHringgAnFRg'}, 'canRate': True, 'viewerRating': 'none', 'likeCount': 0, 'publishedAt': '2022-10-23T23:39:44Z', 'updatedAt': '2022-10-23T23:39:44Z'}}, 'canReply': True, 'totalReplyCount': 0, 'isPublic': True}",,UC1NPQQ_pv9GsHringgAnFRg,2022-10-23T23:39:44Z,Se não hai lei vira isso bagunça,QURTSl9pMFZackFLVkwyS1dSemNOU1Y3VHhaaTVzV1d3Y1FMYm9mZDBPN1NUa1hXZncyLXBjZmxJckdtTXdIZkpjX2RieVFnX2tNSFZucw==,2023-06-08 14:52:38.191822
youtube#commentThread,M5uvbMhEMc3pRMDS_7xKAM7Y0Ko,Ugyh6O_yv6Gy5XOSXnR4AaABAg,"{'videoId': 'zEfTDpfyt1o', 'topLevelComment': {'kind': 'youtube#comment', 'etag': 'STVz7-GMZWyQJPpgdev0DPakKUc', 'id': 'Ugyh6O_yv6Gy5XOSXnR4AaABAg', 'snippet': {'videoId': 'zEfTDpfyt1o', 'textDisplay': 'OBRIGADO ROBERTO JEFFERSON! ACABOU COM A CAMPANHA DO BOZO !<br>TODOS SABEM QUE PENSAM IGUAIS,  NÃO É A TOA QUE TAVA CHEIO DE BOZOLOIDES LÁ NA FRENTE! KKKKKKKKK E O FALSO PADRE MC KELMON FANTASIADO PRA ENTREGAR FUZIS DO BANDIDO , QUE CIRCO DE HORRORES', 'textOriginal': 'OBRIGADO ROBERTO JEFFERSON! ACABOU COM A CAMPANHA DO BOZO !\\nTODOS SABEM QUE PENSAM IGUAIS,  NÃO É A TOA QUE TAVA CHEIO DE BOZOLOIDES LÁ NA FRENTE! KKKKKKKKK E O FALSO PADRE MC KELMON FANTASIADO PRA ENTREGAR FUZIS DO BANDIDO , QUE CIRCO DE HORRORES', 'authorDisplayName': 'Sil Karla Arte ', 'authorProfileImageUrl': 'https://yt3.ggpht.com/iApBE72onjLXrEvhNxx-kvc3gucWc3VaaXeLmZ-3CZEWhpUtk_4RtoKPVagcdCqyvLC5xkz_rw=s48-c-k-c0x00ffffff-no-rj', 'authorChannelUrl': 'http://www.youtube.com/channel/UCHB4WHNkaw76vq6j2P_U4hQ', 'authorChannelId': {'value': 'UCHB4WHNkaw76vq6j2P_U4hQ'}, 'canRate': True, 'viewerRating': 'none', 'likeCount': 0, 'publishedAt': '2022-10-23T23:39:07Z', 'updatedAt': '2022-10-23T23:39:07Z'}}, 'canReply': True, 'totalReplyCount': 0, 'isPublic': True}",,UCHB4WHNkaw76vq6j2P_U4hQ,2022-10-23T23:39:07Z,"OBRIGADO ROBERTO JEFFERSON! ACABOU COM A CAMPANHA DO BOZO !
TODOS SABEM QUE PENSAM IGUAIS,  NÃO É A TOA QUE TAVA CHEIO DE BOZOLOIDES LÁ NA FRENTE! KKKKKKKKK E O FALSO PADRE MC KELMON FANTASIADO PRA ENTREGAR FUZIS DO BANDIDO , QUE CIRCO DE HORRORES",QURTSl9pMFZackFLVkwyS1dSemNOU1Y3VHhaaTVzV1d3Y1FMYm9mZDBPN1NUa1hXZncyLXBjZmxJckdtTXdIZkpjX2RieVFnX2tNSFZucw==,2023-06-08 14:52:38.191822
youtube#commentThread,E75MgcR65d1WuNj03nPq7l4_0jU,Ugx_f5sRi2FyRt1kKT54AaABAg,"{'videoId': 'zEfTDpfyt1o', 'topLevelComment': {'kind': 'youtube#comment', 'etag': '4PIa0SdF2Yi5NGShrB8hc1xtqvc', 'id': 'Ugx_f5sRi2FyRt1kKT54AaABAg', 'snippet': {'videoId': 'zEfTDpfyt1o', 'textDisplay': 'deveria repudiar o Careca tmb  né', 'textOriginal': 'deveria repudiar o Careca tmb  né', 'authorDisplayName': 'vai que é tua', 'authorProfileImageUrl': 'https://yt3.ggpht.com/ytc/AGIKgqP-xClTP_gjO3m0U5xFLaqTDh-6CSRGL4yx1TPzUw=s48-c-k-c0x00ffffff-no-rj', 'authorChannelUrl': 'http://www.youtube.com/channel/UCNNAzIUifXIa458x4TyMvEw', 'authorChannelId': {'value': 'UCNNAzIUifXIa458x4TyMvEw'}, 'canRate': True, 'viewerRating': 'none', 'likeCount': 0, 'publishedAt': '2022-10-23T23:39:02Z', 'updatedAt': '2022-10-23T23:39:02Z'}}, 'canReply': True, 'totalReplyCount': 0, 'isPublic': True}",,UCNNAzIUifXIa458x4TyMvEw,2022-10-23T23:39:02Z,deveria repudiar o Careca tmb  né,QURTSl9pMFZackFLVkwyS1dSemNOU1Y3VHhaaTVzV1d3Y1FMYm9mZDBPN1NUa1hXZncyLXBjZmxJckdtTXdIZkpjX2RieVFnX2tNSFZucw==,2023-06-08 14:52:38.191822
youtube#commentThread,wn6IadDs-ByXiqZciD7CwEqu0S0,Ugxk7WW8Aw6ZCJZ6YIF4AaABAg,"{'videoId': 'zEfTDpfyt1o', 'topLevelComment': {'kind': 'youtube#comment', 'etag': 'bRrQK1i3jBu3cy0EEcZcgv-NFxE', 'id': 'Ugxk7WW8Aw6ZCJZ6YIF4AaABAg', 'snippet': {'videoId': 'zEfTDpfyt1o', 'textDisplay': 'Não da pra ver o ataque', 'textOriginal': 'Não da pra ver o ataque', 'authorDisplayName': 'Moacyr De Alvarenga filho', 'authorProfileImageUrl': 'https://yt3.ggpht.com/ytc/AGIKgqPFNNUr_c35iTW6q4BiTVQN9Tw1FQbFejF7lg=s48-c-k-c0x00ffffff-no-rj', 'authorChannelUrl': 'http://www.youtube.com/channel/UCoWOIc0_C6RS04Y0-ZYgMkA', 'authorChannelId': {'value': 'UCoWOIc0_C6RS04Y0-ZYgMkA'}, 'canRate': True, 'viewerRating': 'none', 'likeCount': 0, 'publishedAt': '2022-10-23T23:39:00Z', 'updatedAt': '2022-10-23T23:39:00Z'}}, 'canReply': True, 'totalReplyCount': 0, 'isPublic': True}",,UCoWOIc0_C6RS04Y0-ZYgMkA,2022-10-23T23:39:00Z,Não da pra ver o ataque,QURTSl9pMFZackFLVkwyS1dSemNOU1Y3VHhaaTVzV1d3Y1FMYm9mZDBPN1NUa1hXZncyLXBjZmxJckdtTXdIZkpjX2RieVFnX2tNSFZucw==,2023-06-08 14:52:38.191822
youtube#commentThread,U2Hrq2V4mEd2TO6Lmd7Xlo9uWHM,Ugw8fuecJMvRTUrcQld4AaABAg,"{'videoId': 'zEfTDpfyt1o', 'topLevelComment': {'kind': 'youtube#comment', 'etag': '7uajesPywM_z46r7OKSZyH_AQZ0', 'id': 'Ugw8fuecJMvRTUrcQld4AaABAg', 'snippet': {'videoId': 'zEfTDpfyt1o', 'textDisplay': 'Bolsonaristas insuflados viraram “apoiadores de Jeferson “. Talkei', 'textOriginal': 'Bolsonaristas insuflados viraram “apoiadores de Jeferson “. Talkei', 'authorDisplayName': 'Science Wars Veteran', 'authorProfileImageUrl': 'https://yt3.ggpht.com/ytc/AGIKgqPtJ59RJHsh8k7FudAoicIH112npYdb-gbkYrfv=s48-c-k-c0x00ffffff-no-rj', 'authorChannelUrl': 'http://www.youtube.com/channel/UCfM7hru9H2lm34Nad1cC5-Q', 'authorChannelId': {'value': 'UCfM7hru9H2lm34Nad1cC5-Q'}, 'canRate': True, 'viewerRating': 'none', 'likeCount': 0, 'publishedAt': '2022-10-23T23:38:58Z', 'updatedAt': '2022-10-23T23:38:58Z'}}, 'canReply': True, 'totalReplyCount': 0, 'isPublic': True}",,UCfM7hru9H2lm34Nad1cC5-Q,2022-10-23T23:38:58Z,Bolsonaristas insuflados viraram “apoiadores de Jeferson “. Talkei,QURTSl9pMFZackFLVkwyS1dSemNOU1Y3VHhaaTVzV1d3Y1FMYm9mZDBPN1NUa1hXZncyLXBjZmxJckdtTXdIZkpjX2RieVFnX2tNSFZucw==,2023-06-08 14:52:38.191822
youtube#commentThread,NuFSuq1R13JO6pckd2VvXQzC9N8,UgzhQABD1-aYrjkVwO94AaABAg,"{'videoId': 'zEfTDpfyt1o', 'topLevelComment': {'kind': 'youtube#comment', 'etag': '5HWvsYUuQ8iT9f_nj0o8amco4aA', 'id': 'UgzhQABD1-aYrjkVwO94AaABAg', 'snippet': {'videoId': 'zEfTDpfyt1o', 'textDisplay': 'NA PANDEMIA IA UMA REPÓRTER E UM CINEGRAFISTA DA GLOBO NA FRENTE DOS FISCAIS PRA MOSTRAR QUAL COMÉRCIO ESTAVA ABERTO, AINDA ENTRAVAM E AJUDAVAM OS FISCAIS HUMILHAR A PESSOA... Não tenho solidariedade poha nenhuma.', 'textOriginal': 'NA PANDEMIA IA UMA REPÓRTER E UM CINEGRAFISTA DA GLOBO NA FRENTE DOS FISCAIS PRA MOSTRAR QUAL COMÉRCIO ESTAVA ABERTO, AINDA ENTRAVAM E AJUDAVAM OS FISCAIS HUMILHAR A PESSOA... Não tenho solidariedade poha nenhuma.', 'authorDisplayName': 'Vivi Braga', 'authorProfileImageUrl': 'https://yt3.ggpht.com/GzJA0oVPr3iIdjo75zXlmO9kuQzNSkZp_SNV7bXyHsTp-jrLoz0gIdcuEJISYX2NOslIjz0puw=s48-c-k-c0x00ffffff-no-rj', 'authorChannelUrl': 'http://www.youtube.com/channel/UC3yYbIGVwNJcJjFfIZEG4sg', 'authorChannelId': {'value': 'UC3yYbIGVwNJcJjFfIZEG4sg'}, 'canRate': True, 'viewerRating': 'none', 'likeCount': 0, 'publishedAt': '2022-10-23T23:38:55Z', 'updatedAt': '2022-10-23T23:38:55Z'}}, 'canReply': True, 'totalReplyCount': 0, 'isPublic': True}",,UC3yYbIGVwNJcJjFfIZEG4sg,2022-10-23T23:38:55Z,"NA PANDEMIA IA UMA REPÓRTER E UM CINEGRAFISTA DA GLOBO NA FRENTE DOS FISCAIS PRA MOSTRAR QUAL COMÉRCIO ESTAVA ABERTO, AINDA ENTRAVAM E AJUDAVAM OS FISCAIS HUMILHAR A PESSOA... Não tenho solidariedade poha nenhuma.",QURTSl9pMFZackFLVkwyS1dSemNOU1Y3VHhaaTVzV1d3Y1FMYm9mZDBPN1NUa1hXZncyLXBjZmxJckdtTXdIZkpjX2RieVFnX2tNSFZucw==,2023-06-08 14:52:38.191822
youtube#commentThread,HcFTXbeK7JQ_XMsOan5UPEN4pHA,UgxBK5cxwrvcoCDlBB54AaABAg,"{'videoId': 'zEfTDpfyt1o', 'topLevelComment': {'kind': 'youtube#comment', 'etag': 'KiDRq9o5_LlE-uLe-7rbU2aWpn4', 'id': 'UgxBK5cxwrvcoCDlBB54AaABAg', 'snippet': {'videoId': 'zEfTDpfyt1o', 'textDisplay': 'É isso que essa emissora do capeta procurou ,e vcs da Jp ainda dão moral pra essa emissora', 'textOriginal': 'É isso que essa emissora do capeta procurou ,e vcs da Jp ainda dão moral pra essa emissora', 'authorDisplayName': 'Wallem de Barros Souza', 'authorProfileImageUrl': 'https://yt3.ggpht.com/ytc/AGIKgqPlmSiNXc0Pqe0F_boNsiOQHrDzHaZc22Eq6g=s48-c-k-c0x00ffffff-no-rj', 'authorChannelUrl': 'http://www.youtube.com/channel/UC_rk3gv_sTLZk4TZjRW3lZg', 'authorChannelId': {'value': 'UC_rk3gv_sTLZk4TZjRW3lZg'}, 'canRate': True, 'viewerRating': 'none', 'likeCount': 0, 'publishedAt': '2022-10-23T23:38:54Z', 'updatedAt': '2022-10-23T23:38:54Z'}}, 'canReply': True, 'totalReplyCount': 0, 'isPublic': True}",,UC_rk3gv_sTLZk4TZjRW3lZg,2022-10-23T23:38:54Z,"É isso que essa emissora do capeta procurou ,e vcs da Jp ainda dão moral pra essa emissora",QURTSl9pMFZackFLVkwyS1dSemNOU1Y3VHhaaTVzV1d3Y1FMYm9mZDBPN1NUa1hXZncyLXBjZmxJckdtTXdIZkpjX2RieVFnX2tNSFZucw==,2023-06-08 14:52:38.191822
youtube#commentThread,rNe-RWOybtpqo14gD-LPdK-OT0A,UgwDniIh6WKoCP2gq9h4AaABAg,"{'videoId': 'zEfTDpfyt1o', 'topLevelComment': {'kind': 'youtube#comment', 'etag': 'P2ng95VqvVch88Z00VfwrG9g8WM', 'id': 'UgwDniIh6WKoCP2gq9h4AaABAg', 'snippet': {'videoId': 'zEfTDpfyt1o', 'textDisplay': 'Culpa desses que se acham deuses do STF. O povo está desestabilizado  ao ponto de praticar violência, não sei onde vamos chegar. Deus livre i Brasil desse judiciário.', 'textOriginal': 'Culpa desses que se acham deuses do STF. O povo está desestabilizado  ao ponto de praticar violência, não sei onde vamos chegar. Deus livre i Brasil desse judiciário.', 'authorDisplayName': 'Lucilene Rocha', 'authorProfileImageUrl': 'https://yt3.ggpht.com/ytc/AGIKgqMYjVdS-MA3cJttrI7QB1o_jAMg0oGRmzZ5bg=s48-c-k-c0x00ffffff-no-rj', 'authorChannelUrl': 'http://www.youtube.com/channel/UC54EpnV43dOQ6LFDAW7ruTw', 'authorChannelId': {'value': 'UC54EpnV43dOQ6LFDAW7ruTw'}, 'canRate': True, 'viewerRating': 'none', 'likeCount': 0, 'publishedAt': '2022-10-23T23:38:43Z', 'updatedAt': '2022-10-23T23:38:43Z'}}, 'canReply': True, 'totalReplyCount': 0, 'isPublic': True}",,UC54EpnV43dOQ6LFDAW7ruTw,2022-10-23T23:38:43Z,"Culpa desses que se acham deuses do STF. O povo está desestabilizado  ao ponto de praticar violência, não sei onde vamos chegar. Deus livre i Brasil desse judiciário.",QURTSl9pMFZackFLVkwyS1dSemNOU1Y3VHhaaTVzV1d3Y1FMYm9mZDBPN1NUa1hXZncyLXBjZmxJckdtTXdIZkpjX2RieVFnX2tNSFZucw==,2023-06-08 14:52:38.191822
youtube#commentThread,M1Etu7UINurVELLiBOTjD5xx8BM,UgwIvoSkxQbt-W_H1C94AaABAg,"{'videoId': 'zEfTDpfyt1o', 'topLevelComment': {'kind': 'youtube#comment', 'etag': 'EGfMARCCpDruOe8DctNXNn1x-L8', 'id': 'UgwIvoSkxQbt-W_H1C94AaABAg', 'snippet': {'videoId': 'zEfTDpfyt1o', 'textDisplay': 'Denunciem UOL petista bandeira vermelha de sangue', 'textOriginal': 'Denunciem UOL petista bandeira vermelha de sangue', 'authorDisplayName': 'rodrigo cma', 'authorProfileImageUrl': 'https://yt3.ggpht.com/va5dRpceaqFjdbJapHwr_Tt_D0sbr6QHhbbgli4fd6fDFV8WM2kYCCbT5NhMJ_CJu66GbiaQ=s48-c-k-c0x00ffffff-no-rj', 'authorChannelUrl': 'http://www.youtube.com/channel/UCfwjUZ8_MqwgNdEXhbB-ZAg', 'authorChannelId': {'value': 'UCfwjUZ8_MqwgNdEXhbB-ZAg'}, 'canRate': True, 'viewerRating': 'none', 'likeCount': 1, 'publishedAt': '2022-10-23T23:38:36Z', 'updatedAt': '2022-10-23T23:38:36Z'}}, 'canReply': True, 'totalReplyCount': 0, 'isPublic': True}",,UCfwjUZ8_MqwgNdEXhbB-ZAg,2022-10-23T23:38:36Z,Denunciem UOL petista bandeira vermelha de sangue,QURTSl9pMFZackFLVkwyS1dSemNOU1Y3VHhaaTVzV1d3Y1FMYm9mZDBPN1NUa1hXZncyLXBjZmxJckdtTXdIZkpjX2RieVFnX2tNSFZucw==,2023-06-08 14:52:38.191822
youtube#commentThread,1b_Ase6TbHECTjM_InryoowEcfU,UgwGUZe5CeEqNLgyev14AaABAg,"{'videoId': 'zEfTDpfyt1o', 'topLevelComment': {'kind': 'youtube#comment', 'etag': 'xFn1U4yKx2pQ2WNxsK6-0TlDm_o', 'id': 'UgwGUZe5CeEqNLgyev14AaABAg', 'snippet': {'videoId': 'zEfTDpfyt1o', 'textDisplay': 'São bandidos defendendo bandidos, porque Jeferson é simplesmente um vagabundo bandido quem defende Jeferson é tão vagabundo quanto ele.', 'textOriginal': 'São bandidos defendendo bandidos, porque Jeferson é simplesmente um vagabundo bandido quem defende Jeferson é tão vagabundo quanto ele.', 'authorDisplayName': 'Renilson Arlindo', 'authorProfileImageUrl': 'https://yt3.ggpht.com/ytc/AGIKgqM-qoQ_s47apflAOsh5uH9DWcJ7dgSPjv1Tag=s48-c-k-c0x00ffffff-no-rj', 'authorChannelUrl': 'http://www.youtube.com/channel/UCf3JVNqjWS-eEdr6MqRkgSg', 'authorChannelId': {'value': 'UCf3JVNqjWS-eEdr6MqRkgSg'}, 'canRate': True, 'viewerRating': 'none', 'likeCount': 0, 'publishedAt': '2022-10-23T23:38:26Z', 'updatedAt': '2022-10-23T23:38:26Z'}}, 'canReply': True, 'totalReplyCount': 0, 'isPublic': True}",,UCf3JVNqjWS-eEdr6MqRkgSg,2022-10-23T23:38:26Z,"São bandidos defendendo bandidos, porque Jeferson é simplesmente um vagabundo bandido quem defende Jeferson é tão vagabundo quanto ele.",QURTSl9pMFZackFLVkwyS1dSemNOU1Y3VHhaaTVzV1d3Y1FMYm9mZDBPN1NUa1hXZncyLXBjZmxJckdtTXdIZkpjX2RieVFnX2tNSFZucw==,2023-06-08 14:52:38.191822
youtube#commentThread,RhUCRwQV63lMYMOE4Nf4MRIyFxo,UgzDsxcA9UG4Bc70lap4AaABAg,"{'videoId': 'zEfTDpfyt1o', 'topLevelComment': {'kind': 'youtube#comment', 'etag': '1XuEFMe9IcVvO1UQeH8xwokXdWA', 'id': 'UgzDsxcA9UG4Bc70lap4AaABAg', 'snippet': {'videoId': 'zEfTDpfyt1o', 'textDisplay': 'Exército Brasileiro braço forte e amigo vamos defender o livre processo eleitoral e a liberdade de imprensa', 'textOriginal': 'Exército Brasileiro braço forte e amigo vamos defender o livre processo eleitoral e a liberdade de imprensa', 'authorDisplayName': 'Ricardo Ferraz da cunha', 'authorProfileImageUrl': 'https://yt3.ggpht.com/ytc/AGIKgqNo7mhk8JBVBNp1k84SF4umQEFXZb5r9_7tXnn1dnDQAMr962GFF9W1hqeuKUt0=s48-c-k-c0x00ffffff-no-rj', 'authorChannelUrl': 'http://www.youtube.com/channel/UCinqSsWi4_FItJtlMlBqlkg', 'authorChannelId': {'value': 'UCinqSsWi4_FItJtlMlBqlkg'}, 'canRate': True, 'viewerRating': 'none', 'likeCount': 1, 'publishedAt': '2022-10-23T23:37:52Z', 'updatedAt': '2022-10-23T23:37:52Z'}}, 'canReply': True, 'totalReplyCount': 0, 'isPublic': True}",,UCinqSsWi4_FItJtlMlBqlkg,2022-10-23T23:37:52Z,Exército Brasileiro braço forte e amigo vamos defender o livre processo eleitoral e a liberdade de imprensa,QURTSl9pMFZackFLVkwyS1dSemNOU1Y3VHhaaTVzV1d3Y1FMYm9mZDBPN1NUa1hXZncyLXBjZmxJckdtTXdIZkpjX2RieVFnX2tNSFZucw==,2023-06-08 14:52:38.191822
youtube#commentThread,U4gMI1_xoCI2Gv489-xcC5sEcMg,UgwfrKOz2dNFkWgBZVV4AaABAg,"{'videoId': 'zEfTDpfyt1o', 'topLevelComment': {'kind': 'youtube#comment', 'etag': '6_jnOCcfZWtibv3wDn-TDCi-STM', 'id': 'UgwfrKOz2dNFkWgBZVV4AaABAg', 'snippet': {'videoId': 'zEfTDpfyt1o', 'textDisplay': 'O povo brasileiro não suporta mais ser manipulado pela velha imprensa , distorcendo os fatos e associando ao presidente Jair Messias Bolsonaro ! Basta!', 'textOriginal': 'O povo brasileiro não suporta mais ser manipulado pela velha imprensa , distorcendo os fatos e associando ao presidente Jair Messias Bolsonaro ! Basta!', 'authorDisplayName': 'Fabio Galeffi', 'authorProfileImageUrl': 'https://yt3.ggpht.com/ytc/AGIKgqOJK5BtgAkR9iHi-8TT5l83R4mWzYu9dcnZBbX7eA=s48-c-k-c0x00ffffff-no-rj', 'authorChannelUrl': 'http://www.youtube.com/channel/UC5sjm1zPBDikiEqhhPwL8zw', 'authorChannelId': {'value': 'UC5sjm1zPBDikiEqhhPwL8zw'}, 'canRate': True, 'viewerRating': 'none', 'likeCount': 0, 'publishedAt': '2022-10-23T23:37:35Z', 'updatedAt': '2022-10-23T23:37:35Z'}}, 'canReply': True, 'totalReplyCount': 0, 'isPublic': True}",,UC5sjm1zPBDikiEqhhPwL8zw,2022-10-23T23:37:35Z,"O povo brasileiro não suporta mais ser manipulado pela velha imprensa , distorcendo os fatos e associando ao presidente Jair Messias Bolsonaro ! Basta!",QURTSl9pMFZackFLVkwyS1dSemNOU1Y3VHhaaTVzV1d3Y1FMYm9mZDBPN1NUa1hXZncyLXBjZmxJckdtTXdIZkpjX2RieVFnX2tNSFZucw==,2023-06-08 14:52:38.191822
youtube#commentThread,d9QL20G4NAoCYTzVHm8RVd_uEcE,UgzGO6ugchoBvHFWiI54AaABAg,"{'videoId': 'zEfTDpfyt1o', 'topLevelComment': {'kind': 'youtube#comment', 'etag': '_YosV53CylkW086C0g2nZQ3ghCA', 'id': 'UgzGO6ugchoBvHFWiI54AaABAg', 'snippet': {'videoId': 'zEfTDpfyt1o', 'textDisplay': 'Imprensa marrom!! Jornalismo  parcial não é jornalismo.  É cobra mandada!', 'textOriginal': 'Imprensa marrom!! Jornalismo  parcial não é jornalismo.  É cobra mandada!', 'authorDisplayName': 'Ivan Noé Vigna', 'authorProfileImageUrl': 'https://yt3.ggpht.com/ytc/AGIKgqM8dDvs0RZFtVaxPR04w7TopSjDqCI194P9tA=s48-c-k-c0x00ffffff-no-rj', 'authorChannelUrl': 'http://www.youtube.com/channel/UCPxCdpe_V_XvHkBM-UXuO7Q', 'authorChannelId': {'value': 'UCPxCdpe_V_XvHkBM-UXuO7Q'}, 'canRate': True, 'viewerRating': 'none', 'likeCount': 0, 'publishedAt': '2022-10-23T23:37:33Z', 'updatedAt': '2022-10-23T23:37:33Z'}}, 'canReply': True, 'totalReplyCount': 0, 'isPublic': True}",,UCPxCdpe_V_XvHkBM-UXuO7Q,2022-10-23T23:37:33Z,Imprensa marrom!! Jornalismo  parcial não é jornalismo.  É cobra mandada!,QURTSl9pMFZackFLVkwyS1dSemNOU1Y3VHhaaTVzV1d3Y1FMYm9mZDBPN1NUa1hXZncyLXBjZmxJckdtTXdIZkpjX2RieVFnX2tNSFZucw==,2023-06-08 14:52:38.191822
youtube#commentThread,rUVlAPzeVwO032QpTMa-zIAxi7g,UgxSQ96oXdCmQI-8iqx4AaABAg,"{'videoId': 'zEfTDpfyt1o', 'topLevelComment': {'kind': 'youtube#comment', 'etag': '2i6lYGw7cpksJLYroNP2gVV7KwM', 'id': 'UgxSQ96oXdCmQI-8iqx4AaABAg', 'snippet': {'videoId': 'zEfTDpfyt1o', 'textDisplay': 'Acho é pouco', 'textOriginal': 'Acho é pouco', 'authorDisplayName': 'Rosa Lima', 'authorProfileImageUrl': 'https://yt3.ggpht.com/ytc/AGIKgqNDUMm4S2M1gFq6m59Un1wlodbrz8Bx3enqcw=s48-c-k-c0x00ffffff-no-rj', 'authorChannelUrl': 'http://www.youtube.com/channel/UCHG0uauhSxh8yLdUh_tHN2A', 'authorChannelId': {'value': 'UCHG0uauhSxh8yLdUh_tHN2A'}, 'canRate': True, 'viewerRating': 'none', 'likeCount': 0, 'publishedAt': '2022-10-23T23:37:24Z', 'updatedAt': '2022-10-23T23:37:24Z'}}, 'canReply': True, 'totalReplyCount': 0, 'isPublic': True}",,UCHG0uauhSxh8yLdUh_tHN2A,2022-10-23T23:37:24Z,Acho é pouco,QURTSl9pMFZackFLVkwyS1dSemNOU1Y3VHhaaTVzV1d3Y1FMYm9mZDBPN1NUa1hXZncyLXBjZmxJckdtTXdIZkpjX2RieVFnX2tNSFZucw==,2023-06-08 14:52:38.191822
youtube#commentThread,x7ce0FY3jSCtLpAXa4xLtRUtvJQ,UgyMzEG-META6_8tB9p4AaABAg,"{'videoId': 'zEfTDpfyt1o', 'topLevelComment': {'kind': 'youtube#comment', 'etag': '50SuVJp9_jLmWFunkhpsxDV2H_Y', 'id': 'UgyMzEG-META6_8tB9p4AaABAg', 'snippet': {'videoId': 'zEfTDpfyt1o', 'textDisplay': 'Precisamos incorporar o conceito americano de que ninguém pode nem mesmo empurrar ou puxar alguém. Essa simples regra evitaria muitos episódios (dolosos e culposos)…inclusive violência doméstica.', 'textOriginal': 'Precisamos incorporar o conceito americano de que ninguém pode nem mesmo empurrar ou puxar alguém. Essa simples regra evitaria muitos episódios (dolosos e culposos)…inclusive violência doméstica.', 'authorDisplayName': 'Susana G', 'authorProfileImageUrl': 'https://yt3.ggpht.com/ytc/AGIKgqP5QLv9f7-dVxgSZlgMapJbJpYdQASQG1WCUw=s48-c-k-c0x00ffffff-no-rj', 'authorChannelUrl': 'http://www.youtube.com/channel/UCK09tWoo0csZBzqP8UA4-gQ', 'authorChannelId': {'value': 'UCK09tWoo0csZBzqP8UA4-gQ'}, 'canRate': True, 'viewerRating': 'none', 'likeCount': 1, 'publishedAt': '2022-10-23T23:37:19Z', 'updatedAt': '2022-10-23T23:37:19Z'}}, 'canReply': True, 'totalReplyCount': 1, 'isPublic': True}","{'comments': [{'kind': 'youtube#comment', 'etag': 'DP1l8ZQhkHKAhAkU4wqQHZ2EQLc', 'id': 'UgyMzEG-META6_8tB9p4AaABAg.9hYIkzo6oaI9hYgfZdL4wf', 'snippet': {'videoId': 'zEfTDpfyt1o', 'textDisplay': 'Perderíamos todas as faixas do UFC...', 'textOriginal': 'Perderíamos todas as faixas do UFC...', 'parentId': 'UgyMzEG-META6_8tB9p4AaABAg', 'authorDisplayName': 'Tiburcio Nascimento', 'authorProfileImageUrl': 'https://yt3.ggpht.com/ytc/AGIKgqPYJ16XbloZp1nRif2q9UiINjE9b3aLcJFllVpYZmGF8L32gAvFuJ_fm0H5T6oa=s48-c-k-c0x00ffffff-no-rj', 'authorChannelUrl': 'http://www.youtube.com/channel/UCOpVT2WBtvOTmNgRgNreY3Q', 'authorChannelId': {'value': 'UCOpVT2WBtvOTmNgRgNreY3Q'}, 'canRate': True, 'viewerRating': 'none', 'likeCount': 0, 'publishedAt': '2022-10-24T03:15:01Z', 'updatedAt': '2022-10-24T03:15:01Z'}}]}",UCK09tWoo0csZBzqP8UA4-gQ,2022-10-23T23:37:19Z,Precisamos incorporar o conceito americano de que ninguém pode nem mesmo empurrar ou puxar alguém. Essa simples regra evitaria muitos episódios (dolosos e culposos)…inclusive violência doméstica.,QURTSl9pMFZackFLVkwyS1dSemNOU1Y3VHhaaTVzV1d3Y1FMYm9mZDBPN1NUa1hXZncyLXBjZmxJckdtTXdIZkpjX2RieVFnX2tNSFZucw==,2023-06-08 14:52:38.191822
youtube#commentThread,H8N2MjczGDNtZ7Wr4ennTqqeS3A,UgzHnPb5nwlAVX8UDlF4AaABAg,"{'videoId': 'zEfTDpfyt1o', 'topLevelComment': {'kind': 'youtube#comment', 'etag': '22Ktw0klY2rf5I70yxVJVses5o4', 'id': 'UgzHnPb5nwlAVX8UDlF4AaABAg', 'snippet': {'videoId': 'zEfTDpfyt1o', 'textDisplay': 'Pelas 686 pessoas mortas  13 neles 👍 👍', 'textOriginal': 'Pelas 686 pessoas mortas  13 neles 👍 👍', 'authorDisplayName': 'Filmes 10 vezes ,', 'authorProfileImageUrl': 'https://yt3.ggpht.com/ytc/AGIKgqPP7dqp30aE7Y6cieQ9-sOjr698O8u9IVQlCcKyFg=s48-c-k-c0x00ffffff-no-rj', 'authorChannelUrl': 'http://www.youtube.com/channel/UC7007MeBCv875gvGiPdlEUQ', 'authorChannelId': {'value': 'UC7007MeBCv875gvGiPdlEUQ'}, 'canRate': True, 'viewerRating': 'none', 'likeCount': 0, 'publishedAt': '2022-10-23T23:36:28Z', 'updatedAt': '2022-10-23T23:36:28Z'}}, 'canReply': True, 'totalReplyCount': 0, 'isPublic': True}",,UC7007MeBCv875gvGiPdlEUQ,2022-10-23T23:36:28Z,Pelas 686 pessoas mortas  13 neles 👍 👍,QURTSl9pMFZackFLVkwyS1dSemNOU1Y3VHhaaTVzV1d3Y1FMYm9mZDBPN1NUa1hXZncyLXBjZmxJckdtTXdIZkpjX2RieVFnX2tNSFZucw==,2023-06-08 14:52:38.191822
youtube#commentThread,z5H0gAGnGLvzr5oJBJ8rna83rbs,UgzcLmi96sKP1tBce9B4AaABAg,"{'videoId': 'zEfTDpfyt1o', 'topLevelComment': {'kind': 'youtube#comment', 'etag': 'uLnjAZk22PYOFdxEfi3kL7UDmTU', 'id': 'UgzcLmi96sKP1tBce9B4AaABAg', 'snippet': {'videoId': 'zEfTDpfyt1o', 'textDisplay': 'Até que em fim a Jp falando a verdade q milagre.', 'textOriginal': 'Até que em fim a Jp falando a verdade q milagre.', 'authorDisplayName': 'Renilson Arlindo', 'authorProfileImageUrl': 'https://yt3.ggpht.com/ytc/AGIKgqM-qoQ_s47apflAOsh5uH9DWcJ7dgSPjv1Tag=s48-c-k-c0x00ffffff-no-rj', 'authorChannelUrl': 'http://www.youtube.com/channel/UCf3JVNqjWS-eEdr6MqRkgSg', 'authorChannelId': {'value': 'UCf3JVNqjWS-eEdr6MqRkgSg'}, 'canRate': True, 'viewerRating': 'none', 'likeCount': 0, 'publishedAt': '2022-10-23T23:36:12Z', 'updatedAt': '2022-10-23T23:36:12Z'}}, 'canReply': True, 'totalReplyCount': 0, 'isPublic': True}",,UCf3JVNqjWS-eEdr6MqRkgSg,2022-10-23T23:36:12Z,Até que em fim a Jp falando a verdade q milagre.,QURTSl9pMFZackFLVkwyS1dSemNOU1Y3VHhaaTVzV1d3Y1FMYm9mZDBPN1NUa1hXZncyLXBjZmxJckdtTXdIZkpjX2RieVFnX2tNSFZucw==,2023-06-08 14:52:38.191822
youtube#commentThread,BoMe-Cdve9YdJdA3AlykLQBTWY4,Ugy7kvhFAKl5hiA2BsN4AaABAg,"{'videoId': 'zEfTDpfyt1o', 'topLevelComment': {'kind': 'youtube#comment', 'etag': 'PuWbotgj80xIkTYc6HG3eH4XB8Y', 'id': 'Ugy7kvhFAKl5hiA2BsN4AaABAg', 'snippet': {'videoId': 'zEfTDpfyt1o', 'textDisplay': 'PARABÉNS!! O povo DEVERIA  lutar contra a ditadura do STF.', 'textOriginal': 'PARABÉNS!! O povo DEVERIA  lutar contra a ditadura do STF.', 'authorDisplayName': 'Ivan Noé Vigna', 'authorProfileImageUrl': 'https://yt3.ggpht.com/ytc/AGIKgqM8dDvs0RZFtVaxPR04w7TopSjDqCI194P9tA=s48-c-k-c0x00ffffff-no-rj', 'authorChannelUrl': 'http://www.youtube.com/channel/UCPxCdpe_V_XvHkBM-UXuO7Q', 'authorChannelId': {'value': 'UCPxCdpe_V_XvHkBM-UXuO7Q'}, 'canRate': True, 'viewerRating': 'none', 'likeCount': 1, 'publishedAt': '2022-10-23T23:36:02Z', 'updatedAt': '2022-10-23T23:36:02Z'}}, 'canReply': True, 'totalReplyCount': 0, 'isPublic': True}",,UCPxCdpe_V_XvHkBM-UXuO7Q,2022-10-23T23:36:02Z,PARABÉNS!! O povo DEVERIA  lutar contra a ditadura do STF.,QURTSl9pMFZackFLVkwyS1dSemNOU1Y3VHhaaTVzV1d3Y1FMYm9mZDBPN1NUa1hXZncyLXBjZmxJckdtTXdIZkpjX2RieVFnX2tNSFZucw==,2023-06-08 14:52:38.191822
youtube#commentThread,JZ6bBZYxqwn0_GQVi8wPqeTA50s,Ugx3yPpnStVc8kVPus54AaABAg,"{'videoId': 'zEfTDpfyt1o', 'topLevelComment': {'kind': 'youtube#comment', 'etag': 'rH2vEVXiM5cGsPCPmNd4Q8gkPLw', 'id': 'Ugx3yPpnStVc8kVPus54AaABAg', 'snippet': {'videoId': 'zEfTDpfyt1o', 'textDisplay': 'BÁRBARA GANCIA XINGOU UMA CRIANÇA DE 11 ANOS, FILHA DO PRESIDENTE BOLSONARO, E NÃO RECEBEU NENHUMA AÇÃO DO TSE, NENHUMA CRÍTICA...', 'textOriginal': 'BÁRBARA GANCIA XINGOU UMA CRIANÇA DE 11 ANOS, FILHA DO PRESIDENTE BOLSONARO, E NÃO RECEBEU NENHUMA AÇÃO DO TSE, NENHUMA CRÍTICA...', 'authorDisplayName': 'Vera Micheli', 'authorProfileImageUrl': 'https://yt3.ggpht.com/ytc/AGIKgqPgewv4gKBXdhQKPIEicXfAcUGlDjuyqX-n7TMZ=s48-c-k-c0x00ffffff-no-rj', 'authorChannelUrl': 'http://www.youtube.com/channel/UCQX2CdK56ATzYpoVpj3KGxw', 'authorChannelId': {'value': 'UCQX2CdK56ATzYpoVpj3KGxw'}, 'canRate': True, 'viewerRating': 'none', 'likeCount': 0, 'publishedAt': '2022-10-23T23:35:57Z', 'updatedAt': '2022-10-23T23:39:22Z'}}, 'canReply': True, 'totalReplyCount': 0, 'isPublic': True}",,UCQX2CdK56ATzYpoVpj3KGxw,2022-10-23T23:35:57Z,"BÁRBARA GANCIA XINGOU UMA CRIANÇA DE 11 ANOS, FILHA DO PRESIDENTE BOLSONARO, E NÃO RECEBEU NENHUMA AÇÃO DO TSE, NENHUMA CRÍTICA...",QURTSl9pMFZackFLVkwyS1dSemNOU1Y3VHhaaTVzV1d3Y1FMYm9mZDBPN1NUa1hXZncyLXBjZmxJckdtTXdIZkpjX2RieVFnX2tNSFZucw==,2023-06-08 14:52:38.191822
youtube#commentThread,wR_mI2LYvfek3_kwSya7yZMQhto,UgxTp6-iP7jQVPOhZQh4AaABAg,"{'videoId': 'zEfTDpfyt1o', 'topLevelComment': {'kind': 'youtube#comment', 'etag': 'uis0l3QGgt6p0mw28q-NMc74W1I', 'id': 'UgxTp6-iP7jQVPOhZQh4AaABAg', 'snippet': {'videoId': 'zEfTDpfyt1o', 'textDisplay': 'O XANDÃO TA LEVANDO A JUSTIÇA BRASILEIRA AO CAUS QUERO VER ONDE VAI PARAR ISSO', 'textOriginal': 'O XANDÃO TA LEVANDO A JUSTIÇA BRASILEIRA AO CAUS QUERO VER ONDE VAI PARAR ISSO', 'authorDisplayName': 'joacy assis', 'authorProfileImageUrl': 'https://yt3.ggpht.com/ytc/AGIKgqOSwSvMuaHiEKQDaExBfesM6WEur2IsOFIIqQ=s48-c-k-c0x00ffffff-no-rj', 'authorChannelUrl': 'http://www.youtube.com/channel/UCr48YFuC0uU2MXmv4qf2lOg', 'authorChannelId': {'value': 'UCr48YFuC0uU2MXmv4qf2lOg'}, 'canRate': True, 'viewerRating': 'none', 'likeCount': 0, 'publishedAt': '2022-10-23T23:35:57Z', 'updatedAt': '2022-10-23T23:35:57Z'}}, 'canReply': True, 'totalReplyCount': 0, 'isPublic': True}",,UCr48YFuC0uU2MXmv4qf2lOg,2022-10-23T23:35:57Z,O XANDÃO TA LEVANDO A JUSTIÇA BRASILEIRA AO CAUS QUERO VER ONDE VAI PARAR ISSO,QURTSl9pMFZackFLVkwyS1dSemNOU1Y3VHhaaTVzV1d3Y1FMYm9mZDBPN1NUa1hXZncyLXBjZmxJckdtTXdIZkpjX2RieVFnX2tNSFZucw==,2023-06-08 14:52:38.191822
youtube#commentThread,U1v0AT-ox43oo30QP2Xt-Bzig0s,UgyxrKewAbu7KOICc4Z4AaABAg,"{'videoId': 'zEfTDpfyt1o', 'topLevelComment': {'kind': 'youtube#comment', 'etag': 'BhVdFyqH3sTSBhiJX-Katsl_5ws', 'id': 'UgyxrKewAbu7KOICc4Z4AaABAg', 'snippet': {'videoId': 'zEfTDpfyt1o', 'textDisplay': 'Não existem apoiadores de Jeferson. Existem apoiadores de Bolsonaro que foram lá querer uma guerra civil.', 'textOriginal': 'Não existem apoiadores de Jeferson. Existem apoiadores de Bolsonaro que foram lá querer uma guerra civil.', 'authorDisplayName': 'Science Wars Veteran', 'authorProfileImageUrl': 'https://yt3.ggpht.com/ytc/AGIKgqPtJ59RJHsh8k7FudAoicIH112npYdb-gbkYrfv=s48-c-k-c0x00ffffff-no-rj', 'authorChannelUrl': 'http://www.youtube.com/channel/UCfM7hru9H2lm34Nad1cC5-Q', 'authorChannelId': {'value': 'UCfM7hru9H2lm34Nad1cC5-Q'}, 'canRate': True, 'viewerRating': 'none', 'likeCount': 0, 'publishedAt': '2022-10-23T23:35:38Z', 'updatedAt': '2022-10-23T23:35:38Z'}}, 'canReply': True, 'totalReplyCount': 0, 'isPublic': True}",,UCfM7hru9H2lm34Nad1cC5-Q,2022-10-23T23:35:38Z,Não existem apoiadores de Jeferson. Existem apoiadores de Bolsonaro que foram lá querer uma guerra civil.,QURTSl9pMFZackFLVkwyS1dSemNOU1Y3VHhaaTVzV1d3Y1FMYm9mZDBPN1NUa1hXZncyLXBjZmxJckdtTXdIZkpjX2RieVFnX2tNSFZucw==,2023-06-08 14:52:38.191822
youtube#commentThread,cJxwzyUaLB5gCKXZWBVChJPSGN8,Ugy95J03T-XxlshwNhR4AaABAg,"{'videoId': 'zEfTDpfyt1o', 'topLevelComment': {'kind': 'youtube#comment', 'etag': '6zSfzNfruaplcudal7A8Tx_NuMI', 'id': 'Ugy95J03T-XxlshwNhR4AaABAg', 'snippet': {'videoId': 'zEfTDpfyt1o', 'textDisplay': 'O stf esta minando a cabeça de todos, esta virando uma baderna sem limites.E eu acho que pode ser só  o inicio de tempos obscuros, que DEUS nos proteja.', 'textOriginal': 'O stf esta minando a cabeça de todos, esta virando uma baderna sem limites.E eu acho que pode ser só  o inicio de tempos obscuros, que DEUS nos proteja.', 'authorDisplayName': 'Gilvan Defaveri', 'authorProfileImageUrl': 'https://yt3.ggpht.com/ytc/AGIKgqNz4s-hPg3Zf5Va0yX4K-hF9S5IlP36UTLVFQ=s48-c-k-c0x00ffffff-no-rj', 'authorChannelUrl': 'http://www.youtube.com/channel/UC_oaF8iLcdhTBSCBWJ9GUIg', 'authorChannelId': {'value': 'UC_oaF8iLcdhTBSCBWJ9GUIg'}, 'canRate': True, 'viewerRating': 'none', 'likeCount': 0, 'publishedAt': '2022-10-23T23:35:31Z', 'updatedAt': '2022-10-23T23:35:31Z'}}, 'canReply': True, 'totalReplyCount': 0, 'isPublic': True}",,UC_oaF8iLcdhTBSCBWJ9GUIg,2022-10-23T23:35:31Z,"O stf esta minando a cabeça de todos, esta virando uma baderna sem limites.E eu acho que pode ser só  o inicio de tempos obscuros, que DEUS nos proteja.",QURTSl9pMFZackFLVkwyS1dSemNOU1Y3VHhaaTVzV1d3Y1FMYm9mZDBPN1NUa1hXZncyLXBjZmxJckdtTXdIZkpjX2RieVFnX2tNSFZucw==,2023-06-08 14:52:38.191822
youtube#commentThread,1ZjYKCxEWtDkc2UPtp27X-wAlc8,UgwP0bAkurUdsFYErWh4AaABAg,"{'videoId': 'zEfTDpfyt1o', 'topLevelComment': {'kind': 'youtube#comment', 'etag': 'mXwhgvXrQr--xE4HrtrwYuAvk4w', 'id': 'UgwP0bAkurUdsFYErWh4AaABAg', 'snippet': {'videoId': 'zEfTDpfyt1o', 'textDisplay': 'É triste o que está acontecendo no Brasil, mais ganha  doce quem adivinhar prá quem vai sobrar.', 'textOriginal': 'É triste o que está acontecendo no Brasil, mais ganha  doce quem adivinhar prá quem vai sobrar.', 'authorDisplayName': 'Maria Ap Brasil Ferreira', 'authorProfileImageUrl': 'https://yt3.ggpht.com/ytc/AGIKgqOY_aYdy1ilVd4wnrv6J2gdN3Ak3crVfVc6og=s48-c-k-c0x00ffffff-no-rj', 'authorChannelUrl': 'http://www.youtube.com/channel/UCvGtAWHs6Os2c3kLfgi1bTw', 'authorChannelId': {'value': 'UCvGtAWHs6Os2c3kLfgi1bTw'}, 'canRate': True, 'viewerRating': 'none', 'likeCount': 0, 'publishedAt': '2022-10-23T23:35:23Z', 'updatedAt': '2022-10-23T23:35:23Z'}}, 'canReply': True, 'totalReplyCount': 0, 'isPublic': True}",,UCvGtAWHs6Os2c3kLfgi1bTw,2022-10-23T23:35:23Z,"É triste o que está acontecendo no Brasil, mais ganha  doce quem adivinhar prá quem vai sobrar.",QURTSl9pMFZackFLVkwyS1dSemNOU1Y3VHhaaTVzV1d3Y1FMYm9mZDBPN1NUa1hXZncyLXBjZmxJckdtTXdIZkpjX2RieVFnX2tNSFZucw==,2023-06-08 14:52:38.191822
youtube#commentThread,TUejBWi8ZDP6M4f39Rcv6fAHJ_8,Ugz4Nmq4tLwC4au3LaR4AaABAg,"{'videoId': 'zEfTDpfyt1o', 'topLevelComment': {'kind': 'youtube#comment', 'etag': 'h13skma07MAIwknW4Tk5138iwFg', 'id': 'Ugz4Nmq4tLwC4au3LaR4AaABAg', 'snippet': {'videoId': 'zEfTDpfyt1o', 'textDisplay': 'Deus pátria família a vitória', 'textOriginal': 'Deus pátria família a vitória', 'authorDisplayName': 'Ricardo Ferraz da cunha', 'authorProfileImageUrl': 'https://yt3.ggpht.com/ytc/AGIKgqNo7mhk8JBVBNp1k84SF4umQEFXZb5r9_7tXnn1dnDQAMr962GFF9W1hqeuKUt0=s48-c-k-c0x00ffffff-no-rj', 'authorChannelUrl': 'http://www.youtube.com/channel/UCinqSsWi4_FItJtlMlBqlkg', 'authorChannelId': {'value': 'UCinqSsWi4_FItJtlMlBqlkg'}, 'canRate': True, 'viewerRating': 'none', 'likeCount': 0, 'publishedAt': '2022-10-23T23:35:20Z', 'updatedAt': '2022-10-23T23:35:20Z'}}, 'canReply': True, 'totalReplyCount': 0, 'isPublic': True}",,UCinqSsWi4_FItJtlMlBqlkg,2022-10-23T23:35:20Z,Deus pátria família a vitória,QURTSl9pMFZackFLVkwyS1dSemNOU1Y3VHhaaTVzV1d3Y1FMYm9mZDBPN1NUa1hXZncyLXBjZmxJckdtTXdIZkpjX2RieVFnX2tNSFZucw==,2023-06-08 14:52:38.191822
youtube#commentThread,8lgxVLyrPJJN0TwrKUNY8mUL-Lg,UgyRpnR0y-DuWkotkGV4AaABAg,"{'videoId': 'zEfTDpfyt1o', 'topLevelComment': {'kind': 'youtube#comment', 'etag': 'ksCwOkHiqIF1jh993noLehw2yOk', 'id': 'UgyRpnR0y-DuWkotkGV4AaABAg', 'snippet': {'videoId': 'zEfTDpfyt1o', 'textDisplay': 'repúdio agressão. o Brasil está invertido.', 'textOriginal': 'repúdio agressão. o Brasil está invertido.', 'authorDisplayName': 'alekson pereira da silva', 'authorProfileImageUrl': 'https://yt3.ggpht.com/ytc/AGIKgqNkV3Ia-oylfYcsFwxVff8ItquSmd5dXkh6WQ=s48-c-k-c0x00ffffff-no-rj', 'authorChannelUrl': 'http://www.youtube.com/channel/UCfJsz5AnVtF2GzAI_Q_N4bw', 'authorChannelId': {'value': 'UCfJsz5AnVtF2GzAI_Q_N4bw'}, 'canRate': True, 'viewerRating': 'none', 'likeCount': 0, 'publishedAt': '2022-10-23T23:35:00Z', 'updatedAt': '2022-10-23T23:35:00Z'}}, 'canReply': True, 'totalReplyCount': 0, 'isPublic': True}",,UCfJsz5AnVtF2GzAI_Q_N4bw,2022-10-23T23:35:00Z,repúdio agressão. o Brasil está invertido.,QURTSl9pMFZackFLVkwyS1dSemNOU1Y3VHhaaTVzV1d3Y1FMYm9mZDBPN1NUa1hXZncyLXBjZmxJckdtTXdIZkpjX2RieVFnX2tNSFZucw==,2023-06-08 14:52:38.191822
youtube#commentThread,nTxaVKIsIko7__L8VSYYl3tpu54,UgwSrFXIb0sur_hQuX54AaABAg,"{'videoId': 'zEfTDpfyt1o', 'topLevelComment': {'kind': 'youtube#comment', 'etag': 'v6Ixy1oVDlf-3JljxtsjBIQZPdw', 'id': 'UgwSrFXIb0sur_hQuX54AaABAg', 'snippet': {'videoId': 'zEfTDpfyt1o', 'textDisplay': 'Ajudem o Jeferson coitado!', 'textOriginal': 'Ajudem o Jeferson coitado!', 'authorDisplayName': 'Adriana Helena Kopittke', 'authorProfileImageUrl': 'https://yt3.ggpht.com/ytc/AGIKgqPoVIMxzEqXt6A61gNimZaG0bHx4KzW3NxgJrxtAA=s48-c-k-c0x00ffffff-no-rj', 'authorChannelUrl': 'http://www.youtube.com/channel/UCkRZQc1g6TLOm33aFEmzujA', 'authorChannelId': {'value': 'UCkRZQc1g6TLOm33aFEmzujA'}, 'canRate': True, 'viewerRating': 'none', 'likeCount': 0, 'publishedAt': '2022-10-23T23:34:51Z', 'updatedAt': '2022-10-23T23:34:51Z'}}, 'canReply': True, 'totalReplyCount': 0, 'isPublic': True}",,UCkRZQc1g6TLOm33aFEmzujA,2022-10-23T23:34:51Z,Ajudem o Jeferson coitado!,QURTSl9pMFZackFLVkwyS1dSemNOU1Y3VHhaaTVzV1d3Y1FMYm9mZDBPN1NUa1hXZncyLXBjZmxJckdtTXdIZkpjX2RieVFnX2tNSFZucw==,2023-06-08 14:52:38.191822
youtube#commentThread,1NSkAILnjm8PUiLva03O6IDRz7s,UgzhT2XVej-SGGKv8TB4AaABAg,"{'videoId': 'zEfTDpfyt1o', 'topLevelComment': {'kind': 'youtube#comment', 'etag': 'VvgUXud6MoNjTWUY0pJeGUSquyo', 'id': 'UgzhT2XVej-SGGKv8TB4AaABAg', 'snippet': {'videoId': 'zEfTDpfyt1o', 'textDisplay': 'Essa situação foi criada pelo congresso que se omitiu de suas funções desde a primeira atitude dos togados que estão destruindo nossa paz', 'textOriginal': 'Essa situação foi criada pelo congresso que se omitiu de suas funções desde a primeira atitude dos togados que estão destruindo nossa paz', 'authorDisplayName': 'Heloisa de Lima', 'authorProfileImageUrl': 'https://yt3.ggpht.com/ytc/AGIKgqPHV_p2OQ0CdcAHsFeOg85TZaHYj-B9Lfoqnw=s48-c-k-c0x00ffffff-no-rj', 'authorChannelUrl': 'http://www.youtube.com/channel/UCtFSs02-XLfwn3zaeGMfFNA', 'authorChannelId': {'value': 'UCtFSs02-XLfwn3zaeGMfFNA'}, 'canRate': True, 'viewerRating': 'none', 'likeCount': 0, 'publishedAt': '2022-10-23T23:34:12Z', 'updatedAt': '2022-10-23T23:34:12Z'}}, 'canReply': True, 'totalReplyCount': 0, 'isPublic': True}",,UCtFSs02-XLfwn3zaeGMfFNA,2022-10-23T23:34:12Z,Essa situação foi criada pelo congresso que se omitiu de suas funções desde a primeira atitude dos togados que estão destruindo nossa paz,QURTSl9pMFZackFLVkwyS1dSemNOU1Y3VHhaaTVzV1d3Y1FMYm9mZDBPN1NUa1hXZncyLXBjZmxJckdtTXdIZkpjX2RieVFnX2tNSFZucw==,2023-06-08 14:52:38.191822
youtube#commentThread,jyrwc5pr8IhwcKHv8_fSRTRqZRI,UgxKROxALZsA5W6QKXR4AaABAg,"{'videoId': 'zEfTDpfyt1o', 'topLevelComment': {'kind': 'youtube#comment', 'etag': 'Cl-c1_PJIbjYj1EzDAZwqo03UzE', 'id': 'UgxKROxALZsA5W6QKXR4AaABAg', 'snippet': {'videoId': 'zEfTDpfyt1o', 'textDisplay': 'Sou contra agressao', 'textOriginal': 'Sou contra agressao', 'authorDisplayName': 'Jose', 'authorProfileImageUrl': 'https://yt3.ggpht.com/ytc/AGIKgqMuy-xusEWJWWGzLOibwk7m-CC8CRhLVECgO0ydoQ=s48-c-k-c0x00ffffff-no-rj', 'authorChannelUrl': 'http://www.youtube.com/channel/UCNQJ1p5Y8gf4V49mSy4BGrw', 'authorChannelId': {'value': 'UCNQJ1p5Y8gf4V49mSy4BGrw'}, 'canRate': True, 'viewerRating': 'none', 'likeCount': 0, 'publishedAt': '2022-10-23T23:33:33Z', 'updatedAt': '2022-10-23T23:33:33Z'}}, 'canReply': True, 'totalReplyCount': 0, 'isPublic': True}",,UCNQJ1p5Y8gf4V49mSy4BGrw,2022-10-23T23:33:33Z,Sou contra agressao,QURTSl9pMFZackFLVkwyS1dSemNOU1Y3VHhaaTVzV1d3Y1FMYm9mZDBPN1NUa1hXZncyLXBjZmxJckdtTXdIZkpjX2RieVFnX2tNSFZucw==,2023-06-08 14:52:38.191822
youtube#commentThread,CirjqJ-qYc4xLADINX7fsGgM9Us,UgwTjsxDqV1HefRzeOB4AaABAg,"{'videoId': 'zEfTDpfyt1o', 'topLevelComment': {'kind': 'youtube#comment', 'etag': 'LB1k_Vmda3gumzkpDhsMoeiLGIk', 'id': 'UgwTjsxDqV1HefRzeOB4AaABAg', 'snippet': {'videoId': 'zEfTDpfyt1o', 'textDisplay': 'Apoiadores do Bozo né 😂😂😂', 'textOriginal': 'Apoiadores do Bozo né 😂😂😂', 'authorDisplayName': 'Diego Cardoso', 'authorProfileImageUrl': 'https://yt3.ggpht.com/p3Oe4bPGSAYaFKTAD_u7HY2IJ4dbtzAtptw18o_y2dPHVUIThDM0B7uNkKYo8tSU_KK5Cc_5=s48-c-k-c0x00ffffff-no-rj', 'authorChannelUrl': 'http://www.youtube.com/channel/UCwMAiesyWKjGhIYgAdjo-fQ', 'authorChannelId': {'value': 'UCwMAiesyWKjGhIYgAdjo-fQ'}, 'canRate': True, 'viewerRating': 'none', 'likeCount': 0, 'publishedAt': '2022-10-23T23:33:33Z', 'updatedAt': '2022-10-23T23:33:33Z'}}, 'canReply': True, 'totalReplyCount': 0, 'isPublic': True}",,UCwMAiesyWKjGhIYgAdjo-fQ,2022-10-23T23:33:33Z,Apoiadores do Bozo né 😂😂😂,QURTSl9pMFZackFLVkwyS1dSemNOU1Y3VHhaaTVzV1d3Y1FMYm9mZDBPN1NUa1hXZncyLXBjZmxJckdtTXdIZkpjX2RieVFnX2tNSFZucw==,2023-06-08 14:52:38.191822
youtube#commentThread,4e4KZuBUw0GrhMAqOgW1W3HLbv8,UgxaUAfsPFc1pWdS1IZ4AaABAg,"{'videoId': 'zEfTDpfyt1o', 'topLevelComment': {'kind': 'youtube#comment', 'etag': 'ypCVUUe-f0zvGsjHRk0vxFUtqic', 'id': 'UgxaUAfsPFc1pWdS1IZ4AaABAg', 'snippet': {'videoId': 'zEfTDpfyt1o', 'textDisplay': 'Imagine se o PT assumir....vocês vão ver muito sangue', 'textOriginal': 'Imagine se o PT assumir....vocês vão ver muito sangue', 'authorDisplayName': 'Denise Santos', 'authorProfileImageUrl': 'https://yt3.ggpht.com/ytc/AGIKgqOefDNQJx_SxJcYP82E16w8hQqVmctdf7gTWg=s48-c-k-c0x00ffffff-no-rj', 'authorChannelUrl': 'http://www.youtube.com/channel/UC08pzIfwbxO1JJsdutd0x1w', 'authorChannelId': {'value': 'UC08pzIfwbxO1JJsdutd0x1w'}, 'canRate': True, 'viewerRating': 'none', 'likeCount': 0, 'publishedAt': '2022-10-23T23:32:36Z', 'updatedAt': '2022-10-23T23:32:36Z'}}, 'canReply': True, 'totalReplyCount': 0, 'isPublic': True}",,UC08pzIfwbxO1JJsdutd0x1w,2022-10-23T23:32:36Z,Imagine se o PT assumir....vocês vão ver muito sangue,QURTSl9pMFZackFLVkwyS1dSemNOU1Y3VHhaaTVzV1d3Y1FMYm9mZDBPN1NUa1hXZncyLXBjZmxJckdtTXdIZkpjX2RieVFnX2tNSFZucw==,2023-06-08 14:52:38.191822
youtube#commentThread,WkQofDqWzpEBMFK-Q5c5NlsyWh0,UgxylxTQda_M3vDU6Q94AaABAg,"{'videoId': 'zEfTDpfyt1o', 'topLevelComment': {'kind': 'youtube#comment', 'etag': 'dRnT1SRWDQYZg3KtIk2-lyk3XZg', 'id': 'UgxylxTQda_M3vDU6Q94AaABAg', 'snippet': {'videoId': 'zEfTDpfyt1o', 'textDisplay': 'Exército brasileiro chegou a sua hora vos és chamado a tomar protagonismo em defesa da livre processo eleitoral', 'textOriginal': 'Exército brasileiro chegou a sua hora vos és chamado a tomar protagonismo em defesa da livre processo eleitoral', 'authorDisplayName': 'Ricardo Ferraz da cunha', 'authorProfileImageUrl': 'https://yt3.ggpht.com/ytc/AGIKgqNo7mhk8JBVBNp1k84SF4umQEFXZb5r9_7tXnn1dnDQAMr962GFF9W1hqeuKUt0=s48-c-k-c0x00ffffff-no-rj', 'authorChannelUrl': 'http://www.youtube.com/channel/UCinqSsWi4_FItJtlMlBqlkg', 'authorChannelId': {'value': 'UCinqSsWi4_FItJtlMlBqlkg'}, 'canRate': True, 'viewerRating': 'none', 'likeCount': 0, 'publishedAt': '2022-10-23T23:32:29Z', 'updatedAt': '2022-10-23T23:32:29Z'}}, 'canReply': True, 'totalReplyCount': 0, 'isPublic': True}",,UCinqSsWi4_FItJtlMlBqlkg,2022-10-23T23:32:29Z,Exército brasileiro chegou a sua hora vos és chamado a tomar protagonismo em defesa da livre processo eleitoral,QURTSl9pMFZackFLVkwyS1dSemNOU1Y3VHhaaTVzV1d3Y1FMYm9mZDBPN1NUa1hXZncyLXBjZmxJckdtTXdIZkpjX2RieVFnX2tNSFZucw==,2023-06-08 14:52:38.191822
youtube#commentThread,PrwDJZ593_D3sQnQcbm9j2lAYYc,Ugy_1wyWcMakbR-1_jl4AaABAg,"{'videoId': 'zEfTDpfyt1o', 'topLevelComment': {'kind': 'youtube#comment', 'etag': '1Ljjdbzzh6Z3-7DQD-othBFqC8E', 'id': 'Ugy_1wyWcMakbR-1_jl4AaABAg', 'snippet': {'videoId': 'zEfTDpfyt1o', 'textDisplay': 'É isso', 'textOriginal': 'É isso', 'authorDisplayName': 'José Nunes Filho Nunes', 'authorProfileImageUrl': 'https://yt3.ggpht.com/ytc/AGIKgqPTitZ6MAKJtbAWFh8AJidb8yjr0KBX68ltoA=s48-c-k-c0x00ffffff-no-rj', 'authorChannelUrl': 'http://www.youtube.com/channel/UC_ytJNR-QN4YoeVSbNWGudQ', 'authorChannelId': {'value': 'UC_ytJNR-QN4YoeVSbNWGudQ'}, 'canRate': True, 'viewerRating': 'none', 'likeCount': 0, 'publishedAt': '2022-10-23T23:32:27Z', 'updatedAt': '2022-10-23T23:32:27Z'}}, 'canReply': True, 'totalReplyCount': 0, 'isPublic': True}",,UC_ytJNR-QN4YoeVSbNWGudQ,2022-10-23T23:32:27Z,É isso,QURTSl9pMFZackFLVkwyS1dSemNOU1Y3VHhaaTVzV1d3Y1FMYm9mZDBPN1NUa1hXZncyLXBjZmxJckdtTXdIZkpjX2RieVFnX2tNSFZucw==,2023-06-08 14:52:38.191822
youtube#commentThread,xs3ntO92L0slcsiDsDjCuF9V7J8,UgzboAR6bbyN4CzLA_F4AaABAg,"{'videoId': 'zEfTDpfyt1o', 'topLevelComment': {'kind': 'youtube#comment', 'etag': 'Q_C867WrsYwzmqGoXiEdf0dp9l4', 'id': 'UgzboAR6bbyN4CzLA_F4AaABAg', 'snippet': {'videoId': 'zEfTDpfyt1o', 'textDisplay': 'Gente, será que isso não foi combinado? Nunca se sabe. Vamos procurar saber a indentidade de quem agrediu  esse profissional, vamos saber quem é ele e saber o pq? Achei meio teatral, principalmente quando o agredido cai. Será que eles não combinaram?  A essa altura tudo é possível. Desse PT, partido do demônio tudo é possível. A verdade vai aparecer. <br>Devemos ter muito cuidado e ficar atentos.', 'textOriginal': 'Gente, será que isso não foi combinado? Nunca se sabe. Vamos procurar saber a indentidade de quem agrediu  esse profissional, vamos saber quem é ele e saber o pq? Achei meio teatral, principalmente quando o agredido cai. Será que eles não combinaram?  A essa altura tudo é possível. Desse PT, partido do demônio tudo é possível. A verdade vai aparecer. \\nDevemos ter muito cuidado e ficar atentos.', 'authorDisplayName': 'Marilene Narciso', 'authorProfileImageUrl': 'https://yt3.ggpht.com/ytc/AGIKgqNnfoJS3jbaplkSyXt4LZyTjELjFC6-SR9YRg=s48-c-k-c0x00ffffff-no-rj', 'authorChannelUrl': 'http://www.youtube.com/channel/UC36T9lcznj9SpbR_504bmMw', 'authorChannelId': {'value': 'UC36T9lcznj9SpbR_504bmMw'}, 'canRate': True, 'viewerRating': 'none', 'likeCount': 0, 'publishedAt': '2022-10-23T23:32:23Z', 'updatedAt': '2022-10-23T23:33:27Z'}}, 'canReply': True, 'totalReplyCount': 0, 'isPublic': True}",,UC36T9lcznj9SpbR_504bmMw,2022-10-23T23:32:23Z,"Gente, será que isso não foi combinado? Nunca se sabe. Vamos procurar saber a indentidade de quem agrediu  esse profissional, vamos saber quem é ele e saber o pq? Achei meio teatral, principalmente quando o agredido cai. Será que eles não combinaram?  A essa altura tudo é possível. Desse PT, partido do demônio tudo é possível. A verdade vai aparecer. 
Devemos ter muito cuidado e ficar atentos.",QURTSl9pMFZackFLVkwyS1dSemNOU1Y3VHhaaTVzV1d3Y1FMYm9mZDBPN1NUa1hXZncyLXBjZmxJckdtTXdIZkpjX2RieVFnX2tNSFZucw==,2023-06-08 14:52:38.191822
youtube#commentThread,-u7F1IqOLptiTy1AmyAKhJh4Oj0,UgyE9_rlWhjtSZqa-1Z4AaABAg,"{'videoId': 'zEfTDpfyt1o', 'topLevelComment': {'kind': 'youtube#comment', 'etag': 'BlRI4riV343imhsqe2gtp-zVj6U', 'id': 'UgyE9_rlWhjtSZqa-1Z4AaABAg', 'snippet': {'videoId': 'zEfTDpfyt1o', 'textDisplay': 'EMPURROU O CINEGRAFISTA', 'textOriginal': 'EMPURROU O CINEGRAFISTA', 'authorDisplayName': 'Luis Antonio Dias Vaz', 'authorProfileImageUrl': 'https://yt3.ggpht.com/ytc/AGIKgqOuCH3J0XBCN_q1UC6tiF-BOF0WbVGFwYY09Ug2fK8=s48-c-k-c0x00ffffff-no-rj', 'authorChannelUrl': 'http://www.youtube.com/channel/UC1YS26u4WVkxAveKaehdmpw', 'authorChannelId': {'value': 'UC1YS26u4WVkxAveKaehdmpw'}, 'canRate': True, 'viewerRating': 'none', 'likeCount': 0, 'publishedAt': '2022-10-23T23:32:11Z', 'updatedAt': '2022-10-23T23:32:11Z'}}, 'canReply': True, 'totalReplyCount': 0, 'isPublic': True}",,UC1YS26u4WVkxAveKaehdmpw,2022-10-23T23:32:11Z,EMPURROU O CINEGRAFISTA,QURTSl9pMFZackFLVkwyS1dSemNOU1Y3VHhaaTVzV1d3Y1FMYm9mZDBPN1NUa1hXZncyLXBjZmxJckdtTXdIZkpjX2RieVFnX2tNSFZucw==,2023-06-08 14:52:38.191822
youtube#commentThread,1JWHijDDqzX4BmtzK2EXOGoK56Q,UgyWzk2kfAW2j3_JNl54AaABAg,"{'videoId': 'zEfTDpfyt1o', 'topLevelComment': {'kind': 'youtube#comment', 'etag': 'gyegANAwPGy5dPumYSz31TrlsqE', 'id': 'UgyWzk2kfAW2j3_JNl54AaABAg', 'snippet': {'videoId': 'zEfTDpfyt1o', 'textDisplay': 'Age, irresponsavelmente, o jornalismo da JP, quando diz, que: &quot;cinegrafista é agredido por APOIADORES de Roberto Jefferson&quot;.<br>Primeiro, por se tratar de um único agressor, não agressores.<br>Segundo, porquê não há até o momento, nenhum indício, de que se trata de &quot;apoiador&quot;, de Roberto. <br>É fato público e notório, que a postura adotada pela emissora do cinegrafista agredido,, vem causando esse tipo de atitude, que parte de indivíduos de variados matizes políticos e ideológicos.<br>Melhor para JP, seria prestar atenção à esta questão, para não fugir da &quot;neutralidade&quot; e cair na mesma esparrela. Fica a dica.', 'textOriginal': 'Age, irresponsavelmente, o jornalismo da JP, quando diz, que: ""cinegrafista é agredido por APOIADORES de Roberto Jefferson"".\\nPrimeiro, por se tratar de um único agressor, não agressores.\\nSegundo, porquê não há até o momento, nenhum indício, de que se trata de ""apoiador"", de Roberto. \\nÉ fato público e notório, que a postura adotada pela emissora do cinegrafista agredido,, vem causando esse tipo de atitude, que parte de indivíduos de variados matizes políticos e ideológicos.\\nMelhor para JP, seria prestar atenção à esta questão, para não fugir da ""neutralidade"" e cair na mesma esparrela. Fica a dica.', 'authorDisplayName': 'andre manzoni', 'authorProfileImageUrl': 'https://yt3.ggpht.com/ytc/AGIKgqPMovnswLtQt9SaiMypku_CWq0Qk8T7UgQgLBCcWkADBY6hjRTcpvtYJIM023uP=s48-c-k-c0x00ffffff-no-rj', 'authorChannelUrl': 'http://www.youtube.com/channel/UCjMG8ib3xpy0izRNLWkMv1A', 'authorChannelId': {'value': 'UCjMG8ib3xpy0izRNLWkMv1A'}, 'canRate': True, 'viewerRating': 'none', 'likeCount': 0, 'publishedAt': '2022-10-23T23:32:10Z', 'updatedAt': '2022-10-23T23:32:10Z'}}, 'canReply': True, 'totalReplyCount': 0, 'isPublic': True}",,UCjMG8ib3xpy0izRNLWkMv1A,2022-10-23T23:32:10Z,"Age, irresponsavelmente, o jornalismo da JP, quando diz, que: ""cinegrafista é agredido por APOIADORES de Roberto Jefferson"".
Primeiro, por se tratar de um único agressor, não agressores.
Segundo, porquê não há até o momento, nenhum indício, de que se trata de ""apoiador"", de Roberto. 
É fato público e notório, que a postura adotada pela emissora do cinegrafista agredido,, vem causando esse tipo de atitude, que parte de indivíduos de variados matizes políticos e ideológicos.
Melhor para JP, seria prestar atenção à esta questão, para não fugir da ""neutralidade"" e cair na mesma esparrela. Fica a dica.",QURTSl9pMFZackFLVkwyS1dSemNOU1Y3VHhaaTVzV1d3Y1FMYm9mZDBPN1NUa1hXZncyLXBjZmxJckdtTXdIZkpjX2RieVFnX2tNSFZucw==,2023-06-08 14:52:38.191822
youtube#commentThread,A0bzUxUmK2ERx5hESxziIzCcF3s,Ugy9XSILKCAbPbWDSf14AaABAg,"{'videoId': 'zEfTDpfyt1o', 'topLevelComment': {'kind': 'youtube#comment', 'etag': 'XaR93B5nVX5hAWBxOlYTLzUQths', 'id': 'Ugy9XSILKCAbPbWDSf14AaABAg', 'snippet': {'videoId': 'zEfTDpfyt1o', 'textDisplay': 'Nossa eu lamento mas o Roberto Jeferson está sendo perseguido pelo esse todo poderoso que manda no Brasil ele está doente qual é a ameaça que ele traz para o Brasil só porque apoia o presidente acorda povo brasileiro imaginem que amanhã pode ser um de nós muito triste que Deus cubra com sua Luz nosso país', 'textOriginal': 'Nossa eu lamento mas o Roberto Jeferson está sendo perseguido pelo esse todo poderoso que manda no Brasil ele está doente qual é a ameaça que ele traz para o Brasil só porque apoia o presidente acorda povo brasileiro imaginem que amanhã pode ser um de nós muito triste que Deus cubra com sua Luz nosso país', 'authorDisplayName': 'Maria Janaina', 'authorProfileImageUrl': 'https://yt3.ggpht.com/ytc/AGIKgqPbheqiYTjJK82HMQMR_6j8q6ESfJP4154JS2hllkYbvpezkGAT6DkkOSP5LsFE=s48-c-k-c0x00ffffff-no-rj', 'authorChannelUrl': 'http://www.youtube.com/channel/UC_T9Wk8xGgEUgiWCCQdtbKw', 'authorChannelId': {'value': 'UC_T9Wk8xGgEUgiWCCQdtbKw'}, 'canRate': True, 'viewerRating': 'none', 'likeCount': 0, 'publishedAt': '2022-10-23T23:31:37Z', 'updatedAt': '2022-10-23T23:31:37Z'}}, 'canReply': True, 'totalReplyCount': 0, 'isPublic': True}",,UC_T9Wk8xGgEUgiWCCQdtbKw,2022-10-23T23:31:37Z,Nossa eu lamento mas o Roberto Jeferson está sendo perseguido pelo esse todo poderoso que manda no Brasil ele está doente qual é a ameaça que ele traz para o Brasil só porque apoia o presidente acorda povo brasileiro imaginem que amanhã pode ser um de nós muito triste que Deus cubra com sua Luz nosso país,QURTSl9pMFZackFLVkwyS1dSemNOU1Y3VHhaaTVzV1d3Y1FMYm9mZDBPN1NUa1hXZncyLXBjZmxJckdtTXdIZkpjX2RieVFnX2tNSFZucw==,2023-06-08 14:52:38.191822
youtube#commentThread,S2h8X_bASDho5ujSZMhiXW1o68c,UgzlbfgL4WARUFzTmh14AaABAg,"{'videoId': 'zEfTDpfyt1o', 'topLevelComment': {'kind': 'youtube#comment', 'etag': '9a5lErCmFOnvLCDbI-SPITiPwjc', 'id': 'UgzlbfgL4WARUFzTmh14AaABAg', 'snippet': {'videoId': 'zEfTDpfyt1o', 'textDisplay': 'Se é da Grobolixo, tá ok ele foi lá para lacrar, daqui a pouco a Grobolixo vai dizer que a culpa é do Bolsonaro, quer apostar?', 'textOriginal': 'Se é da Grobolixo, tá ok ele foi lá para lacrar, daqui a pouco a Grobolixo vai dizer que a culpa é do Bolsonaro, quer apostar?', 'authorDisplayName': 'J Pedro', 'authorProfileImageUrl': 'https://yt3.ggpht.com/ytc/AGIKgqNmWaZJURwSZJPs6RmqRWjDYKnJDdg5TNvAVGjyYak=s48-c-k-c0x00ffffff-no-rj', 'authorChannelUrl': 'http://www.youtube.com/channel/UCgWLT9b-XUIE9obcBBAu3wA', 'authorChannelId': {'value': 'UCgWLT9b-XUIE9obcBBAu3wA'}, 'canRate': True, 'viewerRating': 'none', 'likeCount': 0, 'publishedAt': '2022-10-23T23:31:34Z', 'updatedAt': '2022-10-23T23:31:34Z'}}, 'canReply': True, 'totalReplyCount': 0, 'isPublic': True}",,UCgWLT9b-XUIE9obcBBAu3wA,2022-10-23T23:31:34Z,"Se é da Grobolixo, tá ok ele foi lá para lacrar, daqui a pouco a Grobolixo vai dizer que a culpa é do Bolsonaro, quer apostar?",QURTSl9pMFZackFLVkwyS1dSemNOU1Y3VHhaaTVzV1d3Y1FMYm9mZDBPN1NUa1hXZncyLXBjZmxJckdtTXdIZkpjX2RieVFnX2tNSFZucw==,2023-06-08 14:52:38.191822
youtube#commentThread,e6_xV2Gq-ltVr4wHYIhagyeXwcU,UgwmUEcmFcg1RGA2-yV4AaABAg,"{'videoId': 'zEfTDpfyt1o', 'topLevelComment': {'kind': 'youtube#comment', 'etag': 'fYkjGzwWDlYm9IOQovliRBTtmow', 'id': 'UgwmUEcmFcg1RGA2-yV4AaABAg', 'snippet': {'videoId': 'zEfTDpfyt1o', 'textDisplay': 'Se o nosso país tivesse justiça, corrupto estaria na cadeia e esse agressor também e não a censura', 'textOriginal': 'Se o nosso país tivesse justiça, corrupto estaria na cadeia e esse agressor também e não a censura', 'authorDisplayName': 'odair assis', 'authorProfileImageUrl': 'https://yt3.ggpht.com/ytc/AGIKgqP7GE_0yXsv7ly8QSnDVjedaFosGqodu2Nt0kmMmWetJUSy-QuAnhpCfNRBcx_a=s48-c-k-c0x00ffffff-no-rj', 'authorChannelUrl': 'http://www.youtube.com/channel/UCrW7qRK5G4iRJtH_zs76e9w', 'authorChannelId': {'value': 'UCrW7qRK5G4iRJtH_zs76e9w'}, 'canRate': True, 'viewerRating': 'none', 'likeCount': 0, 'publishedAt': '2022-10-23T23:31:14Z', 'updatedAt': '2022-10-23T23:31:14Z'}}, 'canReply': True, 'totalReplyCount': 0, 'isPublic': True}",,UCrW7qRK5G4iRJtH_zs76e9w,2022-10-23T23:31:14Z,"Se o nosso país tivesse justiça, corrupto estaria na cadeia e esse agressor também e não a censura",QURTSl9pMFZackFLVkwyS1dSemNOU1Y3VHhaaTVzV1d3Y1FMYm9mZDBPN1NUa1hXZncyLXBjZmxJckdtTXdIZkpjX2RieVFnX2tNSFZucw==,2023-06-08 14:52:38.191822
youtube#commentThread,ox6Fnjl2aQkz81p5uUvh9CR1m8w,Ugyr07j9JC-v66xn5I94AaABAg,"{'videoId': 'zEfTDpfyt1o', 'topLevelComment': {'kind': 'youtube#comment', 'etag': '46Hcu8B6KsPT8NEBlTuLRmrZgFQ', 'id': 'Ugyr07j9JC-v66xn5I94AaABAg', 'snippet': {'videoId': 'zEfTDpfyt1o', 'textDisplay': 'Isso é lamentável, nós conservadores, patriotas, cristãos, não comungamos de covardia!', 'textOriginal': 'Isso é lamentável, nós conservadores, patriotas, cristãos, não comungamos de covardia!', 'authorDisplayName': 'Auriane Da Silva Varjão', 'authorProfileImageUrl': 'https://yt3.ggpht.com/ytc/AGIKgqPFp1_OfMqgoWkvZ-77JfA5GhuKN4mn0dWvkNEuxg=s48-c-k-c0x00ffffff-no-rj', 'authorChannelUrl': 'http://www.youtube.com/channel/UCsDR8mPMlMIsx4khotX0xZg', 'authorChannelId': {'value': 'UCsDR8mPMlMIsx4khotX0xZg'}, 'canRate': True, 'viewerRating': 'none', 'likeCount': 2, 'publishedAt': '2022-10-23T23:31:10Z', 'updatedAt': '2022-10-23T23:31:10Z'}}, 'canReply': True, 'totalReplyCount': 0, 'isPublic': True}",,UCsDR8mPMlMIsx4khotX0xZg,2022-10-23T23:31:10Z,"Isso é lamentável, nós conservadores, patriotas, cristãos, não comungamos de covardia!",QURTSl9pMFZackFLVkwyS1dSemNOU1Y3VHhaaTVzV1d3Y1FMYm9mZDBPN1NUa1hXZncyLXBjZmxJckdtTXdIZkpjX2RieVFnX2tNSFZucw==,2023-06-08 14:52:38.191822
youtube#commentThread,2ETmVXkCmcFE90EWXk8_NKCOlJk,UgyXq5HyuHt5FMbh1tx4AaABAg,"{'videoId': 'zEfTDpfyt1o', 'topLevelComment': {'kind': 'youtube#comment', 'etag': '6qTCwmYpxgqqjSSDvHs7Aeq9etQ', 'id': 'UgyXq5HyuHt5FMbh1tx4AaABAg', 'snippet': {'videoId': 'zEfTDpfyt1o', 'textDisplay': 'TIREM O &quot;S&quot; !!!! Conforme o PIOTO falou inúmeras vezes, foi 1 HOMEM, DE BLUSA VERDE, GORDO, quem agrediu o cinegrafista.', 'textOriginal': 'TIREM O ""S"" !!!! Conforme o PIOTO falou inúmeras vezes, foi 1 HOMEM, DE BLUSA VERDE, GORDO, quem agrediu o cinegrafista.', 'authorDisplayName': 'Adriane W', 'authorProfileImageUrl': 'https://yt3.ggpht.com/EJo-IwEZvgl1VtiH07xX6iI_gG_lketfffNh389fROf91Vew1pmvLeqXwb9wR-UCYGh75X4WKg=s48-c-k-c0x00ffffff-no-rj', 'authorChannelUrl': 'http://www.youtube.com/channel/UCY4vstA4qY_3byfKk3Q2fTA', 'authorChannelId': {'value': 'UCY4vstA4qY_3byfKk3Q2fTA'}, 'canRate': True, 'viewerRating': 'none', 'likeCount': 0, 'publishedAt': '2022-10-23T23:31:05Z', 'updatedAt': '2022-10-23T23:31:05Z'}}, 'canReply': True, 'totalReplyCount': 0, 'isPublic': True}",,UCY4vstA4qY_3byfKk3Q2fTA,2022-10-23T23:31:05Z,"TIREM O ""S"" !!!! Conforme o PIOTO falou inúmeras vezes, foi 1 HOMEM, DE BLUSA VERDE, GORDO, quem agrediu o cinegrafista.",QURTSl9pMFZackFLVkwyS1dSemNOU1Y3VHhaaTVzV1d3Y1FMYm9mZDBPN1NUa1hXZncyLXBjZmxJckdtTXdIZkpjX2RieVFnX2tNSFZucw==,2023-06-08 14:52:38.191822
youtube#commentThread,3HYQUmKllaZ9kw0Teh-vy6teBsI,UgyYqcO88BM9AOzPvXJ4AaABAg,"{'videoId': 'zEfTDpfyt1o', 'topLevelComment': {'kind': 'youtube#comment', 'etag': 'XWd8_f_bjeCLHWar2ixQtZW5_Qg', 'id': 'UgyYqcO88BM9AOzPvXJ4AaABAg', 'snippet': {'videoId': 'zEfTDpfyt1o', 'textDisplay': 'Não não Patriotas estavam, todos de carros impossível haver agressão se rapaz tem cirurgia na cabeça não era está trabalhando  num momento de da apoio Jefferson  Emprensa se desse notícias real mais distorce tudo ..', 'textOriginal': 'Não não Patriotas estavam, todos de carros impossível haver agressão se rapaz tem cirurgia na cabeça não era está trabalhando  num momento de da apoio Jefferson  Emprensa se desse notícias real mais distorce tudo ..', 'authorDisplayName': 'Francisca Adriano', 'authorProfileImageUrl': 'https://yt3.ggpht.com/KT7feQkSdFaDzmE1Za1xngEQ6D83XrmaxRm_zHABQMZUMOabkli74H37JS5OFRKsEVb1HzxNoj8=s48-c-k-c0x00ffffff-no-rj', 'authorChannelUrl': 'http://www.youtube.com/channel/UCAXafAX49azi82pxJk0PVNA', 'authorChannelId': {'value': 'UCAXafAX49azi82pxJk0PVNA'}, 'canRate': True, 'viewerRating': 'none', 'likeCount': 0, 'publishedAt': '2022-10-23T23:31:00Z', 'updatedAt': '2022-10-23T23:31:00Z'}}, 'canReply': True, 'totalReplyCount': 0, 'isPublic': True}",,UCAXafAX49azi82pxJk0PVNA,2022-10-23T23:31:00Z,"Não não Patriotas estavam, todos de carros impossível haver agressão se rapaz tem cirurgia na cabeça não era está trabalhando  num momento de da apoio Jefferson  Emprensa se desse notícias real mais distorce tudo ..",QURTSl9pMFZackFLVkwyS1dSemNOU1Y3VHhaaTVzV1d3Y1FMYm9mZDBPN1NUa1hXZncyLXBjZmxJckdtTXdIZkpjX2RieVFnX2tNSFZucw==,2023-06-08 14:52:38.191822
youtube#commentThread,vNm6-XMMcQ9Rd_IkDEyKKYai-Rk,UgzbnttmJvqxZd39HuR4AaABAg,"{'videoId': 'zEfTDpfyt1o', 'topLevelComment': {'kind': 'youtube#comment', 'etag': '4mnor-LNad6jLjBKns4joc4LUEk', 'id': 'UgzbnttmJvqxZd39HuR4AaABAg', 'snippet': {'videoId': 'zEfTDpfyt1o', 'textDisplay': 'Isso   não  é  respeito  ao próximo..  Misericórdia.', 'textOriginal': 'Isso   não  é  respeito  ao próximo..  Misericórdia.', 'authorDisplayName': 'Celma Freitas', 'authorProfileImageUrl': 'https://yt3.ggpht.com/ytc/AGIKgqNrMYOe1iv2MYUK9COtxHfvafAX2KJqzzA6KnsFRA=s48-c-k-c0x00ffffff-no-rj', 'authorChannelUrl': 'http://www.youtube.com/channel/UCpxiiVf53Jtc2MzNIMaRUTQ', 'authorChannelId': {'value': 'UCpxiiVf53Jtc2MzNIMaRUTQ'}, 'canRate': True, 'viewerRating': 'none', 'likeCount': 0, 'publishedAt': '2022-10-23T23:30:40Z', 'updatedAt': '2022-10-23T23:30:40Z'}}, 'canReply': True, 'totalReplyCount': 0, 'isPublic': True}",,UCpxiiVf53Jtc2MzNIMaRUTQ,2022-10-23T23:30:40Z,Isso   não  é  respeito  ao próximo..  Misericórdia.,QURTSl9pMFZackFLVkwyS1dSemNOU1Y3VHhaaTVzV1d3Y1FMYm9mZDBPN1NUa1hXZncyLXBjZmxJckdtTXdIZkpjX2RieVFnX2tNSFZucw==,2023-06-08 14:52:38.191822
youtube#commentThread,UrbHIQWJWqsfYaa8Zy780Jm1qZA,UgxUGnQ5jL5goyKavLt4AaABAg,"{'videoId': 'zEfTDpfyt1o', 'topLevelComment': {'kind': 'youtube#comment', 'etag': 'cJ9yj_pHX7xre5JxAxFMADSVSro', 'id': 'UgxUGnQ5jL5goyKavLt4AaABAg', 'snippet': {'videoId': 'zEfTDpfyt1o', 'textDisplay': 'Sábias palavras isso é um verdadeiro absurdo o q estamos vendo ultimamente, Deus tenha misericórdia do nosso Brasil', 'textOriginal': 'Sábias palavras isso é um verdadeiro absurdo o q estamos vendo ultimamente, Deus tenha misericórdia do nosso Brasil', 'authorDisplayName': 'NADIA SILVA', 'authorProfileImageUrl': 'https://yt3.ggpht.com/ytc/AGIKgqO2MLsWwJhC24p2tNDQrEMiXNaz8gUEcnDRyQ=s48-c-k-c0x00ffffff-no-rj', 'authorChannelUrl': 'http://www.youtube.com/channel/UC16-a5x3eVDHhhb6CsNhPiQ', 'authorChannelId': {'value': 'UC16-a5x3eVDHhhb6CsNhPiQ'}, 'canRate': True, 'viewerRating': 'none', 'likeCount': 5, 'publishedAt': '2022-10-23T23:30:25Z', 'updatedAt': '2022-10-23T23:30:25Z'}}, 'canReply': True, 'totalReplyCount': 0, 'isPublic': True}",,UC16-a5x3eVDHhhb6CsNhPiQ,2022-10-23T23:30:25Z,"Sábias palavras isso é um verdadeiro absurdo o q estamos vendo ultimamente, Deus tenha misericórdia do nosso Brasil",QURTSl9pMFZackFLVkwyS1dSemNOU1Y3VHhaaTVzV1d3Y1FMYm9mZDBPN1NUa1hXZncyLXBjZmxJckdtTXdIZkpjX2RieVFnX2tNSFZucw==,2023-06-08 14:52:38.191822
youtube#commentThread,5sl09Nw31hmr03SlEDbjtilUDsk,UgwnZ-4Fgh2RFMq1PIN4AaABAg,"{'videoId': 'zEfTDpfyt1o', 'topLevelComment': {'kind': 'youtube#comment', 'etag': 'syhGAAExJmbSP2TJcAaTBbNBowo', 'id': 'UgwnZ-4Fgh2RFMq1PIN4AaABAg', 'snippet': {'videoId': 'zEfTDpfyt1o', 'textDisplay': 'Continuem assim extremistas, vocês estão conseguindo acabar com o nosso Brasil.', 'textOriginal': 'Continuem assim extremistas, vocês estão conseguindo acabar com o nosso Brasil.', 'authorDisplayName': 'Carlos Pacino', 'authorProfileImageUrl': 'https://yt3.ggpht.com/iKyQAdQwCaVQgfNAv40fTta5RwRzfyflY6rhMuBWj-VqQfQB_kCggsAJ_AQoOBRV7w6LsTZq=s48-c-k-c0x00ffffff-no-rj', 'authorChannelUrl': 'http://www.youtube.com/channel/UCDIxF2641362k2AjwH6_k-g', 'authorChannelId': {'value': 'UCDIxF2641362k2AjwH6_k-g'}, 'canRate': True, 'viewerRating': 'none', 'likeCount': 0, 'publishedAt': '2022-10-23T23:30:25Z', 'updatedAt': '2022-10-23T23:30:57Z'}}, 'canReply': True, 'totalReplyCount': 0, 'isPublic': True}",,UCDIxF2641362k2AjwH6_k-g,2022-10-23T23:30:25Z,"Continuem assim extremistas, vocês estão conseguindo acabar com o nosso Brasil.",QURTSl9pMFZackFLVkwyS1dSemNOU1Y3VHhaaTVzV1d3Y1FMYm9mZDBPN1NUa1hXZncyLXBjZmxJckdtTXdIZkpjX2RieVFnX2tNSFZucw==,2023-06-08 14:52:38.191822
youtube#commentThread,E0pDk91_dEnoJq0zmAnH23io9kg,UgyGzRPcCgeQlESNEzp4AaABAg,"{'videoId': 'zEfTDpfyt1o', 'topLevelComment': {'kind': 'youtube#comment', 'etag': 'SvlzDyyuQZXKggzehm0foqcnSYM', 'id': 'UgyGzRPcCgeQlESNEzp4AaABAg', 'snippet': {'videoId': 'zEfTDpfyt1o', 'textDisplay': 'SELVA!<br>Saudações ATLETICANAS!<br>Reprovo e condeno todo tipo de barbaridades, entretanto só queria lembrar que enquanto as ameaças e agressões acontecem contra apoiadores de Bolsonaro, tá tudo bem, ( e exemplos é o que não faltam ) agora, quando a &quot;água começa a atingir o bumbum deles&quot; ( &quot;O pau começa a bater em Francisco&quot; ) a primeira coisa que fazem é acusar o nosso PRESIDENTE por sua influência. Portanto, diante dessa situação, acho mais sensato não comentar. É isso!', 'textOriginal': 'SELVA!\\nSaudações ATLETICANAS!\\nReprovo e condeno todo tipo de barbaridades, entretanto só queria lembrar que enquanto as ameaças e agressões acontecem contra apoiadores de Bolsonaro, tá tudo bem, ( e exemplos é o que não faltam ) agora, quando a ""água começa a atingir o bumbum deles"" ( ""O pau começa a bater em Francisco"" ) a primeira coisa que fazem é acusar o nosso PRESIDENTE por sua influência. Portanto, diante dessa situação, acho mais sensato não comentar. É isso!', 'authorDisplayName': 'Antonio Carlos', 'authorProfileImageUrl': 'https://yt3.ggpht.com/ytc/AGIKgqNgNLI_-V24E9PZTlZND3w5Os0qAQjq0lZPZA=s48-c-k-c0x00ffffff-no-rj', 'authorChannelUrl': 'http://www.youtube.com/channel/UCUFN5vNK6-PK6p9dYmV4_rg', 'authorChannelId': {'value': 'UCUFN5vNK6-PK6p9dYmV4_rg'}, 'canRate': True, 'viewerRating': 'none', 'likeCount': 1, 'publishedAt': '2022-10-23T23:30:19Z', 'updatedAt': '2022-10-23T23:30:19Z'}}, 'canReply': True, 'totalReplyCount': 0, 'isPublic': True}",,UCUFN5vNK6-PK6p9dYmV4_rg,2022-10-23T23:30:19Z,"SELVA!
Saudações ATLETICANAS!
Reprovo e condeno todo tipo de barbaridades, entretanto só queria lembrar que enquanto as ameaças e agressões acontecem contra apoiadores de Bolsonaro, tá tudo bem, ( e exemplos é o que não faltam ) agora, quando a ""água começa a atingir o bumbum deles"" ( ""O pau começa a bater em Francisco"" ) a primeira coisa que fazem é acusar o nosso PRESIDENTE por sua influência. Portanto, diante dessa situação, acho mais sensato não comentar. É isso!",QURTSl9pMFZackFLVkwyS1dSemNOU1Y3VHhaaTVzV1d3Y1FMYm9mZDBPN1NUa1hXZncyLXBjZmxJckdtTXdIZkpjX2RieVFnX2tNSFZucw==,2023-06-08 14:52:38.191822
youtube#commentThread,sT3YHdN9T0xdNG6UhKMu0rQdqHI,Ugy-hd2G_gLDlokQkUl4AaABAg,"{'videoId': 'zEfTDpfyt1o', 'topLevelComment': {'kind': 'youtube#comment', 'etag': '2epI8kdjb9hZg5N5FY7d8ykcj0c', 'id': 'Ugy-hd2G_gLDlokQkUl4AaABAg', 'snippet': {'videoId': 'zEfTDpfyt1o', 'textDisplay': 'Toma vergonha, apoiadores de Bolsonaro.', 'textOriginal': 'Toma vergonha, apoiadores de Bolsonaro.', 'authorDisplayName': 'Leno Oliveira', 'authorProfileImageUrl': 'https://yt3.ggpht.com/ytc/AGIKgqOBOwLFMCnTakKNg9NJqWk6PfjTdZkW2tNq6A=s48-c-k-c0x00ffffff-no-rj', 'authorChannelUrl': 'http://www.youtube.com/channel/UCM-f4d9XxGAdaQJH4A4wb4w', 'authorChannelId': {'value': 'UCM-f4d9XxGAdaQJH4A4wb4w'}, 'canRate': True, 'viewerRating': 'none', 'likeCount': 0, 'publishedAt': '2022-10-23T23:30:11Z', 'updatedAt': '2022-10-23T23:30:11Z'}}, 'canReply': True, 'totalReplyCount': 0, 'isPublic': True}",,UCM-f4d9XxGAdaQJH4A4wb4w,2022-10-23T23:30:11Z,"Toma vergonha, apoiadores de Bolsonaro.",QURTSl9pMFZackFLVkwyS1dSemNOU1Y3VHhaaTVzV1d3Y1FMYm9mZDBPN1NUa1hXZncyLXBjZmxJckdtTXdIZkpjX2RieVFnX2tNSFZucw==,2023-06-08 14:52:38.191822
youtube#commentThread,s0wfgcCmH2A5MUFGo2JCe4F-mKg,Ugz9ERplcZK8PQYy9xF4AaABAg,"{'videoId': 'zEfTDpfyt1o', 'topLevelComment': {'kind': 'youtube#comment', 'etag': 'p0VELwuLBdQw9KpbgTVyqKPtYGI', 'id': 'Ugz9ERplcZK8PQYy9xF4AaABAg', 'snippet': {'videoId': 'zEfTDpfyt1o', 'textDisplay': 'Vocês querem dizer APOIADORES DE BOLSONARO, né?', 'textOriginal': 'Vocês querem dizer APOIADORES DE BOLSONARO, né?', 'authorDisplayName': 'Mônica Rodamilans', 'authorProfileImageUrl': 'https://yt3.ggpht.com/ytc/AGIKgqOsBUiVmDCCHAyyuipSpNqugknQoiRU-yVH1A=s48-c-k-c0x00ffffff-no-rj', 'authorChannelUrl': 'http://www.youtube.com/channel/UCyux4k245LZke7uTu05L84g', 'authorChannelId': {'value': 'UCyux4k245LZke7uTu05L84g'}, 'canRate': True, 'viewerRating': 'none', 'likeCount': 0, 'publishedAt': '2022-10-23T23:29:50Z', 'updatedAt': '2022-10-23T23:29:50Z'}}, 'canReply': True, 'totalReplyCount': 0, 'isPublic': True}",,UCyux4k245LZke7uTu05L84g,2022-10-23T23:29:50Z,"Vocês querem dizer APOIADORES DE BOLSONARO, né?",QURTSl9pMFZackFLVkwyS1dSemNOU1Y3VHhaaTVzV1d3Y1FMYm9mZDBPN1NUa1hXZncyLXBjZmxJckdtTXdIZkpjX2RieVFnX2tNSFZucw==,2023-06-08 14:52:38.191822
youtube#commentThread,Z2cDAK2NDQ6K0ImS1EieYwGPUpE,UgxY2nNI-7-051_R_1F4AaABAg,"{'videoId': 'zEfTDpfyt1o', 'topLevelComment': {'kind': 'youtube#comment', 'etag': 'I3dUrnS0FfppGjPsnDtVEqt9ZIg', 'id': 'UgxY2nNI-7-051_R_1F4AaABAg', 'snippet': {'videoId': 'zEfTDpfyt1o', 'textDisplay': 'A política do STF,  causando toda essa desgraça.', 'textOriginal': 'A política do STF,  causando toda essa desgraça.', 'authorDisplayName': 'Magan Soares', 'authorProfileImageUrl': 'https://yt3.ggpht.com/ytc/AGIKgqOF-WnWfy3RAx1ErXOrRAj2BiLfFPvV_yQaSaERIGUIXST4IQDKruJKD8WBpQGQ=s48-c-k-c0x00ffffff-no-rj', 'authorChannelUrl': 'http://www.youtube.com/channel/UCdJIIhiv5ftXE5YFI7T09zQ', 'authorChannelId': {'value': 'UCdJIIhiv5ftXE5YFI7T09zQ'}, 'canRate': True, 'viewerRating': 'none', 'likeCount': 2, 'publishedAt': '2022-10-23T23:29:40Z', 'updatedAt': '2022-10-23T23:29:40Z'}}, 'canReply': True, 'totalReplyCount': 0, 'isPublic': True}",,UCdJIIhiv5ftXE5YFI7T09zQ,2022-10-23T23:29:40Z,"A política do STF,  causando toda essa desgraça.",QURTSl9pMFZackFLVkwyS1dSemNOU1Y3VHhaaTVzV1d3Y1FMYm9mZDBPN1NUa1hXZncyLXBjZmxJckdtTXdIZkpjX2RieVFnX2tNSFZucw==,2023-06-08 14:52:38.191822
youtube#commentThread,aOdAK-HpMcv4aNkJJeFueken7P0,UgwsRs_laKu7jCrC7FN4AaABAg,"{'videoId': 'zEfTDpfyt1o', 'topLevelComment': {'kind': 'youtube#comment', 'etag': 'DsAUw_5IxzzzUfj5LhNx9jSUhlE', 'id': 'UgwsRs_laKu7jCrC7FN4AaABAg', 'snippet': {'videoId': 'zEfTDpfyt1o', 'textDisplay': 'Gente ,pensam bem ! Tudo isso só está acontecendo pq o STF deu voz a Lula ou seja , permitiu que ele fosse solto e ainda poder se candidatar ao cargo mais importante do país. Isso tem gerando uma guerra em nosso país .<br>Não vamos permitir que a esquerda volte ao poder nunca ,dia 30 vamos votar pela liberdade .', 'textOriginal': 'Gente ,pensam bem ! Tudo isso só está acontecendo pq o STF deu voz a Lula ou seja , permitiu que ele fosse solto e ainda poder se candidatar ao cargo mais importante do país. Isso tem gerando uma guerra em nosso país .\\nNão vamos permitir que a esquerda volte ao poder nunca ,dia 30 vamos votar pela liberdade .', 'authorDisplayName': 'Sos Mar', 'authorProfileImageUrl': 'https://yt3.ggpht.com/ytc/AGIKgqOQbfuH6S0nobltbyPT7gU1zDSkTnKaqtnMIlDT94oIY_r8tUdEBJr-Pvi4PGUd=s48-c-k-c0x00ffffff-no-rj', 'authorChannelUrl': 'http://www.youtube.com/channel/UCUjcP_k-xKzWBEWWVoz_NXw', 'authorChannelId': {'value': 'UCUjcP_k-xKzWBEWWVoz_NXw'}, 'canRate': True, 'viewerRating': 'none', 'likeCount': 0, 'publishedAt': '2022-10-23T23:29:27Z', 'updatedAt': '2022-10-23T23:29:27Z'}}, 'canReply': True, 'totalReplyCount': 0, 'isPublic': True}",,UCUjcP_k-xKzWBEWWVoz_NXw,2022-10-23T23:29:27Z,"Gente ,pensam bem ! Tudo isso só está acontecendo pq o STF deu voz a Lula ou seja , permitiu que ele fosse solto e ainda poder se candidatar ao cargo mais importante do país. Isso tem gerando uma guerra em nosso país .
Não vamos permitir que a esquerda volte ao poder nunca ,dia 30 vamos votar pela liberdade .",QURTSl9pMFZackFLVkwyS1dSemNOU1Y3VHhaaTVzV1d3Y1FMYm9mZDBPN1NUa1hXZncyLXBjZmxJckdtTXdIZkpjX2RieVFnX2tNSFZucw==,2023-06-08 14:52:38.191822
youtube#commentThread,ggBw3BGNBO9W_BBUNMnrupAYl7U,UgxlMyix6j892zl7_pN4AaABAg,"{'videoId': 'zEfTDpfyt1o', 'topLevelComment': {'kind': 'youtube#comment', 'etag': 'etQ4ADLNa4ME-zKE6udw_8wX_CE', 'id': 'UgxlMyix6j892zl7_pN4AaABAg', 'snippet': {'videoId': 'zEfTDpfyt1o', 'textDisplay': 'STF isso vai tudo pra sua conta canalhas. O povo está revoltado. Mas também nao duvido nada de isso ser armações da esquerda, cidadão com camisa verde ou amarela e repórter da globo dando bobeira, a globo agora vai se manifestar pra tentar culpar o governo dizendo que foi bolsonaristas. Pode ser um petista usando verde e amarelo, não estou afirmando, mas não duvido nada. Tomara que essa loucura acabe logo, tempos difíceis.', 'textOriginal': 'STF isso vai tudo pra sua conta canalhas. O povo está revoltado. Mas também nao duvido nada de isso ser armações da esquerda, cidadão com camisa verde ou amarela e repórter da globo dando bobeira, a globo agora vai se manifestar pra tentar culpar o governo dizendo que foi bolsonaristas. Pode ser um petista usando verde e amarelo, não estou afirmando, mas não duvido nada. Tomara que essa loucura acabe logo, tempos difíceis.', 'authorDisplayName': 'Raimunda Nonata Carvalho', 'authorProfileImageUrl': 'https://yt3.ggpht.com/ytc/AGIKgqOz5HZYZolZ9LR4CNqxKdkrLSIiwI6LGwjanL3cl0aaZR7rSHeFmXzF7hqv6aco=s48-c-k-c0x00ffffff-no-rj', 'authorChannelUrl': 'http://www.youtube.com/channel/UCa7kLgY2EOPP1i7WWVcEr3w', 'authorChannelId': {'value': 'UCa7kLgY2EOPP1i7WWVcEr3w'}, 'canRate': True, 'viewerRating': 'none', 'likeCount': 0, 'publishedAt': '2022-10-23T23:29:18Z', 'updatedAt': '2022-10-23T23:29:18Z'}}, 'canReply': True, 'totalReplyCount': 0, 'isPublic': True}",,UCa7kLgY2EOPP1i7WWVcEr3w,2022-10-23T23:29:18Z,"STF isso vai tudo pra sua conta canalhas. O povo está revoltado. Mas também nao duvido nada de isso ser armações da esquerda, cidadão com camisa verde ou amarela e repórter da globo dando bobeira, a globo agora vai se manifestar pra tentar culpar o governo dizendo que foi bolsonaristas. Pode ser um petista usando verde e amarelo, não estou afirmando, mas não duvido nada. Tomara que essa loucura acabe logo, tempos difíceis.",QURTSl9pMFZackFLVkwyS1dSemNOU1Y3VHhaaTVzV1d3Y1FMYm9mZDBPN1NUa1hXZncyLXBjZmxJckdtTXdIZkpjX2RieVFnX2tNSFZucw==,2023-06-08 14:52:38.191822
youtube#commentThread,1ah5hFva8teNCvTEHFMTSByJlcA,Ugxrrx8YZf0EpMbcHvR4AaABAg,"{'videoId': 'zEfTDpfyt1o', 'topLevelComment': {'kind': 'youtube#comment', 'etag': 'tJDbb_zPGZDh4dueGXM8x585vVQ', 'id': 'Ugxrrx8YZf0EpMbcHvR4AaABAg', 'snippet': {'videoId': 'zEfTDpfyt1o', 'textDisplay': 'Foi o cara com a camisa VERDE quem agride e sai rapidamente de perto. É preciso identificar e prender. Urgentemente.', 'textOriginal': 'Foi o cara com a camisa VERDE quem agride e sai rapidamente de perto. É preciso identificar e prender. Urgentemente.', 'authorDisplayName': 'Eugenio Paccelli', 'authorProfileImageUrl': 'https://yt3.ggpht.com/ytc/AGIKgqNqg1ikIKFLgrCxPZiURLdBOMEHxFxyAGn_lgBdlDc=s48-c-k-c0x00ffffff-no-rj', 'authorChannelUrl': 'http://www.youtube.com/channel/UCsGOmFBDS9r-FzjAjBM7Npg', 'authorChannelId': {'value': 'UCsGOmFBDS9r-FzjAjBM7Npg'}, 'canRate': True, 'viewerRating': 'none', 'likeCount': 0, 'publishedAt': '2022-10-23T23:29:05Z', 'updatedAt': '2022-10-23T23:29:05Z'}}, 'canReply': True, 'totalReplyCount': 0, 'isPublic': True}",,UCsGOmFBDS9r-FzjAjBM7Npg,2022-10-23T23:29:05Z,Foi o cara com a camisa VERDE quem agride e sai rapidamente de perto. É preciso identificar e prender. Urgentemente.,QURTSl9pMFZackFLVkwyS1dSemNOU1Y3VHhaaTVzV1d3Y1FMYm9mZDBPN1NUa1hXZncyLXBjZmxJckdtTXdIZkpjX2RieVFnX2tNSFZucw==,2023-06-08 14:52:38.191822
youtube#commentThread,j_HAYtp2ZCPBadFK2klEukJDEN4,Ugw84sDJesjFAG77ri14AaABAg,"{'videoId': 'zEfTDpfyt1o', 'topLevelComment': {'kind': 'youtube#comment', 'etag': 'JZrE64ZP5SOET1ao95IW2BvEyGM', 'id': 'Ugw84sDJesjFAG77ri14AaABAg', 'snippet': {'videoId': 'zEfTDpfyt1o', 'textDisplay': 'GENTE O BRASIL TÁ CAMINHANDO PRA UMA GUERRA. <br>TODA CULPA É DO ALEXANDRE DE MORAIS..', 'textOriginal': 'GENTE O BRASIL TÁ CAMINHANDO PRA UMA GUERRA. \\nTODA CULPA É DO ALEXANDRE DE MORAIS..', 'authorDisplayName': 'Francisco Moreira De Freitas', 'authorProfileImageUrl': 'https://yt3.ggpht.com/ytc/AGIKgqPOHp4Phlcuvzl_JC290LFEJnH145JYBDRBX5cb7g=s48-c-k-c0x00ffffff-no-rj', 'authorChannelUrl': 'http://www.youtube.com/channel/UCiFNItNSjrTi5IhJTAkBcpQ', 'authorChannelId': {'value': 'UCiFNItNSjrTi5IhJTAkBcpQ'}, 'canRate': True, 'viewerRating': 'none', 'likeCount': 0, 'publishedAt': '2022-10-23T23:29:01Z', 'updatedAt': '2022-10-23T23:29:01Z'}}, 'canReply': True, 'totalReplyCount': 0, 'isPublic': True}",,UCiFNItNSjrTi5IhJTAkBcpQ,2022-10-23T23:29:01Z,"GENTE O BRASIL TÁ CAMINHANDO PRA UMA GUERRA. 
TODA CULPA É DO ALEXANDRE DE MORAIS..",QURTSl9pMFZackFLVkwyS1dSemNOU1Y3VHhaaTVzV1d3Y1FMYm9mZDBPN1NUa1hXZncyLXBjZmxJckdtTXdIZkpjX2RieVFnX2tNSFZucw==,2023-06-08 14:52:38.191822
youtube#commentThread,EWMoiRKHXdrit5-LKHUDFIlpSJY,UgxfXQGLWrP7bITb7Ad4AaABAg,"{'videoId': 'zEfTDpfyt1o', 'topLevelComment': {'kind': 'youtube#comment', 'etag': 'KBnUs45fzKECKk7TjRh9cq3c6wM', 'id': 'UgxfXQGLWrP7bITb7Ad4AaABAg', 'snippet': {'videoId': 'zEfTDpfyt1o', 'textDisplay': 'Nao a violencia. Nao podemos nos rebaixar como a esquerda.  Nao a censura.', 'textOriginal': 'Nao a violencia. Nao podemos nos rebaixar como a esquerda.  Nao a censura.', 'authorDisplayName': 'Suleo Frantos', 'authorProfileImageUrl': 'https://yt3.ggpht.com/ytc/AGIKgqPYq2vNi81IGZPGgkmLn9OLWKMOAiVFwXRQJg=s48-c-k-c0x00ffffff-no-rj', 'authorChannelUrl': 'http://www.youtube.com/channel/UC5c2L8QHq5ZUvxSfxXLRbTg', 'authorChannelId': {'value': 'UC5c2L8QHq5ZUvxSfxXLRbTg'}, 'canRate': True, 'viewerRating': 'none', 'likeCount': 0, 'publishedAt': '2022-10-23T23:28:55Z', 'updatedAt': '2022-10-23T23:28:55Z'}}, 'canReply': True, 'totalReplyCount': 0, 'isPublic': True}",,UC5c2L8QHq5ZUvxSfxXLRbTg,2022-10-23T23:28:55Z,Nao a violencia. Nao podemos nos rebaixar como a esquerda.  Nao a censura.,QURTSl9pMFZackFLVkwyS1dSemNOU1Y3VHhaaTVzV1d3Y1FMYm9mZDBPN1NUa1hXZncyLXBjZmxJckdtTXdIZkpjX2RieVFnX2tNSFZucw==,2023-06-08 14:52:38.191822
youtube#commentThread,QRrqsby2MSfA9NstETr0VGBghZ4,UgxOeQGWLG7GjQjMw294AaABAg,"{'videoId': 'zEfTDpfyt1o', 'topLevelComment': {'kind': 'youtube#comment', 'etag': 'VkvqNm__DRO9JITv2nZgV6kFCI4', 'id': 'UgxOeQGWLG7GjQjMw294AaABAg', 'snippet': {'videoId': 'zEfTDpfyt1o', 'textDisplay': 'Tudo isso por causa daquele bandido do Alexandre cabeça de ovo', 'textOriginal': 'Tudo isso por causa daquele bandido do Alexandre cabeça de ovo', 'authorDisplayName': 'izaaa_dixx', 'authorProfileImageUrl': 'https://yt3.ggpht.com/wf0XxUYLBqsLA-xxPWgOfNK_8vRz02gdTgOAkhSnciv2lXBiXeWaJZaZNC65PdPoxLKAbJjO=s48-c-k-c0x00ffffff-no-rj', 'authorChannelUrl': 'http://www.youtube.com/channel/UCZNxFWJEljuE6c50LzHlk4w', 'authorChannelId': {'value': 'UCZNxFWJEljuE6c50LzHlk4w'}, 'canRate': True, 'viewerRating': 'none', 'likeCount': 0, 'publishedAt': '2022-10-23T23:28:51Z', 'updatedAt': '2022-10-23T23:28:51Z'}}, 'canReply': True, 'totalReplyCount': 0, 'isPublic': True}",,UCZNxFWJEljuE6c50LzHlk4w,2022-10-23T23:28:51Z,Tudo isso por causa daquele bandido do Alexandre cabeça de ovo,QURTSl9pMFZackFLVkwyS1dSemNOU1Y3VHhaaTVzV1d3Y1FMYm9mZDBPN1NUa1hXZncyLXBjZmxJckdtTXdIZkpjX2RieVFnX2tNSFZucw==,2023-06-08 14:52:38.191822
youtube#commentThread,ViHqAHB8NJNgGSRc7GXj7JGC2Qo,Ugzx1IeXsXZWCEOl4g14AaABAg,"{'videoId': 'zEfTDpfyt1o', 'topLevelComment': {'kind': 'youtube#comment', 'etag': 'LMh0J_eKk_phsvAbxrkd1M7lwbQ', 'id': 'Ugzx1IeXsXZWCEOl4g14AaABAg', 'snippet': {'videoId': 'zEfTDpfyt1o', 'textDisplay': 'Isso não sou a favor mas é o caminho que o país estar a caminho, uma guerra civil estar a caminho caso nada for feito .', 'textOriginal': 'Isso não sou a favor mas é o caminho que o país estar a caminho, uma guerra civil estar a caminho caso nada for feito .', 'authorDisplayName': 'Marcos Piper', 'authorProfileImageUrl': 'https://yt3.ggpht.com/ytc/AGIKgqO1J9-WH-5ZBUCVdMgP53yZ-tgFAFDxuksaPbTVTMo=s48-c-k-c0x00ffffff-no-rj', 'authorChannelUrl': 'http://www.youtube.com/channel/UC4zLUQhvo-ccd5wcWb68vvw', 'authorChannelId': {'value': 'UC4zLUQhvo-ccd5wcWb68vvw'}, 'canRate': True, 'viewerRating': 'none', 'likeCount': 0, 'publishedAt': '2022-10-23T23:28:39Z', 'updatedAt': '2022-10-23T23:28:39Z'}}, 'canReply': True, 'totalReplyCount': 0, 'isPublic': True}",,UC4zLUQhvo-ccd5wcWb68vvw,2022-10-23T23:28:39Z,"Isso não sou a favor mas é o caminho que o país estar a caminho, uma guerra civil estar a caminho caso nada for feito .",QURTSl9pMFZackFLVkwyS1dSemNOU1Y3VHhaaTVzV1d3Y1FMYm9mZDBPN1NUa1hXZncyLXBjZmxJckdtTXdIZkpjX2RieVFnX2tNSFZucw==,2023-06-08 14:52:38.191822
youtube#commentThread,iZT4Bk6Amyf_80Hj7wnaDAcluJE,Ugwqe9azKNnm_wEgwq94AaABAg,"{'videoId': 'zEfTDpfyt1o', 'topLevelComment': {'kind': 'youtube#comment', 'etag': 'p1BIvfo247zYzDcv-5is6lXMU1g', 'id': 'Ugwqe9azKNnm_wEgwq94AaABAg', 'snippet': {'videoId': 'zEfTDpfyt1o', 'textDisplay': 'Parabéns mais uma vez a Jovem Pan , sou contra qualquer tipo de agressão , respeito em primeiro lugar !', 'textOriginal': 'Parabéns mais uma vez a Jovem Pan , sou contra qualquer tipo de agressão , respeito em primeiro lugar !', 'authorDisplayName': 'Jania Lucia', 'authorProfileImageUrl': 'https://yt3.ggpht.com/ytc/AGIKgqOV7ndCqw-jz9PWbEBZTJ72oX42-IscXL_zsQ=s48-c-k-c0x00ffffff-no-rj', 'authorChannelUrl': 'http://www.youtube.com/channel/UC7t3cOYH1iu-z9lZ3CKYHVQ', 'authorChannelId': {'value': 'UC7t3cOYH1iu-z9lZ3CKYHVQ'}, 'canRate': True, 'viewerRating': 'none', 'likeCount': 1, 'publishedAt': '2022-10-23T23:28:07Z', 'updatedAt': '2022-10-23T23:28:07Z'}}, 'canReply': True, 'totalReplyCount': 0, 'isPublic': True}",,UC7t3cOYH1iu-z9lZ3CKYHVQ,2022-10-23T23:28:07Z,"Parabéns mais uma vez a Jovem Pan , sou contra qualquer tipo de agressão , respeito em primeiro lugar !",QURTSl9pMFZackFLVkwyS1dSemNOU1Y3VHhaaTVzV1d3Y1FMYm9mZDBPN1NUa1hXZncyLXBjZmxJckdtTXdIZkpjX2RieVFnX2tNSFZucw==,2023-06-08 14:52:38.191822
youtube#commentThread,Km50LdCmTfqWq4rh0okSLRdAxY4,Ugz7QLXejevvGSQwVqR4AaABAg,"{'videoId': 'zEfTDpfyt1o', 'topLevelComment': {'kind': 'youtube#comment', 'etag': 'udL6NSYhBM2iAA2G61bXeXAesFo', 'id': 'Ugz7QLXejevvGSQwVqR4AaABAg', 'snippet': {'videoId': 'zEfTDpfyt1o', 'textDisplay': 'Eta lerê , é uma coisa puxando a outra,vinde Jesus 🙏', 'textOriginal': 'Eta lerê , é uma coisa puxando a outra,vinde Jesus 🙏', 'authorDisplayName': 'Maria Ap Brasil Ferreira', 'authorProfileImageUrl': 'https://yt3.ggpht.com/ytc/AGIKgqOY_aYdy1ilVd4wnrv6J2gdN3Ak3crVfVc6og=s48-c-k-c0x00ffffff-no-rj', 'authorChannelUrl': 'http://www.youtube.com/channel/UCvGtAWHs6Os2c3kLfgi1bTw', 'authorChannelId': {'value': 'UCvGtAWHs6Os2c3kLfgi1bTw'}, 'canRate': True, 'viewerRating': 'none', 'likeCount': 0, 'publishedAt': '2022-10-23T23:27:43Z', 'updatedAt': '2022-10-23T23:27:43Z'}}, 'canReply': True, 'totalReplyCount': 0, 'isPublic': True}",,UCvGtAWHs6Os2c3kLfgi1bTw,2022-10-23T23:27:43Z,"Eta lerê , é uma coisa puxando a outra,vinde Jesus 🙏",QURTSl9pMFZackFLVkwyS1dSemNOU1Y3VHhaaTVzV1d3Y1FMYm9mZDBPN1NUa1hXZncyLXBjZmxJckdtTXdIZkpjX2RieVFnX2tNSFZucw==,2023-06-08 14:52:38.191822
youtube#commentThread,apyo9WrAlx2huTzeOaflZN6QCYM,UgzSA0OR04GhirfYNe14AaABAg,"{'videoId': 'zEfTDpfyt1o', 'topLevelComment': {'kind': 'youtube#comment', 'etag': 'ANLLo8VsRsBqS7l86lw4dtcrN38', 'id': 'UgzSA0OR04GhirfYNe14AaABAg', 'snippet': {'videoId': 'zEfTDpfyt1o', 'textDisplay': 'GENTE PARA QUE  AGREDIR O RAPAZ, ELE TEM O DIREITO DE FAZER O TRABALHO DELE, INDEPENDENTE DE SER DA GLOBO🥺<br>NÃO PRECISAMOS DISSO😥', 'textOriginal': 'GENTE PARA QUE  AGREDIR O RAPAZ, ELE TEM O DIREITO DE FAZER O TRABALHO DELE, INDEPENDENTE DE SER DA GLOBO🥺\\nNÃO PRECISAMOS DISSO😥', 'authorDisplayName': 'Július Bolado', 'authorProfileImageUrl': 'https://yt3.ggpht.com/4zpYfpSZbKQtBuUPMYC8_URbD8PlplMWZw_6bnIxxZgKpLza_PrjrwqdGfMu9x49LLZFC_VaQEM=s48-c-k-c0x00ffffff-no-rj', 'authorChannelUrl': 'http://www.youtube.com/channel/UCKuMNXYUD7r7eZ9DuK-GSww', 'authorChannelId': {'value': 'UCKuMNXYUD7r7eZ9DuK-GSww'}, 'canRate': True, 'viewerRating': 'none', 'likeCount': 0, 'publishedAt': '2022-10-23T23:27:39Z', 'updatedAt': '2022-10-23T23:27:39Z'}}, 'canReply': True, 'totalReplyCount': 0, 'isPublic': True}",,UCKuMNXYUD7r7eZ9DuK-GSww,2022-10-23T23:27:39Z,"GENTE PARA QUE  AGREDIR O RAPAZ, ELE TEM O DIREITO DE FAZER O TRABALHO DELE, INDEPENDENTE DE SER DA GLOBO🥺
NÃO PRECISAMOS DISSO😥",QURTSl9pMFZackFLVkwyS1dSemNOU1Y3VHhaaTVzV1d3Y1FMYm9mZDBPN1NUa1hXZncyLXBjZmxJckdtTXdIZkpjX2RieVFnX2tNSFZucw==,2023-06-08 14:52:38.191822
youtube#commentThread,Qd9pZo8PachWMe7Dw3haDGieasc,UgwaczdV-uS1hZB61Nl4AaABAg,"{'videoId': 'zEfTDpfyt1o', 'topLevelComment': {'kind': 'youtube#comment', 'etag': 'LQrok6-NRwtv4Uxv4HJH3jX1j6M', 'id': 'UgwaczdV-uS1hZB61Nl4AaABAg', 'snippet': {'videoId': 'zEfTDpfyt1o', 'textDisplay': 'STF hj tem dono chama Alexandre Morais PT', 'textOriginal': 'STF hj tem dono chama Alexandre Morais PT', 'authorDisplayName': 'Antonio Moreira', 'authorProfileImageUrl': 'https://yt3.ggpht.com/ytc/AGIKgqMK6ou1buRpoNUR0MCmO9yorPNNC-nCr3STIA=s48-c-k-c0x00ffffff-no-rj', 'authorChannelUrl': 'http://www.youtube.com/channel/UCrBEn0ogyFaPC2VWTeAur4g', 'authorChannelId': {'value': 'UCrBEn0ogyFaPC2VWTeAur4g'}, 'canRate': True, 'viewerRating': 'none', 'likeCount': 0, 'publishedAt': '2022-10-23T23:27:33Z', 'updatedAt': '2022-10-23T23:27:33Z'}}, 'canReply': True, 'totalReplyCount': 0, 'isPublic': True}",,UCrBEn0ogyFaPC2VWTeAur4g,2022-10-23T23:27:33Z,STF hj tem dono chama Alexandre Morais PT,QURTSl9pMFZackFLVkwyS1dSemNOU1Y3VHhaaTVzV1d3Y1FMYm9mZDBPN1NUa1hXZncyLXBjZmxJckdtTXdIZkpjX2RieVFnX2tNSFZucw==,2023-06-08 14:52:38.191822
youtube#commentThread,A-EtgBF2HOgM969eS9I9AKrb-U0,UgzYuLHDJ307O8JQurp4AaABAg,"{'videoId': 'zEfTDpfyt1o', 'topLevelComment': {'kind': 'youtube#comment', 'etag': 'YbGg0Mf_P-yntBmh3OKhd13N8dA', 'id': 'UgzYuLHDJ307O8JQurp4AaABAg', 'snippet': {'videoId': 'zEfTDpfyt1o', 'textDisplay': 'O LULA e o Alexandre conseguiu fazer o inferno no Brasil !!deve estarem rindo e festejando.', 'textOriginal': 'O LULA e o Alexandre conseguiu fazer o inferno no Brasil !!deve estarem rindo e festejando.', 'authorDisplayName': 'Marcia Marcia', 'authorProfileImageUrl': 'https://yt3.ggpht.com/ytc/AGIKgqNbv4IzIR5vop4DwE-hnLQJbDUK85gDbK5I4l7eI0RHLeqh6DdXku5wJJ4OSyaH=s48-c-k-c0x00ffffff-no-rj', 'authorChannelUrl': 'http://www.youtube.com/channel/UC-Liv9KWYGJudIzRp0h4PGg', 'authorChannelId': {'value': 'UC-Liv9KWYGJudIzRp0h4PGg'}, 'canRate': True, 'viewerRating': 'none', 'likeCount': 1, 'publishedAt': '2022-10-23T23:27:30Z', 'updatedAt': '2022-10-23T23:27:30Z'}}, 'canReply': True, 'totalReplyCount': 0, 'isPublic': True}",,UC-Liv9KWYGJudIzRp0h4PGg,2022-10-23T23:27:30Z,O LULA e o Alexandre conseguiu fazer o inferno no Brasil !!deve estarem rindo e festejando.,QURTSl9pMFZackFLVkwyS1dSemNOU1Y3VHhaaTVzV1d3Y1FMYm9mZDBPN1NUa1hXZncyLXBjZmxJckdtTXdIZkpjX2RieVFnX2tNSFZucw==,2023-06-08 14:52:38.191822
youtube#commentThread,9yGJzckFmXT-fQObhM8Qw2PdbuM,UgyCeVqMvuRpOf47REB4AaABAg,"{'videoId': 'zEfTDpfyt1o', 'topLevelComment': {'kind': 'youtube#comment', 'etag': 'U042w46l66SA34kPm9QiTKqumk4', 'id': 'UgyCeVqMvuRpOf47REB4AaABAg', 'snippet': {'videoId': 'zEfTDpfyt1o', 'textDisplay': '<a href=""http://www.youtube.com/results?search_query=%23alexandreputindemoraesnacadeia"">#AlexandrePutinDeMoraesNaCadeia</a>', 'textOriginal': '#AlexandrePutinDeMoraesNaCadeia', 'authorDisplayName': 'Suleo Frantos', 'authorProfileImageUrl': 'https://yt3.ggpht.com/ytc/AGIKgqPYq2vNi81IGZPGgkmLn9OLWKMOAiVFwXRQJg=s48-c-k-c0x00ffffff-no-rj', 'authorChannelUrl': 'http://www.youtube.com/channel/UC5c2L8QHq5ZUvxSfxXLRbTg', 'authorChannelId': {'value': 'UC5c2L8QHq5ZUvxSfxXLRbTg'}, 'canRate': True, 'viewerRating': 'none', 'likeCount': 0, 'publishedAt': '2022-10-23T23:27:06Z', 'updatedAt': '2022-10-23T23:27:06Z'}}, 'canReply': True, 'totalReplyCount': 0, 'isPublic': True}",,UC5c2L8QHq5ZUvxSfxXLRbTg,2022-10-23T23:27:06Z,#AlexandrePutinDeMoraesNaCadeia,QURTSl9pMFZackFLVkwyS1dSemNOU1Y3VHhaaTVzV1d3Y1FMYm9mZDBPN1NUa1hXZncyLXBjZmxJckdtTXdIZkpjX2RieVFnX2tNSFZucw==,2023-06-08 14:52:38.191822
youtube#commentThread,zNv3yjqezXo3h6Tv0Xznl1Slj30,UgxmkSE-eWQrlhGnw1N4AaABAg,"{'videoId': 'zEfTDpfyt1o', 'topLevelComment': {'kind': 'youtube#comment', 'etag': 'eAqWiQmr0ogeyiSWZBcjWlQoERs', 'id': 'UgxmkSE-eWQrlhGnw1N4AaABAg', 'snippet': {'videoId': 'zEfTDpfyt1o', 'textDisplay': 'Acorda povo! Parece meio doido mas quando eu assisti o filme “Coringa”, imaginei alguma agenda. Posso estar errada masssss é algo para se pensar.', 'textOriginal': 'Acorda povo! Parece meio doido mas quando eu assisti o filme “Coringa”, imaginei alguma agenda. Posso estar errada masssss é algo para se pensar.', 'authorDisplayName': 'Ana', 'authorProfileImageUrl': 'https://yt3.ggpht.com/ytc/AGIKgqPC_4xjy3G8j5aALOpw7hFha18P1WZUPQcltVLVTzt5hK3SxDfDemO3IxubBdgu=s48-c-k-c0x00ffffff-no-rj', 'authorChannelUrl': 'http://www.youtube.com/channel/UCJeqyILiB_Vn2GGpJtLBwwg', 'authorChannelId': {'value': 'UCJeqyILiB_Vn2GGpJtLBwwg'}, 'canRate': True, 'viewerRating': 'none', 'likeCount': 0, 'publishedAt': '2022-10-23T23:26:56Z', 'updatedAt': '2022-10-23T23:26:56Z'}}, 'canReply': True, 'totalReplyCount': 0, 'isPublic': True}",,UCJeqyILiB_Vn2GGpJtLBwwg,2022-10-23T23:26:56Z,"Acorda povo! Parece meio doido mas quando eu assisti o filme “Coringa”, imaginei alguma agenda. Posso estar errada masssss é algo para se pensar.",QURTSl9pMFZackFLVkwyS1dSemNOU1Y3VHhaaTVzV1d3Y1FMYm9mZDBPN1NUa1hXZncyLXBjZmxJckdtTXdIZkpjX2RieVFnX2tNSFZucw==,2023-06-08 14:52:38.191822
youtube#commentThread,6QzrJYgFnnwD6_x1usi6z1MJw68,UgwN4OqSpqs3Z3dq9sp4AaABAg,"{'videoId': 'zEfTDpfyt1o', 'topLevelComment': {'kind': 'youtube#comment', 'etag': 'xXep-ivsQzV74PAianfer8vhYrI', 'id': 'UgwN4OqSpqs3Z3dq9sp4AaABAg', 'snippet': {'videoId': 'zEfTDpfyt1o', 'textDisplay': 'Só não me digam que os apoiadores do Roberto Jefferson são bolsonaristas ?????????? Aff ... me poupem !!! Sou bolsonarista e sempre soube que Roberto Jefferson não é confiável !!!', 'textOriginal': 'Só não me digam que os apoiadores do Roberto Jefferson são bolsonaristas ?????????? Aff ... me poupem !!! Sou bolsonarista e sempre soube que Roberto Jefferson não é confiável !!!', 'authorDisplayName': 'Rosane Camilli', 'authorProfileImageUrl': 'https://yt3.ggpht.com/ytc/AGIKgqOouEPHYTQqSsyIT6FxZZsSb2AHEBMjmwrXVOWc_YjKF6Ez0oELMF6kdtrw4O8h=s48-c-k-c0x00ffffff-no-rj', 'authorChannelUrl': 'http://www.youtube.com/channel/UCrNKNHrrW6JM8velub94IEQ', 'authorChannelId': {'value': 'UCrNKNHrrW6JM8velub94IEQ'}, 'canRate': True, 'viewerRating': 'none', 'likeCount': 0, 'publishedAt': '2022-10-23T23:26:47Z', 'updatedAt': '2022-10-23T23:26:47Z'}}, 'canReply': True, 'totalReplyCount': 0, 'isPublic': True}",,UCrNKNHrrW6JM8velub94IEQ,2022-10-23T23:26:47Z,Só não me digam que os apoiadores do Roberto Jefferson são bolsonaristas ?????????? Aff ... me poupem !!! Sou bolsonarista e sempre soube que Roberto Jefferson não é confiável !!!,QURTSl9pMFZackFLVkwyS1dSemNOU1Y3VHhaaTVzV1d3Y1FMYm9mZDBPN1NUa1hXZncyLXBjZmxJckdtTXdIZkpjX2RieVFnX2tNSFZucw==,2023-06-08 14:52:38.191822
youtube#commentThread,5FNoFJP2OYKUTc6l7fy51kub-eU,Ugw--bqMn588RbZ_8Bl4AaABAg,"{'videoId': 'zEfTDpfyt1o', 'topLevelComment': {'kind': 'youtube#comment', 'etag': '0N8pJBYHo4oPlgGgB3FqF5gGLrA', 'id': 'Ugw--bqMn588RbZ_8Bl4AaABAg', 'snippet': {'videoId': 'zEfTDpfyt1o', 'textDisplay': 'Tá de mancada JP? o empurrão foi na câmera,da pra ver!', 'textOriginal': 'Tá de mancada JP? o empurrão foi na câmera,da pra ver!', 'authorDisplayName': 'EDIM ELETRO', 'authorProfileImageUrl': 'https://yt3.ggpht.com/78cJOCZ6pioX1i7c5h18_0EABk_fJA3iB8rkEuFG6E0AlZbeewcMjkUpSHxvOrxDdTpkpkafsw=s48-c-k-c0x00ffffff-no-rj', 'authorChannelUrl': 'http://www.youtube.com/channel/UCu94wyUMXJ8mluxNCyz35OQ', 'authorChannelId': {'value': 'UCu94wyUMXJ8mluxNCyz35OQ'}, 'canRate': True, 'viewerRating': 'none', 'likeCount': 0, 'publishedAt': '2022-10-23T23:26:37Z', 'updatedAt': '2022-10-23T23:26:37Z'}}, 'canReply': True, 'totalReplyCount': 0, 'isPublic': True}",,UCu94wyUMXJ8mluxNCyz35OQ,2022-10-23T23:26:37Z,"Tá de mancada JP? o empurrão foi na câmera,da pra ver!",QURTSl9pMFZackFLVkwyS1dSemNOU1Y3VHhaaTVzV1d3Y1FMYm9mZDBPN1NUa1hXZncyLXBjZmxJckdtTXdIZkpjX2RieVFnX2tNSFZucw==,2023-06-08 14:52:38.191822
youtube#commentThread,ZGa-vzdyVFIEl6M2DPL4GyL1RHY,UgypFiSnVytyESC65t14AaABAg,"{'videoId': 'zEfTDpfyt1o', 'topLevelComment': {'kind': 'youtube#comment', 'etag': 'mnnGmclLEktqDkfX1O_EcF7CTGI', 'id': 'UgypFiSnVytyESC65t14AaABAg', 'snippet': {'videoId': 'zEfTDpfyt1o', 'textDisplay': 'PRONTO, SO FALTA COLOCAR NA CONTA DO BOLSONARO', 'textOriginal': 'PRONTO, SO FALTA COLOCAR NA CONTA DO BOLSONARO', 'authorDisplayName': 'Tarciana Belly Dance', 'authorProfileImageUrl': 'https://yt3.ggpht.com/ytc/AGIKgqNdv7z_dWiCVS2gN_sUWqWhFrKJBNi4MIxdYvUt=s48-c-k-c0x00ffffff-no-rj', 'authorChannelUrl': 'http://www.youtube.com/channel/UCqLxkZq3FOZQ5k8SWK0S-Zg', 'authorChannelId': {'value': 'UCqLxkZq3FOZQ5k8SWK0S-Zg'}, 'canRate': True, 'viewerRating': 'none', 'likeCount': 0, 'publishedAt': '2022-10-23T23:25:44Z', 'updatedAt': '2022-10-23T23:25:44Z'}}, 'canReply': True, 'totalReplyCount': 0, 'isPublic': True}",,UCqLxkZq3FOZQ5k8SWK0S-Zg,2022-10-23T23:25:44Z,"PRONTO, SO FALTA COLOCAR NA CONTA DO BOLSONARO",QURTSl9pMFZackFLVkwyS1dSemNOU1Y3VHhaaTVzV1d3Y1FMYm9mZDBPN1NUa1hXZncyLXBjZmxJckdtTXdIZkpjX2RieVFnX2tNSFZucw==,2023-06-08 14:52:38.191822
youtube#commentThread,Er4GgaI1Ompf3g2uTjpivuSbjiI,Ugx-OL4VFNCxTOpvUDV4AaABAg,"{'videoId': 'zEfTDpfyt1o', 'topLevelComment': {'kind': 'youtube#comment', 'etag': 'r_BTiJyrey23EI82x-8K-GkyHco', 'id': 'Ugx-OL4VFNCxTOpvUDV4AaABAg', 'snippet': {'videoId': 'zEfTDpfyt1o', 'textDisplay': 'E NÃO ADIANTA PASSAR O PANO ..... JOVEN PAN.... AGRESSÃO,   ESTÁ SOFRENDO O BRASIL INTEIRO ........ OLHA PARA VENEZUELA 🤔', 'textOriginal': 'E NÃO ADIANTA PASSAR O PANO ..... JOVEN PAN.... AGRESSÃO,   ESTÁ SOFRENDO O BRASIL INTEIRO ........ OLHA PARA VENEZUELA 🤔', 'authorDisplayName': 'Waldir Dos Santos', 'authorProfileImageUrl': 'https://yt3.ggpht.com/ytc/AGIKgqMI7ZlZw6xK1OS9bLyBE3jaHF8eLIxKjw11cY2Pr8rQfqS00ZwTwEWnWrmsgzAa=s48-c-k-c0x00ffffff-no-rj', 'authorChannelUrl': 'http://www.youtube.com/channel/UCX-iPyIUkYf9E-AS9DDaWLQ', 'authorChannelId': {'value': 'UCX-iPyIUkYf9E-AS9DDaWLQ'}, 'canRate': True, 'viewerRating': 'none', 'likeCount': 0, 'publishedAt': '2022-10-23T23:25:19Z', 'updatedAt': '2022-10-23T23:25:19Z'}}, 'canReply': True, 'totalReplyCount': 0, 'isPublic': True}",,UCX-iPyIUkYf9E-AS9DDaWLQ,2022-10-23T23:25:19Z,"E NÃO ADIANTA PASSAR O PANO ..... JOVEN PAN.... AGRESSÃO,   ESTÁ SOFRENDO O BRASIL INTEIRO ........ OLHA PARA VENEZUELA 🤔",QURTSl9pMFZackFLVkwyS1dSemNOU1Y3VHhaaTVzV1d3Y1FMYm9mZDBPN1NUa1hXZncyLXBjZmxJckdtTXdIZkpjX2RieVFnX2tNSFZucw==,2023-06-08 14:52:38.191822
youtube#commentThread,Jfs_ZwNVOjybAQxJkpPcaghgB68,UgwjGI28pPdVwRW28th4AaABAg,"{'videoId': 'zEfTDpfyt1o', 'topLevelComment': {'kind': 'youtube#comment', 'etag': 'kD9nrUzU7ASjq35akcKz6S7fFbg', 'id': 'UgwjGI28pPdVwRW28th4AaABAg', 'snippet': {'videoId': 'zEfTDpfyt1o', 'textDisplay': 'Se fosse apoiadores do Lula ia chamar de bandidos  agora é do bozo', 'textOriginal': 'Se fosse apoiadores do Lula ia chamar de bandidos  agora é do bozo', 'authorDisplayName': 'Delbio Alves', 'authorProfileImageUrl': 'https://yt3.ggpht.com/ytc/AGIKgqMqPm-y6RkX9DIw0nP1Af75v1r0JtMO80qfN292QD7F65JmTmuu4v0jT3q9IAxx=s48-c-k-c0x00ffffff-no-rj', 'authorChannelUrl': 'http://www.youtube.com/channel/UCRpF0IRpKg6HrfO2MMs1Srw', 'authorChannelId': {'value': 'UCRpF0IRpKg6HrfO2MMs1Srw'}, 'canRate': True, 'viewerRating': 'none', 'likeCount': 1, 'publishedAt': '2022-10-23T23:25:12Z', 'updatedAt': '2022-10-23T23:25:12Z'}}, 'canReply': True, 'totalReplyCount': 0, 'isPublic': True}",,UCRpF0IRpKg6HrfO2MMs1Srw,2022-10-23T23:25:12Z,Se fosse apoiadores do Lula ia chamar de bandidos  agora é do bozo,QURTSl9pMFZackFLVkwyS1dSemNOU1Y3VHhaaTVzV1d3Y1FMYm9mZDBPN1NUa1hXZncyLXBjZmxJckdtTXdIZkpjX2RieVFnX2tNSFZucw==,2023-06-08 14:52:38.191822
youtube#commentThread,g0XvfGUaEG3Fy195MCgHDWmLF_0,UgzwNaNnLetfQ825h5p4AaABAg,"{'videoId': 'zEfTDpfyt1o', 'topLevelComment': {'kind': 'youtube#comment', 'etag': 'ssVdl9PP3NPAQc0ZZIRQJNvS5g8', 'id': 'UgzwNaNnLetfQ825h5p4AaABAg', 'snippet': {'videoId': 'zEfTDpfyt1o', 'textDisplay': 'Que triste! Que Deus o abençoe 🙏🏼 que ele esteja bem', 'textOriginal': 'Que triste! Que Deus o abençoe 🙏🏼 que ele esteja bem', 'authorDisplayName': 'Auriane Da Silva Varjão', 'authorProfileImageUrl': 'https://yt3.ggpht.com/ytc/AGIKgqPFp1_OfMqgoWkvZ-77JfA5GhuKN4mn0dWvkNEuxg=s48-c-k-c0x00ffffff-no-rj', 'authorChannelUrl': 'http://www.youtube.com/channel/UCsDR8mPMlMIsx4khotX0xZg', 'authorChannelId': {'value': 'UCsDR8mPMlMIsx4khotX0xZg'}, 'canRate': True, 'viewerRating': 'none', 'likeCount': 29, 'publishedAt': '2022-10-23T23:25:07Z', 'updatedAt': '2022-10-23T23:25:07Z'}}, 'canReply': True, 'totalReplyCount': 0, 'isPublic': True}",,UCsDR8mPMlMIsx4khotX0xZg,2022-10-23T23:25:07Z,Que triste! Que Deus o abençoe 🙏🏼 que ele esteja bem,QURTSl9pMFZackFLVkwyS1dSemNOU1Y3VHhaaTVzV1d3Y1FMYm9mZDBPN1NUa1hXZncyLXBjZmxJckdtTXdIZkpjX2RieVFnX2tNSFZucw==,2023-06-08 14:52:38.191822
youtube#commentThread,98cEWInsByt5UCezP0Ss-u6DeRI,Ugz5DnhnNWeo9vtypld4AaABAg,"{'videoId': 'zEfTDpfyt1o', 'topLevelComment': {'kind': 'youtube#comment', 'etag': 'WuEdDDMM_fS4FjXEOvxWHNWqjHg', 'id': 'Ugz5DnhnNWeo9vtypld4AaABAg', 'snippet': {'videoId': 'zEfTDpfyt1o', 'textDisplay': 'Coisa de bolsonaristas', 'textOriginal': 'Coisa de bolsonaristas', 'authorDisplayName': 'Jose Maria', 'authorProfileImageUrl': 'https://yt3.ggpht.com/ytc/AGIKgqPzwQdMH-8vj5yPWwEmUMVYea_9B2Zm4uua0gXlt3X8tjBQPvRK_YaSeKjf9XHw=s48-c-k-c0x00ffffff-no-rj', 'authorChannelUrl': 'http://www.youtube.com/channel/UCzNUn2lk8PVTwHYYD4zwz0g', 'authorChannelId': {'value': 'UCzNUn2lk8PVTwHYYD4zwz0g'}, 'canRate': True, 'viewerRating': 'none', 'likeCount': 0, 'publishedAt': '2022-10-23T23:24:54Z', 'updatedAt': '2022-10-23T23:24:54Z'}}, 'canReply': True, 'totalReplyCount': 0, 'isPublic': True}",,UCzNUn2lk8PVTwHYYD4zwz0g,2022-10-23T23:24:54Z,Coisa de bolsonaristas,QURTSl9pMFZackFLVkwyS1dSemNOU1Y3VHhaaTVzV1d3Y1FMYm9mZDBPN1NUa1hXZncyLXBjZmxJckdtTXdIZkpjX2RieVFnX2tNSFZucw==,2023-06-08 14:52:38.191822
youtube#commentThread,It-YpXwn4CG7_W_5K2Tb1Z02Efc,UgyS9fNCOLbcbit_SWJ4AaABAg,"{'videoId': 'zEfTDpfyt1o', 'topLevelComment': {'kind': 'youtube#comment', 'etag': 'n0DNaR1F71SZ8OnDDaUu6WNmi2Y', 'id': 'UgyS9fNCOLbcbit_SWJ4AaABAg', 'snippet': {'videoId': 'zEfTDpfyt1o', 'textDisplay': 'Apoia dores de quem mesmo? <br>Kkkkkkkkk<br>Esse Pasquim é ridículo!', 'textOriginal': 'Apoia dores de quem mesmo? \\nKkkkkkkkk\\nEsse Pasquim é ridículo!', 'authorDisplayName': 'André Cortês', 'authorProfileImageUrl': 'https://yt3.ggpht.com/ytc/AGIKgqMx6DUFiLp7RbJv4obzHGH6yExnvQAxxO_UOf8m6g=s48-c-k-c0x00ffffff-no-rj', 'authorChannelUrl': 'http://www.youtube.com/channel/UC7vH7txu0ESapmwJW7mHOZA', 'authorChannelId': {'value': 'UC7vH7txu0ESapmwJW7mHOZA'}, 'canRate': True, 'viewerRating': 'none', 'likeCount': 0, 'publishedAt': '2022-10-23T23:24:40Z', 'updatedAt': '2022-10-23T23:24:40Z'}}, 'canReply': True, 'totalReplyCount': 0, 'isPublic': True}",,UC7vH7txu0ESapmwJW7mHOZA,2022-10-23T23:24:40Z,"Apoia dores de quem mesmo? 
Kkkkkkkkk
Esse Pasquim é ridículo!",QURTSl9pMFZackFLVkwyS1dSemNOU1Y3VHhaaTVzV1d3Y1FMYm9mZDBPN1NUa1hXZncyLXBjZmxJckdtTXdIZkpjX2RieVFnX2tNSFZucw==,2023-06-08 14:52:38.191822
youtube#commentThread,qwXcwFVjLFKykEg2ybuu4j2k-Wo,Ugy_6fVSp20X9ZFsFNp4AaABAg,"{'videoId': 'zEfTDpfyt1o', 'topLevelComment': {'kind': 'youtube#comment', 'etag': 'x9JokE5f94XNWFoAzNOBDSDgeLE', 'id': 'Ugy_6fVSp20X9ZFsFNp4AaABAg', 'snippet': {'videoId': 'zEfTDpfyt1o', 'textDisplay': 'Jovem Pan isso vai ser mais uma desculpa para censurar voces', 'textOriginal': 'Jovem Pan isso vai ser mais uma desculpa para censurar voces', 'authorDisplayName': 'Ricardo Ferraz da cunha', 'authorProfileImageUrl': 'https://yt3.ggpht.com/ytc/AGIKgqNo7mhk8JBVBNp1k84SF4umQEFXZb5r9_7tXnn1dnDQAMr962GFF9W1hqeuKUt0=s48-c-k-c0x00ffffff-no-rj', 'authorChannelUrl': 'http://www.youtube.com/channel/UCinqSsWi4_FItJtlMlBqlkg', 'authorChannelId': {'value': 'UCinqSsWi4_FItJtlMlBqlkg'}, 'canRate': True, 'viewerRating': 'none', 'likeCount': 0, 'publishedAt': '2022-10-23T23:24:34Z', 'updatedAt': '2022-10-23T23:24:34Z'}}, 'canReply': True, 'totalReplyCount': 0, 'isPublic': True}",,UCinqSsWi4_FItJtlMlBqlkg,2022-10-23T23:24:34Z,Jovem Pan isso vai ser mais uma desculpa para censurar voces,QURTSl9pMFZackFLVkwyS1dSemNOU1Y3VHhaaTVzV1d3Y1FMYm9mZDBPN1NUa1hXZncyLXBjZmxJckdtTXdIZkpjX2RieVFnX2tNSFZucw==,2023-06-08 14:52:38.191822
youtube#commentThread,cHmRRQa0LyQ2G-P36_h54Sh68EM,UgzANMxE9x9-Lg2MKDt4AaABAg,"{'videoId': 'zEfTDpfyt1o', 'topLevelComment': {'kind': 'youtube#comment', 'etag': 'cT07EDnb9VBg5XkRRfD8ydsNnqo', 'id': 'UgzANMxE9x9-Lg2MKDt4AaABAg', 'snippet': {'videoId': 'zEfTDpfyt1o', 'textDisplay': 'Não entendo porque  PF CUMPRE ORDENS ILEGAIS', 'textOriginal': 'Não entendo porque  PF CUMPRE ORDENS ILEGAIS', 'authorDisplayName': 'Ney Viana Andrade', 'authorProfileImageUrl': 'https://yt3.ggpht.com/ytc/AGIKgqNmWnY-jMMQkW40jyuylK5HpdUttvJ7eqDQTQ=s48-c-k-c0x00ffffff-no-rj', 'authorChannelUrl': 'http://www.youtube.com/channel/UC6E0RK9ZysGtrsqUggJ3YOA', 'authorChannelId': {'value': 'UC6E0RK9ZysGtrsqUggJ3YOA'}, 'canRate': True, 'viewerRating': 'none', 'likeCount': 0, 'publishedAt': '2022-10-23T23:24:31Z', 'updatedAt': '2022-10-23T23:24:31Z'}}, 'canReply': True, 'totalReplyCount': 0, 'isPublic': True}",,UC6E0RK9ZysGtrsqUggJ3YOA,2022-10-23T23:24:31Z,Não entendo porque  PF CUMPRE ORDENS ILEGAIS,QURTSl9pMFZackFLVkwyS1dSemNOU1Y3VHhaaTVzV1d3Y1FMYm9mZDBPN1NUa1hXZncyLXBjZmxJckdtTXdIZkpjX2RieVFnX2tNSFZucw==,2023-06-08 14:52:38.191822
youtube#commentThread,4N_Ngr7fELsPtbeDv_WhWVP3wLE,Ugy2dm2k2ouT85j4OsV4AaABAg,"{'videoId': 'zEfTDpfyt1o', 'topLevelComment': {'kind': 'youtube#comment', 'etag': 'AnqKXaz-u8o7UT-iYhwNTQmad8c', 'id': 'Ugy2dm2k2ouT85j4OsV4AaABAg', 'snippet': {'videoId': 'zEfTDpfyt1o', 'textDisplay': 'Censura gera isso violencia logo isso vai. Ser em todo lugar brasil ta sem lei', 'textOriginal': 'Censura gera isso violencia logo isso vai. Ser em todo lugar brasil ta sem lei', 'authorDisplayName': 'Cleunise Reis', 'authorProfileImageUrl': 'https://yt3.ggpht.com/ytc/AGIKgqOoxvLLqk6HulPdlXiHTqLDitJbrDnBbthimf_g1_AdDkd0qxapVEbJX33GgQjh=s48-c-k-c0x00ffffff-no-rj', 'authorChannelUrl': 'http://www.youtube.com/channel/UC1Je0AwwUGs4yrKuN9-OekQ', 'authorChannelId': {'value': 'UC1Je0AwwUGs4yrKuN9-OekQ'}, 'canRate': True, 'viewerRating': 'none', 'likeCount': 0, 'publishedAt': '2022-10-23T23:24:25Z', 'updatedAt': '2022-10-23T23:24:25Z'}}, 'canReply': True, 'totalReplyCount': 0, 'isPublic': True}",,UC1Je0AwwUGs4yrKuN9-OekQ,2022-10-23T23:24:25Z,Censura gera isso violencia logo isso vai. Ser em todo lugar brasil ta sem lei,QURTSl9pMFZackFLVkwyS1dSemNOU1Y3VHhaaTVzV1d3Y1FMYm9mZDBPN1NUa1hXZncyLXBjZmxJckdtTXdIZkpjX2RieVFnX2tNSFZucw==,2023-06-08 14:52:38.191822
youtube#commentThread,CKTNACOhK67pZiT7AhOkXePlRdE,UgyDsPd_GgzGBqK8Kux4AaABAg,"{'videoId': 'zEfTDpfyt1o', 'topLevelComment': {'kind': 'youtube#comment', 'etag': 'x5g6aEpvavCjReYXikP2QZZEI3Q', 'id': 'UgyDsPd_GgzGBqK8Kux4AaABAg', 'snippet': {'videoId': 'zEfTDpfyt1o', 'textDisplay': 'Não pode  o cara está a trabalho independente da empresa que ele serve  está aí pra levar seu sustento pra casa  tudo isto é culpa do desmandos do stf', 'textOriginal': 'Não pode  o cara está a trabalho independente da empresa que ele serve  está aí pra levar seu sustento pra casa  tudo isto é culpa do desmandos do stf', 'authorDisplayName': 'pitbull ventura', 'authorProfileImageUrl': 'https://yt3.ggpht.com/jHQtkLulk9xJmin8vS_d5thVgcNW-wsUAOiSDZIS4kL0R5f1s3yRjgJvVT_7WYgUtKwCxnAk4yo=s48-c-k-c0x00ffffff-no-rj', 'authorChannelUrl': 'http://www.youtube.com/channel/UC-GhRXIzoNsqFLONupnOR_Q', 'authorChannelId': {'value': 'UC-GhRXIzoNsqFLONupnOR_Q'}, 'canRate': True, 'viewerRating': 'none', 'likeCount': 1, 'publishedAt': '2022-10-23T23:24:21Z', 'updatedAt': '2022-10-23T23:24:21Z'}}, 'canReply': True, 'totalReplyCount': 0, 'isPublic': True}",,UC-GhRXIzoNsqFLONupnOR_Q,2022-10-23T23:24:21Z,Não pode  o cara está a trabalho independente da empresa que ele serve  está aí pra levar seu sustento pra casa  tudo isto é culpa do desmandos do stf,QURTSl9pMFZackFLVkwyS1dSemNOU1Y3VHhaaTVzV1d3Y1FMYm9mZDBPN1NUa1hXZncyLXBjZmxJckdtTXdIZkpjX2RieVFnX2tNSFZucw==,2023-06-08 14:52:38.191822
youtube#commentThread,fgdpjJHUrlTK0ZEborjKa8AifdQ,Ugwrch38mf605FWwvEx4AaABAg,"{'videoId': 'zEfTDpfyt1o', 'topLevelComment': {'kind': 'youtube#comment', 'etag': 'AKXCtMrbtbp1kzbcSrX4_mjCa_o', 'id': 'Ugwrch38mf605FWwvEx4AaABAg', 'snippet': {'videoId': 'zEfTDpfyt1o', 'textDisplay': '<b>Tinha que ter feito mais, Bolsonaro 22</b>', 'textOriginal': '*Tinha que ter feito mais, Bolsonaro 22*', 'authorDisplayName': 'Moisés st', 'authorProfileImageUrl': 'https://yt3.ggpht.com/ytc/AGIKgqODnNx3uWZLekxKC9EPnRwiAhQhOT1baK7cmKCK=s48-c-k-c0x00ffffff-no-rj', 'authorChannelUrl': 'http://www.youtube.com/channel/UCDr2vgQR6yE8mfrrJerhSLw', 'authorChannelId': {'value': 'UCDr2vgQR6yE8mfrrJerhSLw'}, 'canRate': True, 'viewerRating': 'none', 'likeCount': 0, 'publishedAt': '2022-10-23T23:23:42Z', 'updatedAt': '2022-10-23T23:23:42Z'}}, 'canReply': True, 'totalReplyCount': 0, 'isPublic': True}",,UCDr2vgQR6yE8mfrrJerhSLw,2022-10-23T23:23:42Z,"*Tinha que ter feito mais, Bolsonaro 22*",QURTSl9pMFZackFLVkwyS1dSemNOU1Y3VHhaaTVzV1d3Y1FMYm9mZDBPN1NUa1hXZncyLXBjZmxJckdtTXdIZkpjX2RieVFnX2tNSFZucw==,2023-06-08 14:52:38.191822
youtube#commentThread,S0S-mzmWJK-OpufsDMQm1NfmoC4,Ugxnc6scnxy_GuieboR4AaABAg,"{'videoId': 'zEfTDpfyt1o', 'topLevelComment': {'kind': 'youtube#comment', 'etag': '1M99MYLbIXNGcW6T7GlNHGZS7l4', 'id': 'Ugxnc6scnxy_GuieboR4AaABAg', 'snippet': {'videoId': 'zEfTDpfyt1o', 'textDisplay': 'OLHA O QUE  XANDÃO FILHO DE SATANÁS CAUSOU ...MEU DEUS NOS LIBERTE 🤦🏻\\u200d♀️', 'textOriginal': 'OLHA O QUE  XANDÃO FILHO DE SATANÁS CAUSOU ...MEU DEUS NOS LIBERTE 🤦🏻\\u200d♀️', 'authorDisplayName': 'Maria de lourdes Constanza dos Santos', 'authorProfileImageUrl': 'https://yt3.ggpht.com/ytc/AGIKgqNcT12m0fcho-ZZUrXLR97qMtb2902cKYXoPA=s48-c-k-c0x00ffffff-no-rj', 'authorChannelUrl': 'http://www.youtube.com/channel/UCzkpiH3JJXk5FHovNMex5Ew', 'authorChannelId': {'value': 'UCzkpiH3JJXk5FHovNMex5Ew'}, 'canRate': True, 'viewerRating': 'none', 'likeCount': 1, 'publishedAt': '2022-10-23T23:23:38Z', 'updatedAt': '2022-10-23T23:23:38Z'}}, 'canReply': True, 'totalReplyCount': 0, 'isPublic': True}",,UCzkpiH3JJXk5FHovNMex5Ew,2022-10-23T23:23:38Z,OLHA O QUE  XANDÃO FILHO DE SATANÁS CAUSOU ...MEU DEUS NOS LIBERTE 🤦🏻‍♀️,QURTSl9pMFZackFLVkwyS1dSemNOU1Y3VHhaaTVzV1d3Y1FMYm9mZDBPN1NUa1hXZncyLXBjZmxJckdtTXdIZkpjX2RieVFnX2tNSFZucw==,2023-06-08 14:52:38.191822
youtube#commentThread,C51SJEznegSDHXfGo7IwENvijAw,UgyoSyOOLQNUkHYjSAh4AaABAg,"{'videoId': 'zEfTDpfyt1o', 'topLevelComment': {'kind': 'youtube#comment', 'etag': '3gMsE_FuOWAg8dZ2nkWq2u_xyAQ', 'id': 'UgyoSyOOLQNUkHYjSAh4AaABAg', 'snippet': {'videoId': 'zEfTDpfyt1o', 'textDisplay': 'Kkk pensava que a bandeiras brasileira era de bosonarista agora é Roberto Jefferson pois é a bandeiras e todos os brasileiros nem bosonarista nem Collor de Melo tirar a bandeira de todos os brasileiros', 'textOriginal': 'Kkk pensava que a bandeiras brasileira era de bosonarista agora é Roberto Jefferson pois é a bandeiras e todos os brasileiros nem bosonarista nem Collor de Melo tirar a bandeira de todos os brasileiros', 'authorDisplayName': 'Claudio Santana', 'authorProfileImageUrl': 'https://yt3.ggpht.com/ytc/AGIKgqM5Lsrj6ku6P3vLbbltcJGy1wc8eo_4PBruc3oxTRS5tnv0FGX3vgnKKcGqIMMI=s48-c-k-c0x00ffffff-no-rj', 'authorChannelUrl': 'http://www.youtube.com/channel/UCC8c-oGX8MitTLadsJ9PlKw', 'authorChannelId': {'value': 'UCC8c-oGX8MitTLadsJ9PlKw'}, 'canRate': True, 'viewerRating': 'none', 'likeCount': 0, 'publishedAt': '2022-10-23T23:22:58Z', 'updatedAt': '2022-10-23T23:22:58Z'}}, 'canReply': True, 'totalReplyCount': 0, 'isPublic': True}",,UCC8c-oGX8MitTLadsJ9PlKw,2022-10-23T23:22:58Z,Kkk pensava que a bandeiras brasileira era de bosonarista agora é Roberto Jefferson pois é a bandeiras e todos os brasileiros nem bosonarista nem Collor de Melo tirar a bandeira de todos os brasileiros,QURTSl9pMFZackFLVkwyS1dSemNOU1Y3VHhaaTVzV1d3Y1FMYm9mZDBPN1NUa1hXZncyLXBjZmxJckdtTXdIZkpjX2RieVFnX2tNSFZucw==,2023-06-08 14:52:38.191822
youtube#commentThread,_YieEAUd3b-Jf-NC_RTrPeIUum0,Ugz7Mqo4ZrViuLllEa14AaABAg,"{'videoId': 'zEfTDpfyt1o', 'topLevelComment': {'kind': 'youtube#comment', 'etag': 'eNa3a24P1F6m7SdrnT-hHXwNelY', 'id': 'Ugz7Mqo4ZrViuLllEa14AaABAg', 'snippet': {'videoId': 'zEfTDpfyt1o', 'textDisplay': 'Pronto, preparem os nervos vai ser tudo culpa do bolsonaro', 'textOriginal': 'Pronto, preparem os nervos vai ser tudo culpa do bolsonaro', 'authorDisplayName': 'Wellington Teófilo', 'authorProfileImageUrl': 'https://yt3.ggpht.com/ytc/AGIKgqONhA4-4VtzwXpe9DQxYZNursp_I-qQzsvzbV4f_w=s48-c-k-c0x00ffffff-no-rj', 'authorChannelUrl': 'http://www.youtube.com/channel/UCcYZixijr0taGEzFjAwvvFQ', 'authorChannelId': {'value': 'UCcYZixijr0taGEzFjAwvvFQ'}, 'canRate': True, 'viewerRating': 'none', 'likeCount': 1, 'publishedAt': '2022-10-23T23:22:57Z', 'updatedAt': '2022-10-23T23:22:57Z'}}, 'canReply': True, 'totalReplyCount': 0, 'isPublic': True}",,UCcYZixijr0taGEzFjAwvvFQ,2022-10-23T23:22:57Z,"Pronto, preparem os nervos vai ser tudo culpa do bolsonaro",QURTSl9pMFZackFLVkwyS1dSemNOU1Y3VHhaaTVzV1d3Y1FMYm9mZDBPN1NUa1hXZncyLXBjZmxJckdtTXdIZkpjX2RieVFnX2tNSFZucw==,2023-06-08 14:52:38.191822
youtube#commentThread,XW_eVTDy-rIeypNS5dhmT8vhJ3k,Ugw1HSrNdTcRhUVFzeZ4AaABAg,"{'videoId': 'zEfTDpfyt1o', 'topLevelComment': {'kind': 'youtube#comment', 'etag': 'R_hFBSBIF94FKW2haSeNpVHvglQ', 'id': 'Ugw1HSrNdTcRhUVFzeZ4AaABAg', 'snippet': {'videoId': 'zEfTDpfyt1o', 'textDisplay': 'Não se resolve dessa maneira as coisas ... justamente.... estamos lutando contra a violência que o Roberto Jefferson está sofrendo.... Tudo errado nesse país', 'textOriginal': 'Não se resolve dessa maneira as coisas ... justamente.... estamos lutando contra a violência que o Roberto Jefferson está sofrendo.... Tudo errado nesse país', 'authorDisplayName': 'TorresAndrade', 'authorProfileImageUrl': 'https://yt3.ggpht.com/ytc/AGIKgqMp3u_Y47qs7x2Glou7WKkpMgwwQBeIaiRAZw=s48-c-k-c0x00ffffff-no-rj', 'authorChannelUrl': 'http://www.youtube.com/channel/UCdN75_ny3iQtT_LNge7Z0yQ', 'authorChannelId': {'value': 'UCdN75_ny3iQtT_LNge7Z0yQ'}, 'canRate': True, 'viewerRating': 'none', 'likeCount': 0, 'publishedAt': '2022-10-23T23:22:50Z', 'updatedAt': '2022-10-23T23:23:11Z'}}, 'canReply': True, 'totalReplyCount': 0, 'isPublic': True}",,UCdN75_ny3iQtT_LNge7Z0yQ,2022-10-23T23:22:50Z,Não se resolve dessa maneira as coisas ... justamente.... estamos lutando contra a violência que o Roberto Jefferson está sofrendo.... Tudo errado nesse país,QURTSl9pMFZackFLVkwyS1dSemNOU1Y3VHhaaTVzV1d3Y1FMYm9mZDBPN1NUa1hXZncyLXBjZmxJckdtTXdIZkpjX2RieVFnX2tNSFZucw==,2023-06-08 14:52:38.191822
youtube#commentThread,_460HNeu8DDUp7mhMunrJv9Rpd4,Ugzjz0JczW7zH5tAMVt4AaABAg,"{'videoId': 'zEfTDpfyt1o', 'topLevelComment': {'kind': 'youtube#comment', 'etag': 'haiWx7_RwvbKRt15WGKwQSzoLUo', 'id': 'Ugzjz0JczW7zH5tAMVt4AaABAg', 'snippet': {'videoId': 'zEfTDpfyt1o', 'textDisplay': 'É QUE O BRASIL, JÁ NÃO AGUENTA MAIS.......  GLOBOLIXO UOL CNN STF TSE PT ORGANIZAÇÃO CRIMINOSA........ ISSO NÃO É UMA ELEIÇÃO 👈👈👈👈👈👈👈👈👈👈👈👈👈', 'textOriginal': 'É QUE O BRASIL, JÁ NÃO AGUENTA MAIS.......  GLOBOLIXO UOL CNN STF TSE PT ORGANIZAÇÃO CRIMINOSA........ ISSO NÃO É UMA ELEIÇÃO 👈👈👈👈👈👈👈👈👈👈👈👈👈', 'authorDisplayName': 'Waldir Dos Santos', 'authorProfileImageUrl': 'https://yt3.ggpht.com/ytc/AGIKgqMI7ZlZw6xK1OS9bLyBE3jaHF8eLIxKjw11cY2Pr8rQfqS00ZwTwEWnWrmsgzAa=s48-c-k-c0x00ffffff-no-rj', 'authorChannelUrl': 'http://www.youtube.com/channel/UCX-iPyIUkYf9E-AS9DDaWLQ', 'authorChannelId': {'value': 'UCX-iPyIUkYf9E-AS9DDaWLQ'}, 'canRate': True, 'viewerRating': 'none', 'likeCount': 0, 'publishedAt': '2022-10-23T23:22:50Z', 'updatedAt': '2022-10-23T23:22:50Z'}}, 'canReply': True, 'totalReplyCount': 0, 'isPublic': True}",,UCX-iPyIUkYf9E-AS9DDaWLQ,2022-10-23T23:22:50Z,"É QUE O BRASIL, JÁ NÃO AGUENTA MAIS.......  GLOBOLIXO UOL CNN STF TSE PT ORGANIZAÇÃO CRIMINOSA........ ISSO NÃO É UMA ELEIÇÃO 👈👈👈👈👈👈👈👈👈👈👈👈👈",QURTSl9pMFZackFLVkwyS1dSemNOU1Y3VHhaaTVzV1d3Y1FMYm9mZDBPN1NUa1hXZncyLXBjZmxJckdtTXdIZkpjX2RieVFnX2tNSFZucw==,2023-06-08 14:52:38.191822
youtube#commentThread,ulnngLb6R4NPAHpogzCEdTexoNM,UgzDeKnGmj-RWhdpdhl4AaABAg,"{'videoId': 'zEfTDpfyt1o', 'topLevelComment': {'kind': 'youtube#comment', 'etag': 'OgJ__DJJF3Dh6tKUXsGM5JrETdM', 'id': 'UgzDeKnGmj-RWhdpdhl4AaABAg', 'snippet': {'videoId': 'zEfTDpfyt1o', 'textDisplay': 'Bem feito. Globo fora.', 'textOriginal': 'Bem feito. Globo fora.', 'authorDisplayName': 'Maria Moraes', 'authorProfileImageUrl': 'https://yt3.ggpht.com/ytc/AGIKgqOF-WnWfy3RAx1ErXOrRAj2BiLfFPvV_yQaSaERIGUIXST4IQDKruJKD8WBpQGQ=s48-c-k-c0x00ffffff-no-rj', 'authorChannelUrl': 'http://www.youtube.com/channel/UCx-8N1EczcCRHo0VYk8Qn2w', 'authorChannelId': {'value': 'UCx-8N1EczcCRHo0VYk8Qn2w'}, 'canRate': True, 'viewerRating': 'none', 'likeCount': 0, 'publishedAt': '2022-10-23T23:22:37Z', 'updatedAt': '2022-10-23T23:22:37Z'}}, 'canReply': True, 'totalReplyCount': 0, 'isPublic': True}",,UCx-8N1EczcCRHo0VYk8Qn2w,2022-10-23T23:22:37Z,Bem feito. Globo fora.,QURTSl9pMFZackFLVkwyS1dSemNOU1Y3VHhaaTVzV1d3Y1FMYm9mZDBPN1NUa1hXZncyLXBjZmxJckdtTXdIZkpjX2RieVFnX2tNSFZucw==,2023-06-08 14:52:38.191822
youtube#commentThread,vOeGumPb2fd2OfYKcDcbwg2qIzU,UgwRkQfXges-HSmDXnZ4AaABAg,"{'videoId': 'zEfTDpfyt1o', 'topLevelComment': {'kind': 'youtube#comment', 'etag': 'TSrn3FQMOJ2oqT9UmlrGJ5ilI6I', 'id': 'UgwRkQfXges-HSmDXnZ4AaABAg', 'snippet': {'videoId': 'zEfTDpfyt1o', 'textDisplay': 'Covardia é também  verbal  .', 'textOriginal': 'Covardia é também  verbal  .', 'authorDisplayName': 'Ana Braz', 'authorProfileImageUrl': 'https://yt3.ggpht.com/ytc/AGIKgqNRhuxNDmqKfVWWt5klnAQW82Ug2B4eigUbdsYR=s48-c-k-c0x00ffffff-no-rj', 'authorChannelUrl': 'http://www.youtube.com/channel/UCc5tJ_FfdUpEmdIjTH_QRUg', 'authorChannelId': {'value': 'UCc5tJ_FfdUpEmdIjTH_QRUg'}, 'canRate': True, 'viewerRating': 'none', 'likeCount': 0, 'publishedAt': '2022-10-23T23:22:27Z', 'updatedAt': '2022-10-23T23:22:27Z'}}, 'canReply': True, 'totalReplyCount': 0, 'isPublic': True}",,UCc5tJ_FfdUpEmdIjTH_QRUg,2022-10-23T23:22:27Z,Covardia é também  verbal  .,QURTSl9pMFZackFLVkwyS1dSemNOU1Y3VHhaaTVzV1d3Y1FMYm9mZDBPN1NUa1hXZncyLXBjZmxJckdtTXdIZkpjX2RieVFnX2tNSFZucw==,2023-06-08 14:52:38.191822
youtube#commentThread,m15DnD0WPRDVt1N3X-7PPRQSpbY,UgzXKtvKmkko-xF23_d4AaABAg,"{'videoId': 'zEfTDpfyt1o', 'topLevelComment': {'kind': 'youtube#comment', 'etag': 'ziA_In6Bd_82I4TjBMtvw492tAs', 'id': 'UgzXKtvKmkko-xF23_d4AaABAg', 'snippet': {'videoId': 'zEfTDpfyt1o', 'textDisplay': 'Um louco agrediu o profissional, não apoiadores do Presidente.', 'textOriginal': 'Um louco agrediu o profissional, não apoiadores do Presidente.', 'authorDisplayName': 'clovis pedroso silva', 'authorProfileImageUrl': 'https://yt3.ggpht.com/vFs0TRKQa20GncHyWCc5PkS0BBcA-Klw7dy4txKuGBkgXfpncdHsWRfCy5bGXd_yhOhw_rVNTg=s48-c-k-c0x00ffffff-no-rj', 'authorChannelUrl': 'http://www.youtube.com/channel/UCRJvjoG4E6LO32DfgNHQXsw', 'authorChannelId': {'value': 'UCRJvjoG4E6LO32DfgNHQXsw'}, 'canRate': True, 'viewerRating': 'none', 'likeCount': 0, 'publishedAt': '2022-10-23T23:22:26Z', 'updatedAt': '2022-10-23T23:22:26Z'}}, 'canReply': True, 'totalReplyCount': 0, 'isPublic': True}",,UCRJvjoG4E6LO32DfgNHQXsw,2022-10-23T23:22:26Z,"Um louco agrediu o profissional, não apoiadores do Presidente.",QURTSl9pMFZackFLVkwyS1dSemNOU1Y3VHhaaTVzV1d3Y1FMYm9mZDBPN1NUa1hXZncyLXBjZmxJckdtTXdIZkpjX2RieVFnX2tNSFZucw==,2023-06-08 14:52:38.191822
youtube#commentThread,O2h5fTACYKWRXur68081ZdRkb3M,UgzgOJnAvUd8KSOTVWd4AaABAg,"{'videoId': 'zEfTDpfyt1o', 'topLevelComment': {'kind': 'youtube#comment', 'etag': 'cF8Fy_HSa4YYiSiU76YF5739zbk', 'id': 'UgzgOJnAvUd8KSOTVWd4AaABAg', 'snippet': {'videoId': 'zEfTDpfyt1o', 'textDisplay': 'Isso vai da pt perda total <br>Aí meu Deus a galera ta ficando doida', 'textOriginal': 'Isso vai da pt perda total \\nAí meu Deus a galera ta ficando doida', 'authorDisplayName': 'Walkyria Eliane da Silva', 'authorProfileImageUrl': 'https://yt3.ggpht.com/ytc/AGIKgqNWaMkE2J9Yh3GPHFoY86blqfz26He797phj9ms3l4=s48-c-k-c0x00ffffff-no-rj', 'authorChannelUrl': 'http://www.youtube.com/channel/UCxlYbt2R82XDexH00lZexrw', 'authorChannelId': {'value': 'UCxlYbt2R82XDexH00lZexrw'}, 'canRate': True, 'viewerRating': 'none', 'likeCount': 0, 'publishedAt': '2022-10-23T23:22:25Z', 'updatedAt': '2022-10-23T23:22:25Z'}}, 'canReply': True, 'totalReplyCount': 0, 'isPublic': True}",,UCxlYbt2R82XDexH00lZexrw,2022-10-23T23:22:25Z,"Isso vai da pt perda total 
Aí meu Deus a galera ta ficando doida",QURTSl9pMFZackFLVkwyS1dSemNOU1Y3VHhaaTVzV1d3Y1FMYm9mZDBPN1NUa1hXZncyLXBjZmxJckdtTXdIZkpjX2RieVFnX2tNSFZucw==,2023-06-08 14:52:38.191822
youtube#commentThread,ams54jtlOHSx6COTcyUa3Hihtsg,UgysrruVgnsvi_Fh0oR4AaABAg,"{'videoId': 'zEfTDpfyt1o', 'topLevelComment': {'kind': 'youtube#comment', 'etag': 'Ab9t6yVyMEjoCuqrD_VDzqzi6s8', 'id': 'UgysrruVgnsvi_Fh0oR4AaABAg', 'snippet': {'videoId': 'zEfTDpfyt1o', 'textDisplay': 'Deus santo as bruxas estão soltas está amarrado essas brasas', 'textOriginal': 'Deus santo as bruxas estão soltas está amarrado essas brasas', 'authorDisplayName': 'Eremita LeBreux', 'authorProfileImageUrl': 'https://yt3.ggpht.com/ytc/AGIKgqNNRvfkT-xgtgej3WId6oaHMXd3kjnkSjQRZQ=s48-c-k-c0x00ffffff-no-rj', 'authorChannelUrl': 'http://www.youtube.com/channel/UCbkDQ8fkwdPVLKYYWpy7WIw', 'authorChannelId': {'value': 'UCbkDQ8fkwdPVLKYYWpy7WIw'}, 'canRate': True, 'viewerRating': 'none', 'likeCount': 0, 'publishedAt': '2022-10-23T23:22:13Z', 'updatedAt': '2022-10-23T23:22:13Z'}}, 'canReply': True, 'totalReplyCount': 0, 'isPublic': True}",,UCbkDQ8fkwdPVLKYYWpy7WIw,2022-10-23T23:22:13Z,Deus santo as bruxas estão soltas está amarrado essas brasas,QURTSl9pMFZackFLVkwyS1dSemNOU1Y3VHhaaTVzV1d3Y1FMYm9mZDBPN1NUa1hXZncyLXBjZmxJckdtTXdIZkpjX2RieVFnX2tNSFZucw==,2023-06-08 14:52:38.191822
youtube#commentThread,u9BSeK8TqtJ4udVp2-AQQGt3AMM,UgzW13Cn8hTDFIucrxV4AaABAg,"{'videoId': 'zEfTDpfyt1o', 'topLevelComment': {'kind': 'youtube#comment', 'etag': '8Iz_UsEhqc_HYJGnoZnk9SEZR2Q', 'id': 'UgzW13Cn8hTDFIucrxV4AaABAg', 'snippet': {'videoId': 'zEfTDpfyt1o', 'textDisplay': 'Só VAGABUNDOS  nesse canal 👍👍👍👍👍', 'textOriginal': 'Só VAGABUNDOS  nesse canal 👍👍👍👍👍', 'authorDisplayName': 'Grace Souza Pereira', 'authorProfileImageUrl': 'https://yt3.ggpht.com/wsS0RYFUZhjpnO2xvQZLJLZ64Jv62Nc8V6ojdNwhV3EcVZBeGv_AMBQeGbVOopyXkoT1NIJb=s48-c-k-c0x00ffffff-no-rj', 'authorChannelUrl': 'http://www.youtube.com/channel/UCZWdo9X0OIeGwRAjFS2YYng', 'authorChannelId': {'value': 'UCZWdo9X0OIeGwRAjFS2YYng'}, 'canRate': True, 'viewerRating': 'none', 'likeCount': 0, 'publishedAt': '2022-10-23T23:21:56Z', 'updatedAt': '2022-10-23T23:21:56Z'}}, 'canReply': True, 'totalReplyCount': 0, 'isPublic': True}",,UCZWdo9X0OIeGwRAjFS2YYng,2022-10-23T23:21:56Z,Só VAGABUNDOS  nesse canal 👍👍👍👍👍,QURTSl9pMFZackFLVkwyS1dSemNOU1Y3VHhaaTVzV1d3Y1FMYm9mZDBPN1NUa1hXZncyLXBjZmxJckdtTXdIZkpjX2RieVFnX2tNSFZucw==,2023-06-08 14:52:38.191822
youtube#commentThread,cmL3dhL6o-5n818y-wgTN89OjzE,Ugzy6V7UEQO6cPS-V3V4AaABAg,"{'videoId': 'zEfTDpfyt1o', 'topLevelComment': {'kind': 'youtube#comment', 'etag': '83c5sBbJcgsEivwOmq9RY4bz7gE', 'id': 'Ugzy6V7UEQO6cPS-V3V4AaABAg', 'snippet': {'videoId': 'zEfTDpfyt1o', 'textDisplay': 'Parabéns ao STF e Rodrigo Pacheco por trazer a violência e a insegurança jurídica e o  cerceamento das liberdades. Não existe mas processo legal. Roberto Jeferson está errado ao reagir desta forma o trabalho da PF.', 'textOriginal': 'Parabéns ao STF e Rodrigo Pacheco por trazer a violência e a insegurança jurídica e o  cerceamento das liberdades. Não existe mas processo legal. Roberto Jeferson está errado ao reagir desta forma o trabalho da PF.', 'authorDisplayName': 'DRM Figueira', 'authorProfileImageUrl': 'https://yt3.ggpht.com/Kwh5XlTjzg0Ke34vzMo5vapNO7ZkFQswCGUDCqXIj9C_uX98ar1leoF5qWW30e7HIcMS1GJCMQ=s48-c-k-c0x00ffffff-no-rj', 'authorChannelUrl': 'http://www.youtube.com/channel/UCnI0de4YIx1fQmKQMxiIXSA', 'authorChannelId': {'value': 'UCnI0de4YIx1fQmKQMxiIXSA'}, 'canRate': True, 'viewerRating': 'none', 'likeCount': 1, 'publishedAt': '2022-10-23T23:21:55Z', 'updatedAt': '2022-10-23T23:21:55Z'}}, 'canReply': True, 'totalReplyCount': 0, 'isPublic': True}",,UCnI0de4YIx1fQmKQMxiIXSA,2022-10-23T23:21:55Z,Parabéns ao STF e Rodrigo Pacheco por trazer a violência e a insegurança jurídica e o  cerceamento das liberdades. Não existe mas processo legal. Roberto Jeferson está errado ao reagir desta forma o trabalho da PF.,QURTSl9pMFZackFLVkwyS1dSemNOU1Y3VHhaaTVzV1d3Y1FMYm9mZDBPN1NUa1hXZncyLXBjZmxJckdtTXdIZkpjX2RieVFnX2tNSFZucw==,2023-06-08 14:52:38.191822
youtube#commentThread,vgQ1i57lSF0QZpyVMYlX-2KBKW0,Ugwf6oHS2EBc4UWqcVp4AaABAg,"{'videoId': 'zEfTDpfyt1o', 'topLevelComment': {'kind': 'youtube#comment', 'etag': 'KkfNCNQGCWrwonQBx9-iCanqwLU', 'id': 'Ugwf6oHS2EBc4UWqcVp4AaABAg', 'snippet': {'videoId': 'zEfTDpfyt1o', 'textDisplay': 'cendo da globo bem feito .pork aglobo destorce as reportajem', 'textOriginal': 'cendo da globo bem feito .pork aglobo destorce as reportajem', 'authorDisplayName': 'Troniz 1707', 'authorProfileImageUrl': 'https://yt3.ggpht.com/ytc/AGIKgqP_0en6nUZF7adlIhJkgt6ubX2gJSlLRJreAB1m0A=s48-c-k-c0x00ffffff-no-rj', 'authorChannelUrl': 'http://www.youtube.com/channel/UCbrixARCaEgiI4dr6TGwWWg', 'authorChannelId': {'value': 'UCbrixARCaEgiI4dr6TGwWWg'}, 'canRate': True, 'viewerRating': 'none', 'likeCount': 0, 'publishedAt': '2022-10-23T23:21:37Z', 'updatedAt': '2022-10-23T23:21:37Z'}}, 'canReply': True, 'totalReplyCount': 0, 'isPublic': True}",,UCbrixARCaEgiI4dr6TGwWWg,2022-10-23T23:21:37Z,cendo da globo bem feito .pork aglobo destorce as reportajem,QURTSl9pMFZackFLVkwyS1dSemNOU1Y3VHhaaTVzV1d3Y1FMYm9mZDBPN1NUa1hXZncyLXBjZmxJckdtTXdIZkpjX2RieVFnX2tNSFZucw==,2023-06-08 14:52:38.191822
youtube#commentThread,i0uBvpUEtkrC6i2z9sWey6EJmjk,UgwlPJ3D3LZWiIvPGvx4AaABAg,"{'videoId': 'zEfTDpfyt1o', 'topLevelComment': {'kind': 'youtube#comment', 'etag': 'cwVZCc6l7eZ5BgFZr9n1bjDTeew', 'id': 'UgwlPJ3D3LZWiIvPGvx4AaABAg', 'snippet': {'videoId': 'zEfTDpfyt1o', 'textDisplay': 'cenoura. agressão a profissionais da comunicação. agressão  aos policias e inadmissível e vergonhoso em situação chegamos', 'textOriginal': 'cenoura. agressão a profissionais da comunicação. agressão  aos policias e inadmissível e vergonhoso em situação chegamos', 'authorDisplayName': 'Delma Gomes dos Santos Oliveira', 'authorProfileImageUrl': 'https://yt3.ggpht.com/ytc/AGIKgqMPU0ddjbOMPFEGH8rbkE8vbKHWHbcT3ItpVkWz1Q=s48-c-k-c0x00ffffff-no-rj', 'authorChannelUrl': 'http://www.youtube.com/channel/UCslSCPGNMi6AIT74Tfm_RdQ', 'authorChannelId': {'value': 'UCslSCPGNMi6AIT74Tfm_RdQ'}, 'canRate': True, 'viewerRating': 'none', 'likeCount': 1, 'publishedAt': '2022-10-23T23:21:33Z', 'updatedAt': '2022-10-23T23:21:33Z'}}, 'canReply': True, 'totalReplyCount': 0, 'isPublic': True}",,UCslSCPGNMi6AIT74Tfm_RdQ,2022-10-23T23:21:33Z,cenoura. agressão a profissionais da comunicação. agressão  aos policias e inadmissível e vergonhoso em situação chegamos,QURTSl9pMFZackFLVkwyS1dSemNOU1Y3VHhaaTVzV1d3Y1FMYm9mZDBPN1NUa1hXZncyLXBjZmxJckdtTXdIZkpjX2RieVFnX2tNSFZucw==,2023-06-08 14:52:38.191822
youtube#commentThread,GPs0nwU9vBFD1jeEKxziW2PD4WI,Ugy159O3VQJKZNsJcw94AaABAg,"{'videoId': 'zEfTDpfyt1o', 'topLevelComment': {'kind': 'youtube#comment', 'etag': 'UBNt2UVDgLbW_JksQ431IkgIPk8', 'id': 'Ugy159O3VQJKZNsJcw94AaABAg', 'snippet': {'videoId': 'zEfTDpfyt1o', 'textDisplay': 'A Globo e a jovem pan estão sendo perseguidas por esse governo temos que ir pra rua Brasil defender nossas emissoras vamos Brasil', 'textOriginal': 'A Globo e a jovem pan estão sendo perseguidas por esse governo temos que ir pra rua Brasil defender nossas emissoras vamos Brasil', 'authorDisplayName': 'Rogerio Canaverde', 'authorProfileImageUrl': 'https://yt3.ggpht.com/ytc/AGIKgqNg0NRElcjdbB511GHqs7vwIzxTiQ0XGiuMx2A8gw=s48-c-k-c0x00ffffff-no-rj', 'authorChannelUrl': 'http://www.youtube.com/channel/UCYkC8_7ejwedy0SBIw-vKaQ', 'authorChannelId': {'value': 'UCYkC8_7ejwedy0SBIw-vKaQ'}, 'canRate': True, 'viewerRating': 'none', 'likeCount': 1, 'publishedAt': '2022-10-23T23:21:29Z', 'updatedAt': '2022-10-23T23:21:29Z'}}, 'canReply': True, 'totalReplyCount': 0, 'isPublic': True}",,UCYkC8_7ejwedy0SBIw-vKaQ,2022-10-23T23:21:29Z,A Globo e a jovem pan estão sendo perseguidas por esse governo temos que ir pra rua Brasil defender nossas emissoras vamos Brasil,QURTSl9pMFZackFLVkwyS1dSemNOU1Y3VHhaaTVzV1d3Y1FMYm9mZDBPN1NUa1hXZncyLXBjZmxJckdtTXdIZkpjX2RieVFnX2tNSFZucw==,2023-06-08 14:52:38.191822
youtube#commentThread,7OE3rZJGgFcJES7oPpeFXenNOy8,UgwCzbSDHiJ1D0t3WI94AaABAg,"{'videoId': 'zEfTDpfyt1o', 'topLevelComment': {'kind': 'youtube#comment', 'etag': 'fUoLYn3V3kr20zXHqEZ-3azO0FE', 'id': 'UgwCzbSDHiJ1D0t3WI94AaABAg', 'snippet': {'videoId': 'zEfTDpfyt1o', 'textDisplay': 'Acabou a democracia.', 'textOriginal': 'Acabou a democracia.', 'authorDisplayName': 'Sylvia Bezerra', 'authorProfileImageUrl': 'https://yt3.ggpht.com/ytc/AGIKgqMWVuNAGIO9P3qP2gL-qEErHBN5YuyoLFbraw=s48-c-k-c0x00ffffff-no-rj', 'authorChannelUrl': 'http://www.youtube.com/channel/UCCwxSGjY4LtLBSCa1tbOM1g', 'authorChannelId': {'value': 'UCCwxSGjY4LtLBSCa1tbOM1g'}, 'canRate': True, 'viewerRating': 'none', 'likeCount': 1, 'publishedAt': '2022-10-23T23:21:28Z', 'updatedAt': '2022-10-23T23:21:28Z'}}, 'canReply': True, 'totalReplyCount': 0, 'isPublic': True}",,UCCwxSGjY4LtLBSCa1tbOM1g,2022-10-23T23:21:28Z,Acabou a democracia.,QURTSl9pMFZackFLVkwyS1dSemNOU1Y3VHhaaTVzV1d3Y1FMYm9mZDBPN1NUa1hXZncyLXBjZmxJckdtTXdIZkpjX2RieVFnX2tNSFZucw==,2023-06-08 14:52:38.191822
youtube#commentThread,AyNcVypifEo2h0Qiye-lYGpOq24,UgyXJ5HMoe6OD-NVYs54AaABAg,"{'videoId': 'zEfTDpfyt1o', 'topLevelComment': {'kind': 'youtube#comment', 'etag': 'uzJtppk055j9OfHUD63fIkcSFms', 'id': 'UgyXJ5HMoe6OD-NVYs54AaABAg', 'snippet': {'videoId': 'zEfTDpfyt1o', 'textDisplay': 'A GLOBO NÃO É JORNALISMO.', 'textOriginal': 'A GLOBO NÃO É JORNALISMO.', 'authorDisplayName': 'Rafael Silva', 'authorProfileImageUrl': 'https://yt3.ggpht.com/L-IMf1h_xjiyccN03mCCysLft2Rxp8U80gj-qoYYlKHtsdOBf4ae9iA1BPddEDCgahOnh_3v8Rs=s48-c-k-c0x00ffffff-no-rj', 'authorChannelUrl': 'http://www.youtube.com/channel/UC68IMfW1i7aGntS-9liIRBg', 'authorChannelId': {'value': 'UC68IMfW1i7aGntS-9liIRBg'}, 'canRate': True, 'viewerRating': 'none', 'likeCount': 0, 'publishedAt': '2022-10-23T23:21:25Z', 'updatedAt': '2022-10-23T23:21:25Z'}}, 'canReply': True, 'totalReplyCount': 0, 'isPublic': True}",,UC68IMfW1i7aGntS-9liIRBg,2022-10-23T23:21:25Z,A GLOBO NÃO É JORNALISMO.,QURTSl9pMFZackFLVkwyS1dSemNOU1Y3VHhaaTVzV1d3Y1FMYm9mZDBPN1NUa1hXZncyLXBjZmxJckdtTXdIZkpjX2RieVFnX2tNSFZucw==,2023-06-08 14:52:38.191822
youtube#commentThread,Q-C42-Jk359B-ZSp2uZZacypACU,UgxVkONRHhasrqcVUtB4AaABAg,"{'videoId': 'zEfTDpfyt1o', 'topLevelComment': {'kind': 'youtube#comment', 'etag': 'kSCx3frK_P_2YaoGHA5bmbFRQws', 'id': 'UgxVkONRHhasrqcVUtB4AaABAg', 'snippet': {'videoId': 'zEfTDpfyt1o', 'textDisplay': 'não apoio a quaisquer tipo de violência, mas isso e só um começo do que vem por ai o povo estao  revoltado com tudo que está acontecendo nas ordens autoritária de alguns ministro do supremo isso e fato', 'textOriginal': 'não apoio a quaisquer tipo de violência, mas isso e só um começo do que vem por ai o povo estao  revoltado com tudo que está acontecendo nas ordens autoritária de alguns ministro do supremo isso e fato', 'authorDisplayName': 'jose Silva', 'authorProfileImageUrl': 'https://yt3.ggpht.com/ytc/AGIKgqNxwyys1jalasZg_8QeZukFazAu6CS6C7-nbHEl0JKjjroxWzI7DEybe_tj5ETN=s48-c-k-c0x00ffffff-no-rj', 'authorChannelUrl': 'http://www.youtube.com/channel/UC1-KvoNj3AtzisYM23jKc5Q', 'authorChannelId': {'value': 'UC1-KvoNj3AtzisYM23jKc5Q'}, 'canRate': True, 'viewerRating': 'none', 'likeCount': 0, 'publishedAt': '2022-10-23T23:21:06Z', 'updatedAt': '2022-10-23T23:21:06Z'}}, 'canReply': True, 'totalReplyCount': 0, 'isPublic': True}",,UC1-KvoNj3AtzisYM23jKc5Q,2022-10-23T23:21:06Z,"não apoio a quaisquer tipo de violência, mas isso e só um começo do que vem por ai o povo estao  revoltado com tudo que está acontecendo nas ordens autoritária de alguns ministro do supremo isso e fato",QURTSl9pMFZackFLVkwyS1dSemNOU1Y3VHhaaTVzV1d3Y1FMYm9mZDBPN1NUa1hXZncyLXBjZmxJckdtTXdIZkpjX2RieVFnX2tNSFZucw==,2023-06-08 14:52:38.191822
youtube#commentThread,Xno6Lo3lCOcMQSDBZMgXkAU4bMM,UgyKjA0LA8EX_M8uoBJ4AaABAg,"{'videoId': 'zEfTDpfyt1o', 'topLevelComment': {'kind': 'youtube#comment', 'etag': '4KvSleP-bOc7rNRN0RyogFvo7ws', 'id': 'UgyKjA0LA8EX_M8uoBJ4AaABAg', 'snippet': {'videoId': 'zEfTDpfyt1o', 'textDisplay': 'É violência não é o caminho', 'textOriginal': 'É violência não é o caminho', 'authorDisplayName': 'Geni Aparecida Rodrigues Silva', 'authorProfileImageUrl': 'https://yt3.ggpht.com/KUkffzONhrlWhgVwJ_7Pq3zL3_rv8Pjz5Ui6yXZh4rmRDuqwsXY0jVkggsqfmvX5Bx-grL3yqg=s48-c-k-c0x00ffffff-no-rj', 'authorChannelUrl': 'http://www.youtube.com/channel/UCF8XEsp2N4JeJzJilw9o6WQ', 'authorChannelId': {'value': 'UCF8XEsp2N4JeJzJilw9o6WQ'}, 'canRate': True, 'viewerRating': 'none', 'likeCount': 1, 'publishedAt': '2022-10-23T23:21:04Z', 'updatedAt': '2022-10-23T23:21:04Z'}}, 'canReply': True, 'totalReplyCount': 0, 'isPublic': True}",,UCF8XEsp2N4JeJzJilw9o6WQ,2022-10-23T23:21:04Z,É violência não é o caminho,QURTSl9pMFZackFLVkwyS1dSemNOU1Y3VHhaaTVzV1d3Y1FMYm9mZDBPN1NUa1hXZncyLXBjZmxJckdtTXdIZkpjX2RieVFnX2tNSFZucw==,2023-06-08 14:52:38.191822
youtube#commentThread,XQDh1bQUYX-n5lk1ySV4BV83VHs,UgweCenyY1nyokOAWvp4AaABAg,"{'videoId': 'zEfTDpfyt1o', 'topLevelComment': {'kind': 'youtube#comment', 'etag': 'U76EnA2nTjmi9HaR88bmz4z5llY', 'id': 'UgweCenyY1nyokOAWvp4AaABAg', 'snippet': {'videoId': 'zEfTDpfyt1o', 'textDisplay': 'A culpa de tudo que estar acontecendo é culpa do STF!', 'textOriginal': 'A culpa de tudo que estar acontecendo é culpa do STF!', 'authorDisplayName': 'Antonio sergio Tavares neves', 'authorProfileImageUrl': 'https://yt3.ggpht.com/ytc/AGIKgqPV2kDoTC13YySbz_YXKLuJ689Aj5il50Z9Jw=s48-c-k-c0x00ffffff-no-rj', 'authorChannelUrl': 'http://www.youtube.com/channel/UCFKntsu7XJHTRWku-ZbvKJQ', 'authorChannelId': {'value': 'UCFKntsu7XJHTRWku-ZbvKJQ'}, 'canRate': True, 'viewerRating': 'none', 'likeCount': 0, 'publishedAt': '2022-10-23T23:20:56Z', 'updatedAt': '2022-10-23T23:20:56Z'}}, 'canReply': True, 'totalReplyCount': 0, 'isPublic': True}",,UCFKntsu7XJHTRWku-ZbvKJQ,2022-10-23T23:20:56Z,A culpa de tudo que estar acontecendo é culpa do STF!,QURTSl9pMFZackFLVkwyS1dSemNOU1Y3VHhaaTVzV1d3Y1FMYm9mZDBPN1NUa1hXZncyLXBjZmxJckdtTXdIZkpjX2RieVFnX2tNSFZucw==,2023-06-08 14:52:38.191822
youtube#commentThread,i2CGwPGFQnxEDYejQL5OzOlSZb8,UgzbmzaZyx29Y7bIf2l4AaABAg,"{'videoId': 'zEfTDpfyt1o', 'topLevelComment': {'kind': 'youtube#comment', 'etag': 'IZNwmWmFMgWMf7UOeKEFHuI4PvY', 'id': 'UgzbmzaZyx29Y7bIf2l4AaABAg', 'snippet': {'videoId': 'zEfTDpfyt1o', 'textDisplay': 'A Cnn fica fazendo ilações dizendo que é um Bolsonarista que agrediu ao Repórter. Essa Cnn é um puxadinho da globo .', 'textOriginal': 'A Cnn fica fazendo ilações dizendo que é um Bolsonarista que agrediu ao Repórter. Essa Cnn é um puxadinho da globo .', 'authorDisplayName': 'DANIEL P. SANTOS', 'authorProfileImageUrl': 'https://yt3.ggpht.com/pHUTJyAnLGGSsQe9EJmW3iyAwtYFRfY-7oHOQputvFXBEG0TVfQlkth4qzS_S1iv41rA0guZ-w=s48-c-k-c0x00ffffff-no-rj', 'authorChannelUrl': 'http://www.youtube.com/channel/UCeG7RObvp2i_cJSFLXvpMaA', 'authorChannelId': {'value': 'UCeG7RObvp2i_cJSFLXvpMaA'}, 'canRate': True, 'viewerRating': 'none', 'likeCount': 0, 'publishedAt': '2022-10-23T23:20:51Z', 'updatedAt': '2022-10-23T23:20:51Z'}}, 'canReply': True, 'totalReplyCount': 0, 'isPublic': True}",,UCeG7RObvp2i_cJSFLXvpMaA,2022-10-23T23:20:51Z,A Cnn fica fazendo ilações dizendo que é um Bolsonarista que agrediu ao Repórter. Essa Cnn é um puxadinho da globo .,QURTSl9pMFZackFLVkwyS1dSemNOU1Y3VHhaaTVzV1d3Y1FMYm9mZDBPN1NUa1hXZncyLXBjZmxJckdtTXdIZkpjX2RieVFnX2tNSFZucw==,2023-06-08 14:52:38.191822
youtube#commentThread,fNX_5cN5iax0ISM3jpO52_77PBk,UgxbIL7Eklwc-64cP1Z4AaABAg,"{'videoId': 'zEfTDpfyt1o', 'topLevelComment': {'kind': 'youtube#comment', 'etag': 'n3APe1C5DI6jUQa3L2_LDcx4InM', 'id': 'UgxbIL7Eklwc-64cP1Z4AaABAg', 'snippet': {'videoId': 'zEfTDpfyt1o', 'textDisplay': 'Povo tá maluco,povo tá cansado,ninguém aguenta mais..', 'textOriginal': 'Povo tá maluco,povo tá cansado,ninguém aguenta mais..', 'authorDisplayName': 'Gustavo Bayer', 'authorProfileImageUrl': 'https://yt3.ggpht.com/ytc/AGIKgqPA3G5ROijvZKjS9wVUFXgOHNhZ8aMYUcureV9oGQ=s48-c-k-c0x00ffffff-no-rj', 'authorChannelUrl': 'http://www.youtube.com/channel/UCzMGl6pfuZJsUNsw3rOuC5A', 'authorChannelId': {'value': 'UCzMGl6pfuZJsUNsw3rOuC5A'}, 'canRate': True, 'viewerRating': 'none', 'likeCount': 0, 'publishedAt': '2022-10-23T23:20:44Z', 'updatedAt': '2022-10-23T23:20:44Z'}}, 'canReply': True, 'totalReplyCount': 0, 'isPublic': True}",,UCzMGl6pfuZJsUNsw3rOuC5A,2022-10-23T23:20:44Z,"Povo tá maluco,povo tá cansado,ninguém aguenta mais..",QURTSl9pMFZackFLVkwyS1dSemNOU1Y3VHhaaTVzV1d3Y1FMYm9mZDBPN1NUa1hXZncyLXBjZmxJckdtTXdIZkpjX2RieVFnX2tNSFZucw==,2023-06-08 14:52:38.191822
youtube#commentThread,HXcFyuJITy7WJfi10JP_txtC_TU,UgxIqO6BcEY8HPtp3x94AaABAg,"{'videoId': 'zEfTDpfyt1o', 'topLevelComment': {'kind': 'youtube#comment', 'etag': 'UuvLfLp5xtx2T9E7NgOSOZXHuko', 'id': 'UgxIqO6BcEY8HPtp3x94AaABAg', 'snippet': {'videoId': 'zEfTDpfyt1o', 'textDisplay': 'Isso é o Bolsonarimos amigos, prega o ódio e quando acontece violências lava as mãos dizendo que &quot;repudia&quot; o ato.  Hipócritas !!!', 'textOriginal': 'Isso é o Bolsonarimos amigos, prega o ódio e quando acontece violências lava as mãos dizendo que ""repudia"" o ato.  Hipócritas !!!', 'authorDisplayName': 'Mateus Pinheiro', 'authorProfileImageUrl': 'https://yt3.ggpht.com/ytc/AGIKgqPBWY655jTPE9c2Po-ziiM4O3F4Kc8WU6tscKMhSA=s48-c-k-c0x00ffffff-no-rj', 'authorChannelUrl': 'http://www.youtube.com/channel/UCm4RIfWLgfg66wKp_3cSFNA', 'authorChannelId': {'value': 'UCm4RIfWLgfg66wKp_3cSFNA'}, 'canRate': True, 'viewerRating': 'none', 'likeCount': 1, 'publishedAt': '2022-10-23T23:20:43Z', 'updatedAt': '2022-10-23T23:20:43Z'}}, 'canReply': True, 'totalReplyCount': 0, 'isPublic': True}",,UCm4RIfWLgfg66wKp_3cSFNA,2022-10-23T23:20:43Z,"Isso é o Bolsonarimos amigos, prega o ódio e quando acontece violências lava as mãos dizendo que ""repudia"" o ato.  Hipócritas !!!",QURTSl9pM3VvRG1wTVBzeXNxMGNvNmsyekRnT28xaWlXUUxWVEswSFlmTGRtcFNqV3FBME1mV2xjNW00YzJwY19QWDdGLXBwNDBVc2wzYw==,2023-06-08 14:52:39.074809
youtube#commentThread,oYfltr3I6J33FUB3__BuEW8cdfU,UgzLcC4_1sc0zjl4BUV4AaABAg,"{'videoId': 'zEfTDpfyt1o', 'topLevelComment': {'kind': 'youtube#comment', 'etag': '1lbkOCk_fFku_ImAZqhurZEusWg', 'id': 'UgzLcC4_1sc0zjl4BUV4AaABAg', 'snippet': {'videoId': 'zEfTDpfyt1o', 'textDisplay': 'Roberto Jefferson tá viajando querendo guerra civil , quem tá querendo guerra civil tem que ser preso mesmo , a galera fica com desculpas com ah mais o Alexandre de Moraes e não sei o quê , quem quer atirar nos outros e agredir os outros tem que ser caçados e presos mesmo tem que lotar as cadeias com extremistas e pode ser extremista de que lado for , seja do Bolsonaro ou do Lula , senão o país vai virar um anarquia a Lei deve ser cumprida', 'textOriginal': 'Roberto Jefferson tá viajando querendo guerra civil , quem tá querendo guerra civil tem que ser preso mesmo , a galera fica com desculpas com ah mais o Alexandre de Moraes e não sei o quê , quem quer atirar nos outros e agredir os outros tem que ser caçados e presos mesmo tem que lotar as cadeias com extremistas e pode ser extremista de que lado for , seja do Bolsonaro ou do Lula , senão o país vai virar um anarquia a Lei deve ser cumprida', 'authorDisplayName': 'Eduardo Carneiro', 'authorProfileImageUrl': 'https://yt3.ggpht.com/v45xX6Q9qu8xspP1Z-xKVy--wlqe6bHVFjIdjMXElzkMcYOHbjXE1i0Q_VwCc8j12jVrnncIeg=s48-c-k-c0x00ffffff-no-rj', 'authorChannelUrl': 'http://www.youtube.com/channel/UCkNOGJ8aoMHECZSpDokgtZw', 'authorChannelId': {'value': 'UCkNOGJ8aoMHECZSpDokgtZw'}, 'canRate': True, 'viewerRating': 'none', 'likeCount': 1, 'publishedAt': '2022-10-23T23:20:41Z', 'updatedAt': '2022-10-23T23:20:41Z'}}, 'canReply': True, 'totalReplyCount': 0, 'isPublic': True}",,UCkNOGJ8aoMHECZSpDokgtZw,2022-10-23T23:20:41Z,"Roberto Jefferson tá viajando querendo guerra civil , quem tá querendo guerra civil tem que ser preso mesmo , a galera fica com desculpas com ah mais o Alexandre de Moraes e não sei o quê , quem quer atirar nos outros e agredir os outros tem que ser caçados e presos mesmo tem que lotar as cadeias com extremistas e pode ser extremista de que lado for , seja do Bolsonaro ou do Lula , senão o país vai virar um anarquia a Lei deve ser cumprida",QURTSl9pM3VvRG1wTVBzeXNxMGNvNmsyekRnT28xaWlXUUxWVEswSFlmTGRtcFNqV3FBME1mV2xjNW00YzJwY19QWDdGLXBwNDBVc2wzYw==,2023-06-08 14:52:39.074809
youtube#commentThread,mxXIxJHN_Mvjw151r4Hv9smQq_4,UgyFutS2jxRbvLUhtB54AaABAg,"{'videoId': 'zEfTDpfyt1o', 'topLevelComment': {'kind': 'youtube#comment', 'etag': 'fioSb6nS9mYRiZJ4I64ez6YxB1E', 'id': 'UgyFutS2jxRbvLUhtB54AaABAg', 'snippet': {'videoId': 'zEfTDpfyt1o', 'textDisplay': 'Triste !', 'textOriginal': 'Triste !', 'authorDisplayName': 'José Gomes', 'authorProfileImageUrl': 'https://yt3.ggpht.com/ytc/AGIKgqMyoLcPsBUXi_A6NLcIiNQmGuU2MCUIpRLiBgjaVg=s48-c-k-c0x00ffffff-no-rj', 'authorChannelUrl': 'http://www.youtube.com/channel/UCmME7oKLNgkhX5J_pUrwdaQ', 'authorChannelId': {'value': 'UCmME7oKLNgkhX5J_pUrwdaQ'}, 'canRate': True, 'viewerRating': 'none', 'likeCount': 0, 'publishedAt': '2022-10-23T23:20:32Z', 'updatedAt': '2022-10-23T23:20:32Z'}}, 'canReply': True, 'totalReplyCount': 0, 'isPublic': True}",,UCmME7oKLNgkhX5J_pUrwdaQ,2022-10-23T23:20:32Z,Triste !,QURTSl9pM3VvRG1wTVBzeXNxMGNvNmsyekRnT28xaWlXUUxWVEswSFlmTGRtcFNqV3FBME1mV2xjNW00YzJwY19QWDdGLXBwNDBVc2wzYw==,2023-06-08 14:52:39.074809
youtube#commentThread,ckF641y2bH-m4PVYzKLx0-HQfWk,UgxL5V_RqfZ5WXZMhmt4AaABAg,"{'videoId': 'zEfTDpfyt1o', 'topLevelComment': {'kind': 'youtube#comment', 'etag': 'oczwXeZ5x2o81vNGZKgNOfOm294', 'id': 'UgxL5V_RqfZ5WXZMhmt4AaABAg', 'snippet': {'videoId': 'zEfTDpfyt1o', 'textDisplay': 'Um prato cheio pra globo,apesar que o cinegrafista &quot;não&quot; tem culpa! Infelizmente um esquentadinho ,  ultimamente, só Jesus na causa! 🇧🇷⚖️', 'textOriginal': 'Um prato cheio pra globo,apesar que o cinegrafista ""não"" tem culpa! Infelizmente um esquentadinho ,  ultimamente, só Jesus na causa! 🇧🇷⚖️', 'authorDisplayName': 'Aninha', 'authorProfileImageUrl': 'https://yt3.ggpht.com/bl8kpClSCUAMx5YTi9KlyqdP2qvqS505WBqrg5DAVSyTA9wc78yUzMs6OKg4HIucti9ATv0F_Q=s48-c-k-c0x00ffffff-no-rj', 'authorChannelUrl': 'http://www.youtube.com/channel/UCzZEDzbjDJmP0OXRcNruABQ', 'authorChannelId': {'value': 'UCzZEDzbjDJmP0OXRcNruABQ'}, 'canRate': True, 'viewerRating': 'none', 'likeCount': 0, 'publishedAt': '2022-10-23T23:20:11Z', 'updatedAt': '2022-10-23T23:22:25Z'}}, 'canReply': True, 'totalReplyCount': 0, 'isPublic': True}",,UCzZEDzbjDJmP0OXRcNruABQ,2022-10-23T23:20:11Z,"Um prato cheio pra globo,apesar que o cinegrafista ""não"" tem culpa! Infelizmente um esquentadinho ,  ultimamente, só Jesus na causa! 🇧🇷⚖️",QURTSl9pM3VvRG1wTVBzeXNxMGNvNmsyekRnT28xaWlXUUxWVEswSFlmTGRtcFNqV3FBME1mV2xjNW00YzJwY19QWDdGLXBwNDBVc2wzYw==,2023-06-08 14:52:39.074809
youtube#commentThread,Bs8DCVNvuGIuIJhmIK53LlWmq98,Ugyycc9htfDNjpDzIxR4AaABAg,"{'videoId': 'zEfTDpfyt1o', 'topLevelComment': {'kind': 'youtube#comment', 'etag': 'GTXuBFadYH67SxA5OhzrkqXLUo4', 'id': 'Ugyycc9htfDNjpDzIxR4AaABAg', 'snippet': {'videoId': 'zEfTDpfyt1o', 'textDisplay': 'Essa turma estão querendo tumulto.', 'textOriginal': 'Essa turma estão querendo tumulto.', 'authorDisplayName': 'Sylvia Bezerra', 'authorProfileImageUrl': 'https://yt3.ggpht.com/ytc/AGIKgqMWVuNAGIO9P3qP2gL-qEErHBN5YuyoLFbraw=s48-c-k-c0x00ffffff-no-rj', 'authorChannelUrl': 'http://www.youtube.com/channel/UCCwxSGjY4LtLBSCa1tbOM1g', 'authorChannelId': {'value': 'UCCwxSGjY4LtLBSCa1tbOM1g'}, 'canRate': True, 'viewerRating': 'none', 'likeCount': 0, 'publishedAt': '2022-10-23T23:19:47Z', 'updatedAt': '2022-10-23T23:19:47Z'}}, 'canReply': True, 'totalReplyCount': 0, 'isPublic': True}",,UCCwxSGjY4LtLBSCa1tbOM1g,2022-10-23T23:19:47Z,Essa turma estão querendo tumulto.,QURTSl9pM3VvRG1wTVBzeXNxMGNvNmsyekRnT28xaWlXUUxWVEswSFlmTGRtcFNqV3FBME1mV2xjNW00YzJwY19QWDdGLXBwNDBVc2wzYw==,2023-06-08 14:52:39.074809
youtube#commentThread,Th7d6PLbXdpqcluVQEf1xZELXSQ,Ugy6RZSXEHOixbPpDTh4AaABAg,"{'videoId': 'zEfTDpfyt1o', 'topLevelComment': {'kind': 'youtube#comment', 'etag': '5UCQ5Z0ZzhM7RmFXiazarZvsdXM', 'id': 'Ugy6RZSXEHOixbPpDTh4AaABAg', 'snippet': {'videoId': 'zEfTDpfyt1o', 'textDisplay': 'Lógico a Globo iria <a href=""http://mentir.na/"">mentir.na</a> reportagem.', 'textOriginal': 'Lógico a Globo iria mentir.na reportagem.', 'authorDisplayName': 'estela martins', 'authorProfileImageUrl': 'https://yt3.ggpht.com/ytc/AGIKgqMKoMDoMjzWJmkFrDIOMkHiBzjKs0aoGkfLgs6g=s48-c-k-c0x00ffffff-no-rj', 'authorChannelUrl': 'http://www.youtube.com/channel/UCkUbqAke92Gd_FJTEEup9qQ', 'authorChannelId': {'value': 'UCkUbqAke92Gd_FJTEEup9qQ'}, 'canRate': True, 'viewerRating': 'none', 'likeCount': 0, 'publishedAt': '2022-10-23T23:19:45Z', 'updatedAt': '2022-10-23T23:19:45Z'}}, 'canReply': True, 'totalReplyCount': 0, 'isPublic': True}",,UCkUbqAke92Gd_FJTEEup9qQ,2022-10-23T23:19:45Z,Lógico a Globo iria mentir.na reportagem.,QURTSl9pM3VvRG1wTVBzeXNxMGNvNmsyekRnT28xaWlXUUxWVEswSFlmTGRtcFNqV3FBME1mV2xjNW00YzJwY19QWDdGLXBwNDBVc2wzYw==,2023-06-08 14:52:39.074809
youtube#commentThread,o3gxB16kDanF48Zhw-tEWTCl-YY,UgyqDwfS2oTtHsdBzw94AaABAg,"{'videoId': 'zEfTDpfyt1o', 'topLevelComment': {'kind': 'youtube#comment', 'etag': 'KXBR3HQpn28af95zcXpSemtK2E4', 'id': 'UgyqDwfS2oTtHsdBzw94AaABAg', 'snippet': {'videoId': 'zEfTDpfyt1o', 'textDisplay': 'Isso me cheira coisas do PT misericórdia  😞', 'textOriginal': 'Isso me cheira coisas do PT misericórdia  😞', 'authorDisplayName': 'Rose mendes', 'authorProfileImageUrl': 'https://yt3.ggpht.com/984jEMH2h2_7LXqu0u7pTPPovTU_EhJvGQx6a3Fyk1DeKMJdXaD8MIciu-B16MwgEPWGEBSe=s48-c-k-c0x00ffffff-no-rj', 'authorChannelUrl': 'http://www.youtube.com/channel/UChABVDG_7c2khkWa6wkhYlg', 'authorChannelId': {'value': 'UChABVDG_7c2khkWa6wkhYlg'}, 'canRate': True, 'viewerRating': 'none', 'likeCount': 0, 'publishedAt': '2022-10-23T23:19:44Z', 'updatedAt': '2022-10-23T23:19:44Z'}}, 'canReply': True, 'totalReplyCount': 0, 'isPublic': True}",,UChABVDG_7c2khkWa6wkhYlg,2022-10-23T23:19:44Z,Isso me cheira coisas do PT misericórdia  😞,QURTSl9pM3VvRG1wTVBzeXNxMGNvNmsyekRnT28xaWlXUUxWVEswSFlmTGRtcFNqV3FBME1mV2xjNW00YzJwY19QWDdGLXBwNDBVc2wzYw==,2023-06-08 14:52:39.074809
youtube#commentThread,Yb-j4_t-MdX-jrYeOEyo3mOM3wQ,UgyfdlingU6aZDOsUCZ4AaABAg,"{'videoId': 'zEfTDpfyt1o', 'topLevelComment': {'kind': 'youtube#comment', 'etag': '29LoQGTSufHtqYuNj_gMxpts6W4', 'id': 'UgyfdlingU6aZDOsUCZ4AaABAg', 'snippet': {'videoId': 'zEfTDpfyt1o', 'textDisplay': 'O randolfe esta por deteas disso. Tem que ter cadeia pro randolfe tambem', 'textOriginal': 'O randolfe esta por deteas disso. Tem que ter cadeia pro randolfe tambem', 'authorDisplayName': 'Samuel Almeida', 'authorProfileImageUrl': 'https://yt3.ggpht.com/ytc/AGIKgqNFodUNPZTpKtFnCkM-RpiiWc-cjdhIEPeODw=s48-c-k-c0x00ffffff-no-rj', 'authorChannelUrl': 'http://www.youtube.com/channel/UCV5PzfwKc85fdn2IfUGdZpQ', 'authorChannelId': {'value': 'UCV5PzfwKc85fdn2IfUGdZpQ'}, 'canRate': True, 'viewerRating': 'none', 'likeCount': 0, 'publishedAt': '2022-10-23T23:19:28Z', 'updatedAt': '2022-10-23T23:19:28Z'}}, 'canReply': True, 'totalReplyCount': 0, 'isPublic': True}",,UCV5PzfwKc85fdn2IfUGdZpQ,2022-10-23T23:19:28Z,O randolfe esta por deteas disso. Tem que ter cadeia pro randolfe tambem,QURTSl9pM3VvRG1wTVBzeXNxMGNvNmsyekRnT28xaWlXUUxWVEswSFlmTGRtcFNqV3FBME1mV2xjNW00YzJwY19QWDdGLXBwNDBVc2wzYw==,2023-06-08 14:52:39.074809
youtube#commentThread,f75wKm-dxO1OMNbngTn2bMT_I6E,UgzwT91DRD_s14b1JN94AaABAg,"{'videoId': 'zEfTDpfyt1o', 'topLevelComment': {'kind': 'youtube#comment', 'etag': 'qtJLw6jva2aWAjjkwEaV96Auz1w', 'id': 'UgzwT91DRD_s14b1JN94AaABAg', 'snippet': {'videoId': 'zEfTDpfyt1o', 'textDisplay': 'A TV Globo ataca agride o tempo todo  ninguém faz nada . O lula agride o tempo todo ninguém faz nada.', 'textOriginal': 'A TV Globo ataca agride o tempo todo  ninguém faz nada . O lula agride o tempo todo ninguém faz nada.', 'authorDisplayName': 'Ana Braz', 'authorProfileImageUrl': 'https://yt3.ggpht.com/ytc/AGIKgqNRhuxNDmqKfVWWt5klnAQW82Ug2B4eigUbdsYR=s48-c-k-c0x00ffffff-no-rj', 'authorChannelUrl': 'http://www.youtube.com/channel/UCc5tJ_FfdUpEmdIjTH_QRUg', 'authorChannelId': {'value': 'UCc5tJ_FfdUpEmdIjTH_QRUg'}, 'canRate': True, 'viewerRating': 'none', 'likeCount': 0, 'publishedAt': '2022-10-23T23:19:16Z', 'updatedAt': '2022-10-23T23:19:16Z'}}, 'canReply': True, 'totalReplyCount': 0, 'isPublic': True}",,UCc5tJ_FfdUpEmdIjTH_QRUg,2022-10-23T23:19:16Z,A TV Globo ataca agride o tempo todo  ninguém faz nada . O lula agride o tempo todo ninguém faz nada.,QURTSl9pM3VvRG1wTVBzeXNxMGNvNmsyekRnT28xaWlXUUxWVEswSFlmTGRtcFNqV3FBME1mV2xjNW00YzJwY19QWDdGLXBwNDBVc2wzYw==,2023-06-08 14:52:39.074809
youtube#commentThread,TW0DsRV0ItvkQy0lNyJyRt0MqN8,UgwEDWs00CzWNMiuUqF4AaABAg,"{'videoId': 'zEfTDpfyt1o', 'topLevelComment': {'kind': 'youtube#comment', 'etag': '8I8QyBXPRazlVOBGdfhmAEMuv_w', 'id': 'UgwEDWs00CzWNMiuUqF4AaABAg', 'snippet': {'videoId': 'zEfTDpfyt1o', 'textDisplay': 'O povo está com os nervos a flor da pele.isso tudo e culpa de todos do STF que rasgaram a constituição ainda da tempo de parar tudo isso .Roberto Jéferson se espressou com Palavras e o stf mandou prendelo e virou violência.um policial podia ter morrido se o tiro fosse serteiro. Onde estão os outros ministros que estão calados e ai agora vocês acham que uma revolta civil está longe hoje em porto alegre os ptstas agrediram um homem só porque portava a bandeira do Brasil. Juizes proibindo bandeiras do brasil.juizes cometendo arbitrariedades juizes fazendos as leis pelas próprias mão julgam prendem e dão sentença em uma hora .Horemos', 'textOriginal': 'O povo está com os nervos a flor da pele.isso tudo e culpa de todos do STF que rasgaram a constituição ainda da tempo de parar tudo isso .Roberto Jéferson se espressou com Palavras e o stf mandou prendelo e virou violência.um policial podia ter morrido se o tiro fosse serteiro. Onde estão os outros ministros que estão calados e ai agora vocês acham que uma revolta civil está longe hoje em porto alegre os ptstas agrediram um homem só porque portava a bandeira do Brasil. Juizes proibindo bandeiras do brasil.juizes cometendo arbitrariedades juizes fazendos as leis pelas próprias mão julgam prendem e dão sentença em uma hora .Horemos', 'authorDisplayName': 'Claudiomar Saraçol', 'authorProfileImageUrl': 'https://yt3.ggpht.com/ytc/AGIKgqNrBaNO75R2IyFH7zL7KZc0yQ3a7iESlhJMXxufE_4WoiZ4zMHWwxAHMnVZpb9v=s48-c-k-c0x00ffffff-no-rj', 'authorChannelUrl': 'http://www.youtube.com/channel/UCFhinqpx12PAHpMSgH3Aweg', 'authorChannelId': {'value': 'UCFhinqpx12PAHpMSgH3Aweg'}, 'canRate': True, 'viewerRating': 'none', 'likeCount': 0, 'publishedAt': '2022-10-23T23:19:13Z', 'updatedAt': '2022-10-23T23:19:13Z'}}, 'canReply': True, 'totalReplyCount': 0, 'isPublic': True}",,UCFhinqpx12PAHpMSgH3Aweg,2022-10-23T23:19:13Z,O povo está com os nervos a flor da pele.isso tudo e culpa de todos do STF que rasgaram a constituição ainda da tempo de parar tudo isso .Roberto Jéferson se espressou com Palavras e o stf mandou prendelo e virou violência.um policial podia ter morrido se o tiro fosse serteiro. Onde estão os outros ministros que estão calados e ai agora vocês acham que uma revolta civil está longe hoje em porto alegre os ptstas agrediram um homem só porque portava a bandeira do Brasil. Juizes proibindo bandeiras do brasil.juizes cometendo arbitrariedades juizes fazendos as leis pelas próprias mão julgam prendem e dão sentença em uma hora .Horemos,QURTSl9pM3VvRG1wTVBzeXNxMGNvNmsyekRnT28xaWlXUUxWVEswSFlmTGRtcFNqV3FBME1mV2xjNW00YzJwY19QWDdGLXBwNDBVc2wzYw==,2023-06-08 14:52:39.074809
youtube#commentThread,Mk9yK-HSPEMn3CBsd0vep_OnB1I,UgwXkS0Vp9vuGVW0tch4AaABAg,"{'videoId': 'zEfTDpfyt1o', 'topLevelComment': {'kind': 'youtube#comment', 'etag': 'YmBDu_qRzX3Bcx9GrUphI-R1yt8', 'id': 'UgwXkS0Vp9vuGVW0tch4AaABAg', 'snippet': {'videoId': 'zEfTDpfyt1o', 'textDisplay': 'Também não concordo com violência pode ser que esse câmera seja um do nosso lado mas fica na dele pra não perder o emprego, mas também posso ficar em dúvida se foi mesmo um apoiado. De Jefferson, pode ter sido um de esquerda pra culpar o lado do presidente', 'textOriginal': 'Também não concordo com violência pode ser que esse câmera seja um do nosso lado mas fica na dele pra não perder o emprego, mas também posso ficar em dúvida se foi mesmo um apoiado. De Jefferson, pode ter sido um de esquerda pra culpar o lado do presidente', 'authorDisplayName': 'Gilcione', 'authorProfileImageUrl': 'https://yt3.ggpht.com/ytc/AGIKgqNh1ypMT0n6CmpnVGBgLqUUmHqrGuWfMfF-WI7tVcH6eLYREAgq-GDNgugrEZEM=s48-c-k-c0x00ffffff-no-rj', 'authorChannelUrl': 'http://www.youtube.com/channel/UC32PfBUus8-zq5YZxrfSj5Q', 'authorChannelId': {'value': 'UC32PfBUus8-zq5YZxrfSj5Q'}, 'canRate': True, 'viewerRating': 'none', 'likeCount': 0, 'publishedAt': '2022-10-23T23:19:02Z', 'updatedAt': '2022-10-23T23:19:02Z'}}, 'canReply': True, 'totalReplyCount': 0, 'isPublic': True}",,UC32PfBUus8-zq5YZxrfSj5Q,2022-10-23T23:19:02Z,"Também não concordo com violência pode ser que esse câmera seja um do nosso lado mas fica na dele pra não perder o emprego, mas também posso ficar em dúvida se foi mesmo um apoiado. De Jefferson, pode ter sido um de esquerda pra culpar o lado do presidente",QURTSl9pM3VvRG1wTVBzeXNxMGNvNmsyekRnT28xaWlXUUxWVEswSFlmTGRtcFNqV3FBME1mV2xjNW00YzJwY19QWDdGLXBwNDBVc2wzYw==,2023-06-08 14:52:39.074809
youtube#commentThread,vevs6vbDFtLiPNuNyKy3s8soVmw,UgyFddlBHewbl6-U5914AaABAg,"{'videoId': 'zEfTDpfyt1o', 'topLevelComment': {'kind': 'youtube#comment', 'etag': 'YtxEpFz-bcytF7D-k35JDlEddH0', 'id': 'UgyFddlBHewbl6-U5914AaABAg', 'snippet': {'videoId': 'zEfTDpfyt1o', 'textDisplay': 'Parabéns JP repudiar quer fizeram com est repórter da Globo não justifica os fatos so que a Globo não repodior qundo STF sensurou vcs da JP', 'textOriginal': 'Parabéns JP repudiar quer fizeram com est repórter da Globo não justifica os fatos so que a Globo não repodior qundo STF sensurou vcs da JP', 'authorDisplayName': 'Edilson Moreira', 'authorProfileImageUrl': 'https://yt3.ggpht.com/ytc/AGIKgqOGb-iY9sFS7x4USOoq_250a00IyxvIChpEukwKoL7LP8se6soiqDWeaFhbX4SQ=s48-c-k-c0x00ffffff-no-rj', 'authorChannelUrl': 'http://www.youtube.com/channel/UCRwP3rOFy_rwFd_627eTo5A', 'authorChannelId': {'value': 'UCRwP3rOFy_rwFd_627eTo5A'}, 'canRate': True, 'viewerRating': 'none', 'likeCount': 0, 'publishedAt': '2022-10-23T23:18:51Z', 'updatedAt': '2022-10-23T23:18:51Z'}}, 'canReply': True, 'totalReplyCount': 0, 'isPublic': True}",,UCRwP3rOFy_rwFd_627eTo5A,2022-10-23T23:18:51Z,Parabéns JP repudiar quer fizeram com est repórter da Globo não justifica os fatos so que a Globo não repodior qundo STF sensurou vcs da JP,QURTSl9pM3VvRG1wTVBzeXNxMGNvNmsyekRnT28xaWlXUUxWVEswSFlmTGRtcFNqV3FBME1mV2xjNW00YzJwY19QWDdGLXBwNDBVc2wzYw==,2023-06-08 14:52:39.074809
youtube#commentThread,FCHwnxUid93WN76jHzl2mxvuHuY,UgxiaS0lUnTrXvXoESh4AaABAg,"{'videoId': 'zEfTDpfyt1o', 'topLevelComment': {'kind': 'youtube#comment', 'etag': '8kigXsjmIyCuZQQ2l9sL8a1pVxw', 'id': 'UgxiaS0lUnTrXvXoESh4AaABAg', 'snippet': {'videoId': 'zEfTDpfyt1o', 'textDisplay': 'Ainda tem gente com nome estranho esquisito falando que vai votar no 13 para o bem do país louca acorda você quer comunismo para o nosso Brasil você quer que o nosso país vira Venezuela este Senhor do 13 devia ter vergonha se candidatar para presidente depois que ele saqueou o nosso Brasil e vai voltar a cena do crime ainda tem gente covarde sem memória que ainda vota nele', 'textOriginal': 'Ainda tem gente com nome estranho esquisito falando que vai votar no 13 para o bem do país louca acorda você quer comunismo para o nosso Brasil você quer que o nosso país vira Venezuela este Senhor do 13 devia ter vergonha se candidatar para presidente depois que ele saqueou o nosso Brasil e vai voltar a cena do crime ainda tem gente covarde sem memória que ainda vota nele', 'authorDisplayName': 'Sueli Franco Pacheco', 'authorProfileImageUrl': 'https://yt3.ggpht.com/ytc/AGIKgqNGCPAyB_7tH_FAWelqhtWjybjmHjVunBN2dQ=s48-c-k-c0x00ffffff-no-rj', 'authorChannelUrl': 'http://www.youtube.com/channel/UCReIeY-jWXinZEBfg780g0w', 'authorChannelId': {'value': 'UCReIeY-jWXinZEBfg780g0w'}, 'canRate': True, 'viewerRating': 'none', 'likeCount': 0, 'publishedAt': '2022-10-23T23:18:21Z', 'updatedAt': '2022-10-23T23:18:21Z'}}, 'canReply': True, 'totalReplyCount': 0, 'isPublic': True}",,UCReIeY-jWXinZEBfg780g0w,2022-10-23T23:18:21Z,Ainda tem gente com nome estranho esquisito falando que vai votar no 13 para o bem do país louca acorda você quer comunismo para o nosso Brasil você quer que o nosso país vira Venezuela este Senhor do 13 devia ter vergonha se candidatar para presidente depois que ele saqueou o nosso Brasil e vai voltar a cena do crime ainda tem gente covarde sem memória que ainda vota nele,QURTSl9pM3VvRG1wTVBzeXNxMGNvNmsyekRnT28xaWlXUUxWVEswSFlmTGRtcFNqV3FBME1mV2xjNW00YzJwY19QWDdGLXBwNDBVc2wzYw==,2023-06-08 14:52:39.074809
youtube#commentThread,vi9qrD9K3hYD0qVYp9D5BuvDgqs,UgwdD11bZwSaH1U68xd4AaABAg,"{'videoId': 'zEfTDpfyt1o', 'topLevelComment': {'kind': 'youtube#comment', 'etag': 'oKWAjnH8OziDp4nrxhEwqxvXrPE', 'id': 'UgwdD11bZwSaH1U68xd4AaABAg', 'snippet': {'videoId': 'zEfTDpfyt1o', 'textDisplay': '&quot;Apoiadores do Roberto Jefferson&quot; ... Aham... Sei ...', 'textOriginal': '""Apoiadores do Roberto Jefferson"" ... Aham... Sei ...', 'authorDisplayName': 'Mirelle Cola', 'authorProfileImageUrl': 'https://yt3.ggpht.com/ytc/AGIKgqOXMSnIxNiq7-kTuSbVwe7W5wHoUItnJlh-1k7jHx_n5AGoSm8J3JCeoap1_7Rn=s48-c-k-c0x00ffffff-no-rj', 'authorChannelUrl': 'http://www.youtube.com/channel/UCrWyWrmYGCtFCMuZ75YopnQ', 'authorChannelId': {'value': 'UCrWyWrmYGCtFCMuZ75YopnQ'}, 'canRate': True, 'viewerRating': 'none', 'likeCount': 0, 'publishedAt': '2022-10-23T23:18:16Z', 'updatedAt': '2022-10-23T23:18:16Z'}}, 'canReply': True, 'totalReplyCount': 0, 'isPublic': True}",,UCrWyWrmYGCtFCMuZ75YopnQ,2022-10-23T23:18:16Z,"""Apoiadores do Roberto Jefferson"" ... Aham... Sei ...",QURTSl9pM3VvRG1wTVBzeXNxMGNvNmsyekRnT28xaWlXUUxWVEswSFlmTGRtcFNqV3FBME1mV2xjNW00YzJwY19QWDdGLXBwNDBVc2wzYw==,2023-06-08 14:52:39.074809
youtube#commentThread,kiGd2u_MUNXfszA3cPkEJN7km3M,Ugy_yv_GNB9d94q_9p94AaABAg,"{'videoId': 'zEfTDpfyt1o', 'topLevelComment': {'kind': 'youtube#comment', 'etag': 'LzehsL49L7_ZXJqujS-sx6V1x94', 'id': 'Ugy_yv_GNB9d94q_9p94AaABAg', 'snippet': {'videoId': 'zEfTDpfyt1o', 'textDisplay': 'Apoiadores Bolsonarista agridem repórter só pensam no ódio esse povo', 'textOriginal': 'Apoiadores Bolsonarista agridem repórter só pensam no ódio esse povo', 'authorDisplayName': 'Marcílio Brandão Marcílio', 'authorProfileImageUrl': 'https://yt3.ggpht.com/ytc/AGIKgqMWRACxjokXi2mh1BD7VkdELKTCz9Xf8W3RSW9zLCs=s48-c-k-c0x00ffffff-no-rj', 'authorChannelUrl': 'http://www.youtube.com/channel/UCPWgA6848aqYoKT6jbTgucg', 'authorChannelId': {'value': 'UCPWgA6848aqYoKT6jbTgucg'}, 'canRate': True, 'viewerRating': 'none', 'likeCount': 1, 'publishedAt': '2022-10-23T23:18:08Z', 'updatedAt': '2022-10-23T23:18:08Z'}}, 'canReply': True, 'totalReplyCount': 0, 'isPublic': True}",,UCPWgA6848aqYoKT6jbTgucg,2022-10-23T23:18:08Z,Apoiadores Bolsonarista agridem repórter só pensam no ódio esse povo,QURTSl9pM3VvRG1wTVBzeXNxMGNvNmsyekRnT28xaWlXUUxWVEswSFlmTGRtcFNqV3FBME1mV2xjNW00YzJwY19QWDdGLXBwNDBVc2wzYw==,2023-06-08 14:52:39.074809
youtube#commentThread,-U9NQRIaOGUg34QObe2ENa8IXIA,UgwSamANGoYVq35Ok7d4AaABAg,"{'videoId': 'zEfTDpfyt1o', 'topLevelComment': {'kind': 'youtube#comment', 'etag': 'uFlBEYmi9zOZ81bcli3e6BI9pHM', 'id': 'UgwSamANGoYVq35Ok7d4AaABAg', 'snippet': {'videoId': 'zEfTDpfyt1o', 'textDisplay': 'TUDO QUE ESTÁ ACONTECENDO É CULPA DE UMA JUSTIÇA INJUSTA PARCIAL QUE VEM AGREDINDO NOSSOS DIREITOS. O JOENALISTA FOI AGREDIDO POR QUEM.DIZER QUE É DE DIREITA É FACIL, JA ESTAMOS SENDO AGREDIDOS PELO STF A MUITO TEMPO,VAMOS PARAR DE HIPOCRISIA', 'textOriginal': 'TUDO QUE ESTÁ ACONTECENDO É CULPA DE UMA JUSTIÇA INJUSTA PARCIAL QUE VEM AGREDINDO NOSSOS DIREITOS. O JOENALISTA FOI AGREDIDO POR QUEM.DIZER QUE É DE DIREITA É FACIL, JA ESTAMOS SENDO AGREDIDOS PELO STF A MUITO TEMPO,VAMOS PARAR DE HIPOCRISIA', 'authorDisplayName': 'Luis Antonio Dias Vaz', 'authorProfileImageUrl': 'https://yt3.ggpht.com/ytc/AGIKgqOuCH3J0XBCN_q1UC6tiF-BOF0WbVGFwYY09Ug2fK8=s48-c-k-c0x00ffffff-no-rj', 'authorChannelUrl': 'http://www.youtube.com/channel/UC1YS26u4WVkxAveKaehdmpw', 'authorChannelId': {'value': 'UC1YS26u4WVkxAveKaehdmpw'}, 'canRate': True, 'viewerRating': 'none', 'likeCount': 0, 'publishedAt': '2022-10-23T23:17:58Z', 'updatedAt': '2022-10-23T23:17:58Z'}}, 'canReply': True, 'totalReplyCount': 0, 'isPublic': True}",,UC1YS26u4WVkxAveKaehdmpw,2022-10-23T23:17:58Z,"TUDO QUE ESTÁ ACONTECENDO É CULPA DE UMA JUSTIÇA INJUSTA PARCIAL QUE VEM AGREDINDO NOSSOS DIREITOS. O JOENALISTA FOI AGREDIDO POR QUEM.DIZER QUE É DE DIREITA É FACIL, JA ESTAMOS SENDO AGREDIDOS PELO STF A MUITO TEMPO,VAMOS PARAR DE HIPOCRISIA",QURTSl9pM3VvRG1wTVBzeXNxMGNvNmsyekRnT28xaWlXUUxWVEswSFlmTGRtcFNqV3FBME1mV2xjNW00YzJwY19QWDdGLXBwNDBVc2wzYw==,2023-06-08 14:52:39.074809
youtube#commentThread,615Ul2KHOU_Z4SPhRDJA91OfbZs,UgxuWycaRcyOizZk4ed4AaABAg,"{'videoId': 'zEfTDpfyt1o', 'topLevelComment': {'kind': 'youtube#comment', 'etag': '-oUyjys9FMkClkec6-WE_HKB4d0', 'id': 'UgxuWycaRcyOizZk4ed4AaABAg', 'snippet': {'videoId': 'zEfTDpfyt1o', 'textDisplay': 'O culpado de tudo é permitir o alexandre de moraes no cargo que ocupa. Ele tem que ser interditado tem que sofrer impchimen', 'textOriginal': 'O culpado de tudo é permitir o alexandre de moraes no cargo que ocupa. Ele tem que ser interditado tem que sofrer impchimen', 'authorDisplayName': 'Samuel Almeida', 'authorProfileImageUrl': 'https://yt3.ggpht.com/ytc/AGIKgqNFodUNPZTpKtFnCkM-RpiiWc-cjdhIEPeODw=s48-c-k-c0x00ffffff-no-rj', 'authorChannelUrl': 'http://www.youtube.com/channel/UCV5PzfwKc85fdn2IfUGdZpQ', 'authorChannelId': {'value': 'UCV5PzfwKc85fdn2IfUGdZpQ'}, 'canRate': True, 'viewerRating': 'none', 'likeCount': 0, 'publishedAt': '2022-10-23T23:17:12Z', 'updatedAt': '2022-10-23T23:17:12Z'}}, 'canReply': True, 'totalReplyCount': 0, 'isPublic': True}",,UCV5PzfwKc85fdn2IfUGdZpQ,2022-10-23T23:17:12Z,O culpado de tudo é permitir o alexandre de moraes no cargo que ocupa. Ele tem que ser interditado tem que sofrer impchimen,QURTSl9pM3VvRG1wTVBzeXNxMGNvNmsyekRnT28xaWlXUUxWVEswSFlmTGRtcFNqV3FBME1mV2xjNW00YzJwY19QWDdGLXBwNDBVc2wzYw==,2023-06-08 14:52:39.074809
youtube#commentThread,VguMSDFAw2-uvFmEWm0ztEjM9vk,UgyWBBvZnqz7iK56yF94AaABAg,"{'videoId': 'zEfTDpfyt1o', 'topLevelComment': {'kind': 'youtube#comment', 'etag': '2cE9PoDMrsDsi9CcVBzbw5pRmCA', 'id': 'UgyWBBvZnqz7iK56yF94AaABAg', 'snippet': {'videoId': 'zEfTDpfyt1o', 'textDisplay': 'DEPOIS QUE UMA GUERRA COMEÇA (ATRAVÉS DE  DECISÕES DECLARADAMENTE INCONSTITUCIONAIS, ANTIDEMOCRÁTICAS E CENSURAS A IMPRENSA PROFERIDAS PELO JUDICIÁRIO STF/TSE) NINGUÉM SABE QUANDO NEM COMO TERMINA.', 'textOriginal': 'DEPOIS QUE UMA GUERRA COMEÇA (ATRAVÉS DE  DECISÕES DECLARADAMENTE INCONSTITUCIONAIS, ANTIDEMOCRÁTICAS E CENSURAS A IMPRENSA PROFERIDAS PELO JUDICIÁRIO STF/TSE) NINGUÉM SABE QUANDO NEM COMO TERMINA.', 'authorDisplayName': 'Marcelino Gonçalves', 'authorProfileImageUrl': 'https://yt3.ggpht.com/ytc/AGIKgqPuKgTOvJ0eifZHpgQ-0MLcDFlcNbo4oVsUpw=s48-c-k-c0x00ffffff-no-rj', 'authorChannelUrl': 'http://www.youtube.com/channel/UC2C6t9zCntvzNmsVZYqbIXQ', 'authorChannelId': {'value': 'UC2C6t9zCntvzNmsVZYqbIXQ'}, 'canRate': True, 'viewerRating': 'none', 'likeCount': 0, 'publishedAt': '2022-10-23T23:16:45Z', 'updatedAt': '2022-10-23T23:19:36Z'}}, 'canReply': True, 'totalReplyCount': 0, 'isPublic': True}",,UC2C6t9zCntvzNmsVZYqbIXQ,2022-10-23T23:16:45Z,"DEPOIS QUE UMA GUERRA COMEÇA (ATRAVÉS DE  DECISÕES DECLARADAMENTE INCONSTITUCIONAIS, ANTIDEMOCRÁTICAS E CENSURAS A IMPRENSA PROFERIDAS PELO JUDICIÁRIO STF/TSE) NINGUÉM SABE QUANDO NEM COMO TERMINA.",QURTSl9pM3VvRG1wTVBzeXNxMGNvNmsyekRnT28xaWlXUUxWVEswSFlmTGRtcFNqV3FBME1mV2xjNW00YzJwY19QWDdGLXBwNDBVc2wzYw==,2023-06-08 14:52:39.074809
youtube#commentThread,QB8-F-AxZ8eEeWxTMFvmZDoDTgA,UgwrYmL8sQqsPiZeXuF4AaABAg,"{'videoId': 'zEfTDpfyt1o', 'topLevelComment': {'kind': 'youtube#comment', 'etag': '4pecn3F-MYSbMCTP7dT3gi0CxpM', 'id': 'UgwrYmL8sQqsPiZeXuF4AaABAg', 'snippet': {'videoId': 'zEfTDpfyt1o', 'textDisplay': 'JP é uma emissora digna e ética! As demais deviam seguir o exemplo!', 'textOriginal': 'JP é uma emissora digna e ética! As demais deviam seguir o exemplo!', 'authorDisplayName': 'Iracema Lima', 'authorProfileImageUrl': 'https://yt3.ggpht.com/ytc/AGIKgqMumOGg0rVDiDbeKYYNJH-R0AjcHgM9fxdYKA=s48-c-k-c0x00ffffff-no-rj', 'authorChannelUrl': 'http://www.youtube.com/channel/UCVCVvLs86FqNInB3UqZurkA', 'authorChannelId': {'value': 'UCVCVvLs86FqNInB3UqZurkA'}, 'canRate': True, 'viewerRating': 'none', 'likeCount': 1, 'publishedAt': '2022-10-23T23:16:38Z', 'updatedAt': '2022-10-23T23:16:38Z'}}, 'canReply': True, 'totalReplyCount': 0, 'isPublic': True}",,UCVCVvLs86FqNInB3UqZurkA,2022-10-23T23:16:38Z,JP é uma emissora digna e ética! As demais deviam seguir o exemplo!,QURTSl9pM3VvRG1wTVBzeXNxMGNvNmsyekRnT28xaWlXUUxWVEswSFlmTGRtcFNqV3FBME1mV2xjNW00YzJwY19QWDdGLXBwNDBVc2wzYw==,2023-06-08 14:52:39.074809
youtube#commentThread,04TmfzYECQXOrPWxkJX_aG52fYQ,Ugyqo7asT8HfibII2qZ4AaABAg,"{'videoId': 'zEfTDpfyt1o', 'topLevelComment': {'kind': 'youtube#comment', 'etag': 'Eq1vpBmP9U6OpH50WNGz84Ljlrg', 'id': 'Ugyqo7asT8HfibII2qZ4AaABAg', 'snippet': {'videoId': 'zEfTDpfyt1o', 'textDisplay': 'Apoiadores de Bolsonaro**', 'textOriginal': 'Apoiadores de Bolsonaro**', 'authorDisplayName': 'Jonatasdeha Tiruru', 'authorProfileImageUrl': 'https://yt3.ggpht.com/ytc/AGIKgqND1T4KVCI56O7Zb6wUZv0GG8RLOaBLO9K2hg=s48-c-k-c0x00ffffff-no-rj', 'authorChannelUrl': 'http://www.youtube.com/channel/UCc_9CZ8M1bLxz1S73wUAYAw', 'authorChannelId': {'value': 'UCc_9CZ8M1bLxz1S73wUAYAw'}, 'canRate': True, 'viewerRating': 'none', 'likeCount': 1, 'publishedAt': '2022-10-23T23:16:04Z', 'updatedAt': '2022-10-23T23:16:04Z'}}, 'canReply': True, 'totalReplyCount': 0, 'isPublic': True}",,UCc_9CZ8M1bLxz1S73wUAYAw,2022-10-23T23:16:04Z,Apoiadores de Bolsonaro**,QURTSl9pM3VvRG1wTVBzeXNxMGNvNmsyekRnT28xaWlXUUxWVEswSFlmTGRtcFNqV3FBME1mV2xjNW00YzJwY19QWDdGLXBwNDBVc2wzYw==,2023-06-08 14:52:39.074809
youtube#commentThread,vxM8pan6i8OaDOYACPGnSkgTUNc,UgyEH1F4sYd_GZWJH5l4AaABAg,"{'videoId': 'zEfTDpfyt1o', 'topLevelComment': {'kind': 'youtube#comment', 'etag': '-9YYCYO7gfWwp8-cvo8HIlue5MY', 'id': 'UgyEH1F4sYd_GZWJH5l4AaABAg', 'snippet': {'videoId': 'zEfTDpfyt1o', 'textDisplay': 'OU VOTAMOS NO BOLSONARO, OU SEREMOS UM ROBERTO JEFFERSON, DANIEL SILVEIRA, ALAN DO SANTOS E MUITOS OUTROS PERSEGUIDOS, NO FUTURO PRÓXIMO.  A DEMOCRACIA DEPENDE DA TECLA DOIS, POR DUAS VEZES.', 'textOriginal': 'OU VOTAMOS NO BOLSONARO, OU SEREMOS UM ROBERTO JEFFERSON, DANIEL SILVEIRA, ALAN DO SANTOS E MUITOS OUTROS PERSEGUIDOS, NO FUTURO PRÓXIMO.  A DEMOCRACIA DEPENDE DA TECLA DOIS, POR DUAS VEZES.', 'authorDisplayName': 'romebr', 'authorProfileImageUrl': 'https://yt3.ggpht.com/ytc/AGIKgqNucC3rQ5fuJqv9yXGRJoBytImG9PnbGwUziBTAug=s48-c-k-c0x00ffffff-no-rj', 'authorChannelUrl': 'http://www.youtube.com/channel/UCp_8p0ln1VY2R8ENgudAHhA', 'authorChannelId': {'value': 'UCp_8p0ln1VY2R8ENgudAHhA'}, 'canRate': True, 'viewerRating': 'none', 'likeCount': 0, 'publishedAt': '2022-10-23T23:15:55Z', 'updatedAt': '2022-10-23T23:15:55Z'}}, 'canReply': True, 'totalReplyCount': 1, 'isPublic': True}","{'comments': [{'kind': 'youtube#comment', 'etag': '0Zrhvg70ppMDHJk05NSHR_GHk54', 'id': 'UgyEH1F4sYd_GZWJH5l4AaABAg.9hYGJJmm5089hYHdAZk1QF', 'snippet': {'videoId': 'zEfTDpfyt1o', 'textDisplay': 'Quero só ver você tentar', 'textOriginal': 'Quero só ver você tentar', 'parentId': 'UgyEH1F4sYd_GZWJH5l4AaABAg', 'authorDisplayName': 'Luiz Felipe', 'authorProfileImageUrl': 'https://yt3.ggpht.com/ytc/AGIKgqPZbekKe0xpQH07_c4UbQWdGk5cUUdSh44BBhL21A=s48-c-k-c0x00ffffff-no-rj', 'authorChannelUrl': 'http://www.youtube.com/channel/UCIirPEFdg7nZvoY6DsNiI8w', 'authorChannelId': {'value': 'UCIirPEFdg7nZvoY6DsNiI8w'}, 'canRate': True, 'viewerRating': 'none', 'likeCount': 1, 'publishedAt': '2022-10-23T23:27:30Z', 'updatedAt': '2022-10-23T23:27:30Z'}}]}",UCp_8p0ln1VY2R8ENgudAHhA,2022-10-23T23:15:55Z,"OU VOTAMOS NO BOLSONARO, OU SEREMOS UM ROBERTO JEFFERSON, DANIEL SILVEIRA, ALAN DO SANTOS E MUITOS OUTROS PERSEGUIDOS, NO FUTURO PRÓXIMO.  A DEMOCRACIA DEPENDE DA TECLA DOIS, POR DUAS VEZES.",QURTSl9pM3VvRG1wTVBzeXNxMGNvNmsyekRnT28xaWlXUUxWVEswSFlmTGRtcFNqV3FBME1mV2xjNW00YzJwY19QWDdGLXBwNDBVc2wzYw==,2023-06-08 14:52:39.074809
youtube#commentThread,erA4M5KnfW11AKYW3bpBNtpdTQc,UgxUkCOv8pOAGAhlhgF4AaABAg,"{'videoId': 'zEfTDpfyt1o', 'topLevelComment': {'kind': 'youtube#comment', 'etag': 'qkQ2ufIvF9aq5HUOveLpCEXhkPI', 'id': 'UgxUkCOv8pOAGAhlhgF4AaABAg', 'snippet': {'videoId': 'zEfTDpfyt1o', 'textDisplay': 'Os jornalistas da Jovem Pan foram agredidos não fisicamente, mas censurados que tbm é agressão contra atividade jornalistica. Apesar de que qualquer forma de agressão deve ser repudiada.', 'textOriginal': 'Os jornalistas da Jovem Pan foram agredidos não fisicamente, mas censurados que tbm é agressão contra atividade jornalistica. Apesar de que qualquer forma de agressão deve ser repudiada.', 'authorDisplayName': 'Debora de Lima Gouveia', 'authorProfileImageUrl': 'https://yt3.ggpht.com/ytc/AGIKgqPFaWyeV87lpqkPJnqO46Yyv59bvHJg0-RSbx7hTg=s48-c-k-c0x00ffffff-no-rj', 'authorChannelUrl': 'http://www.youtube.com/channel/UCM8sDuPX4uzjAln3VFCwkAw', 'authorChannelId': {'value': 'UCM8sDuPX4uzjAln3VFCwkAw'}, 'canRate': True, 'viewerRating': 'none', 'likeCount': 15, 'publishedAt': '2022-10-23T23:15:44Z', 'updatedAt': '2022-10-23T23:15:44Z'}}, 'canReply': True, 'totalReplyCount': 0, 'isPublic': True}",,UCM8sDuPX4uzjAln3VFCwkAw,2022-10-23T23:15:44Z,"Os jornalistas da Jovem Pan foram agredidos não fisicamente, mas censurados que tbm é agressão contra atividade jornalistica. Apesar de que qualquer forma de agressão deve ser repudiada.",QURTSl9pM3VvRG1wTVBzeXNxMGNvNmsyekRnT28xaWlXUUxWVEswSFlmTGRtcFNqV3FBME1mV2xjNW00YzJwY19QWDdGLXBwNDBVc2wzYw==,2023-06-08 14:52:39.074809
youtube#commentThread,peeZ9l_tm74sTHXWIF364-97XeY,UgxQjQ5224pNp86lgQR4AaABAg,"{'videoId': 'zEfTDpfyt1o', 'topLevelComment': {'kind': 'youtube#comment', 'etag': 'WKSTCRuRzsRURrzA_Db-GZJa6-w', 'id': 'UgxQjQ5224pNp86lgQR4AaABAg', 'snippet': {'videoId': 'zEfTDpfyt1o', 'textDisplay': 'Tomara que o Pacheco esteja feliz porque tudo isso e culpa dele', 'textOriginal': 'Tomara que o Pacheco esteja feliz porque tudo isso e culpa dele', 'authorDisplayName': 'Juan Ramon Dominguez Acosta', 'authorProfileImageUrl': 'https://yt3.ggpht.com/ytc/AGIKgqO8JM_ALouDxcad0hRuI5mbozE5fiBNYa2NBhHn=s48-c-k-c0x00ffffff-no-rj', 'authorChannelUrl': 'http://www.youtube.com/channel/UCHQDGyZ5i3wm-TTxNpbF5Og', 'authorChannelId': {'value': 'UCHQDGyZ5i3wm-TTxNpbF5Og'}, 'canRate': True, 'viewerRating': 'none', 'likeCount': 0, 'publishedAt': '2022-10-23T23:15:33Z', 'updatedAt': '2022-10-23T23:15:33Z'}}, 'canReply': True, 'totalReplyCount': 0, 'isPublic': True}",,UCHQDGyZ5i3wm-TTxNpbF5Og,2022-10-23T23:15:33Z,Tomara que o Pacheco esteja feliz porque tudo isso e culpa dele,QURTSl9pM3VvRG1wTVBzeXNxMGNvNmsyekRnT28xaWlXUUxWVEswSFlmTGRtcFNqV3FBME1mV2xjNW00YzJwY19QWDdGLXBwNDBVc2wzYw==,2023-06-08 14:52:39.074809
youtube#commentThread,ubF77DzVPUNDrIsSu6BJZ_pzt94,UgxKwJc-L0OUUSQhcDt4AaABAg,"{'videoId': 'zEfTDpfyt1o', 'topLevelComment': {'kind': 'youtube#comment', 'etag': 'z1t0G74b7ZMU7rK2xsBrkWRLgYI', 'id': 'UgxKwJc-L0OUUSQhcDt4AaABAg', 'snippet': {'videoId': 'zEfTDpfyt1o', 'textDisplay': 'A culpa de tudo isso é o Autoritalismo dos TOGADOS <br><a href=""http://www.youtube.com/results?search_query=%23naoaoabusode"">#Naoaoabusode</a> autoridade', 'textOriginal': 'A culpa de tudo isso é o Autoritalismo dos TOGADOS \\n#Naoaoabusode autoridade', 'authorDisplayName': 'Maria do carmo Shiraishi', 'authorProfileImageUrl': 'https://yt3.ggpht.com/auOP2Xppk7Zpgwfxk5Q8sf_pfBDQVImPa_XInNrgetqpFDuxvqTy648TG4DMe26Kaw098AEvUg=s48-c-k-c0x00ffffff-no-rj', 'authorChannelUrl': 'http://www.youtube.com/channel/UCNbyXwa_vKJJqSOQ4WOchdw', 'authorChannelId': {'value': 'UCNbyXwa_vKJJqSOQ4WOchdw'}, 'canRate': True, 'viewerRating': 'none', 'likeCount': 1, 'publishedAt': '2022-10-23T23:15:24Z', 'updatedAt': '2022-10-23T23:15:24Z'}}, 'canReply': True, 'totalReplyCount': 0, 'isPublic': True}",,UCNbyXwa_vKJJqSOQ4WOchdw,2022-10-23T23:15:24Z,"A culpa de tudo isso é o Autoritalismo dos TOGADOS 
#Naoaoabusode autoridade",QURTSl9pM3VvRG1wTVBzeXNxMGNvNmsyekRnT28xaWlXUUxWVEswSFlmTGRtcFNqV3FBME1mV2xjNW00YzJwY19QWDdGLXBwNDBVc2wzYw==,2023-06-08 14:52:39.074809
youtube#commentThread,wEF-Shp3lZGBVaSeAHzc-JZyzHM,Ugw07t6cU2DXBrktGDN4AaABAg,"{'videoId': 'zEfTDpfyt1o', 'topLevelComment': {'kind': 'youtube#comment', 'etag': 'c27NPt2JgpJZ7BjIv8Y1_bNsMb8', 'id': 'Ugw07t6cU2DXBrktGDN4AaABAg', 'snippet': {'videoId': 'zEfTDpfyt1o', 'textDisplay': 'Tudo isso culpa de um juiz semedeus que se acha o rei e dono do Brasil .', 'textOriginal': 'Tudo isso culpa de um juiz semedeus que se acha o rei e dono do Brasil .', 'authorDisplayName': 'Waldenir Crivelli', 'authorProfileImageUrl': 'https://yt3.ggpht.com/ytc/AGIKgqM32X-LCHIeiKEb-E9awXp911nMybozRQ8qNA=s48-c-k-c0x00ffffff-no-rj', 'authorChannelUrl': 'http://www.youtube.com/channel/UCkvDowYqDa9MbzN97E-Y-Xg', 'authorChannelId': {'value': 'UCkvDowYqDa9MbzN97E-Y-Xg'}, 'canRate': True, 'viewerRating': 'none', 'likeCount': 0, 'publishedAt': '2022-10-23T23:14:01Z', 'updatedAt': '2022-10-23T23:14:01Z'}}, 'canReply': True, 'totalReplyCount': 0, 'isPublic': True}",,UCkvDowYqDa9MbzN97E-Y-Xg,2022-10-23T23:14:01Z,Tudo isso culpa de um juiz semedeus que se acha o rei e dono do Brasil .,QURTSl9pM3VvRG1wTVBzeXNxMGNvNmsyekRnT28xaWlXUUxWVEswSFlmTGRtcFNqV3FBME1mV2xjNW00YzJwY19QWDdGLXBwNDBVc2wzYw==,2023-06-08 14:52:39.074809
youtube#commentThread,0x8CwDl4kEQsqv6cvnPukaYlRNo,UgwJMCcUpYQNXJXA92l4AaABAg,"{'videoId': 'zEfTDpfyt1o', 'topLevelComment': {'kind': 'youtube#comment', 'etag': '4rA1VVn1ELvnllgBp01s4qgFOQA', 'id': 'UgwJMCcUpYQNXJXA92l4AaABAg', 'snippet': {'videoId': 'zEfTDpfyt1o', 'textDisplay': 'MERDAVAL JORNALIXO GLOBOLIXO', 'textOriginal': 'MERDAVAL JORNALIXO GLOBOLIXO', 'authorDisplayName': 'SELENEH TSEZANAS', 'authorProfileImageUrl': 'https://yt3.ggpht.com/ytc/AGIKgqM6csgmjYSfSeKWsLqrFIGi0Y9d2tszl2CtEPOO-RZJLkdKopVAAZeenHsG86Hn=s48-c-k-c0x00ffffff-no-rj', 'authorChannelUrl': 'http://www.youtube.com/channel/UCR7YdPM_SSt09x6ooBaJFIQ', 'authorChannelId': {'value': 'UCR7YdPM_SSt09x6ooBaJFIQ'}, 'canRate': True, 'viewerRating': 'none', 'likeCount': 0, 'publishedAt': '2022-10-23T23:13:43Z', 'updatedAt': '2022-10-23T23:13:43Z'}}, 'canReply': True, 'totalReplyCount': 0, 'isPublic': True}",,UCR7YdPM_SSt09x6ooBaJFIQ,2022-10-23T23:13:43Z,MERDAVAL JORNALIXO GLOBOLIXO,QURTSl9pM3VvRG1wTVBzeXNxMGNvNmsyekRnT28xaWlXUUxWVEswSFlmTGRtcFNqV3FBME1mV2xjNW00YzJwY19QWDdGLXBwNDBVc2wzYw==,2023-06-08 14:52:39.074809
youtube#commentThread,710DrChY5OClqn70xUoh_TPrdvs,UgzqQNHRn4Mhh6wwfiN4AaABAg,"{'videoId': 'zEfTDpfyt1o', 'topLevelComment': {'kind': 'youtube#comment', 'etag': '-IvzM0Mh_MomqRjlFprHFCT02KA', 'id': 'UgzqQNHRn4Mhh6wwfiN4AaABAg', 'snippet': {'videoId': 'zEfTDpfyt1o', 'textDisplay': 'Repúdio agressões físicas a um profissional em seu exercício de função.', 'textOriginal': 'Repúdio agressões físicas a um profissional em seu exercício de função.', 'authorDisplayName': 'Lidiane Lazzaro', 'authorProfileImageUrl': 'https://yt3.ggpht.com/ytc/AGIKgqPtwBlzYKi2tz7DEJxjH26nYgnEgnDwu5wuyEC8bw=s48-c-k-c0x00ffffff-no-rj', 'authorChannelUrl': 'http://www.youtube.com/channel/UCeSZfmMkr_dnKl_yCdOshIA', 'authorChannelId': {'value': 'UCeSZfmMkr_dnKl_yCdOshIA'}, 'canRate': True, 'viewerRating': 'none', 'likeCount': 0, 'publishedAt': '2022-10-23T23:13:37Z', 'updatedAt': '2022-10-23T23:13:37Z'}}, 'canReply': True, 'totalReplyCount': 0, 'isPublic': True}",,UCeSZfmMkr_dnKl_yCdOshIA,2022-10-23T23:13:37Z,Repúdio agressões físicas a um profissional em seu exercício de função.,QURTSl9pM3VvRG1wTVBzeXNxMGNvNmsyekRnT28xaWlXUUxWVEswSFlmTGRtcFNqV3FBME1mV2xjNW00YzJwY19QWDdGLXBwNDBVc2wzYw==,2023-06-08 14:52:39.074809
youtube#commentThread,N1rsrVGYkjyNQKAZEwSTFtNd9Y8,UgxnshPrmgtXxCydWpR4AaABAg,"{'videoId': 'zEfTDpfyt1o', 'topLevelComment': {'kind': 'youtube#comment', 'etag': 'Jy2ARQRfxnHiKRS34UPSE8jFiu8', 'id': 'UgxnshPrmgtXxCydWpR4AaABAg', 'snippet': {'videoId': 'zEfTDpfyt1o', 'textDisplay': 'Pelo andar das coisas falta pouco pra se instaurar o caos tão desejado pela esquerda ...observem o encadeamento das coisas.', 'textOriginal': 'Pelo andar das coisas falta pouco pra se instaurar o caos tão desejado pela esquerda ...observem o encadeamento das coisas.', 'authorDisplayName': 'Mauricio Leonardo', 'authorProfileImageUrl': 'https://yt3.ggpht.com/ytc/AGIKgqOo1hOyKhXcrzJPpT8NfHzrMeUF1LSawmpH1g=s48-c-k-c0x00ffffff-no-rj', 'authorChannelUrl': 'http://www.youtube.com/channel/UCW79dWJqFKCZ_PdxuqvRDbw', 'authorChannelId': {'value': 'UCW79dWJqFKCZ_PdxuqvRDbw'}, 'canRate': True, 'viewerRating': 'none', 'likeCount': 0, 'publishedAt': '2022-10-23T23:13:36Z', 'updatedAt': '2022-10-23T23:13:36Z'}}, 'canReply': True, 'totalReplyCount': 0, 'isPublic': True}",,UCW79dWJqFKCZ_PdxuqvRDbw,2022-10-23T23:13:36Z,Pelo andar das coisas falta pouco pra se instaurar o caos tão desejado pela esquerda ...observem o encadeamento das coisas.,QURTSl9pM3VvRG1wTVBzeXNxMGNvNmsyekRnT28xaWlXUUxWVEswSFlmTGRtcFNqV3FBME1mV2xjNW00YzJwY19QWDdGLXBwNDBVc2wzYw==,2023-06-08 14:52:39.074809
youtube#commentThread,MikNJHNWDxDTgaw7BQvqc1xSz6c,UgyAbpUrhiHG4Dk3nTl4AaABAg,"{'videoId': 'zEfTDpfyt1o', 'topLevelComment': {'kind': 'youtube#comment', 'etag': '4nJYhGBDKGfPK1muJHA8d_wjRkc', 'id': 'UgyAbpUrhiHG4Dk3nTl4AaABAg', 'snippet': {'videoId': 'zEfTDpfyt1o', 'textDisplay': 'Basta gente de tanta violência.  Não tem mais um jornal limpo .', 'textOriginal': 'Basta gente de tanta violência.  Não tem mais um jornal limpo .', 'authorDisplayName': 'Ana Braz', 'authorProfileImageUrl': 'https://yt3.ggpht.com/ytc/AGIKgqNRhuxNDmqKfVWWt5klnAQW82Ug2B4eigUbdsYR=s48-c-k-c0x00ffffff-no-rj', 'authorChannelUrl': 'http://www.youtube.com/channel/UCc5tJ_FfdUpEmdIjTH_QRUg', 'authorChannelId': {'value': 'UCc5tJ_FfdUpEmdIjTH_QRUg'}, 'canRate': True, 'viewerRating': 'none', 'likeCount': 0, 'publishedAt': '2022-10-23T23:13:33Z', 'updatedAt': '2022-10-23T23:13:33Z'}}, 'canReply': True, 'totalReplyCount': 0, 'isPublic': True}",,UCc5tJ_FfdUpEmdIjTH_QRUg,2022-10-23T23:13:33Z,Basta gente de tanta violência.  Não tem mais um jornal limpo .,QURTSl9pM3VvRG1wTVBzeXNxMGNvNmsyekRnT28xaWlXUUxWVEswSFlmTGRtcFNqV3FBME1mV2xjNW00YzJwY19QWDdGLXBwNDBVc2wzYw==,2023-06-08 14:52:39.074809
youtube#commentThread,OfNA25AmtluLDwmKumxjQEICK5Y,UgySFm9x5MHKy3FE0xB4AaABAg,"{'videoId': 'zEfTDpfyt1o', 'topLevelComment': {'kind': 'youtube#comment', 'etag': '_mBbELOUKlTJ7ps2VBjGiLt0XVk', 'id': 'UgySFm9x5MHKy3FE0xB4AaABAg', 'snippet': {'videoId': 'zEfTDpfyt1o', 'textDisplay': 'Força Roberto Jeferson', 'textOriginal': 'Força Roberto Jeferson', 'authorDisplayName': 'Maria do carmo Shiraishi', 'authorProfileImageUrl': 'https://yt3.ggpht.com/auOP2Xppk7Zpgwfxk5Q8sf_pfBDQVImPa_XInNrgetqpFDuxvqTy648TG4DMe26Kaw098AEvUg=s48-c-k-c0x00ffffff-no-rj', 'authorChannelUrl': 'http://www.youtube.com/channel/UCNbyXwa_vKJJqSOQ4WOchdw', 'authorChannelId': {'value': 'UCNbyXwa_vKJJqSOQ4WOchdw'}, 'canRate': True, 'viewerRating': 'none', 'likeCount': 0, 'publishedAt': '2022-10-23T23:13:27Z', 'updatedAt': '2022-10-23T23:13:27Z'}}, 'canReply': True, 'totalReplyCount': 0, 'isPublic': True}",,UCNbyXwa_vKJJqSOQ4WOchdw,2022-10-23T23:13:27Z,Força Roberto Jeferson,QURTSl9pM3VvRG1wTVBzeXNxMGNvNmsyekRnT28xaWlXUUxWVEswSFlmTGRtcFNqV3FBME1mV2xjNW00YzJwY19QWDdGLXBwNDBVc2wzYw==,2023-06-08 14:52:39.074809
youtube#commentThread,-4X2VTWWlmFRE8-tprH9gDUpFDM,Ugx6sCEXExjm0De-QLh4AaABAg,"{'videoId': 'zEfTDpfyt1o', 'topLevelComment': {'kind': 'youtube#comment', 'etag': 'YC0CnICX0gGqPV4KB-31BW7RV5U', 'id': 'Ugx6sCEXExjm0De-QLh4AaABAg', 'snippet': {'videoId': 'zEfTDpfyt1o', 'textDisplay': 'So a favor da liberdade de expressão contra agressão', 'textOriginal': 'So a favor da liberdade de expressão contra agressão', 'authorDisplayName': 'Olivio paliosa', 'authorProfileImageUrl': 'https://yt3.ggpht.com/ytc/AGIKgqPy5np6hMXZrCPPSXMf2PRyhhbS9t_68ERAOfCPSpdud2M777AewQywXAzSAt_Q=s48-c-k-c0x00ffffff-no-rj', 'authorChannelUrl': 'http://www.youtube.com/channel/UCAvX-hBb8VX_fyEnTfo_ieg', 'authorChannelId': {'value': 'UCAvX-hBb8VX_fyEnTfo_ieg'}, 'canRate': True, 'viewerRating': 'none', 'likeCount': 0, 'publishedAt': '2022-10-23T23:13:22Z', 'updatedAt': '2022-10-23T23:13:22Z'}}, 'canReply': True, 'totalReplyCount': 0, 'isPublic': True}",,UCAvX-hBb8VX_fyEnTfo_ieg,2022-10-23T23:13:22Z,So a favor da liberdade de expressão contra agressão,QURTSl9pM3VvRG1wTVBzeXNxMGNvNmsyekRnT28xaWlXUUxWVEswSFlmTGRtcFNqV3FBME1mV2xjNW00YzJwY19QWDdGLXBwNDBVc2wzYw==,2023-06-08 14:52:39.074809
youtube#commentThread,cSU5vGRjT37dnyVyojunyOQ9mq8,Ugw6-hJsOlrgzpMyDep4AaABAg,"{'videoId': 'zEfTDpfyt1o', 'topLevelComment': {'kind': 'youtube#comment', 'etag': 'HoqUJFTRc0m6WVsprbXyc3b98Bc', 'id': 'Ugw6-hJsOlrgzpMyDep4AaABAg', 'snippet': {'videoId': 'zEfTDpfyt1o', 'textDisplay': 'não foi assim não !!! o reporter da rede esgoto escorregou na casca de banana e caiuuu  😂😂😂😂', 'textOriginal': 'não foi assim não !!! o reporter da rede esgoto escorregou na casca de banana e caiuuu  😂😂😂😂', 'authorDisplayName': 'Andrio Lobo', 'authorProfileImageUrl': 'https://yt3.ggpht.com/NA65UDnvT8QxyRFBSIK0zLJjOGWch20UJfF7JGllIdiQjimlMhM_o_TRgi8OV8oy0QQf2RQH=s48-c-k-c0x00ffffff-no-rj', 'authorChannelUrl': 'http://www.youtube.com/channel/UCKMMQ6UZ6wu-BDAJkhtfhpw', 'authorChannelId': {'value': 'UCKMMQ6UZ6wu-BDAJkhtfhpw'}, 'canRate': True, 'viewerRating': 'none', 'likeCount': 0, 'publishedAt': '2022-10-23T23:13:20Z', 'updatedAt': '2022-10-23T23:13:20Z'}}, 'canReply': True, 'totalReplyCount': 0, 'isPublic': True}",,UCKMMQ6UZ6wu-BDAJkhtfhpw,2022-10-23T23:13:20Z,não foi assim não !!! o reporter da rede esgoto escorregou na casca de banana e caiuuu  😂😂😂😂,QURTSl9pM3VvRG1wTVBzeXNxMGNvNmsyekRnT28xaWlXUUxWVEswSFlmTGRtcFNqV3FBME1mV2xjNW00YzJwY19QWDdGLXBwNDBVc2wzYw==,2023-06-08 14:52:39.074809
youtube#commentThread,89C3y_8C0W_then9y7Ha7AuSse4,UgxOpktcGsEAyLFZdJJ4AaABAg,"{'videoId': 'zEfTDpfyt1o', 'topLevelComment': {'kind': 'youtube#comment', 'etag': 'mEQvxJlj1eCP-Haz9crRUjk-GZ8', 'id': 'UgxOpktcGsEAyLFZdJJ4AaABAg', 'snippet': {'videoId': 'zEfTDpfyt1o', 'textDisplay': 'Esperou o contato o contato veio , segue o jogo', 'textOriginal': 'Esperou o contato o contato veio , segue o jogo', 'authorDisplayName': 'lima', 'authorProfileImageUrl': 'https://yt3.ggpht.com/NS2RXsBYm5X51Nzrcc7eaCH2btpAmfH8WUhaFw4kLqFJeBckdgJ4THuJGY_tYRDyg0I0Qqik=s48-c-k-c0x00ffffff-no-rj', 'authorChannelUrl': 'http://www.youtube.com/channel/UCIzLHvWkArlOKE07c6CzcZA', 'authorChannelId': {'value': 'UCIzLHvWkArlOKE07c6CzcZA'}, 'canRate': True, 'viewerRating': 'none', 'likeCount': 0, 'publishedAt': '2022-10-23T23:13:15Z', 'updatedAt': '2022-10-23T23:13:15Z'}}, 'canReply': True, 'totalReplyCount': 0, 'isPublic': True}",,UCIzLHvWkArlOKE07c6CzcZA,2022-10-23T23:13:15Z,"Esperou o contato o contato veio , segue o jogo",QURTSl9pM3VvRG1wTVBzeXNxMGNvNmsyekRnT28xaWlXUUxWVEswSFlmTGRtcFNqV3FBME1mV2xjNW00YzJwY19QWDdGLXBwNDBVc2wzYw==,2023-06-08 14:52:39.074809
youtube#commentThread,iMvPUqEEUaD6t4CG6Nd2KSVQz2w,UgzkOK7wjrv6ucW0WP54AaABAg,"{'videoId': 'zEfTDpfyt1o', 'topLevelComment': {'kind': 'youtube#comment', 'etag': '2l88q3qqC0OYFDKVDlmT3WxSEFs', 'id': 'UgzkOK7wjrv6ucW0WP54AaABAg', 'snippet': {'videoId': 'zEfTDpfyt1o', 'textDisplay': 'É isso que o tse e as legiões de demônio que tá nele também que, desordem, morte querra', 'textOriginal': 'É isso que o tse e as legiões de demônio que tá nele também que, desordem, morte querra', 'authorDisplayName': 'Ana Paula Soza', 'authorProfileImageUrl': 'https://yt3.ggpht.com/Y3kB2eZ05Wt4ELRqjVtOj2ianZ-IJbBiVvWblnMrPsllwIFGfS3OF-mpYOLnse-IpgtCREL4=s48-c-k-c0x00ffffff-no-rj', 'authorChannelUrl': 'http://www.youtube.com/channel/UC0ExqaBzwDBGCRc5ggBbzAg', 'authorChannelId': {'value': 'UC0ExqaBzwDBGCRc5ggBbzAg'}, 'canRate': True, 'viewerRating': 'none', 'likeCount': 0, 'publishedAt': '2022-10-23T23:12:49Z', 'updatedAt': '2022-10-23T23:12:49Z'}}, 'canReply': True, 'totalReplyCount': 0, 'isPublic': True}",,UC0ExqaBzwDBGCRc5ggBbzAg,2022-10-23T23:12:49Z,"É isso que o tse e as legiões de demônio que tá nele também que, desordem, morte querra",QURTSl9pM3VvRG1wTVBzeXNxMGNvNmsyekRnT28xaWlXUUxWVEswSFlmTGRtcFNqV3FBME1mV2xjNW00YzJwY19QWDdGLXBwNDBVc2wzYw==,2023-06-08 14:52:39.074809
youtube#commentThread,r0tDON-2eGcfr-A70kY04ZSSfRo,UgzHbquLsWXmectjo654AaABAg,"{'videoId': 'zEfTDpfyt1o', 'topLevelComment': {'kind': 'youtube#comment', 'etag': 'GpedkpZIZKwqZSCAXam-Lk7sNCY', 'id': 'UgzHbquLsWXmectjo654AaABAg', 'snippet': {'videoId': 'zEfTDpfyt1o', 'textDisplay': 'Quando os seguranças do luladrao espancaram um rapaz com a bandeira do Brasil na mão ,ninguém defendeu o cidadão !!', 'textOriginal': 'Quando os seguranças do luladrao espancaram um rapaz com a bandeira do Brasil na mão ,ninguém defendeu o cidadão !!', 'authorDisplayName': 'Clemar Perrone', 'authorProfileImageUrl': 'https://yt3.ggpht.com/ytc/AGIKgqO_1fs1JwBOQloqs5B8XSctr7faZRor6ark2Q=s48-c-k-c0x00ffffff-no-rj', 'authorChannelUrl': 'http://www.youtube.com/channel/UCYdpXa1REnjvnYRp_0C33tg', 'authorChannelId': {'value': 'UCYdpXa1REnjvnYRp_0C33tg'}, 'canRate': True, 'viewerRating': 'none', 'likeCount': 0, 'publishedAt': '2022-10-23T23:12:45Z', 'updatedAt': '2022-10-23T23:12:45Z'}}, 'canReply': True, 'totalReplyCount': 0, 'isPublic': True}",,UCYdpXa1REnjvnYRp_0C33tg,2022-10-23T23:12:45Z,"Quando os seguranças do luladrao espancaram um rapaz com a bandeira do Brasil na mão ,ninguém defendeu o cidadão !!",QURTSl9pM3VvRG1wTVBzeXNxMGNvNmsyekRnT28xaWlXUUxWVEswSFlmTGRtcFNqV3FBME1mV2xjNW00YzJwY19QWDdGLXBwNDBVc2wzYw==,2023-06-08 14:52:39.074809
youtube#commentThread,UfRmJ4JasTobrMu5dBxXJdPvlN0,UgxiW_tM8-q04Cmy5w54AaABAg,"{'videoId': 'zEfTDpfyt1o', 'topLevelComment': {'kind': 'youtube#comment', 'etag': 'VxtJR9b3Yk4hJyuINPuvRIiMojc', 'id': 'UgxiW_tM8-q04Cmy5w54AaABAg', 'snippet': {'videoId': 'zEfTDpfyt1o', 'textDisplay': 'O PRÓPRIO  STE CAUSANDO  PROBLEMAS  .', 'textOriginal': 'O PRÓPRIO  STE CAUSANDO  PROBLEMAS  .', 'authorDisplayName': 'SELENEH TSEZANAS', 'authorProfileImageUrl': 'https://yt3.ggpht.com/ytc/AGIKgqM6csgmjYSfSeKWsLqrFIGi0Y9d2tszl2CtEPOO-RZJLkdKopVAAZeenHsG86Hn=s48-c-k-c0x00ffffff-no-rj', 'authorChannelUrl': 'http://www.youtube.com/channel/UCR7YdPM_SSt09x6ooBaJFIQ', 'authorChannelId': {'value': 'UCR7YdPM_SSt09x6ooBaJFIQ'}, 'canRate': True, 'viewerRating': 'none', 'likeCount': 0, 'publishedAt': '2022-10-23T23:12:33Z', 'updatedAt': '2022-10-23T23:12:33Z'}}, 'canReply': True, 'totalReplyCount': 0, 'isPublic': True}",,UCR7YdPM_SSt09x6ooBaJFIQ,2022-10-23T23:12:33Z,O PRÓPRIO  STE CAUSANDO  PROBLEMAS  .,QURTSl9pM3VvRG1wTVBzeXNxMGNvNmsyekRnT28xaWlXUUxWVEswSFlmTGRtcFNqV3FBME1mV2xjNW00YzJwY19QWDdGLXBwNDBVc2wzYw==,2023-06-08 14:52:39.074809
youtube#commentThread,hMInK6qOxqUE38ZekPGdDbxKxr8,UgxGzefVsNVSOaS_ypt4AaABAg,"{'videoId': 'zEfTDpfyt1o', 'topLevelComment': {'kind': 'youtube#comment', 'etag': 'wuE_ZO47nOeXuRf2dPkz_K9O9N8', 'id': 'UgxGzefVsNVSOaS_ypt4AaABAg', 'snippet': {'videoId': 'zEfTDpfyt1o', 'textDisplay': 'Mas a culpa num é do Roberto Jefferson.   A culpa é desse apoiadores sem noção...que deve ser realmente levado a justiça....nada há ver tá invertendo e  pode piorar pro Roberto Jefferson', 'textOriginal': 'Mas a culpa num é do Roberto Jefferson.   A culpa é desse apoiadores sem noção...que deve ser realmente levado a justiça....nada há ver tá invertendo e  pode piorar pro Roberto Jefferson', 'authorDisplayName': 'Maria Aparecida', 'authorProfileImageUrl': 'https://yt3.ggpht.com/ytc/AGIKgqN1gIVEc8prBzKgUE-ttUU3T2SAMYYLEcYbkw=s48-c-k-c0x00ffffff-no-rj', 'authorChannelUrl': 'http://www.youtube.com/channel/UCLheL2O9JRgTR8yhgMsLTUw', 'authorChannelId': {'value': 'UCLheL2O9JRgTR8yhgMsLTUw'}, 'canRate': True, 'viewerRating': 'none', 'likeCount': 0, 'publishedAt': '2022-10-23T23:12:28Z', 'updatedAt': '2022-10-23T23:12:28Z'}}, 'canReply': True, 'totalReplyCount': 0, 'isPublic': True}",,UCLheL2O9JRgTR8yhgMsLTUw,2022-10-23T23:12:28Z,Mas a culpa num é do Roberto Jefferson.   A culpa é desse apoiadores sem noção...que deve ser realmente levado a justiça....nada há ver tá invertendo e  pode piorar pro Roberto Jefferson,QURTSl9pM3VvRG1wTVBzeXNxMGNvNmsyekRnT28xaWlXUUxWVEswSFlmTGRtcFNqV3FBME1mV2xjNW00YzJwY19QWDdGLXBwNDBVc2wzYw==,2023-06-08 14:52:39.074809
youtube#commentThread,4hTsaRHc2WILqRuEHevK81lOuaI,Ugz9V8zwE4WMIX0e5FZ4AaABAg,"{'videoId': 'zEfTDpfyt1o', 'topLevelComment': {'kind': 'youtube#comment', 'etag': 'psLnbsQ4qDDDOOtkhDxgmquAuzM', 'id': 'Ugz9V8zwE4WMIX0e5FZ4AaABAg', 'snippet': {'videoId': 'zEfTDpfyt1o', 'textDisplay': 'Essa polarização vai causar muita violência , ainda mais quando os próprios candidatos incentivam isso ! Dois bandidos , olha o futuro do nosso país !', 'textOriginal': 'Essa polarização vai causar muita violência , ainda mais quando os próprios candidatos incentivam isso ! Dois bandidos , olha o futuro do nosso país !', 'authorDisplayName': 'Junio Chica de Sousa', 'authorProfileImageUrl': 'https://yt3.ggpht.com/ytc/AGIKgqPbNsXDMs_hVFqnQs7zrj13a9PTvVBco_PIsg=s48-c-k-c0x00ffffff-no-rj', 'authorChannelUrl': 'http://www.youtube.com/channel/UCodwJ_FS88bUB_zrJ1TzuwQ', 'authorChannelId': {'value': 'UCodwJ_FS88bUB_zrJ1TzuwQ'}, 'canRate': True, 'viewerRating': 'none', 'likeCount': 0, 'publishedAt': '2022-10-23T23:12:23Z', 'updatedAt': '2022-10-23T23:12:23Z'}}, 'canReply': True, 'totalReplyCount': 0, 'isPublic': True}",,UCodwJ_FS88bUB_zrJ1TzuwQ,2022-10-23T23:12:23Z,"Essa polarização vai causar muita violência , ainda mais quando os próprios candidatos incentivam isso ! Dois bandidos , olha o futuro do nosso país !",QURTSl9pM3VvRG1wTVBzeXNxMGNvNmsyekRnT28xaWlXUUxWVEswSFlmTGRtcFNqV3FBME1mV2xjNW00YzJwY19QWDdGLXBwNDBVc2wzYw==,2023-06-08 14:52:39.074809
youtube#commentThread,Wifx7EscPqajwd93pwQtg0bViEI,Ugzj-2kEMtD7dZ2gDv94AaABAg,"{'videoId': 'zEfTDpfyt1o', 'topLevelComment': {'kind': 'youtube#comment', 'etag': 'Q-b8HzmWVHBSDno-jy6MjdlXQcU', 'id': 'Ugzj-2kEMtD7dZ2gDv94AaABAg', 'snippet': {'videoId': 'zEfTDpfyt1o', 'textDisplay': 'Falta pouco lula 2022 chora mais bolsominion 🤣🤣🤡🤣🤣🤣', 'textOriginal': 'Falta pouco lula 2022 chora mais bolsominion 🤣🤣🤡🤣🤣🤣', 'authorDisplayName': 'Wanderson luiz da Silva', 'authorProfileImageUrl': 'https://yt3.ggpht.com/ytc/AGIKgqPuGrAnI0WDO5DcSZYCmLDsUTyUMBLzzMaRgg=s48-c-k-c0x00ffffff-no-rj', 'authorChannelUrl': 'http://www.youtube.com/channel/UC1D4-ME79NEEXnayWuNJdtw', 'authorChannelId': {'value': 'UC1D4-ME79NEEXnayWuNJdtw'}, 'canRate': True, 'viewerRating': 'none', 'likeCount': 0, 'publishedAt': '2022-10-23T23:12:21Z', 'updatedAt': '2022-10-23T23:12:21Z'}}, 'canReply': True, 'totalReplyCount': 0, 'isPublic': True}",,UC1D4-ME79NEEXnayWuNJdtw,2022-10-23T23:12:21Z,Falta pouco lula 2022 chora mais bolsominion 🤣🤣🤡🤣🤣🤣,QURTSl9pM3VvRG1wTVBzeXNxMGNvNmsyekRnT28xaWlXUUxWVEswSFlmTGRtcFNqV3FBME1mV2xjNW00YzJwY19QWDdGLXBwNDBVc2wzYw==,2023-06-08 14:52:39.074809
youtube#commentThread,PdgGfVjMgFzEEBNR85rbtJJPSZU,UgwSxRfoRUjHPGml6dR4AaABAg,"{'videoId': 'zEfTDpfyt1o', 'topLevelComment': {'kind': 'youtube#comment', 'etag': 'rMcPPKMi1WkuoircGXoC59vBjCE', 'id': 'UgwSxRfoRUjHPGml6dR4AaABAg', 'snippet': {'videoId': 'zEfTDpfyt1o', 'textDisplay': 'TAMUMUSS JUNTUSSS com Roberto Jefferson', 'textOriginal': 'TAMUMUSS JUNTUSSS com Roberto Jefferson', 'authorDisplayName': 'Douglas Rodrigues', 'authorProfileImageUrl': 'https://yt3.ggpht.com/ytc/AGIKgqPcX3DuM-Xq0T_fT-sqsvE-gVoh1MrICgh7sJjZEA=s48-c-k-c0x00ffffff-no-rj', 'authorChannelUrl': 'http://www.youtube.com/channel/UClWIA_g_q0AcIcb0MzYKsnA', 'authorChannelId': {'value': 'UClWIA_g_q0AcIcb0MzYKsnA'}, 'canRate': True, 'viewerRating': 'none', 'likeCount': 0, 'publishedAt': '2022-10-23T23:12:15Z', 'updatedAt': '2022-10-23T23:12:15Z'}}, 'canReply': True, 'totalReplyCount': 0, 'isPublic': True}",,UClWIA_g_q0AcIcb0MzYKsnA,2022-10-23T23:12:15Z,TAMUMUSS JUNTUSSS com Roberto Jefferson,QURTSl9pM3VvRG1wTVBzeXNxMGNvNmsyekRnT28xaWlXUUxWVEswSFlmTGRtcFNqV3FBME1mV2xjNW00YzJwY19QWDdGLXBwNDBVc2wzYw==,2023-06-08 14:52:39.074809
youtube#commentThread,_xGhLYIQLqfzUy8Ct9j470W-w9U,Ugy4Gu71v5P6NjpZsnh4AaABAg,"{'videoId': 'zEfTDpfyt1o', 'topLevelComment': {'kind': 'youtube#comment', 'etag': 'WFdPh6YLt3yZ0KQ_Uiz3Cr6ohfg', 'id': 'Ugy4Gu71v5P6NjpZsnh4AaABAg', 'snippet': {'videoId': 'zEfTDpfyt1o', 'textDisplay': 'Globolixo globolixo globolixo globolixo globolixo globolixo globolixo não são inocentes', 'textOriginal': 'Globolixo globolixo globolixo globolixo globolixo globolixo globolixo não são inocentes', 'authorDisplayName': 'Raimundo Yahuluis', 'authorProfileImageUrl': 'https://yt3.ggpht.com/ytc/AGIKgqOXfOq84ZSfxAmVfRwMfyq0K9YTRjNPjVXIWja5=s48-c-k-c0x00ffffff-no-rj', 'authorChannelUrl': 'http://www.youtube.com/channel/UCiEX6mnrpS8OZQk9pkbzN3g', 'authorChannelId': {'value': 'UCiEX6mnrpS8OZQk9pkbzN3g'}, 'canRate': True, 'viewerRating': 'none', 'likeCount': 0, 'publishedAt': '2022-10-23T23:12:05Z', 'updatedAt': '2022-10-23T23:12:05Z'}}, 'canReply': True, 'totalReplyCount': 0, 'isPublic': True}",,UCiEX6mnrpS8OZQk9pkbzN3g,2022-10-23T23:12:05Z,Globolixo globolixo globolixo globolixo globolixo globolixo globolixo não são inocentes,QURTSl9pM3VvRG1wTVBzeXNxMGNvNmsyekRnT28xaWlXUUxWVEswSFlmTGRtcFNqV3FBME1mV2xjNW00YzJwY19QWDdGLXBwNDBVc2wzYw==,2023-06-08 14:52:39.074809
youtube#commentThread,thyVc6KosJ_8x_zHljv-flhb388,Ugw_QtjZgrZGeZbmSoJ4AaABAg,"{'videoId': 'zEfTDpfyt1o', 'topLevelComment': {'kind': 'youtube#comment', 'etag': 'tBDkwVlYsNp3ZNfvhc-IUKCFtmE', 'id': 'Ugw_QtjZgrZGeZbmSoJ4AaABAg', 'snippet': {'videoId': 'zEfTDpfyt1o', 'textDisplay': 'Quando vejo nas ruas bandido com  camisa do Brasil eu corro com medo de não suportar ver a cara do bandido.', 'textOriginal': 'Quando vejo nas ruas bandido com  camisa do Brasil eu corro com medo de não suportar ver a cara do bandido.', 'authorDisplayName': 'Leder Campideli', 'authorProfileImageUrl': 'https://yt3.ggpht.com/ytc/AGIKgqPQ1Hu0AQwKkUux3ysKU2QgNdik0dPrj2PtRQ=s48-c-k-c0x00ffffff-no-rj', 'authorChannelUrl': 'http://www.youtube.com/channel/UCNIasFRzILCbF4tuGsePZZg', 'authorChannelId': {'value': 'UCNIasFRzILCbF4tuGsePZZg'}, 'canRate': True, 'viewerRating': 'none', 'likeCount': 0, 'publishedAt': '2022-10-23T23:11:29Z', 'updatedAt': '2022-10-23T23:11:29Z'}}, 'canReply': True, 'totalReplyCount': 0, 'isPublic': True}",,UCNIasFRzILCbF4tuGsePZZg,2022-10-23T23:11:29Z,Quando vejo nas ruas bandido com  camisa do Brasil eu corro com medo de não suportar ver a cara do bandido.,QURTSl9pM3VvRG1wTVBzeXNxMGNvNmsyekRnT28xaWlXUUxWVEswSFlmTGRtcFNqV3FBME1mV2xjNW00YzJwY19QWDdGLXBwNDBVc2wzYw==,2023-06-08 14:52:39.074809
youtube#commentThread,yWXtonPuvrK8tLuOtBL3_Wfj4Wk,UgxslvDdozhR4j6nn3x4AaABAg,"{'videoId': 'zEfTDpfyt1o', 'topLevelComment': {'kind': 'youtube#comment', 'etag': '7N3xvCTvGGBspZ-Zvo001-TL_KA', 'id': 'UgxslvDdozhR4j6nn3x4AaABAg', 'snippet': {'videoId': 'zEfTDpfyt1o', 'textDisplay': 'Repudie também os tiros que os policias levaram', 'textOriginal': 'Repudie também os tiros que os policias levaram', 'authorDisplayName': 'Evaldo Santana', 'authorProfileImageUrl': 'https://yt3.ggpht.com/ytc/AGIKgqOk_eQ9A_KlQSNVK13TAT8yjMG9HeqWoMcANa_c3g=s48-c-k-c0x00ffffff-no-rj', 'authorChannelUrl': 'http://www.youtube.com/channel/UCNXc-fLMsun5VD7nWcew7FQ', 'authorChannelId': {'value': 'UCNXc-fLMsun5VD7nWcew7FQ'}, 'canRate': True, 'viewerRating': 'none', 'likeCount': 0, 'publishedAt': '2022-10-23T23:11:11Z', 'updatedAt': '2022-10-23T23:11:11Z'}}, 'canReply': True, 'totalReplyCount': 0, 'isPublic': True}",,UCNXc-fLMsun5VD7nWcew7FQ,2022-10-23T23:11:11Z,Repudie também os tiros que os policias levaram,QURTSl9pM3VvRG1wTVBzeXNxMGNvNmsyekRnT28xaWlXUUxWVEswSFlmTGRtcFNqV3FBME1mV2xjNW00YzJwY19QWDdGLXBwNDBVc2wzYw==,2023-06-08 14:52:39.074809
youtube#commentThread,zP4vvArcLyWCMqnDZAHj008TvmE,UgyfEYPhlWd3UIdNCRF4AaABAg,"{'videoId': 'zEfTDpfyt1o', 'topLevelComment': {'kind': 'youtube#comment', 'etag': '3tDmmJFcilu8-V886JFpnlsAbRE', 'id': 'UgyfEYPhlWd3UIdNCRF4AaABAg', 'snippet': {'videoId': 'zEfTDpfyt1o', 'textDisplay': 'Por apoiadores de Bolsonaro', 'textOriginal': 'Por apoiadores de Bolsonaro', 'authorDisplayName': 'Direito e Segurança Digital', 'authorProfileImageUrl': 'https://yt3.ggpht.com/ytc/AGIKgqMKZWBqLnNu8C7rGCdfqZCeaZkECM2B35f672dN=s48-c-k-c0x00ffffff-no-rj', 'authorChannelUrl': 'http://www.youtube.com/channel/UC46gq-B3mnaE8VGtnyI1T7Q', 'authorChannelId': {'value': 'UC46gq-B3mnaE8VGtnyI1T7Q'}, 'canRate': True, 'viewerRating': 'none', 'likeCount': 0, 'publishedAt': '2022-10-23T23:11:01Z', 'updatedAt': '2022-10-23T23:11:01Z'}}, 'canReply': True, 'totalReplyCount': 0, 'isPublic': True}",,UC46gq-B3mnaE8VGtnyI1T7Q,2022-10-23T23:11:01Z,Por apoiadores de Bolsonaro,QURTSl9pM3VvRG1wTVBzeXNxMGNvNmsyekRnT28xaWlXUUxWVEswSFlmTGRtcFNqV3FBME1mV2xjNW00YzJwY19QWDdGLXBwNDBVc2wzYw==,2023-06-08 14:52:39.074809
youtube#commentThread,5cRt04npwGK7CHOsA1kj2ACd0uo,Ugz4R01C_oQeokuJxcl4AaABAg,"{'videoId': 'zEfTDpfyt1o', 'topLevelComment': {'kind': 'youtube#comment', 'etag': 'VDfr25TGDb0zylvvr5uxmYnTrgc', 'id': 'Ugz4R01C_oQeokuJxcl4AaABAg', 'snippet': {'videoId': 'zEfTDpfyt1o', 'textDisplay': 'Os jornalistas da Globo não respeita nada , xinga o presidente Bolsonaro o dia todo  não sei como ele aguenta.', 'textOriginal': 'Os jornalistas da Globo não respeita nada , xinga o presidente Bolsonaro o dia todo  não sei como ele aguenta.', 'authorDisplayName': 'Ana Braz', 'authorProfileImageUrl': 'https://yt3.ggpht.com/ytc/AGIKgqNRhuxNDmqKfVWWt5klnAQW82Ug2B4eigUbdsYR=s48-c-k-c0x00ffffff-no-rj', 'authorChannelUrl': 'http://www.youtube.com/channel/UCc5tJ_FfdUpEmdIjTH_QRUg', 'authorChannelId': {'value': 'UCc5tJ_FfdUpEmdIjTH_QRUg'}, 'canRate': True, 'viewerRating': 'none', 'likeCount': 0, 'publishedAt': '2022-10-23T23:10:51Z', 'updatedAt': '2022-10-23T23:10:51Z'}}, 'canReply': True, 'totalReplyCount': 0, 'isPublic': True}",,UCc5tJ_FfdUpEmdIjTH_QRUg,2022-10-23T23:10:51Z,"Os jornalistas da Globo não respeita nada , xinga o presidente Bolsonaro o dia todo  não sei como ele aguenta.",QURTSl9pM3VvRG1wTVBzeXNxMGNvNmsyekRnT28xaWlXUUxWVEswSFlmTGRtcFNqV3FBME1mV2xjNW00YzJwY19QWDdGLXBwNDBVc2wzYw==,2023-06-08 14:52:39.074809
youtube#commentThread,z7yrCClJu-4Qz9eLdBArrrnIOLg,UgxWIHxm019Sv-ghbnd4AaABAg,"{'videoId': 'zEfTDpfyt1o', 'topLevelComment': {'kind': 'youtube#comment', 'etag': 'Sxccla8tttNqCU8-LDjXLvMxXXE', 'id': 'UgxWIHxm019Sv-ghbnd4AaABAg', 'snippet': {'videoId': 'zEfTDpfyt1o', 'textDisplay': 'As coisas podem ficar ainda piores', 'textOriginal': 'As coisas podem ficar ainda piores', 'authorDisplayName': 'Olivio paliosa', 'authorProfileImageUrl': 'https://yt3.ggpht.com/ytc/AGIKgqPy5np6hMXZrCPPSXMf2PRyhhbS9t_68ERAOfCPSpdud2M777AewQywXAzSAt_Q=s48-c-k-c0x00ffffff-no-rj', 'authorChannelUrl': 'http://www.youtube.com/channel/UCAvX-hBb8VX_fyEnTfo_ieg', 'authorChannelId': {'value': 'UCAvX-hBb8VX_fyEnTfo_ieg'}, 'canRate': True, 'viewerRating': 'none', 'likeCount': 0, 'publishedAt': '2022-10-23T23:10:35Z', 'updatedAt': '2022-10-23T23:10:35Z'}}, 'canReply': True, 'totalReplyCount': 1, 'isPublic': True}","{'comments': [{'kind': 'youtube#comment', 'etag': 'xARuBtmB6mcw3zMLXBJ0bfaK-NU', 'id': 'UgxWIHxm019Sv-ghbnd4AaABAg.9hYFhHkvjsn9hYi8BghJzy', 'snippet': {'videoId': 'zEfTDpfyt1o', 'textDisplay': 'Só se amolecermos,  botando panos quentes...agora é pegar ou largar...', 'textOriginal': 'Só se amolecermos,  botando panos quentes...agora é pegar ou largar...', 'parentId': 'UgxWIHxm019Sv-ghbnd4AaABAg', 'authorDisplayName': 'Tiburcio Nascimento', 'authorProfileImageUrl': 'https://yt3.ggpht.com/ytc/AGIKgqPYJ16XbloZp1nRif2q9UiINjE9b3aLcJFllVpYZmGF8L32gAvFuJ_fm0H5T6oa=s48-c-k-c0x00ffffff-no-rj', 'authorChannelUrl': 'http://www.youtube.com/channel/UCOpVT2WBtvOTmNgRgNreY3Q', 'authorChannelId': {'value': 'UCOpVT2WBtvOTmNgRgNreY3Q'}, 'canRate': True, 'viewerRating': 'none', 'likeCount': 0, 'publishedAt': '2022-10-24T03:27:48Z', 'updatedAt': '2022-10-24T03:27:48Z'}}]}",UCAvX-hBb8VX_fyEnTfo_ieg,2022-10-23T23:10:35Z,As coisas podem ficar ainda piores,QURTSl9pM3VvRG1wTVBzeXNxMGNvNmsyekRnT28xaWlXUUxWVEswSFlmTGRtcFNqV3FBME1mV2xjNW00YzJwY19QWDdGLXBwNDBVc2wzYw==,2023-06-08 14:52:39.074809
youtube#commentThread,JzRrKigE9PbBqFt7Fhe4oJeNyP4,Ugy_fXRv9XR84gexeXV4AaABAg,"{'videoId': 'zEfTDpfyt1o', 'topLevelComment': {'kind': 'youtube#comment', 'etag': 'aM7s4vwA_40JDEpMslOUvKom3Ro', 'id': 'Ugy_fXRv9XR84gexeXV4AaABAg', 'snippet': {'videoId': 'zEfTDpfyt1o', 'textDisplay': 'Misericórdia de tanta ignorância 😭', 'textOriginal': 'Misericórdia de tanta ignorância 😭', 'authorDisplayName': 'Helena Castro', 'authorProfileImageUrl': 'https://yt3.ggpht.com/ytc/AGIKgqO8PnnkDFK6mjYWukct2ZISgB1huUOXnwIE79PI=s48-c-k-c0x00ffffff-no-rj', 'authorChannelUrl': 'http://www.youtube.com/channel/UCABZXxO1-tZkOCZBCQX9ZnA', 'authorChannelId': {'value': 'UCABZXxO1-tZkOCZBCQX9ZnA'}, 'canRate': True, 'viewerRating': 'none', 'likeCount': 0, 'publishedAt': '2022-10-23T23:10:32Z', 'updatedAt': '2022-10-23T23:10:32Z'}}, 'canReply': True, 'totalReplyCount': 0, 'isPublic': True}",,UCABZXxO1-tZkOCZBCQX9ZnA,2022-10-23T23:10:32Z,Misericórdia de tanta ignorância 😭,QURTSl9pM3VvRG1wTVBzeXNxMGNvNmsyekRnT28xaWlXUUxWVEswSFlmTGRtcFNqV3FBME1mV2xjNW00YzJwY19QWDdGLXBwNDBVc2wzYw==,2023-06-08 14:52:39.074809
youtube#commentThread,xQvIBcGHRkNrB9Jle-3U9X1rm0c,UgxPjif0fG72mV5220J4AaABAg,"{'videoId': 'zEfTDpfyt1o', 'topLevelComment': {'kind': 'youtube#comment', 'etag': 'uE2ZFV41OUgKABaGfjsLiY7c6c0', 'id': 'UgxPjif0fG72mV5220J4AaABAg', 'snippet': {'videoId': 'zEfTDpfyt1o', 'textDisplay': 'Galera defendendo um corrupto.', 'textOriginal': 'Galera defendendo um corrupto.', 'authorDisplayName': 'Fabricio Canez', 'authorProfileImageUrl': 'https://yt3.ggpht.com/ytc/AGIKgqMDZOf_Gw0FENZcSTNC4cewELtD4lHG0udMfw=s48-c-k-c0x00ffffff-no-rj', 'authorChannelUrl': 'http://www.youtube.com/channel/UClpqmiMjxwcZJ9BLxdwe2tQ', 'authorChannelId': {'value': 'UClpqmiMjxwcZJ9BLxdwe2tQ'}, 'canRate': True, 'viewerRating': 'none', 'likeCount': 0, 'publishedAt': '2022-10-23T23:10:27Z', 'updatedAt': '2022-10-23T23:10:27Z'}}, 'canReply': True, 'totalReplyCount': 0, 'isPublic': True}",,UClpqmiMjxwcZJ9BLxdwe2tQ,2022-10-23T23:10:27Z,Galera defendendo um corrupto.,QURTSl9pM3VvRG1wTVBzeXNxMGNvNmsyekRnT28xaWlXUUxWVEswSFlmTGRtcFNqV3FBME1mV2xjNW00YzJwY19QWDdGLXBwNDBVc2wzYw==,2023-06-08 14:52:39.074809
youtube#commentThread,uCgjpqBaOOjUer2aRUKV5q4vO_0,Ugyokk7MvJjY9bhUtz94AaABAg,"{'videoId': 'zEfTDpfyt1o', 'topLevelComment': {'kind': 'youtube#comment', 'etag': '2sdehFIS5mHvrfB_BNxehl2JM5U', 'id': 'Ugyokk7MvJjY9bhUtz94AaABAg', 'snippet': {'videoId': 'zEfTDpfyt1o', 'textDisplay': 'Fui cinegrafista da Globo Brasília sempre fomos atacados , trabalhei lá 26 anos ,todos os partidos já me agrediram  quando  fora do governo , voto na direita hoje e já votei n esquerda no passado e a mesma já me grediram, isso é intolerável com o  profissional tanto do lado da esquerda quanto direita. <br>Tem que ser punido seja qual partido esse desequilibrado.', 'textOriginal': 'Fui cinegrafista da Globo Brasília sempre fomos atacados , trabalhei lá 26 anos ,todos os partidos já me agrediram  quando  fora do governo , voto na direita hoje e já votei n esquerda no passado e a mesma já me grediram, isso é intolerável com o  profissional tanto do lado da esquerda quanto direita. \\nTem que ser punido seja qual partido esse desequilibrado.', 'authorDisplayName': 'Robson Nonato Macedo De Brito', 'authorProfileImageUrl': 'https://yt3.ggpht.com/ytc/AGIKgqOoO6vOFutHQ5E2k7YVIbLMViUmtbX40Yxs14Nj2A=s48-c-k-c0x00ffffff-no-rj', 'authorChannelUrl': 'http://www.youtube.com/channel/UCUR_21vJZFDdoo2QJfHXxng', 'authorChannelId': {'value': 'UCUR_21vJZFDdoo2QJfHXxng'}, 'canRate': True, 'viewerRating': 'none', 'likeCount': 2, 'publishedAt': '2022-10-23T23:09:43Z', 'updatedAt': '2022-10-23T23:09:43Z'}}, 'canReply': True, 'totalReplyCount': 1, 'isPublic': True}","{'comments': [{'kind': 'youtube#comment', 'etag': '5bp0iGVEBwavPsRvD0bmLIBplEE', 'id': 'Ugyokk7MvJjY9bhUtz94AaABAg.9hYFauJKOZQ9hYTtr3-Xks', 'snippet': {'videoId': 'zEfTDpfyt1o', 'textDisplay': 'Lembro do caso do cinegrafista que faleceu quando manifestantes da esquerda jogaram rojão nele!', 'textOriginal': 'Lembro do caso do cinegrafista que faleceu quando manifestantes da esquerda jogaram rojão nele!', 'parentId': 'Ugyokk7MvJjY9bhUtz94AaABAg', 'authorDisplayName': 'Mary Madeleine Mattos Meire', 'authorProfileImageUrl': 'https://yt3.ggpht.com/ytc/AGIKgqMMKFPieMmbIeA84Sq6-hq-8lsIW_Q4drAaJw=s48-c-k-c0x00ffffff-no-rj', 'authorChannelUrl': 'http://www.youtube.com/channel/UCAzY-Xa075NjqCtEVZy_xng', 'authorChannelId': {'value': 'UCAzY-Xa075NjqCtEVZy_xng'}, 'canRate': True, 'viewerRating': 'none', 'likeCount': 0, 'publishedAt': '2022-10-24T01:14:38Z', 'updatedAt': '2022-10-24T01:14:38Z'}}]}",UCUR_21vJZFDdoo2QJfHXxng,2022-10-23T23:09:43Z,"Fui cinegrafista da Globo Brasília sempre fomos atacados , trabalhei lá 26 anos ,todos os partidos já me agrediram  quando  fora do governo , voto na direita hoje e já votei n esquerda no passado e a mesma já me grediram, isso é intolerável com o  profissional tanto do lado da esquerda quanto direita. 
Tem que ser punido seja qual partido esse desequilibrado.",QURTSl9pM3VvRG1wTVBzeXNxMGNvNmsyekRnT28xaWlXUUxWVEswSFlmTGRtcFNqV3FBME1mV2xjNW00YzJwY19QWDdGLXBwNDBVc2wzYw==,2023-06-08 14:52:39.074809
youtube#commentThread,O8gOy8wms8jm2rWjVewP2cxWHUE,UgxjZYaO2n8w8tIuAxx4AaABAg,"{'videoId': 'zEfTDpfyt1o', 'topLevelComment': {'kind': 'youtube#comment', 'etag': 'P6JXSNqr6do3VS6IgwXJNzfZozg', 'id': 'UgxjZYaO2n8w8tIuAxx4AaABAg', 'snippet': {'videoId': 'zEfTDpfyt1o', 'textDisplay': 'Parabéns Jovem Pan...tem meu respeito e minha admiração...👏👏👏👏', 'textOriginal': 'Parabéns Jovem Pan...tem meu respeito e minha admiração...👏👏👏👏', 'authorDisplayName': 'Cleber Veras', 'authorProfileImageUrl': 'https://yt3.ggpht.com/ytc/AGIKgqOqS9bjipumJt_rPlq21OMtIdt-wEap2ytv7Q=s48-c-k-c0x00ffffff-no-rj', 'authorChannelUrl': 'http://www.youtube.com/channel/UCHUiYnpwxa92PEoi9uxaNVg', 'authorChannelId': {'value': 'UCHUiYnpwxa92PEoi9uxaNVg'}, 'canRate': True, 'viewerRating': 'none', 'likeCount': 1, 'publishedAt': '2022-10-23T23:09:20Z', 'updatedAt': '2022-10-23T23:09:20Z'}}, 'canReply': True, 'totalReplyCount': 0, 'isPublic': True}",,UCHUiYnpwxa92PEoi9uxaNVg,2022-10-23T23:09:20Z,Parabéns Jovem Pan...tem meu respeito e minha admiração...👏👏👏👏,QURTSl9pM3VvRG1wTVBzeXNxMGNvNmsyekRnT28xaWlXUUxWVEswSFlmTGRtcFNqV3FBME1mV2xjNW00YzJwY19QWDdGLXBwNDBVc2wzYw==,2023-06-08 14:52:39.074809
youtube#commentThread,xLO9vkqV9OnN5hgixHfq7luQmK0,Ugw5vbO2SWpXgpel0d54AaABAg,"{'videoId': 'zEfTDpfyt1o', 'topLevelComment': {'kind': 'youtube#comment', 'etag': 'jZ7PbHZCT9kwSaIODt6sgoeYko0', 'id': 'Ugw5vbO2SWpXgpel0d54AaABAg', 'snippet': {'videoId': 'zEfTDpfyt1o', 'textDisplay': '🙋\\u200d♀️SERÁ QUE ESTE CARA NÃO TEM PASSAGEM DE BO? A IMPRESSÃO QUE  DÁ  É QUE ELE NÃO QUERIA SER FILMADO!??', 'textOriginal': '🙋\\u200d♀️SERÁ QUE ESTE CARA NÃO TEM PASSAGEM DE BO? A IMPRESSÃO QUE  DÁ  É QUE ELE NÃO QUERIA SER FILMADO!??', 'authorDisplayName': 'Esther Maria', 'authorProfileImageUrl': 'https://yt3.ggpht.com/ytc/AGIKgqN5In8Gl_FGAlE7CiWvxFbS1gaVM9Fj2jsYhyVZww=s48-c-k-c0x00ffffff-no-rj', 'authorChannelUrl': 'http://www.youtube.com/channel/UC7Bq3FHTVm6I2oWgwYSnhmA', 'authorChannelId': {'value': 'UC7Bq3FHTVm6I2oWgwYSnhmA'}, 'canRate': True, 'viewerRating': 'none', 'likeCount': 0, 'publishedAt': '2022-10-23T23:08:44Z', 'updatedAt': '2022-10-23T23:08:44Z'}}, 'canReply': True, 'totalReplyCount': 0, 'isPublic': True}",,UC7Bq3FHTVm6I2oWgwYSnhmA,2022-10-23T23:08:44Z,🙋‍♀️SERÁ QUE ESTE CARA NÃO TEM PASSAGEM DE BO? A IMPRESSÃO QUE  DÁ  É QUE ELE NÃO QUERIA SER FILMADO!??,QURTSl9pM3VvRG1wTVBzeXNxMGNvNmsyekRnT28xaWlXUUxWVEswSFlmTGRtcFNqV3FBME1mV2xjNW00YzJwY19QWDdGLXBwNDBVc2wzYw==,2023-06-08 14:52:39.074809
youtube#commentThread,YM1NiNEQ-7i8bwbVIKbXHCkrpF8,UgyiydGIqGTnjcZeJ094AaABAg,"{'videoId': 'zEfTDpfyt1o', 'topLevelComment': {'kind': 'youtube#comment', 'etag': 'yMTMnaUxLLbgiAthefMdU4l0pLo', 'id': 'UgyiydGIqGTnjcZeJ094AaABAg', 'snippet': {'videoId': 'zEfTDpfyt1o', 'textDisplay': 'A AGREÇAÕ CONTRA O GEFERSOM POR FALAR A VERDADE QUANDO  A MINISTRA <br><br> RASGA NOVAMENTE A CONSTITUIÇAO E DAI ELE SO FES PORQUE ESTA INDIGUINADO EU TAMBEM  OS POLIÇIAIS ESTAÕ COMPRINDO ORDES  QUE NAÕ DEVE SER COMPRIDA SO ESTA ACONTEÇENDO PORQUE O STF ESTA ERRADO', 'textOriginal': 'A AGREÇAÕ CONTRA O GEFERSOM POR FALAR A VERDADE QUANDO  A MINISTRA \\n\\n RASGA NOVAMENTE A CONSTITUIÇAO E DAI ELE SO FES PORQUE ESTA INDIGUINADO EU TAMBEM  OS POLIÇIAIS ESTAÕ COMPRINDO ORDES  QUE NAÕ DEVE SER COMPRIDA SO ESTA ACONTEÇENDO PORQUE O STF ESTA ERRADO', 'authorDisplayName': 'Antonio Negrão', 'authorProfileImageUrl': 'https://yt3.ggpht.com/ytc/AGIKgqNaOOxz2SCMIbE_insqI5f30nyT6JtJEHwSqQ=s48-c-k-c0x00ffffff-no-rj', 'authorChannelUrl': 'http://www.youtube.com/channel/UCbyANM_4PqWnweAhPbErMDA', 'authorChannelId': {'value': 'UCbyANM_4PqWnweAhPbErMDA'}, 'canRate': True, 'viewerRating': 'none', 'likeCount': 0, 'publishedAt': '2022-10-23T23:08:29Z', 'updatedAt': '2022-10-23T23:08:29Z'}}, 'canReply': True, 'totalReplyCount': 0, 'isPublic': True}",,UCbyANM_4PqWnweAhPbErMDA,2022-10-23T23:08:29Z,"A AGREÇAÕ CONTRA O GEFERSOM POR FALAR A VERDADE QUANDO  A MINISTRA 

 RASGA NOVAMENTE A CONSTITUIÇAO E DAI ELE SO FES PORQUE ESTA INDIGUINADO EU TAMBEM  OS POLIÇIAIS ESTAÕ COMPRINDO ORDES  QUE NAÕ DEVE SER COMPRIDA SO ESTA ACONTEÇENDO PORQUE O STF ESTA ERRADO",QURTSl9pM3VvRG1wTVBzeXNxMGNvNmsyekRnT28xaWlXUUxWVEswSFlmTGRtcFNqV3FBME1mV2xjNW00YzJwY19QWDdGLXBwNDBVc2wzYw==,2023-06-08 14:52:39.074809
youtube#commentThread,Ms9NzdavGZT_RAhzM5PSb9wBhQw,UgwDRd_TNt7rWnKbyOF4AaABAg,"{'videoId': 'zEfTDpfyt1o', 'topLevelComment': {'kind': 'youtube#comment', 'etag': 'ClLQ7NxKCZ5Kbc7AtL1wuesVd54', 'id': 'UgwDRd_TNt7rWnKbyOF4AaABAg', 'snippet': {'videoId': 'zEfTDpfyt1o', 'textDisplay': 'Acho estranho do Roberto Jefferson fazer este carnaval,justo quando o Presidente Bolsonaro faz uma linda live,neste momento era pra está repercutindo a live,parece coisa armada pra tirar o brilho da live', 'textOriginal': 'Acho estranho do Roberto Jefferson fazer este carnaval,justo quando o Presidente Bolsonaro faz uma linda live,neste momento era pra está repercutindo a live,parece coisa armada pra tirar o brilho da live', 'authorDisplayName': 'Luzia Dolmen', 'authorProfileImageUrl': 'https://yt3.ggpht.com/ytc/AGIKgqOhlpSJ04Zz3V7bSeqzG3YXHxYj3o13Qmz4Qg=s48-c-k-c0x00ffffff-no-rj', 'authorChannelUrl': 'http://www.youtube.com/channel/UCQl3srj6UOJVKiewkzzrtzQ', 'authorChannelId': {'value': 'UCQl3srj6UOJVKiewkzzrtzQ'}, 'canRate': True, 'viewerRating': 'none', 'likeCount': 0, 'publishedAt': '2022-10-23T23:08:00Z', 'updatedAt': '2022-10-23T23:08:00Z'}}, 'canReply': True, 'totalReplyCount': 1, 'isPublic': True}","{'comments': [{'kind': 'youtube#comment', 'etag': 'kWIzxdCzgL4PCVznxu1uY3YNicI', 'id': 'UgwDRd_TNt7rWnKbyOF4AaABAg.9hYFPIIpf1g9hYFfZLytoP', 'snippet': {'videoId': 'zEfTDpfyt1o', 'textDisplay': 'O cara ia ser preso na Berlinda agora eu acho que eles matam ele', 'textOriginal': 'O cara ia ser preso na Berlinda agora eu acho que eles matam ele', 'parentId': 'UgwDRd_TNt7rWnKbyOF4AaABAg', 'authorDisplayName': 'Ricardo Ferraz da cunha', 'authorProfileImageUrl': 'https://yt3.ggpht.com/ytc/AGIKgqNo7mhk8JBVBNp1k84SF4umQEFXZb5r9_7tXnn1dnDQAMr962GFF9W1hqeuKUt0=s48-c-k-c0x00ffffff-no-rj', 'authorChannelUrl': 'http://www.youtube.com/channel/UCinqSsWi4_FItJtlMlBqlkg', 'authorChannelId': {'value': 'UCinqSsWi4_FItJtlMlBqlkg'}, 'canRate': True, 'viewerRating': 'none', 'likeCount': 0, 'publishedAt': '2022-10-23T23:10:21Z', 'updatedAt': '2022-10-23T23:10:21Z'}}]}",UCQl3srj6UOJVKiewkzzrtzQ,2022-10-23T23:08:00Z,"Acho estranho do Roberto Jefferson fazer este carnaval,justo quando o Presidente Bolsonaro faz uma linda live,neste momento era pra está repercutindo a live,parece coisa armada pra tirar o brilho da live",QURTSl9pM3VvRG1wTVBzeXNxMGNvNmsyekRnT28xaWlXUUxWVEswSFlmTGRtcFNqV3FBME1mV2xjNW00YzJwY19QWDdGLXBwNDBVc2wzYw==,2023-06-08 14:52:39.074809
youtube#commentThread,TfMDbFsSO_ugmdjQefqq7dMNwWE,UgyErgc46MQxqCqkmzx4AaABAg,"{'videoId': 'zEfTDpfyt1o', 'topLevelComment': {'kind': 'youtube#comment', 'etag': 'm7C-fOP4Mii_zuBN9nYupHSjawQ', 'id': 'UgyErgc46MQxqCqkmzx4AaABAg', 'snippet': {'videoId': 'zEfTDpfyt1o', 'textDisplay': 'Cara está só trabalhando', 'textOriginal': 'Cara está só trabalhando', 'authorDisplayName': 'izidro izidro', 'authorProfileImageUrl': 'https://yt3.ggpht.com/ytc/AGIKgqNWaHbpdXx6cEcnOv8l98JBgw3LcRYd0IsQ7iksPw=s48-c-k-c0x00ffffff-no-rj', 'authorChannelUrl': 'http://www.youtube.com/channel/UCEPeKEkwDJq32Ujb-2F9CCA', 'authorChannelId': {'value': 'UCEPeKEkwDJq32Ujb-2F9CCA'}, 'canRate': True, 'viewerRating': 'none', 'likeCount': 0, 'publishedAt': '2022-10-23T23:07:55Z', 'updatedAt': '2022-10-23T23:07:55Z'}}, 'canReply': True, 'totalReplyCount': 0, 'isPublic': True}",,UCEPeKEkwDJq32Ujb-2F9CCA,2022-10-23T23:07:55Z,Cara está só trabalhando,QURTSl9pM3VvRG1wTVBzeXNxMGNvNmsyekRnT28xaWlXUUxWVEswSFlmTGRtcFNqV3FBME1mV2xjNW00YzJwY19QWDdGLXBwNDBVc2wzYw==,2023-06-08 14:52:39.074809
youtube#commentThread,raIW-iZQfK7ca0SLv3oU7eLwVZg,Ugxb6tm-T5tlO1PpSjR4AaABAg,"{'videoId': 'zEfTDpfyt1o', 'topLevelComment': {'kind': 'youtube#comment', 'etag': 'LYytuZdYFEWj0Uhx2q-T2N8b2TM', 'id': 'Ugxb6tm-T5tlO1PpSjR4AaABAg', 'snippet': {'videoId': 'zEfTDpfyt1o', 'textDisplay': '🙋\\u200d♀️SERÁ QUE ESTE CARA NÃO TEM PASSAGEM DE BO? A IMPRESSÃO QUE  DÁ  É QUE ELE NÃO QUERIA SER FILMADO!??', 'textOriginal': '🙋\\u200d♀️SERÁ QUE ESTE CARA NÃO TEM PASSAGEM DE BO? A IMPRESSÃO QUE  DÁ  É QUE ELE NÃO QUERIA SER FILMADO!??', 'authorDisplayName': 'Esther Maria', 'authorProfileImageUrl': 'https://yt3.ggpht.com/ytc/AGIKgqN5In8Gl_FGAlE7CiWvxFbS1gaVM9Fj2jsYhyVZww=s48-c-k-c0x00ffffff-no-rj', 'authorChannelUrl': 'http://www.youtube.com/channel/UC7Bq3FHTVm6I2oWgwYSnhmA', 'authorChannelId': {'value': 'UC7Bq3FHTVm6I2oWgwYSnhmA'}, 'canRate': True, 'viewerRating': 'none', 'likeCount': 0, 'publishedAt': '2022-10-23T23:07:51Z', 'updatedAt': '2022-10-23T23:07:51Z'}}, 'canReply': True, 'totalReplyCount': 0, 'isPublic': True}",,UC7Bq3FHTVm6I2oWgwYSnhmA,2022-10-23T23:07:51Z,🙋‍♀️SERÁ QUE ESTE CARA NÃO TEM PASSAGEM DE BO? A IMPRESSÃO QUE  DÁ  É QUE ELE NÃO QUERIA SER FILMADO!??,QURTSl9pM3VvRG1wTVBzeXNxMGNvNmsyekRnT28xaWlXUUxWVEswSFlmTGRtcFNqV3FBME1mV2xjNW00YzJwY19QWDdGLXBwNDBVc2wzYw==,2023-06-08 14:52:39.074809
youtube#commentThread,xDqkbNIJTaTWpCA0uX7MKEL-IOM,Ugy1t3rTiiDMsuHfD5V4AaABAg,"{'videoId': 'zEfTDpfyt1o', 'topLevelComment': {'kind': 'youtube#comment', 'etag': 'pwpKC2W1uA78fI-gZvr99r16Ha4', 'id': 'Ugy1t3rTiiDMsuHfD5V4AaABAg', 'snippet': {'videoId': 'zEfTDpfyt1o', 'textDisplay': 'JOVEM Pano tá dando pra trás heim. Ctz que até dia 30 vira pro Lula kkkk.', 'textOriginal': 'JOVEM Pano tá dando pra trás heim. Ctz que até dia 30 vira pro Lula kkkk.', 'authorDisplayName': 'Marcos Moraes', 'authorProfileImageUrl': 'https://yt3.ggpht.com/ytc/AGIKgqO0yYiBDgf-p7mDFPPnVTUWR4EV9nVo2dtbIqwKkA=s48-c-k-c0x00ffffff-no-rj', 'authorChannelUrl': 'http://www.youtube.com/channel/UCxKED2BKTZYuqtaPQR4mEuQ', 'authorChannelId': {'value': 'UCxKED2BKTZYuqtaPQR4mEuQ'}, 'canRate': True, 'viewerRating': 'none', 'likeCount': 0, 'publishedAt': '2022-10-23T23:07:41Z', 'updatedAt': '2022-10-23T23:07:41Z'}}, 'canReply': True, 'totalReplyCount': 0, 'isPublic': True}",,UCxKED2BKTZYuqtaPQR4mEuQ,2022-10-23T23:07:41Z,JOVEM Pano tá dando pra trás heim. Ctz que até dia 30 vira pro Lula kkkk.,QURTSl9pM3VvRG1wTVBzeXNxMGNvNmsyekRnT28xaWlXUUxWVEswSFlmTGRtcFNqV3FBME1mV2xjNW00YzJwY19QWDdGLXBwNDBVc2wzYw==,2023-06-08 14:52:39.074809
youtube#commentThread,ZnYCgjyuL4r6kb1h4hWT2GmXH_c,Ugx_tHrR1GrIs-efsXZ4AaABAg,"{'videoId': 'zEfTDpfyt1o', 'topLevelComment': {'kind': 'youtube#comment', 'etag': '7DE75r49LTEPA6EiT7ZjVx3vpOU', 'id': 'Ugx_tHrR1GrIs-efsXZ4AaABAg', 'snippet': {'videoId': 'zEfTDpfyt1o', 'textDisplay': 'TUDO COMEÇOU QUANDO COMEÇARAM A SOUTAR BANDIDO E PRENDER INOCENTES.', 'textOriginal': 'TUDO COMEÇOU QUANDO COMEÇARAM A SOUTAR BANDIDO E PRENDER INOCENTES.', 'authorDisplayName': 'Cláudia Balbino', 'authorProfileImageUrl': 'https://yt3.ggpht.com/ytc/AGIKgqNuQiG7P-xzCfoBtj47-2k6D8YJn3d2HeiJZjhfmrNwbFPfNx0_z3H7xEij25DB=s48-c-k-c0x00ffffff-no-rj', 'authorChannelUrl': 'http://www.youtube.com/channel/UCu0gjxJcuWZVh0q6gwoCN3Q', 'authorChannelId': {'value': 'UCu0gjxJcuWZVh0q6gwoCN3Q'}, 'canRate': True, 'viewerRating': 'none', 'likeCount': 1, 'publishedAt': '2022-10-23T23:07:26Z', 'updatedAt': '2022-10-23T23:07:26Z'}}, 'canReply': True, 'totalReplyCount': 0, 'isPublic': True}",,UCu0gjxJcuWZVh0q6gwoCN3Q,2022-10-23T23:07:26Z,TUDO COMEÇOU QUANDO COMEÇARAM A SOUTAR BANDIDO E PRENDER INOCENTES.,QURTSl9pM3VvRG1wTVBzeXNxMGNvNmsyekRnT28xaWlXUUxWVEswSFlmTGRtcFNqV3FBME1mV2xjNW00YzJwY19QWDdGLXBwNDBVc2wzYw==,2023-06-08 14:52:39.074809
youtube#commentThread,BcEOKXn-sbnOl0J-kUI2SLlwTRQ,UgzsAL-XtwmwmBBH7JJ4AaABAg,"{'videoId': 'zEfTDpfyt1o', 'topLevelComment': {'kind': 'youtube#comment', 'etag': 'fHxIB137YX0CaGPlKXBrHejXWyc', 'id': 'UgzsAL-XtwmwmBBH7JJ4AaABAg', 'snippet': {'videoId': 'zEfTDpfyt1o', 'textDisplay': 'Não acho justo isso...Eles estão trabalhando.', 'textOriginal': 'Não acho justo isso...Eles estão trabalhando.', 'authorDisplayName': 'Angela Magalhaes', 'authorProfileImageUrl': 'https://yt3.ggpht.com/ytc/AGIKgqM4-fraEtDSRqOfTxjXMlMZUgx8Oj9dHhthEw=s48-c-k-c0x00ffffff-no-rj', 'authorChannelUrl': 'http://www.youtube.com/channel/UC7Du5tJuQeOlWtd1eubjTdg', 'authorChannelId': {'value': 'UC7Du5tJuQeOlWtd1eubjTdg'}, 'canRate': True, 'viewerRating': 'none', 'likeCount': 0, 'publishedAt': '2022-10-23T23:07:22Z', 'updatedAt': '2022-10-23T23:07:22Z'}}, 'canReply': True, 'totalReplyCount': 0, 'isPublic': True}",,UC7Du5tJuQeOlWtd1eubjTdg,2022-10-23T23:07:22Z,Não acho justo isso...Eles estão trabalhando.,QURTSl9pM3VvRG1wTVBzeXNxMGNvNmsyekRnT28xaWlXUUxWVEswSFlmTGRtcFNqV3FBME1mV2xjNW00YzJwY19QWDdGLXBwNDBVc2wzYw==,2023-06-08 14:52:39.074809
youtube#commentThread,9XENgO3ro24SLeNW7QOl0qICx1o,UgygSdO2ysZ0RQAJCTx4AaABAg,"{'videoId': 'zEfTDpfyt1o', 'topLevelComment': {'kind': 'youtube#comment', 'etag': 'hVY6IB7HAcGJIzAnsKUNPhCSn8c', 'id': 'UgygSdO2ysZ0RQAJCTx4AaABAg', 'snippet': {'videoId': 'zEfTDpfyt1o', 'textDisplay': 'Não gosta da globo? Não assiste! Eu já faço mais de 12 anos que não assisto ela. Nem se quer futebol', 'textOriginal': 'Não gosta da globo? Não assiste! Eu já faço mais de 12 anos que não assisto ela. Nem se quer futebol', 'authorDisplayName': 'izidro izidro', 'authorProfileImageUrl': 'https://yt3.ggpht.com/ytc/AGIKgqNWaHbpdXx6cEcnOv8l98JBgw3LcRYd0IsQ7iksPw=s48-c-k-c0x00ffffff-no-rj', 'authorChannelUrl': 'http://www.youtube.com/channel/UCEPeKEkwDJq32Ujb-2F9CCA', 'authorChannelId': {'value': 'UCEPeKEkwDJq32Ujb-2F9CCA'}, 'canRate': True, 'viewerRating': 'none', 'likeCount': 1, 'publishedAt': '2022-10-23T23:07:15Z', 'updatedAt': '2022-10-23T23:07:15Z'}}, 'canReply': True, 'totalReplyCount': 0, 'isPublic': True}",,UCEPeKEkwDJq32Ujb-2F9CCA,2022-10-23T23:07:15Z,Não gosta da globo? Não assiste! Eu já faço mais de 12 anos que não assisto ela. Nem se quer futebol,QURTSl9pM3VvRG1wTVBzeXNxMGNvNmsyekRnT28xaWlXUUxWVEswSFlmTGRtcFNqV3FBME1mV2xjNW00YzJwY19QWDdGLXBwNDBVc2wzYw==,2023-06-08 14:52:39.074809
youtube#commentThread,UQZeEK4Mqai-Vkaz9O84iZL1ScI,UgyXt_z52Fgf30W6tQd4AaABAg,"{'videoId': 'zEfTDpfyt1o', 'topLevelComment': {'kind': 'youtube#comment', 'etag': 'AGbaaUBC12WTZ9WHgJBXslwBg20', 'id': 'UgyXt_z52Fgf30W6tQd4AaABAg', 'snippet': {'videoId': 'zEfTDpfyt1o', 'textDisplay': 'Qual democracia o Sr está falando? E esta tarja censurando a JP?', 'textOriginal': 'Qual democracia o Sr está falando? E esta tarja censurando a JP?', 'authorDisplayName': 'Letícia Cirino', 'authorProfileImageUrl': 'https://yt3.ggpht.com/ytc/AGIKgqOVIeb5AXkHbqMIGRE-F16F9YYKKOyjroDY-w=s48-c-k-c0x00ffffff-no-rj', 'authorChannelUrl': 'http://www.youtube.com/channel/UCqOqqlvwF0F3f6CB4tjIEnw', 'authorChannelId': {'value': 'UCqOqqlvwF0F3f6CB4tjIEnw'}, 'canRate': True, 'viewerRating': 'none', 'likeCount': 0, 'publishedAt': '2022-10-23T23:06:47Z', 'updatedAt': '2022-10-23T23:06:47Z'}}, 'canReply': True, 'totalReplyCount': 0, 'isPublic': True}",,UCqOqqlvwF0F3f6CB4tjIEnw,2022-10-23T23:06:47Z,Qual democracia o Sr está falando? E esta tarja censurando a JP?,QURTSl9pM3VvRG1wTVBzeXNxMGNvNmsyekRnT28xaWlXUUxWVEswSFlmTGRtcFNqV3FBME1mV2xjNW00YzJwY19QWDdGLXBwNDBVc2wzYw==,2023-06-08 14:52:39.074809
youtube#commentThread,b3eU9AWM2m-q-viBHhkzo2Vo2HM,UgxJkyCiTGjIOK-0CAF4AaABAg,"{'videoId': 'zEfTDpfyt1o', 'topLevelComment': {'kind': 'youtube#comment', 'etag': 'iNW4YlU4GBhbl6zfoLG0EfLopE8', 'id': 'UgxJkyCiTGjIOK-0CAF4AaABAg', 'snippet': {'videoId': 'zEfTDpfyt1o', 'textDisplay': 'O cinegrafista não tem culpa de trabalhar na Globolixo!', 'textOriginal': 'O cinegrafista não tem culpa de trabalhar na Globolixo!', 'authorDisplayName': 'Roberto Anjos', 'authorProfileImageUrl': 'https://yt3.ggpht.com/ytc/AGIKgqOv_SWpW60a55NAFa0xzlWBZ0MTfQVStimgwg=s48-c-k-c0x00ffffff-no-rj', 'authorChannelUrl': 'http://www.youtube.com/channel/UC-oirtlwgQrVpWvd-EEE4BA', 'authorChannelId': {'value': 'UC-oirtlwgQrVpWvd-EEE4BA'}, 'canRate': True, 'viewerRating': 'none', 'likeCount': 0, 'publishedAt': '2022-10-23T23:06:38Z', 'updatedAt': '2022-10-23T23:06:38Z'}}, 'canReply': True, 'totalReplyCount': 0, 'isPublic': True}",,UC-oirtlwgQrVpWvd-EEE4BA,2022-10-23T23:06:38Z,O cinegrafista não tem culpa de trabalhar na Globolixo!,QURTSl9pM3VvRG1wTVBzeXNxMGNvNmsyekRnT28xaWlXUUxWVEswSFlmTGRtcFNqV3FBME1mV2xjNW00YzJwY19QWDdGLXBwNDBVc2wzYw==,2023-06-08 14:52:39.074809
youtube#commentThread,8qjtj4YDBgVFVnE1ZZxu5DWfocQ,UgyGIMS3ChE5ZlCaPOl4AaABAg,"{'videoId': 'zEfTDpfyt1o', 'topLevelComment': {'kind': 'youtube#comment', 'etag': 'V9zhGlrED_eQiLz7WKp0lT6Em3E', 'id': 'UgyGIMS3ChE5ZlCaPOl4AaABAg', 'snippet': {'videoId': 'zEfTDpfyt1o', 'textDisplay': 'E tudo em letra minúscula mesmo,não merecem maiúsculas não!!!!', 'textOriginal': 'E tudo em letra minúscula mesmo,não merecem maiúsculas não!!!!', 'authorDisplayName': 'AMAZONAS SELVA', 'authorProfileImageUrl': 'https://yt3.ggpht.com/ytc/AGIKgqNsxmtxkljKl6kKFzQ66K19Xv6ANRw_QiaDqsvdpsg=s48-c-k-c0x00ffffff-no-rj', 'authorChannelUrl': 'http://www.youtube.com/channel/UC41RFsx30ZtEMuJEkxoZj8Q', 'authorChannelId': {'value': 'UC41RFsx30ZtEMuJEkxoZj8Q'}, 'canRate': True, 'viewerRating': 'none', 'likeCount': 0, 'publishedAt': '2022-10-23T23:06:22Z', 'updatedAt': '2022-10-23T23:06:47Z'}}, 'canReply': True, 'totalReplyCount': 0, 'isPublic': True}",,UC41RFsx30ZtEMuJEkxoZj8Q,2022-10-23T23:06:22Z,"E tudo em letra minúscula mesmo,não merecem maiúsculas não!!!!",QURTSl9pM3VvRG1wTVBzeXNxMGNvNmsyekRnT28xaWlXUUxWVEswSFlmTGRtcFNqV3FBME1mV2xjNW00YzJwY19QWDdGLXBwNDBVc2wzYw==,2023-06-08 14:52:39.074809
youtube#commentThread,iidpEzd3VmL9sYR2QGKjP1YqkcU,UgxnjEoCRqC2d2PKApN4AaABAg,"{'videoId': 'zEfTDpfyt1o', 'topLevelComment': {'kind': 'youtube#comment', 'etag': 'WOCadkn8ARn1H3-eGxHt54ptuu0', 'id': 'UgxnjEoCRqC2d2PKApN4AaABAg', 'snippet': {'videoId': 'zEfTDpfyt1o', 'textDisplay': 'paréce que ô cóvarde atacou atração porque êle atacou por detrais pelas cóstas  :', 'textOriginal': 'paréce que ô cóvarde atacou atração porque êle atacou por detrais pelas cóstas  :', 'authorDisplayName': 'Elias Miranda', 'authorProfileImageUrl': 'https://yt3.ggpht.com/ytc/AGIKgqPQw4kV5m_ZDBO9vYzLIbVEQadkFJbyQpsZWEFa1CdMLF3oNj8CC6v2szKY5tqg=s48-c-k-c0x00ffffff-no-rj', 'authorChannelUrl': 'http://www.youtube.com/channel/UCgptKvj45fwEy1bUM-qlWsg', 'authorChannelId': {'value': 'UCgptKvj45fwEy1bUM-qlWsg'}, 'canRate': True, 'viewerRating': 'none', 'likeCount': 0, 'publishedAt': '2022-10-23T23:06:22Z', 'updatedAt': '2022-10-23T23:06:22Z'}}, 'canReply': True, 'totalReplyCount': 0, 'isPublic': True}",,UCgptKvj45fwEy1bUM-qlWsg,2022-10-23T23:06:22Z,paréce que ô cóvarde atacou atração porque êle atacou por detrais pelas cóstas  :,QURTSl9pM3VvRG1wTVBzeXNxMGNvNmsyekRnT28xaWlXUUxWVEswSFlmTGRtcFNqV3FBME1mV2xjNW00YzJwY19QWDdGLXBwNDBVc2wzYw==,2023-06-08 14:52:39.074809
youtube#commentThread,MIKY_xSwDutvT57XeSfDNaOypd8,Ugwtbu50EuFgcNJDdpF4AaABAg,"{'videoId': 'zEfTDpfyt1o', 'topLevelComment': {'kind': 'youtube#comment', 'etag': 'JGgLfcq73ScHZvWe6_2igXZUxfM', 'id': 'Ugwtbu50EuFgcNJDdpF4AaABAg', 'snippet': {'videoId': 'zEfTDpfyt1o', 'textDisplay': 'porrada nos cretinos', 'textOriginal': 'porrada nos cretinos', 'authorDisplayName': 'aeiouerick', 'authorProfileImageUrl': 'https://yt3.ggpht.com/ytc/AGIKgqNgWG7NnNhTDUJNL1WL2dRRImpnfLAcJqphOA=s48-c-k-c0x00ffffff-no-rj', 'authorChannelUrl': 'http://www.youtube.com/channel/UCZQmWFPfz07RoGQ_SX5Qjsg', 'authorChannelId': {'value': 'UCZQmWFPfz07RoGQ_SX5Qjsg'}, 'canRate': True, 'viewerRating': 'none', 'likeCount': 0, 'publishedAt': '2022-10-23T23:06:18Z', 'updatedAt': '2022-10-23T23:06:18Z'}}, 'canReply': True, 'totalReplyCount': 0, 'isPublic': True}",,UCZQmWFPfz07RoGQ_SX5Qjsg,2022-10-23T23:06:18Z,porrada nos cretinos,QURTSl9pM3VvRG1wTVBzeXNxMGNvNmsyekRnT28xaWlXUUxWVEswSFlmTGRtcFNqV3FBME1mV2xjNW00YzJwY19QWDdGLXBwNDBVc2wzYw==,2023-06-08 14:52:39.074809
youtube#commentThread,K3Njrhv8QEH4sDUtyCREtFzoAPw,Ugxh1CwgZ9oqWll2YIt4AaABAg,"{'videoId': 'zEfTDpfyt1o', 'topLevelComment': {'kind': 'youtube#comment', 'etag': 'FY0fYM53flzfzalMILQvh90RcB0', 'id': 'Ugxh1CwgZ9oqWll2YIt4AaABAg', 'snippet': {'videoId': 'zEfTDpfyt1o', 'textDisplay': 'a machete está errada. ele foi agredido por um 1, homem. vcs não sabem se ele apoia alguém e tão pouco se esta é a razão da agressão. assim não dá JP', 'textOriginal': 'a machete está errada. ele foi agredido por um 1, homem. vcs não sabem se ele apoia alguém e tão pouco se esta é a razão da agressão. assim não dá JP', 'authorDisplayName': 'dablioglogos', 'authorProfileImageUrl': 'https://yt3.ggpht.com/GWFCUJlmaN-88UcgNLBcz6iusgemSfn4xv8lsQzf8kCMoMTv9eXUpLtjgjeXGxUhPO7ZtMOcEg=s48-c-k-c0x00ffffff-no-rj', 'authorChannelUrl': 'http://www.youtube.com/channel/UC3h5HLWiPIzLpbF2gY1eIPQ', 'authorChannelId': {'value': 'UC3h5HLWiPIzLpbF2gY1eIPQ'}, 'canRate': True, 'viewerRating': 'none', 'likeCount': 0, 'publishedAt': '2022-10-23T23:05:57Z', 'updatedAt': '2022-10-23T23:07:35Z'}}, 'canReply': True, 'totalReplyCount': 0, 'isPublic': True}",,UC3h5HLWiPIzLpbF2gY1eIPQ,2022-10-23T23:05:57Z,"a machete está errada. ele foi agredido por um 1, homem. vcs não sabem se ele apoia alguém e tão pouco se esta é a razão da agressão. assim não dá JP",QURTSl9pM3VvRG1wTVBzeXNxMGNvNmsyekRnT28xaWlXUUxWVEswSFlmTGRtcFNqV3FBME1mV2xjNW00YzJwY19QWDdGLXBwNDBVc2wzYw==,2023-06-08 14:52:39.074809
youtube#commentThread,o9jldyLYQIHYGNTqGowTW4T-nUM,UgzzALtj5e7iZM1b_Zl4AaABAg,"{'videoId': 'zEfTDpfyt1o', 'topLevelComment': {'kind': 'youtube#comment', 'etag': '5_Fgu3uYGSV-q8z43edCGkREISU', 'id': 'UgzzALtj5e7iZM1b_Zl4AaABAg', 'snippet': {'videoId': 'zEfTDpfyt1o', 'textDisplay': 'Apoiadores de Roberto Jeferson??? Bando de inúteis, pessoas lixos!!! Fã de vagabundo condenado!!!', 'textOriginal': 'Apoiadores de Roberto Jeferson??? Bando de inúteis, pessoas lixos!!! Fã de vagabundo condenado!!!', 'authorDisplayName': 'Saldanha', 'authorProfileImageUrl': 'https://yt3.ggpht.com/RCpAuCWyhSE_70Ox4OiC_8Eew1GSt1tUTLsD83XvdydcAp6PL2LF7wgvTCMWLB9etp1o24dAUw=s48-c-k-c0x00ffffff-no-rj', 'authorChannelUrl': 'http://www.youtube.com/channel/UCK5UK20eVUj0XpFdiH4Rm1w', 'authorChannelId': {'value': 'UCK5UK20eVUj0XpFdiH4Rm1w'}, 'canRate': True, 'viewerRating': 'none', 'likeCount': 0, 'publishedAt': '2022-10-23T23:05:21Z', 'updatedAt': '2022-10-23T23:05:21Z'}}, 'canReply': True, 'totalReplyCount': 0, 'isPublic': True}",,UCK5UK20eVUj0XpFdiH4Rm1w,2022-10-23T23:05:21Z,"Apoiadores de Roberto Jeferson??? Bando de inúteis, pessoas lixos!!! Fã de vagabundo condenado!!!",QURTSl9pM3VvRG1wTVBzeXNxMGNvNmsyekRnT28xaWlXUUxWVEswSFlmTGRtcFNqV3FBME1mV2xjNW00YzJwY19QWDdGLXBwNDBVc2wzYw==,2023-06-08 14:52:39.074809
youtube#commentThread,5LNLgLE5o-Bxafp9Rk3-h100zJk,Ugx62R6gNtaYgFuF4uZ4AaABAg,"{'videoId': 'zEfTDpfyt1o', 'topLevelComment': {'kind': 'youtube#comment', 'etag': 'gfqLVi22RRSsS5pbXdKZSN66mik', 'id': 'Ugx62R6gNtaYgFuF4uZ4AaABAg', 'snippet': {'videoId': 'zEfTDpfyt1o', 'textDisplay': 'Só esperando piperno, e os piores,amanda klain, e o guga, uma hora dá certo.<br>Vão pagar pela desgraça do Brasil e dos brasileiros...malditos sejam', 'textOriginal': 'Só esperando piperno, e os piores,amanda klain, e o guga, uma hora dá certo.\\nVão pagar pela desgraça do Brasil e dos brasileiros...malditos sejam', 'authorDisplayName': 'AMAZONAS SELVA', 'authorProfileImageUrl': 'https://yt3.ggpht.com/ytc/AGIKgqNsxmtxkljKl6kKFzQ66K19Xv6ANRw_QiaDqsvdpsg=s48-c-k-c0x00ffffff-no-rj', 'authorChannelUrl': 'http://www.youtube.com/channel/UC41RFsx30ZtEMuJEkxoZj8Q', 'authorChannelId': {'value': 'UC41RFsx30ZtEMuJEkxoZj8Q'}, 'canRate': True, 'viewerRating': 'none', 'likeCount': 0, 'publishedAt': '2022-10-23T23:05:19Z', 'updatedAt': '2022-10-23T23:05:19Z'}}, 'canReply': True, 'totalReplyCount': 0, 'isPublic': True}",,UC41RFsx30ZtEMuJEkxoZj8Q,2022-10-23T23:05:19Z,"Só esperando piperno, e os piores,amanda klain, e o guga, uma hora dá certo.
Vão pagar pela desgraça do Brasil e dos brasileiros...malditos sejam",QURTSl9pM3VvRG1wTVBzeXNxMGNvNmsyekRnT28xaWlXUUxWVEswSFlmTGRtcFNqV3FBME1mV2xjNW00YzJwY19QWDdGLXBwNDBVc2wzYw==,2023-06-08 14:52:39.074809
youtube#commentThread,FV-zG5jL3V7R3NmwiLGppeNG7X8,UgwQJ7ySssmKFnDyYSd4AaABAg,"{'videoId': 'zEfTDpfyt1o', 'topLevelComment': {'kind': 'youtube#comment', 'etag': 'jbA7YnYGkcWROvC0nw9rSnDyEOE', 'id': 'UgwQJ7ySssmKFnDyYSd4AaABAg', 'snippet': {'videoId': 'zEfTDpfyt1o', 'textDisplay': 'Os Exército sim é patriota e não de esquerda socialista', 'textOriginal': 'Os Exército sim é patriota e não de esquerda socialista', 'authorDisplayName': 'Ricardo Ferraz da cunha', 'authorProfileImageUrl': 'https://yt3.ggpht.com/ytc/AGIKgqNo7mhk8JBVBNp1k84SF4umQEFXZb5r9_7tXnn1dnDQAMr962GFF9W1hqeuKUt0=s48-c-k-c0x00ffffff-no-rj', 'authorChannelUrl': 'http://www.youtube.com/channel/UCinqSsWi4_FItJtlMlBqlkg', 'authorChannelId': {'value': 'UCinqSsWi4_FItJtlMlBqlkg'}, 'canRate': True, 'viewerRating': 'none', 'likeCount': 0, 'publishedAt': '2022-10-23T23:05:06Z', 'updatedAt': '2022-10-23T23:05:06Z'}}, 'canReply': True, 'totalReplyCount': 0, 'isPublic': True}",,UCinqSsWi4_FItJtlMlBqlkg,2022-10-23T23:05:06Z,Os Exército sim é patriota e não de esquerda socialista,QURTSl9pM3VvRG1wTVBzeXNxMGNvNmsyekRnT28xaWlXUUxWVEswSFlmTGRtcFNqV3FBME1mV2xjNW00YzJwY19QWDdGLXBwNDBVc2wzYw==,2023-06-08 14:52:39.074809
youtube#commentThread,5_S8hJo665McTbAk-I13qnrsgiE,UgwC_vQ5QzJ8qObGVQ14AaABAg,"{'videoId': 'zEfTDpfyt1o', 'topLevelComment': {'kind': 'youtube#comment', 'etag': 'vCvT9le8AnF3GT6uBX32c0Uk9Y8', 'id': 'UgwC_vQ5QzJ8qObGVQ14AaABAg', 'snippet': {'videoId': 'zEfTDpfyt1o', 'textDisplay': 'Exatamente não assisto mais a globo nem leio a folha/uol, mas tudo que está acontecendo é graças ao demônio Alexandre de Moraes.', 'textOriginal': 'Exatamente não assisto mais a globo nem leio a folha/uol, mas tudo que está acontecendo é graças ao demônio Alexandre de Moraes.', 'authorDisplayName': 'Eliezer Da gama', 'authorProfileImageUrl': 'https://yt3.ggpht.com/ytc/AGIKgqNe1pRBMZ_yapSPENpMx_uyM-vD9fG8hveYDQ=s48-c-k-c0x00ffffff-no-rj', 'authorChannelUrl': 'http://www.youtube.com/channel/UCnReue2mJueHViZPWWZUJuw', 'authorChannelId': {'value': 'UCnReue2mJueHViZPWWZUJuw'}, 'canRate': True, 'viewerRating': 'none', 'likeCount': 1, 'publishedAt': '2022-10-23T23:05:03Z', 'updatedAt': '2022-10-23T23:05:03Z'}}, 'canReply': True, 'totalReplyCount': 0, 'isPublic': True}",,UCnReue2mJueHViZPWWZUJuw,2022-10-23T23:05:03Z,"Exatamente não assisto mais a globo nem leio a folha/uol, mas tudo que está acontecendo é graças ao demônio Alexandre de Moraes.",QURTSl9pM3VvRG1wTVBzeXNxMGNvNmsyekRnT28xaWlXUUxWVEswSFlmTGRtcFNqV3FBME1mV2xjNW00YzJwY19QWDdGLXBwNDBVc2wzYw==,2023-06-08 14:52:39.074809
youtube#commentThread,V6KfRRfm2sX7Q-0w6It5pmMJdkE,Ugz0gC2jPHuaUagEpMp4AaABAg,"{'videoId': 'zEfTDpfyt1o', 'topLevelComment': {'kind': 'youtube#comment', 'etag': 'tbdZftdYdaXEkRgikXuIqBuR0FE', 'id': 'Ugz0gC2jPHuaUagEpMp4AaABAg', 'snippet': {'videoId': 'zEfTDpfyt1o', 'textDisplay': 'Apoiadores de Bolsonaro agrediram cinegrafista da imprensa na frente da casa do ex-deputado.', 'textOriginal': 'Apoiadores de Bolsonaro agrediram cinegrafista da imprensa na frente da casa do ex-deputado.', 'authorDisplayName': 'Bruno Rocha', 'authorProfileImageUrl': 'https://yt3.ggpht.com/ytc/AGIKgqORBPMjHFlQWyIMVFykoAVObiuEipYW6rAFKA=s48-c-k-c0x00ffffff-no-rj', 'authorChannelUrl': 'http://www.youtube.com/channel/UCc4KFyUBohFkSRMuCkZjZiw', 'authorChannelId': {'value': 'UCc4KFyUBohFkSRMuCkZjZiw'}, 'canRate': True, 'viewerRating': 'none', 'likeCount': 0, 'publishedAt': '2022-10-23T23:04:50Z', 'updatedAt': '2022-10-23T23:04:50Z'}}, 'canReply': True, 'totalReplyCount': 0, 'isPublic': True}",,UCc4KFyUBohFkSRMuCkZjZiw,2022-10-23T23:04:50Z,Apoiadores de Bolsonaro agrediram cinegrafista da imprensa na frente da casa do ex-deputado.,QURTSl9pM3VvRG1wTVBzeXNxMGNvNmsyekRnT28xaWlXUUxWVEswSFlmTGRtcFNqV3FBME1mV2xjNW00YzJwY19QWDdGLXBwNDBVc2wzYw==,2023-06-08 14:52:39.074809
youtube#commentThread,g_CgNcYmrKhsuySD2_S1F02Gn5A,UgxPhD04_nUbQrN3Ni54AaABAg,"{'videoId': 'zEfTDpfyt1o', 'topLevelComment': {'kind': 'youtube#comment', 'etag': 'RFY1e0tA4A-8MY_8YL5hWjjROZY', 'id': 'UgxPhD04_nUbQrN3Ni54AaABAg', 'snippet': {'videoId': 'zEfTDpfyt1o', 'textDisplay': ', 🙏🙌🙌🙌🙌💝🕊️🕊️🕊️🕊️🕊️🕊️', 'textOriginal': ', 🙏🙌🙌🙌🙌💝🕊️🕊️🕊️🕊️🕊️🕊️', 'authorDisplayName': 'Maria Bernadete Torres', 'authorProfileImageUrl': 'https://yt3.ggpht.com/ytc/AGIKgqPXMxQNMfu47KVxzVIR_ic-gCFyGn9mZZYALA=s48-c-k-c0x00ffffff-no-rj', 'authorChannelUrl': 'http://www.youtube.com/channel/UC1HwRdXrih5WsrJJqrXLqCQ', 'authorChannelId': {'value': 'UC1HwRdXrih5WsrJJqrXLqCQ'}, 'canRate': True, 'viewerRating': 'none', 'likeCount': 0, 'publishedAt': '2022-10-23T23:04:44Z', 'updatedAt': '2022-10-23T23:04:44Z'}}, 'canReply': True, 'totalReplyCount': 0, 'isPublic': True}",,UC1HwRdXrih5WsrJJqrXLqCQ,2022-10-23T23:04:44Z,", 🙏🙌🙌🙌🙌💝🕊️🕊️🕊️🕊️🕊️🕊️",QURTSl9pM3VvRG1wTVBzeXNxMGNvNmsyekRnT28xaWlXUUxWVEswSFlmTGRtcFNqV3FBME1mV2xjNW00YzJwY19QWDdGLXBwNDBVc2wzYw==,2023-06-08 14:52:39.074809
youtube#commentThread,9d86Hmv-y3TOAEoKKYJq_9ww1eU,Ugw0jCv1I3gpca4dZvx4AaABAg,"{'videoId': 'zEfTDpfyt1o', 'topLevelComment': {'kind': 'youtube#comment', 'etag': 'OI5e_KgFTMwRSEOe0t1wsmQU8vY', 'id': 'Ugw0jCv1I3gpca4dZvx4AaABAg', 'snippet': {'videoId': 'zEfTDpfyt1o', 'textDisplay': 'Estou com MEDO desse país chamado Brasil ..<br>Oq está acontecendo...', 'textOriginal': 'Estou com MEDO desse país chamado Brasil ..\\nOq está acontecendo...', 'authorDisplayName': 'Iza Iza', 'authorProfileImageUrl': 'https://yt3.ggpht.com/ytc/AGIKgqMhN6RzLNJQcMlkjx3r_4QYEytEicqe7b1rMyLnW6UBcrxXOpF4xKlBeohpJxP8=s48-c-k-c0x00ffffff-no-rj', 'authorChannelUrl': 'http://www.youtube.com/channel/UCSFumreXKqF6Mx_Tr8_m5_Q', 'authorChannelId': {'value': 'UCSFumreXKqF6Mx_Tr8_m5_Q'}, 'canRate': True, 'viewerRating': 'none', 'likeCount': 0, 'publishedAt': '2022-10-23T23:04:42Z', 'updatedAt': '2022-10-23T23:04:42Z'}}, 'canReply': True, 'totalReplyCount': 0, 'isPublic': True}",,UCSFumreXKqF6Mx_Tr8_m5_Q,2022-10-23T23:04:42Z,"Estou com MEDO desse país chamado Brasil ..
Oq está acontecendo...",QURTSl9pM3VvRG1wTVBzeXNxMGNvNmsyekRnT28xaWlXUUxWVEswSFlmTGRtcFNqV3FBME1mV2xjNW00YzJwY19QWDdGLXBwNDBVc2wzYw==,2023-06-08 14:52:39.074809
youtube#commentThread,53t-MG2Hwxp2W5WEocnAMbPvHRc,UgyglUG60vvASlNC8Fl4AaABAg,"{'videoId': 'zEfTDpfyt1o', 'topLevelComment': {'kind': 'youtube#comment', 'etag': 'VERhRNOvZqTxZzkBZFazMXtaBa8', 'id': 'UgyglUG60vvASlNC8Fl4AaABAg', 'snippet': {'videoId': 'zEfTDpfyt1o', 'textDisplay': 'Paz<br><a href=""http://www.youtube.com/results?search_query=%23bolsonaro"">#Bolsonaro</a> 22', 'textOriginal': 'Paz\\n#Bolsonaro 22', 'authorDisplayName': 'Hertz Almeida', 'authorProfileImageUrl': 'https://yt3.ggpht.com/ytc/AGIKgqNU7HcA2owyawde43SZg2ZavXBJkj_6Oylv6Mfpk8c=s48-c-k-c0x00ffffff-no-rj', 'authorChannelUrl': 'http://www.youtube.com/channel/UCnO7k6qnV6WegjtTuVD9rEQ', 'authorChannelId': {'value': 'UCnO7k6qnV6WegjtTuVD9rEQ'}, 'canRate': True, 'viewerRating': 'none', 'likeCount': 0, 'publishedAt': '2022-10-23T23:04:35Z', 'updatedAt': '2022-10-23T23:04:35Z'}}, 'canReply': True, 'totalReplyCount': 0, 'isPublic': True}",,UCnO7k6qnV6WegjtTuVD9rEQ,2022-10-23T23:04:35Z,"Paz
#Bolsonaro 22",QURTSl9pM3VvRG1wTVBzeXNxMGNvNmsyekRnT28xaWlXUUxWVEswSFlmTGRtcFNqV3FBME1mV2xjNW00YzJwY19QWDdGLXBwNDBVc2wzYw==,2023-06-08 14:52:39.074809
youtube#commentThread,P4_F7SuY2rVQmsah2bzFpQ07u0c,UgybWOtUVWbZirmrtH54AaABAg,"{'videoId': 'zEfTDpfyt1o', 'topLevelComment': {'kind': 'youtube#comment', 'etag': 'TPeojSAI1W9B6H_A7UUMk3aew8A', 'id': 'UgybWOtUVWbZirmrtH54AaABAg', 'snippet': {'videoId': 'zEfTDpfyt1o', 'textDisplay': 'Apoiadores de Jair e Roberto, para deixar claro', 'textOriginal': 'Apoiadores de Jair e Roberto, para deixar claro', 'authorDisplayName': 'Elin R.', 'authorProfileImageUrl': 'https://yt3.ggpht.com/GtaTXMBsTlag5khl-fzYfvmLiCwy9Dl7qphs1RGI4wTDebe1iVvB3nJdnPU_OQzJjannndMG=s48-c-k-c0x00ffffff-no-rj', 'authorChannelUrl': 'http://www.youtube.com/channel/UC86xY3A1iWtSHKD9dYS_ZTA', 'authorChannelId': {'value': 'UC86xY3A1iWtSHKD9dYS_ZTA'}, 'canRate': True, 'viewerRating': 'none', 'likeCount': 0, 'publishedAt': '2022-10-23T23:03:59Z', 'updatedAt': '2022-10-23T23:03:59Z'}}, 'canReply': True, 'totalReplyCount': 0, 'isPublic': True}",,UC86xY3A1iWtSHKD9dYS_ZTA,2022-10-23T23:03:59Z,"Apoiadores de Jair e Roberto, para deixar claro",QURTSl9pM3VvRG1wTVBzeXNxMGNvNmsyekRnT28xaWlXUUxWVEswSFlmTGRtcFNqV3FBME1mV2xjNW00YzJwY19QWDdGLXBwNDBVc2wzYw==,2023-06-08 14:52:39.074809
youtube#commentThread,C5G9z-b8JsI9-XlWnJe2LjZdZSg,UgzifOdozujhmhMNcdJ4AaABAg,"{'videoId': 'zEfTDpfyt1o', 'topLevelComment': {'kind': 'youtube#comment', 'etag': 'sY8Av8t1aO2e8Ku92veeioIvHOI', 'id': 'UgzifOdozujhmhMNcdJ4AaABAg', 'snippet': {'videoId': 'zEfTDpfyt1o', 'textDisplay': 'Jovem pan se vitimizando', 'textOriginal': 'Jovem pan se vitimizando', 'authorDisplayName': 'Renato ramos de souza ramos', 'authorProfileImageUrl': 'https://yt3.ggpht.com/ytc/AGIKgqOrAOnXWHPee7vnqCC2_nW_5QgGkQk-YyhkhpHiHA=s48-c-k-c0x00ffffff-no-rj', 'authorChannelUrl': 'http://www.youtube.com/channel/UCZb4_RlyDz0EPDFVfPjcAjw', 'authorChannelId': {'value': 'UCZb4_RlyDz0EPDFVfPjcAjw'}, 'canRate': True, 'viewerRating': 'none', 'likeCount': 0, 'publishedAt': '2022-10-23T23:03:42Z', 'updatedAt': '2022-10-23T23:03:42Z'}}, 'canReply': True, 'totalReplyCount': 0, 'isPublic': True}",,UCZb4_RlyDz0EPDFVfPjcAjw,2022-10-23T23:03:42Z,Jovem pan se vitimizando,QURTSl9pM3VvRG1wTVBzeXNxMGNvNmsyekRnT28xaWlXUUxWVEswSFlmTGRtcFNqV3FBME1mV2xjNW00YzJwY19QWDdGLXBwNDBVc2wzYw==,2023-06-08 14:52:39.074809
youtube#commentThread,nNSRx2bP2bIAtnKiMDNC8kMMTrg,UgzKytssgIUOaOGPc1d4AaABAg,"{'videoId': 'zEfTDpfyt1o', 'topLevelComment': {'kind': 'youtube#comment', 'etag': 'pjhqqqoywy58ZMM4Xdvq2mbxSCo', 'id': 'UgzKytssgIUOaOGPc1d4AaABAg', 'snippet': {'videoId': 'zEfTDpfyt1o', 'textDisplay': 'Parabéns Alexandre de Moraes vc está conseguindo acabar com o Brasil. E o sr Pacheco banana do senado ,calado.', 'textOriginal': 'Parabéns Alexandre de Moraes vc está conseguindo acabar com o Brasil. E o sr Pacheco banana do senado ,calado.', 'authorDisplayName': 'Lacerda.40', 'authorProfileImageUrl': 'https://yt3.ggpht.com/ytc/AGIKgqPb7X4UQaUqLFWOkpDydf48fQXFnZOCL3usXs1mu4c=s48-c-k-c0x00ffffff-no-rj', 'authorChannelUrl': 'http://www.youtube.com/channel/UCL4UHb2M21XBsL7vLTJYrag', 'authorChannelId': {'value': 'UCL4UHb2M21XBsL7vLTJYrag'}, 'canRate': True, 'viewerRating': 'none', 'likeCount': 0, 'publishedAt': '2022-10-23T23:03:32Z', 'updatedAt': '2022-10-23T23:03:32Z'}}, 'canReply': True, 'totalReplyCount': 0, 'isPublic': True}",,UCL4UHb2M21XBsL7vLTJYrag,2022-10-23T23:03:32Z,"Parabéns Alexandre de Moraes vc está conseguindo acabar com o Brasil. E o sr Pacheco banana do senado ,calado.",QURTSl9pM3VvRG1wTVBzeXNxMGNvNmsyekRnT28xaWlXUUxWVEswSFlmTGRtcFNqV3FBME1mV2xjNW00YzJwY19QWDdGLXBwNDBVc2wzYw==,2023-06-08 14:52:39.074809
youtube#commentThread,BOCcKJEK8l_A_pLEmNuTFPntkl8,UgxrPxk4E1vfn_RV1RV4AaABAg,"{'videoId': 'zEfTDpfyt1o', 'topLevelComment': {'kind': 'youtube#comment', 'etag': 'PAO8wApHGvz_T1s44coQ5X34CAc', 'id': 'UgxrPxk4E1vfn_RV1RV4AaABAg', 'snippet': {'videoId': 'zEfTDpfyt1o', 'textDisplay': 'Quando se é perseguido injustamente, ao arrepio da lei, por problema pessoal, só quem tem sangue de barata fica eternamente sem reagir.  O RJ não merece ser atacado nesse caso. Pois tudo contra ele foi ILEGAL!', 'textOriginal': 'Quando se é perseguido injustamente, ao arrepio da lei, por problema pessoal, só quem tem sangue de barata fica eternamente sem reagir.  O RJ não merece ser atacado nesse caso. Pois tudo contra ele foi ILEGAL!', 'authorDisplayName': 'romebr', 'authorProfileImageUrl': 'https://yt3.ggpht.com/ytc/AGIKgqNucC3rQ5fuJqv9yXGRJoBytImG9PnbGwUziBTAug=s48-c-k-c0x00ffffff-no-rj', 'authorChannelUrl': 'http://www.youtube.com/channel/UCp_8p0ln1VY2R8ENgudAHhA', 'authorChannelId': {'value': 'UCp_8p0ln1VY2R8ENgudAHhA'}, 'canRate': True, 'viewerRating': 'none', 'likeCount': 0, 'publishedAt': '2022-10-23T23:03:21Z', 'updatedAt': '2022-10-23T23:03:21Z'}}, 'canReply': True, 'totalReplyCount': 0, 'isPublic': True}",,UCp_8p0ln1VY2R8ENgudAHhA,2022-10-23T23:03:21Z,"Quando se é perseguido injustamente, ao arrepio da lei, por problema pessoal, só quem tem sangue de barata fica eternamente sem reagir.  O RJ não merece ser atacado nesse caso. Pois tudo contra ele foi ILEGAL!",QURTSl9pM3VvRG1wTVBzeXNxMGNvNmsyekRnT28xaWlXUUxWVEswSFlmTGRtcFNqV3FBME1mV2xjNW00YzJwY19QWDdGLXBwNDBVc2wzYw==,2023-06-08 14:52:39.074809
youtube#commentThread,l49kwx4PiKZg-mTYjaMmLgZnU4s,UgzYwI0edqKM-Jplag94AaABAg,"{'videoId': 'zEfTDpfyt1o', 'topLevelComment': {'kind': 'youtube#comment', 'etag': 'mtJwDbQhDEHpIZwryutlolJIrrw', 'id': 'UgzYwI0edqKM-Jplag94AaABAg', 'snippet': {'videoId': 'zEfTDpfyt1o', 'textDisplay': 'Liberdade de expressão, menos pra quem me incomoda, kk.', 'textOriginal': 'Liberdade de expressão, menos pra quem me incomoda, kk.', 'authorDisplayName': 'Lucas DSF', 'authorProfileImageUrl': 'https://yt3.ggpht.com/ytc/AGIKgqOgRVvizgogORuPDf_Pj9X43rf7R8moMJUUqLdaUQ=s48-c-k-c0x00ffffff-no-rj', 'authorChannelUrl': 'http://www.youtube.com/channel/UCohCxibvo943N6qd0f2nuqw', 'authorChannelId': {'value': 'UCohCxibvo943N6qd0f2nuqw'}, 'canRate': True, 'viewerRating': 'none', 'likeCount': 0, 'publishedAt': '2022-10-23T23:03:03Z', 'updatedAt': '2022-10-23T23:03:03Z'}}, 'canReply': True, 'totalReplyCount': 0, 'isPublic': True}",,UCohCxibvo943N6qd0f2nuqw,2022-10-23T23:03:03Z,"Liberdade de expressão, menos pra quem me incomoda, kk.",QURTSl9pM3VvRG1wTVBzeXNxMGNvNmsyekRnT28xaWlXUUxWVEswSFlmTGRtcFNqV3FBME1mV2xjNW00YzJwY19QWDdGLXBwNDBVc2wzYw==,2023-06-08 14:52:39.074809
youtube#commentThread,9mCJm1ewgd0VfiM1yfo9B_BhkUs,UgzIIwpJyOMhOgh90tN4AaABAg,"{'videoId': 'zEfTDpfyt1o', 'topLevelComment': {'kind': 'youtube#comment', 'etag': 'DeFDJyBZGaTwp66BMP9IT8bM3gI', 'id': 'UgzIIwpJyOMhOgh90tN4AaABAg', 'snippet': {'videoId': 'zEfTDpfyt1o', 'textDisplay': 'Isso é horrível que comentários a bsurdos', 'textOriginal': 'Isso é horrível que comentários a bsurdos', 'authorDisplayName': 'Israel Moreira', 'authorProfileImageUrl': 'https://yt3.ggpht.com/ytc/AGIKgqPgaPAKWdAPr6WjF41yxLUALsCkBGIerHFpUg=s48-c-k-c0x00ffffff-no-rj', 'authorChannelUrl': 'http://www.youtube.com/channel/UCbZGCpo5Ti0d6i8Uv5FKaag', 'authorChannelId': {'value': 'UCbZGCpo5Ti0d6i8Uv5FKaag'}, 'canRate': True, 'viewerRating': 'none', 'likeCount': 0, 'publishedAt': '2022-10-23T23:02:56Z', 'updatedAt': '2022-10-23T23:02:56Z'}}, 'canReply': True, 'totalReplyCount': 0, 'isPublic': True}",,UCbZGCpo5Ti0d6i8Uv5FKaag,2022-10-23T23:02:56Z,Isso é horrível que comentários a bsurdos,QURTSl9pM3VvRG1wTVBzeXNxMGNvNmsyekRnT28xaWlXUUxWVEswSFlmTGRtcFNqV3FBME1mV2xjNW00YzJwY19QWDdGLXBwNDBVc2wzYw==,2023-06-08 14:52:39.074809
youtube#commentThread,AULBrBIGveugKDxATwLjfidegOg,UgyV3myhkSo8USkiG8N4AaABAg,"{'videoId': 'zEfTDpfyt1o', 'topLevelComment': {'kind': 'youtube#comment', 'etag': 'LmgB3eI1n4ceaQzuiQdFwDvOJG0', 'id': 'UgyV3myhkSo8USkiG8N4AaABAg', 'snippet': {'videoId': 'zEfTDpfyt1o', 'textDisplay': 'Fora STF Fora ministros do STF corruptível avante forças armadas', 'textOriginal': 'Fora STF Fora ministros do STF corruptível avante forças armadas', 'authorDisplayName': 'Ubirajara Nascimento e Silva', 'authorProfileImageUrl': 'https://yt3.ggpht.com/iXNKl66UsFdbYKYUugsgDCQH3utxkLt3QdmIKEaqIRAH-AmlyNqt3EXlBWljqGpf2zw4yOw9NQ=s48-c-k-c0x00ffffff-no-rj', 'authorChannelUrl': 'http://www.youtube.com/channel/UCUToyxuzyPphujXPA4nLllg', 'authorChannelId': {'value': 'UCUToyxuzyPphujXPA4nLllg'}, 'canRate': True, 'viewerRating': 'none', 'likeCount': 0, 'publishedAt': '2022-10-23T23:02:55Z', 'updatedAt': '2022-10-23T23:02:55Z'}}, 'canReply': True, 'totalReplyCount': 0, 'isPublic': True}",,UCUToyxuzyPphujXPA4nLllg,2022-10-23T23:02:55Z,Fora STF Fora ministros do STF corruptível avante forças armadas,QURTSl9pM3VvRG1wTVBzeXNxMGNvNmsyekRnT28xaWlXUUxWVEswSFlmTGRtcFNqV3FBME1mV2xjNW00YzJwY19QWDdGLXBwNDBVc2wzYw==,2023-06-08 14:52:39.074809
youtube#commentThread,dgfu3q1M5VAwWcrDUKNrsSpZdJg,Ugzp_F1v36MzwhqlUeR4AaABAg,"{'videoId': 'zEfTDpfyt1o', 'topLevelComment': {'kind': 'youtube#comment', 'etag': 'Lb2DmWdPXOjPsBuxrIaiGf-h85s', 'id': 'Ugzp_F1v36MzwhqlUeR4AaABAg', 'snippet': {'videoId': 'zEfTDpfyt1o', 'textDisplay': 'Estão querendo criar outro Capitólio.....', 'textOriginal': 'Estão querendo criar outro Capitólio.....', 'authorDisplayName': 'Bill ponto 3', 'authorProfileImageUrl': 'https://yt3.ggpht.com/e5Mtpzkk2Ckv8OOEVWnHExGd7oy51Hk6sDk82BRzhaemEKbrxJTZw9jvdMaODPiA0tcEZaEhzI4=s48-c-k-c0x00ffffff-no-rj', 'authorChannelUrl': 'http://www.youtube.com/channel/UCerqgXzcZBNm5EV_yXi0BYA', 'authorChannelId': {'value': 'UCerqgXzcZBNm5EV_yXi0BYA'}, 'canRate': True, 'viewerRating': 'none', 'likeCount': 0, 'publishedAt': '2022-10-23T23:02:39Z', 'updatedAt': '2022-10-23T23:02:39Z'}}, 'canReply': True, 'totalReplyCount': 0, 'isPublic': True}",,UCerqgXzcZBNm5EV_yXi0BYA,2022-10-23T23:02:39Z,Estão querendo criar outro Capitólio.....,QURTSl9pM3VvRG1wTVBzeXNxMGNvNmsyekRnT28xaWlXUUxWVEswSFlmTGRtcFNqV3FBME1mV2xjNW00YzJwY19QWDdGLXBwNDBVc2wzYw==,2023-06-08 14:52:39.074809
youtube#commentThread,cJbQcTZHrH-VbZdBtKWFQ_u5NkQ,UgwKYiXtKNqUokEx1oB4AaABAg,"{'videoId': 'zEfTDpfyt1o', 'topLevelComment': {'kind': 'youtube#comment', 'etag': 'EFS2zfpHauphe2mc4CS8NA-Sqpw', 'id': 'UgwKYiXtKNqUokEx1oB4AaABAg', 'snippet': {'videoId': 'zEfTDpfyt1o', 'textDisplay': 'Estamos vivendo um verdadeiro CIRCO DE HORRORES.', 'textOriginal': 'Estamos vivendo um verdadeiro CIRCO DE HORRORES.', 'authorDisplayName': 'Edmir Braz', 'authorProfileImageUrl': 'https://yt3.ggpht.com/ytc/AGIKgqNHExRzkyHil0Xa_og9YjV4ZjFKm94Po7ua6f6mNFaI8GgjqPA0-S5A6NQx9m07=s48-c-k-c0x00ffffff-no-rj', 'authorChannelUrl': 'http://www.youtube.com/channel/UC3Rf1Sjx05dPSivOD6L7wkA', 'authorChannelId': {'value': 'UC3Rf1Sjx05dPSivOD6L7wkA'}, 'canRate': True, 'viewerRating': 'none', 'likeCount': 41, 'publishedAt': '2022-10-23T23:02:31Z', 'updatedAt': '2022-10-23T23:02:31Z'}}, 'canReply': True, 'totalReplyCount': 3, 'isPublic': True}","{'comments': [{'kind': 'youtube#comment', 'etag': 'oZo7Wy-FE4tQ5THaI_4kaVFq1pA', 'id': 'UgwKYiXtKNqUokEx1oB4AaABAg.9hYEm7KCt--9h_Y9FSHq7B', 'snippet': {'videoId': 'zEfTDpfyt1o', 'textDisplay': 'Eu não sei pra que tipo de circo você se refere mais não esqueça que a gente vive num país então não dá pra simplesmente ficar com os olhos vendados e esperar que vai dar bom entendeu? Tipos os dois são ruins mas se tem que achar qual é melhor pra suas necessidades velho', 'textOriginal': 'Eu não sei pra que tipo de circo você se refere mais não esqueça que a gente vive num país então não dá pra simplesmente ficar com os olhos vendados e esperar que vai dar bom entendeu? Tipos os dois são ruins mas se tem que achar qual é melhor pra suas necessidades velho', 'parentId': 'UgwKYiXtKNqUokEx1oB4AaABAg', 'authorDisplayName': 'Smily chips 🍟', 'authorProfileImageUrl': 'https://yt3.ggpht.com/_4iewp7byZL6nPYRvISA1g2tdnFADQl98YthEyKnrfWcmQi_G6OglV4qh3vmpz15hQBpnc_hnw=s48-c-k-c0x00ffffff-no-rj', 'authorChannelUrl': 'http://www.youtube.com/channel/UCTob_UaS9MhsX1mHtVslnNg', 'authorChannelId': {'value': 'UCTob_UaS9MhsX1mHtVslnNg'}, 'canRate': True, 'viewerRating': 'none', 'likeCount': 0, 'publishedAt': '2022-10-24T20:30:19Z', 'updatedAt': '2022-10-24T20:30:19Z'}}, {'kind': 'youtube#comment', 'etag': '78u62shaGADIaNxTPcxQLSgUlaM', 'id': 'UgwKYiXtKNqUokEx1oB4AaABAg.9hYEm7KCt--9h_5n-IIfTX', 'snippet': {'videoId': 'zEfTDpfyt1o', 'textDisplay': 'Porque esse circo vai pegar fogo 🔥🔥🔥🔥 🖤🖤🖤🖤', 'textOriginal': 'Porque esse circo vai pegar fogo 🔥🔥🔥🔥 🖤🖤🖤🖤', 'parentId': 'UgwKYiXtKNqUokEx1oB4AaABAg', 'authorDisplayName': 'Eulalito Vendramini filho', 'authorProfileImageUrl': 'https://yt3.ggpht.com/G0Aq3e9oSq718ma53Z20FqGXk2MPxue3bNDMp2kwRvc3b_Z4kUgMgOklDqHMy9XEhNa-Y1DULA=s48-c-k-c0x00ffffff-no-rj', 'authorChannelUrl': 'http://www.youtube.com/channel/UCwIBH-Tmrwcpk2k5JLI7FeQ', 'authorChannelId': {'value': 'UCwIBH-Tmrwcpk2k5JLI7FeQ'}, 'canRate': True, 'viewerRating': 'none', 'likeCount': 0, 'publishedAt': '2022-10-24T16:22:28Z', 'updatedAt': '2022-10-24T16:22:28Z'}}, {'kind': 'youtube#comment', 'etag': 'Xs9kuRYtGHWLatqvXJiVkLgtiPo', 'id': 'UgwKYiXtKNqUokEx1oB4AaABAg.9hYEm7KCt--9h_5d0c9QVe', 'snippet': {'videoId': 'zEfTDpfyt1o', 'textDisplay': 'Com certeza  só que poucos enxerga.', 'textOriginal': 'Com certeza  só que poucos enxerga.', 'parentId': 'UgwKYiXtKNqUokEx1oB4AaABAg', 'authorDisplayName': 'Eulalito Vendramini filho', 'authorProfileImageUrl': 'https://yt3.ggpht.com/G0Aq3e9oSq718ma53Z20FqGXk2MPxue3bNDMp2kwRvc3b_Z4kUgMgOklDqHMy9XEhNa-Y1DULA=s48-c-k-c0x00ffffff-no-rj', 'authorChannelUrl': 'http://www.youtube.com/channel/UCwIBH-Tmrwcpk2k5JLI7FeQ', 'authorChannelId': {'value': 'UCwIBH-Tmrwcpk2k5JLI7FeQ'}, 'canRate': True, 'viewerRating': 'none', 'likeCount': 0, 'publishedAt': '2022-10-24T16:21:06Z', 'updatedAt': '2022-10-24T16:21:06Z'}}]}",UC3Rf1Sjx05dPSivOD6L7wkA,2022-10-23T23:02:31Z,Estamos vivendo um verdadeiro CIRCO DE HORRORES.,QURTSl9pM3VvRG1wTVBzeXNxMGNvNmsyekRnT28xaWlXUUxWVEswSFlmTGRtcFNqV3FBME1mV2xjNW00YzJwY19QWDdGLXBwNDBVc2wzYw==,2023-06-08 14:52:39.074809
youtube#commentThread,849XgwOJdHhqzGf8Tqu0oK599-w,UgyuhvLORXX5ZHvO6g54AaABAg,"{'videoId': 'zEfTDpfyt1o', 'topLevelComment': {'kind': 'youtube#comment', 'etag': 'wACW7ZuEzGEjCUrYUpE3foN3lgs', 'id': 'UgyuhvLORXX5ZHvO6g54AaABAg', 'snippet': {'videoId': 'zEfTDpfyt1o', 'textDisplay': 'Tudo isso acontece porque o próprio. STF E STE demonizam  nossas eleições.', 'textOriginal': 'Tudo isso acontece porque o próprio. STF E STE demonizam  nossas eleições.', 'authorDisplayName': 'EARA Variedades', 'authorProfileImageUrl': 'https://yt3.ggpht.com/ytc/AGIKgqOvutsTitIbkWow0y6wcw9wfVwTp33QluLHodMw=s48-c-k-c0x00ffffff-no-rj', 'authorChannelUrl': 'http://www.youtube.com/channel/UC4VSEVEUeq7aWa7EbnK3hiw', 'authorChannelId': {'value': 'UC4VSEVEUeq7aWa7EbnK3hiw'}, 'canRate': True, 'viewerRating': 'none', 'likeCount': 0, 'publishedAt': '2022-10-23T23:02:30Z', 'updatedAt': '2022-10-23T23:02:30Z'}}, 'canReply': True, 'totalReplyCount': 0, 'isPublic': True}",,UC4VSEVEUeq7aWa7EbnK3hiw,2022-10-23T23:02:30Z,Tudo isso acontece porque o próprio. STF E STE demonizam  nossas eleições.,QURTSl9pM3VvRG1wTVBzeXNxMGNvNmsyekRnT28xaWlXUUxWVEswSFlmTGRtcFNqV3FBME1mV2xjNW00YzJwY19QWDdGLXBwNDBVc2wzYw==,2023-06-08 14:52:39.074809
youtube#commentThread,MUNKzaIrJNhcCwqoQrbsUuoHk2Q,Ugxax81nHbX1vBaAIUF4AaABAg,"{'videoId': 'zEfTDpfyt1o', 'topLevelComment': {'kind': 'youtube#comment', 'etag': 'YHFvFSFvSQekb9VZIHcu4vuRzDg', 'id': 'Ugxax81nHbX1vBaAIUF4AaABAg', 'snippet': {'videoId': 'zEfTDpfyt1o', 'textDisplay': 'A Globo não traz a realidade, mas a manipula! <br>Triste com a agressão ao comentarista! <br>Que a Globo repense sua atuação!', 'textOriginal': 'A Globo não traz a realidade, mas a manipula! \\nTriste com a agressão ao comentarista! \\nQue a Globo repense sua atuação!', 'authorDisplayName': 'R Bussade', 'authorProfileImageUrl': 'https://yt3.ggpht.com/ytc/AGIKgqNWuKy0-MHJau1xMUlhiCR37KtU7nNaV1JJEQvcJjc=s48-c-k-c0x00ffffff-no-rj', 'authorChannelUrl': 'http://www.youtube.com/channel/UCbaxtkUpMBQFYWI3ZaFi-tQ', 'authorChannelId': {'value': 'UCbaxtkUpMBQFYWI3ZaFi-tQ'}, 'canRate': True, 'viewerRating': 'none', 'likeCount': 21, 'publishedAt': '2022-10-23T23:02:26Z', 'updatedAt': '2022-10-23T23:02:26Z'}}, 'canReply': True, 'totalReplyCount': 18, 'isPublic': True}","{'comments': [{'kind': 'youtube#comment', 'etag': 'N1UprBcV5JlqcaKvlkRZrBWLHV8', 'id': 'Ugxax81nHbX1vBaAIUF4AaABAg.9hYElZeT6nz9hbKXGf0Hmf', 'snippet': {'videoId': 'zEfTDpfyt1o', 'textDisplay': '@juliano morais de jesus Bom, amigo, suas palavras expressam bem sua personalidade e cultura.  Passar bem!', 'textOriginal': '@juliano morais de jesus Bom, amigo, suas palavras expressam bem sua personalidade e cultura.  Passar bem!', 'parentId': 'Ugxax81nHbX1vBaAIUF4AaABAg', 'authorDisplayName': 'R Bussade', 'authorProfileImageUrl': 'https://yt3.ggpht.com/ytc/AGIKgqNWuKy0-MHJau1xMUlhiCR37KtU7nNaV1JJEQvcJjc=s48-c-k-c0x00ffffff-no-rj', 'authorChannelUrl': 'http://www.youtube.com/channel/UCbaxtkUpMBQFYWI3ZaFi-tQ', 'authorChannelId': {'value': 'UCbaxtkUpMBQFYWI3ZaFi-tQ'}, 'canRate': True, 'viewerRating': 'none', 'likeCount': 1, 'publishedAt': '2022-10-25T13:09:44Z', 'updatedAt': '2022-10-25T13:09:44Z'}}, {'kind': 'youtube#comment', 'etag': '32lVgR_vKT9AO-LUrgsBq5qaymk', 'id': 'Ugxax81nHbX1vBaAIUF4AaABAg.9hYElZeT6nz9hb8j3ErL-Q', 'snippet': {'videoId': 'zEfTDpfyt1o', 'textDisplay': '@juliano morais de jesus Só partir para cima! Não suporto ameaças, muito menos infantis como a sua!', 'textOriginal': '@juliano morais de jesus Só partir para cima! Não suporto ameaças, muito menos infantis como a sua!', 'parentId': 'Ugxax81nHbX1vBaAIUF4AaABAg', 'authorDisplayName': 'R Bussade', 'authorProfileImageUrl': 'https://yt3.ggpht.com/ytc/AGIKgqNWuKy0-MHJau1xMUlhiCR37KtU7nNaV1JJEQvcJjc=s48-c-k-c0x00ffffff-no-rj', 'authorChannelUrl': 'http://www.youtube.com/channel/UCbaxtkUpMBQFYWI3ZaFi-tQ', 'authorChannelId': {'value': 'UCbaxtkUpMBQFYWI3ZaFi-tQ'}, 'canRate': True, 'viewerRating': 'none', 'likeCount': 1, 'publishedAt': '2022-10-25T11:26:38Z', 'updatedAt': '2022-10-25T11:26:38Z'}}, {'kind': 'youtube#comment', 'etag': 'fNvH9FUjE6PH7rzuIg_VYT4DUJI', 'id': 'Ugxax81nHbX1vBaAIUF4AaABAg.9hYElZeT6nz9h_zwnsjwHx', 'snippet': {'videoId': 'zEfTDpfyt1o', 'textDisplay': '@Ronny Demetriø \\xa0@Ronny Demetriø\\xa0 Não sei a verdade,  mas interpretar não é muito para vc!  Escrevi &quot;PELO VISTO&quot;....QUAL SEJA, ME GERA DÚVIDAS SE SIM OU NÃO, QUANTO A SUA ALIENAÇÃO,  PORTANTO NAO SOU DONO DA VERDADE,  POIS O FOSSE, NÃO TERIA DÚVIDAS,  EXPRESSAS PELAS PALAVRAS....&quot;PELO VISTO&quot;.', 'textOriginal': '@Ronny Demetriø \\xa0@Ronny Demetriø\\xa0 Não sei a verdade,  mas interpretar não é muito para vc!  Escrevi ""PELO VISTO""....QUAL SEJA, ME GERA DÚVIDAS SE SIM OU NÃO, QUANTO A SUA ALIENAÇÃO,  PORTANTO NAO SOU DONO DA VERDADE,  POIS O FOSSE, NÃO TERIA DÚVIDAS,  EXPRESSAS PELAS PALAVRAS....""PELO VISTO"".', 'parentId': 'Ugxax81nHbX1vBaAIUF4AaABAg', 'authorDisplayName': 'R Bussade', 'authorProfileImageUrl': 'https://yt3.ggpht.com/ytc/AGIKgqNWuKy0-MHJau1xMUlhiCR37KtU7nNaV1JJEQvcJjc=s48-c-k-c0x00ffffff-no-rj', 'authorChannelUrl': 'http://www.youtube.com/channel/UCbaxtkUpMBQFYWI3ZaFi-tQ', 'authorChannelId': {'value': 'UCbaxtkUpMBQFYWI3ZaFi-tQ'}, 'canRate': True, 'viewerRating': 'none', 'likeCount': 0, 'publishedAt': '2022-10-25T00:41:53Z', 'updatedAt': '2022-10-25T00:41:53Z'}}, {'kind': 'youtube#comment', 'etag': 'T2zJvYTwtIuaiOsOJJbupXgU3PY', 'id': 'Ugxax81nHbX1vBaAIUF4AaABAg.9hYElZeT6nz9h_yI67F9m0', 'snippet': {'videoId': 'zEfTDpfyt1o', 'textDisplay': '@R Bussade vc pode assistir o que vc quiser o que vc não pode é achar que as pessoas são alienadas como vc que não sabe da verdade,', 'textOriginal': '@R Bussade vc pode assistir o que vc quiser o que vc não pode é achar que as pessoas são alienadas como vc que não sabe da verdade,', 'parentId': 'Ugxax81nHbX1vBaAIUF4AaABAg', 'authorDisplayName': 'Ronny Demetriø', 'authorProfileImageUrl': 'https://yt3.ggpht.com/ytc/AGIKgqPNhKyPARh7lNSrqGSjqveldOnfMUg-KzLMdlB4=s48-c-k-c0x00ffffff-no-rj', 'authorChannelUrl': 'http://www.youtube.com/channel/UC9pDkI_Q8xx8Qf0IJz_SNfA', 'authorChannelId': {'value': 'UC9pDkI_Q8xx8Qf0IJz_SNfA'}, 'canRate': True, 'viewerRating': 'none', 'likeCount': 0, 'publishedAt': '2022-10-25T00:27:27Z', 'updatedAt': '2022-10-25T00:27:27Z'}}, {'kind': 'youtube#comment', 'etag': 'Nuk1J5qNeOSVmbpucG56GKDiR4g', 'id': 'Ugxax81nHbX1vBaAIUF4AaABAg.9hYElZeT6nz9h_wDJ_Mjwh', 'snippet': {'videoId': 'zEfTDpfyt1o', 'textDisplay': '@Ronny Demetriø pelo visto é apenas mais um jovem alienado!', 'textOriginal': '@Ronny Demetriø pelo visto é apenas mais um jovem alienado!', 'parentId': 'Ugxax81nHbX1vBaAIUF4AaABAg', 'authorDisplayName': 'R Bussade', 'authorProfileImageUrl': 'https://yt3.ggpht.com/ytc/AGIKgqNWuKy0-MHJau1xMUlhiCR37KtU7nNaV1JJEQvcJjc=s48-c-k-c0x00ffffff-no-rj', 'authorChannelUrl': 'http://www.youtube.com/channel/UCbaxtkUpMBQFYWI3ZaFi-tQ', 'authorChannelId': {'value': 'UCbaxtkUpMBQFYWI3ZaFi-tQ'}, 'canRate': True, 'viewerRating': 'none', 'likeCount': 0, 'publishedAt': '2022-10-25T00:09:19Z', 'updatedAt': '2022-10-25T00:09:19Z'}}]}",UCbaxtkUpMBQFYWI3ZaFi-tQ,2022-10-23T23:02:26Z,"A Globo não traz a realidade, mas a manipula! 
Triste com a agressão ao comentarista! 
Que a Globo repense sua atuação!",QURTSl9pM3VvRG1wTVBzeXNxMGNvNmsyekRnT28xaWlXUUxWVEswSFlmTGRtcFNqV3FBME1mV2xjNW00YzJwY19QWDdGLXBwNDBVc2wzYw==,2023-06-08 14:52:39.074809
youtube#commentThread,JwoetV_8LpDdAJkeGOSeG1fL3PU,UgyWtOoMESAANN9f73N4AaABAg,"{'videoId': 'zEfTDpfyt1o', 'topLevelComment': {'kind': 'youtube#comment', 'etag': '5QPYrWVmdbU37QV7RXcQ7_TIxcw', 'id': 'UgyWtOoMESAANN9f73N4AaABAg', 'snippet': {'videoId': 'zEfTDpfyt1o', 'textDisplay': 'Boa noite! <br>Pois é! Entendemos! <br>Mas o povo não está mais aguentando, STE está proporcionando a insegurança nacional!', 'textOriginal': 'Boa noite! \\nPois é! Entendemos! \\nMas o povo não está mais aguentando, STE está proporcionando a insegurança nacional!', 'authorDisplayName': 'Lea mari Bazzo', 'authorProfileImageUrl': 'https://yt3.ggpht.com/ytc/AGIKgqNRBu4rANKnf8GKqm8OowiEFaH9kvrZFQy8YA=s48-c-k-c0x00ffffff-no-rj', 'authorChannelUrl': 'http://www.youtube.com/channel/UCbz9ZDeT8U6oxZX0-hDV9QA', 'authorChannelId': {'value': 'UCbz9ZDeT8U6oxZX0-hDV9QA'}, 'canRate': True, 'viewerRating': 'none', 'likeCount': 1, 'publishedAt': '2022-10-23T23:02:21Z', 'updatedAt': '2022-10-23T23:02:21Z'}}, 'canReply': True, 'totalReplyCount': 0, 'isPublic': True}",,UCbz9ZDeT8U6oxZX0-hDV9QA,2022-10-23T23:02:21Z,"Boa noite! 
Pois é! Entendemos! 
Mas o povo não está mais aguentando, STE está proporcionando a insegurança nacional!",QURTSl9pM3VvRG1wTVBzeXNxMGNvNmsyekRnT28xaWlXUUxWVEswSFlmTGRtcFNqV3FBME1mV2xjNW00YzJwY19QWDdGLXBwNDBVc2wzYw==,2023-06-08 14:52:39.074809
youtube#commentThread,EMUzi3FBQOe7X6g7XdjL5Wp0EF8,Ugz0w0Aqj8twK1LkkOx4AaABAg,"{'videoId': 'zEfTDpfyt1o', 'topLevelComment': {'kind': 'youtube#comment', 'etag': '7etMOYXGvDqdgNxArGqPJS4BvF8', 'id': 'Ugz0w0Aqj8twK1LkkOx4AaABAg', 'snippet': {'videoId': 'zEfTDpfyt1o', 'textDisplay': 'Só uma CORREÇÃO por justiça: UM APOIADOR...', 'textOriginal': 'Só uma CORREÇÃO por justiça: UM APOIADOR...', 'authorDisplayName': 'Leonilton MOREIRA', 'authorProfileImageUrl': 'https://yt3.ggpht.com/ytc/AGIKgqPPAuT7IsqDWHqVKmsDV3kH9TpGYJaXrBaFFRea-dw=s48-c-k-c0x00ffffff-no-rj', 'authorChannelUrl': 'http://www.youtube.com/channel/UCt-9OCnzWO0z8Md1o65kG3A', 'authorChannelId': {'value': 'UCt-9OCnzWO0z8Md1o65kG3A'}, 'canRate': True, 'viewerRating': 'none', 'likeCount': 0, 'publishedAt': '2022-10-23T23:02:15Z', 'updatedAt': '2022-10-23T23:02:15Z'}}, 'canReply': True, 'totalReplyCount': 1, 'isPublic': True}","{'comments': [{'kind': 'youtube#comment', 'etag': 'iKK-sOCNsHsFkl65coYAbs4h0gY', 'id': 'Ugz0w0Aqj8twK1LkkOx4AaABAg.9hYEk9mQ3pQ9hYlnQqYU93', 'snippet': {'videoId': 'zEfTDpfyt1o', 'textDisplay': 'Para que ela volte vai ter que haver um grande expurgo....eles não vão parar...precisam ser parados de vez...', 'textOriginal': 'Para que ela volte vai ter que haver um grande expurgo....eles não vão parar...precisam ser parados de vez...', 'parentId': 'Ugz0w0Aqj8twK1LkkOx4AaABAg', 'authorDisplayName': 'Tiburcio Nascimento', 'authorProfileImageUrl': 'https://yt3.ggpht.com/ytc/AGIKgqPYJ16XbloZp1nRif2q9UiINjE9b3aLcJFllVpYZmGF8L32gAvFuJ_fm0H5T6oa=s48-c-k-c0x00ffffff-no-rj', 'authorChannelUrl': 'http://www.youtube.com/channel/UCOpVT2WBtvOTmNgRgNreY3Q', 'authorChannelId': {'value': 'UCOpVT2WBtvOTmNgRgNreY3Q'}, 'canRate': True, 'viewerRating': 'none', 'likeCount': 0, 'publishedAt': '2022-10-24T03:59:47Z', 'updatedAt': '2022-10-24T03:59:47Z'}}]}",UCt-9OCnzWO0z8Md1o65kG3A,2022-10-23T23:02:15Z,Só uma CORREÇÃO por justiça: UM APOIADOR...,QURTSl9pM3VvRG1wTVBzeXNxMGNvNmsyekRnT28xaWlXUUxWVEswSFlmTGRtcFNqV3FBME1mV2xjNW00YzJwY19QWDdGLXBwNDBVc2wzYw==,2023-06-08 14:52:39.074809
youtube#commentThread,rUoIW45jyheV65utHhIEjDKsnlI,UgwvpsQ3XzO6n3wTH6t4AaABAg,"{'videoId': 'zEfTDpfyt1o', 'topLevelComment': {'kind': 'youtube#comment', 'etag': 'LXs_eYpZkxXowUtnA0FnJK2DXiM', 'id': 'UgwvpsQ3XzO6n3wTH6t4AaABAg', 'snippet': {'videoId': 'zEfTDpfyt1o', 'textDisplay': 'Nada prevalecerá contra as Forças Armadas Brasileiras podes crer', 'textOriginal': 'Nada prevalecerá contra as Forças Armadas Brasileiras podes crer', 'authorDisplayName': 'Ricardo Ferraz da cunha', 'authorProfileImageUrl': 'https://yt3.ggpht.com/ytc/AGIKgqNo7mhk8JBVBNp1k84SF4umQEFXZb5r9_7tXnn1dnDQAMr962GFF9W1hqeuKUt0=s48-c-k-c0x00ffffff-no-rj', 'authorChannelUrl': 'http://www.youtube.com/channel/UCinqSsWi4_FItJtlMlBqlkg', 'authorChannelId': {'value': 'UCinqSsWi4_FItJtlMlBqlkg'}, 'canRate': True, 'viewerRating': 'none', 'likeCount': 0, 'publishedAt': '2022-10-23T23:02:05Z', 'updatedAt': '2022-10-23T23:02:05Z'}}, 'canReply': True, 'totalReplyCount': 0, 'isPublic': True}",,UCinqSsWi4_FItJtlMlBqlkg,2022-10-23T23:02:05Z,Nada prevalecerá contra as Forças Armadas Brasileiras podes crer,QURTSl9pM3VvRG1wTVBzeXNxMGNvNmsyekRnT28xaWlXUUxWVEswSFlmTGRtcFNqV3FBME1mV2xjNW00YzJwY19QWDdGLXBwNDBVc2wzYw==,2023-06-08 14:52:39.074809
youtube#commentThread,ePwFdvMvkd28wJVGqG8Wh9pJqio,UgyZBN6_aPTMx__NSsN4AaABAg,"{'videoId': 'zEfTDpfyt1o', 'topLevelComment': {'kind': 'youtube#comment', 'etag': 'suP9st7dqe5Y8WMlGp5sbzoD7Y8', 'id': 'UgyZBN6_aPTMx__NSsN4AaABAg', 'snippet': {'videoId': 'zEfTDpfyt1o', 'textDisplay': 'Lamentável. O ocorrido. Agora já é três pessoas feridas.', 'textOriginal': 'Lamentável. O ocorrido. Agora já é três pessoas feridas.', 'authorDisplayName': 'Paula Amorim', 'authorProfileImageUrl': 'https://yt3.ggpht.com/5nreDUUh8-VJtNeojcL5ZFhRODpiq9dIxC31YplEkhYGa5EMNEAylCqv94jTby2ggUZiBmwq3nw=s48-c-k-c0x00ffffff-no-rj', 'authorChannelUrl': 'http://www.youtube.com/channel/UCwRW55E7fWDOVnuYK0Fx8yg', 'authorChannelId': {'value': 'UCwRW55E7fWDOVnuYK0Fx8yg'}, 'canRate': True, 'viewerRating': 'none', 'likeCount': 0, 'publishedAt': '2022-10-23T23:01:55Z', 'updatedAt': '2022-10-23T23:01:55Z'}}, 'canReply': True, 'totalReplyCount': 0, 'isPublic': True}",,UCwRW55E7fWDOVnuYK0Fx8yg,2022-10-23T23:01:55Z,Lamentável. O ocorrido. Agora já é três pessoas feridas.,QURTSl9pM3VvRG1wTVBzeXNxMGNvNmsyekRnT28xaWlXUUxWVEswSFlmTGRtcFNqV3FBME1mV2xjNW00YzJwY19QWDdGLXBwNDBVc2wzYw==,2023-06-08 14:52:39.074809
youtube#commentThread,HY90QQ5_f1gW9e_MDQsr9_CQE9k,UgwOL4XKvUVLytZ9FWB4AaABAg,"{'videoId': 'zEfTDpfyt1o', 'topLevelComment': {'kind': 'youtube#comment', 'etag': 'ZHdDw1ZWyyY-gWJr12TVLhado-o', 'id': 'UgwOL4XKvUVLytZ9FWB4AaABAg', 'snippet': {'videoId': 'zEfTDpfyt1o', 'textDisplay': 'Fogo na babilônia', 'textOriginal': 'Fogo na babilônia', 'authorDisplayName': 'Gilson Sousa', 'authorProfileImageUrl': 'https://yt3.ggpht.com/ytc/AGIKgqP6TkNjl31wfVLLB7XUvzibjCWLxbgd6jYrTg=s48-c-k-c0x00ffffff-no-rj', 'authorChannelUrl': 'http://www.youtube.com/channel/UCNK53CyVZCCMY8AtrH-atNA', 'authorChannelId': {'value': 'UCNK53CyVZCCMY8AtrH-atNA'}, 'canRate': True, 'viewerRating': 'none', 'likeCount': 0, 'publishedAt': '2022-10-23T23:01:49Z', 'updatedAt': '2022-10-23T23:01:49Z'}}, 'canReply': True, 'totalReplyCount': 0, 'isPublic': True}",,UCNK53CyVZCCMY8AtrH-atNA,2022-10-23T23:01:49Z,Fogo na babilônia,QURTSl9pM3VvRG1wTVBzeXNxMGNvNmsyekRnT28xaWlXUUxWVEswSFlmTGRtcFNqV3FBME1mV2xjNW00YzJwY19QWDdGLXBwNDBVc2wzYw==,2023-06-08 14:52:39.074809
youtube#commentThread,W9v64cjCCUcvfHX0I8it-eslzCU,Ugyxmq9CaFBzFtJMNdd4AaABAg,"{'videoId': 'zEfTDpfyt1o', 'topLevelComment': {'kind': 'youtube#comment', 'etag': 'tpfVSXxTRBK_pmEOjgzUYRcI-ds', 'id': 'Ugyxmq9CaFBzFtJMNdd4AaABAg', 'snippet': {'videoId': 'zEfTDpfyt1o', 'textDisplay': 'Não tinha medo tal Roberto Jefferson, era o que todos diziam quando ele se perdeu... <br>  Deixou pra trás todo marasmo da câmara dos deputados. <br>Só pra sentir no seu sangue o ódio que Xandão lhe deu ...  &quot;CONTINUA&quot;', 'textOriginal': 'Não tinha medo tal Roberto Jefferson, era o que todos diziam quando ele se perdeu... \\n  Deixou pra trás todo marasmo da câmara dos deputados. \\nSó pra sentir no seu sangue o ódio que Xandão lhe deu ...  ""CONTINUA""', 'authorDisplayName': 'SAVE STATE', 'authorProfileImageUrl': 'https://yt3.ggpht.com/4giBvvBVgROsULOfbCq9DIXCYnxHYppf_hEbUXitqbMgzT6DHNH-uOkRVSltTABgFTOg7IIb1Q=s48-c-k-c0x00ffffff-no-rj', 'authorChannelUrl': 'http://www.youtube.com/channel/UCCQ_BvTyMKptadudeg1MiUw', 'authorChannelId': {'value': 'UCCQ_BvTyMKptadudeg1MiUw'}, 'canRate': True, 'viewerRating': 'none', 'likeCount': 0, 'publishedAt': '2022-10-23T23:01:25Z', 'updatedAt': '2022-10-23T23:01:25Z'}}, 'canReply': True, 'totalReplyCount': 0, 'isPublic': True}",,UCCQ_BvTyMKptadudeg1MiUw,2022-10-23T23:01:25Z,"Não tinha medo tal Roberto Jefferson, era o que todos diziam quando ele se perdeu... 
  Deixou pra trás todo marasmo da câmara dos deputados. 
Só pra sentir no seu sangue o ódio que Xandão lhe deu ...  ""CONTINUA""",QURTSl9pM3VvRG1wTVBzeXNxMGNvNmsyekRnT28xaWlXUUxWVEswSFlmTGRtcFNqV3FBME1mV2xjNW00YzJwY19QWDdGLXBwNDBVc2wzYw==,2023-06-08 14:52:39.074809
youtube#commentThread,u_ywuaNU4jR02ZxQ4Y_xaeFTOXY,UgyZ7xg_r_nBDA8o6zp4AaABAg,"{'videoId': 'zEfTDpfyt1o', 'topLevelComment': {'kind': 'youtube#comment', 'etag': 'jnCkupHjazIjmLFwgCuL8kDA2zM', 'id': 'UgyZ7xg_r_nBDA8o6zp4AaABAg', 'snippet': {'videoId': 'zEfTDpfyt1o', 'textDisplay': '🙏🇧🇷💚💛🇧🇷🙏 bôa nôite à tôdos  , meu Dêus do céu praque isso  , gente mais quanta inguinorança  ,  gente praque agredir as pessoas assim a troco de que  ,  tem gente que só sai às ruas mau intencionadas  , sai só para bagunçar e aprontar  , meu Dêus toque nas mentes e nos corações dêsse pôvo para que élas se tonem mais humanas :', 'textOriginal': '🙏🇧🇷💚💛🇧🇷🙏 bôa nôite à tôdos  , meu Dêus do céu praque isso  , gente mais quanta inguinorança  ,  gente praque agredir as pessoas assim a troco de que  ,  tem gente que só sai às ruas mau intencionadas  , sai só para bagunçar e aprontar  , meu Dêus toque nas mentes e nos corações dêsse pôvo para que élas se tonem mais humanas :', 'authorDisplayName': 'Elias Miranda', 'authorProfileImageUrl': 'https://yt3.ggpht.com/ytc/AGIKgqPQw4kV5m_ZDBO9vYzLIbVEQadkFJbyQpsZWEFa1CdMLF3oNj8CC6v2szKY5tqg=s48-c-k-c0x00ffffff-no-rj', 'authorChannelUrl': 'http://www.youtube.com/channel/UCgptKvj45fwEy1bUM-qlWsg', 'authorChannelId': {'value': 'UCgptKvj45fwEy1bUM-qlWsg'}, 'canRate': True, 'viewerRating': 'none', 'likeCount': 0, 'publishedAt': '2022-10-23T23:01:17Z', 'updatedAt': '2022-10-23T23:01:17Z'}}, 'canReply': True, 'totalReplyCount': 0, 'isPublic': True}",,UCgptKvj45fwEy1bUM-qlWsg,2022-10-23T23:01:17Z,"🙏🇧🇷💚💛🇧🇷🙏 bôa nôite à tôdos  , meu Dêus do céu praque isso  , gente mais quanta inguinorança  ,  gente praque agredir as pessoas assim a troco de que  ,  tem gente que só sai às ruas mau intencionadas  , sai só para bagunçar e aprontar  , meu Dêus toque nas mentes e nos corações dêsse pôvo para que élas se tonem mais humanas :",QURTSl9pM3VvRG1wTVBzeXNxMGNvNmsyekRnT28xaWlXUUxWVEswSFlmTGRtcFNqV3FBME1mV2xjNW00YzJwY19QWDdGLXBwNDBVc2wzYw==,2023-06-08 14:52:39.074809
youtube#commentThread,MnBtLmmEMexzHt7SmvOgNEIlZf0,Ugy2Ww_HKCuoY6xDA1B4AaABAg,"{'videoId': 'zEfTDpfyt1o', 'topLevelComment': {'kind': 'youtube#comment', 'etag': 'AJUlPO-Eox3llQIv6Iq6GdTHvl8', 'id': 'Ugy2Ww_HKCuoY6xDA1B4AaABAg', 'snippet': {'videoId': 'zEfTDpfyt1o', 'textDisplay': 'Aluno de bostanario .Roberto Jefferson', 'textOriginal': 'Aluno de bostanario .Roberto Jefferson', 'authorDisplayName': 'Francisco das chagas', 'authorProfileImageUrl': 'https://yt3.ggpht.com/ytc/AGIKgqNO7NHDX-9sRuRxRSzhn_A8UsQ30zQelOno9Q=s48-c-k-c0x00ffffff-no-rj', 'authorChannelUrl': 'http://www.youtube.com/channel/UCa4KGkH1Rfo_K21nhk8wu2w', 'authorChannelId': {'value': 'UCa4KGkH1Rfo_K21nhk8wu2w'}, 'canRate': True, 'viewerRating': 'none', 'likeCount': 0, 'publishedAt': '2022-10-23T23:01:12Z', 'updatedAt': '2022-10-23T23:01:12Z'}}, 'canReply': True, 'totalReplyCount': 0, 'isPublic': True}",,UCa4KGkH1Rfo_K21nhk8wu2w,2022-10-23T23:01:12Z,Aluno de bostanario .Roberto Jefferson,QURTSl9pM3VvRG1wTVBzeXNxMGNvNmsyekRnT28xaWlXUUxWVEswSFlmTGRtcFNqV3FBME1mV2xjNW00YzJwY19QWDdGLXBwNDBVc2wzYw==,2023-06-08 14:52:39.074809
youtube#commentThread,vrPi7n4MclfszZuTYRV-mWtQCIw,Ugzpalzm791gvuRiVjh4AaABAg,"{'videoId': 'zEfTDpfyt1o', 'topLevelComment': {'kind': 'youtube#comment', 'etag': 'cgl6kc2rZgslOq-72OXV2XckmWo', 'id': 'Ugzpalzm791gvuRiVjh4AaABAg', 'snippet': {'videoId': 'zEfTDpfyt1o', 'textDisplay': 'Lamentável essa violência contra os profissionais em pleno exercício de suas funções. Tanto de Roberto Jefferson contra os policiais qto ao cinegrafista da Rd Globo, todos estavam trabalhando e nosso repúdio à essas agressões. Infelizmente todos estão no limite das suas emoções e isso é o resultado dos atos &quot;abusivos e parciais&quot; de um tribunal de justiça q mais parece um tribunal de injustiça...o q será do nosso país no futuro???', 'textOriginal': 'Lamentável essa violência contra os profissionais em pleno exercício de suas funções. Tanto de Roberto Jefferson contra os policiais qto ao cinegrafista da Rd Globo, todos estavam trabalhando e nosso repúdio à essas agressões. Infelizmente todos estão no limite das suas emoções e isso é o resultado dos atos ""abusivos e parciais"" de um tribunal de justiça q mais parece um tribunal de injustiça...o q será do nosso país no futuro???', 'authorDisplayName': 'Auguete Maria', 'authorProfileImageUrl': 'https://yt3.ggpht.com/ytc/AGIKgqMJt18Baw3AItvI7wKa22EIN-bkvaQKASUiCA=s48-c-k-c0x00ffffff-no-rj', 'authorChannelUrl': 'http://www.youtube.com/channel/UC9ZLvWpUfEnpr7r9ZJ31QpQ', 'authorChannelId': {'value': 'UC9ZLvWpUfEnpr7r9ZJ31QpQ'}, 'canRate': True, 'viewerRating': 'none', 'likeCount': 16, 'publishedAt': '2022-10-23T23:01:11Z', 'updatedAt': '2022-10-23T23:01:11Z'}}, 'canReply': True, 'totalReplyCount': 1, 'isPublic': True}","{'comments': [{'kind': 'youtube#comment', 'etag': 'Z42asbk33daFLH7g2Ud_8Z9vj8A', 'id': 'Ugzpalzm791gvuRiVjh4AaABAg.9hYEcLMcJ2g9hYUPw1k9z3', 'snippet': {'videoId': 'zEfTDpfyt1o', 'textDisplay': 'É muito profissionalismo para o domingo ao meio dia, cumprir mandado frio e um pária vir filmar...', 'textOriginal': 'É muito profissionalismo para o domingo ao meio dia, cumprir mandado frio e um pária vir filmar...', 'parentId': 'Ugzpalzm791gvuRiVjh4AaABAg', 'authorDisplayName': 'Tiburcio Nascimento', 'authorProfileImageUrl': 'https://yt3.ggpht.com/ytc/AGIKgqPYJ16XbloZp1nRif2q9UiINjE9b3aLcJFllVpYZmGF8L32gAvFuJ_fm0H5T6oa=s48-c-k-c0x00ffffff-no-rj', 'authorChannelUrl': 'http://www.youtube.com/channel/UCOpVT2WBtvOTmNgRgNreY3Q', 'authorChannelId': {'value': 'UCOpVT2WBtvOTmNgRgNreY3Q'}, 'canRate': True, 'viewerRating': 'none', 'likeCount': 0, 'publishedAt': '2022-10-24T01:19:09Z', 'updatedAt': '2022-10-24T01:19:09Z'}}]}",UC9ZLvWpUfEnpr7r9ZJ31QpQ,2022-10-23T23:01:11Z,"Lamentável essa violência contra os profissionais em pleno exercício de suas funções. Tanto de Roberto Jefferson contra os policiais qto ao cinegrafista da Rd Globo, todos estavam trabalhando e nosso repúdio à essas agressões. Infelizmente todos estão no limite das suas emoções e isso é o resultado dos atos ""abusivos e parciais"" de um tribunal de justiça q mais parece um tribunal de injustiça...o q será do nosso país no futuro???",QURTSl9pM3VvRG1wTVBzeXNxMGNvNmsyekRnT28xaWlXUUxWVEswSFlmTGRtcFNqV3FBME1mV2xjNW00YzJwY19QWDdGLXBwNDBVc2wzYw==,2023-06-08 14:52:39.074809
youtube#commentThread,Sl13AS6-yIFfydQH2-85QqXooP0,Ugyo1d-uJbi92g4R6cJ4AaABAg,"{'videoId': 'zEfTDpfyt1o', 'topLevelComment': {'kind': 'youtube#comment', 'etag': 'GtGWqJeigKFAn5DcNV_2Stv-LxI', 'id': 'Ugyo1d-uJbi92g4R6cJ4AaABAg', 'snippet': {'videoId': 'zEfTDpfyt1o', 'textDisplay': 'Para que essa palhaçada de bater no profissional da impressa?  O que o cinegrafista tem a ver com o que está acontecendo?', 'textOriginal': 'Para que essa palhaçada de bater no profissional da impressa?  O que o cinegrafista tem a ver com o que está acontecendo?', 'authorDisplayName': 'Selma Imaculada', 'authorProfileImageUrl': 'https://yt3.ggpht.com/gCO7abzxO3o8qFPtJkFEfwVcDHL3B0Jge89AUp-mCrDkhIMssyhKySzz7UGsUhHR8Fpe51nPcg=s48-c-k-c0x00ffffff-no-rj', 'authorChannelUrl': 'http://www.youtube.com/channel/UCQ_SuEgd6ozmKzGtizXujAA', 'authorChannelId': {'value': 'UCQ_SuEgd6ozmKzGtizXujAA'}, 'canRate': True, 'viewerRating': 'none', 'likeCount': 1, 'publishedAt': '2022-10-23T23:01:02Z', 'updatedAt': '2022-10-23T23:01:02Z'}}, 'canReply': True, 'totalReplyCount': 0, 'isPublic': True}",,UCQ_SuEgd6ozmKzGtizXujAA,2022-10-23T23:01:02Z,Para que essa palhaçada de bater no profissional da impressa?  O que o cinegrafista tem a ver com o que está acontecendo?,QURTSl9pM3VvRG1wTVBzeXNxMGNvNmsyekRnT28xaWlXUUxWVEswSFlmTGRtcFNqV3FBME1mV2xjNW00YzJwY19QWDdGLXBwNDBVc2wzYw==,2023-06-08 14:52:39.074809
youtube#commentThread,7D3Asfmfy9TBME9W1lAtDpt0yGA,Ugztx8GIIdnqIPVdTYJ4AaABAg,"{'videoId': 'zEfTDpfyt1o', 'topLevelComment': {'kind': 'youtube#comment', 'etag': 'dVFnFOYeDfU6prwxPx3DS6GFIIA', 'id': 'Ugztx8GIIdnqIPVdTYJ4AaABAg', 'snippet': {'videoId': 'zEfTDpfyt1o', 'textDisplay': 'Jeferson era perseguido. Ele sim foi agredido contra essa gambiarras jurídicas .', 'textOriginal': 'Jeferson era perseguido. Ele sim foi agredido contra essa gambiarras jurídicas .', 'authorDisplayName': 'Zinaldo Ferreira', 'authorProfileImageUrl': 'https://yt3.ggpht.com/ytc/AGIKgqO8F3s6ie77Re6-bbw__HHnlUJ7KFqHG9xzmw=s48-c-k-c0x00ffffff-no-rj', 'authorChannelUrl': 'http://www.youtube.com/channel/UCBqAuGG_7G64scBAxB86Ppw', 'authorChannelId': {'value': 'UCBqAuGG_7G64scBAxB86Ppw'}, 'canRate': True, 'viewerRating': 'none', 'likeCount': 0, 'publishedAt': '2022-10-23T23:01:02Z', 'updatedAt': '2022-10-23T23:01:02Z'}}, 'canReply': True, 'totalReplyCount': 0, 'isPublic': True}",,UCBqAuGG_7G64scBAxB86Ppw,2022-10-23T23:01:02Z,Jeferson era perseguido. Ele sim foi agredido contra essa gambiarras jurídicas .,QURTSl9pM3VvRG1wTVBzeXNxMGNvNmsyekRnT28xaWlXUUxWVEswSFlmTGRtcFNqV3FBME1mV2xjNW00YzJwY19QWDdGLXBwNDBVc2wzYw==,2023-06-08 14:52:39.074809
youtube#commentThread,FPah4UvLtdtBfoxR17m5_i1Mv94,UgyGdgKrSERh7alsNTp4AaABAg,"{'videoId': 'zEfTDpfyt1o', 'topLevelComment': {'kind': 'youtube#comment', 'etag': 'QYg6C83L27WhwOi6VO6YxtWjDiY', 'id': 'UgyGdgKrSERh7alsNTp4AaABAg', 'snippet': {'videoId': 'zEfTDpfyt1o', 'textDisplay': 'A GLOBO PEDIU ISSO, UMA HORA A CONTA CHEGA', 'textOriginal': 'A GLOBO PEDIU ISSO, UMA HORA A CONTA CHEGA', 'authorDisplayName': 'Maria Helena Soares Santos', 'authorProfileImageUrl': 'https://yt3.ggpht.com/ytc/AGIKgqO86fx054GFLEOYiRwAbLSo5ygRnVpnddx0nA=s48-c-k-c0x00ffffff-no-rj', 'authorChannelUrl': 'http://www.youtube.com/channel/UCGSFsT109Fp5VvP9Xf-FUTw', 'authorChannelId': {'value': 'UCGSFsT109Fp5VvP9Xf-FUTw'}, 'canRate': True, 'viewerRating': 'none', 'likeCount': 1, 'publishedAt': '2022-10-23T23:00:39Z', 'updatedAt': '2022-10-23T23:00:39Z'}}, 'canReply': True, 'totalReplyCount': 0, 'isPublic': True}",,UCGSFsT109Fp5VvP9Xf-FUTw,2022-10-23T23:00:39Z,"A GLOBO PEDIU ISSO, UMA HORA A CONTA CHEGA",QURTSl9pM3VvRG1wTVBzeXNxMGNvNmsyekRnT28xaWlXUUxWVEswSFlmTGRtcFNqV3FBME1mV2xjNW00YzJwY19QWDdGLXBwNDBVc2wzYw==,2023-06-08 14:52:39.074809
youtube#commentThread,WUuZmmQtOFJxA2mMx3c8Cp_31ec,Ugz71EGzNXnOJuRp5-F4AaABAg,"{'videoId': 'zEfTDpfyt1o', 'topLevelComment': {'kind': 'youtube#comment', 'etag': '74unftDQmSy5HkmzrzYLmMSk6iE', 'id': 'Ugz71EGzNXnOJuRp5-F4AaABAg', 'snippet': {'videoId': 'zEfTDpfyt1o', 'textDisplay': 'Se isto não pode acontecer, caadeias e leis vão servir para que? Se não puderem quebrar as regras. <br>Vai ser inútil te-las.', 'textOriginal': 'Se isto não pode acontecer, caadeias e leis vão servir para que? Se não puderem quebrar as regras. \\nVai ser inútil te-las.', 'authorDisplayName': ""DEATH'S WISH"", 'authorProfileImageUrl': 'https://yt3.ggpht.com/ytc/AGIKgqP-lb8j3g5xYr5n8seFc7lncrYvSBiOz9jV-j25=s48-c-k-c0x00ffffff-no-rj', 'authorChannelUrl': 'http://www.youtube.com/channel/UCCh-GkswMY_wjgu47AMjM1Q', 'authorChannelId': {'value': 'UCCh-GkswMY_wjgu47AMjM1Q'}, 'canRate': True, 'viewerRating': 'none', 'likeCount': 0, 'publishedAt': '2022-10-23T23:00:30Z', 'updatedAt': '2022-10-23T23:01:09Z'}}, 'canReply': True, 'totalReplyCount': 0, 'isPublic': True}",,UCCh-GkswMY_wjgu47AMjM1Q,2022-10-23T23:00:30Z,"Se isto não pode acontecer, caadeias e leis vão servir para que? Se não puderem quebrar as regras. 
Vai ser inútil te-las.",QURTSl9pM3VvRG1wTVBzeXNxMGNvNmsyekRnT28xaWlXUUxWVEswSFlmTGRtcFNqV3FBME1mV2xjNW00YzJwY19QWDdGLXBwNDBVc2wzYw==,2023-06-08 14:52:39.074809
youtube#commentThread,VkQAvHrwbJIQZi1FeAr6ECsW0ps,UgwC4k5f-ZQsppC3roR4AaABAg,"{'videoId': 'zEfTDpfyt1o', 'topLevelComment': {'kind': 'youtube#comment', 'etag': 'zI82m3yp4--RcCYRo_SU9yijyqs', 'id': 'UgwC4k5f-ZQsppC3roR4AaABAg', 'snippet': {'videoId': 'zEfTDpfyt1o', 'textDisplay': 'Roberto Jefferson prejudicou Bolsonaro com esta atitude.', 'textOriginal': 'Roberto Jefferson prejudicou Bolsonaro com esta atitude.', 'authorDisplayName': 'albino luiz gineste', 'authorProfileImageUrl': 'https://yt3.ggpht.com/ytc/AGIKgqPQQwcogPBDyXLZTSDvhXEczqYRDCBYFWIlK3905G0=s48-c-k-c0x00ffffff-no-rj', 'authorChannelUrl': 'http://www.youtube.com/channel/UCX8mjOwFw8w0qLa7rGcCjGA', 'authorChannelId': {'value': 'UCX8mjOwFw8w0qLa7rGcCjGA'}, 'canRate': True, 'viewerRating': 'none', 'likeCount': 1, 'publishedAt': '2022-10-23T23:00:27Z', 'updatedAt': '2022-10-23T23:00:27Z'}}, 'canReply': True, 'totalReplyCount': 0, 'isPublic': True}",,UCX8mjOwFw8w0qLa7rGcCjGA,2022-10-23T23:00:27Z,Roberto Jefferson prejudicou Bolsonaro com esta atitude.,QURTSl9pM3VvRG1wTVBzeXNxMGNvNmsyekRnT28xaWlXUUxWVEswSFlmTGRtcFNqV3FBME1mV2xjNW00YzJwY19QWDdGLXBwNDBVc2wzYw==,2023-06-08 14:52:39.074809
youtube#commentThread,b2yI_GvJBxKYPQyks0Sp1XkOV4s,Ugwojffd9xzQ9UGzekF4AaABAg,"{'videoId': 'zEfTDpfyt1o', 'topLevelComment': {'kind': 'youtube#comment', 'etag': 'XudIRg3U1XH_0E7PTE8YgfFkfe8', 'id': 'Ugwojffd9xzQ9UGzekF4AaABAg', 'snippet': {'videoId': 'zEfTDpfyt1o', 'textDisplay': 'A culpa é totalmente do Sr Alexandre de Morais ele disseminou ódio  o povo brasileiro de bem não aguenta mais', 'textOriginal': 'A culpa é totalmente do Sr Alexandre de Morais ele disseminou ódio  o povo brasileiro de bem não aguenta mais', 'authorDisplayName': 'Maria Moreno', 'authorProfileImageUrl': 'https://yt3.ggpht.com/ytc/AGIKgqPBqdThAuCJdrlVa32vdw0eJ1k-r7euU97ONGVliuMUl58EjLGI_ddm7HJAGesk=s48-c-k-c0x00ffffff-no-rj', 'authorChannelUrl': 'http://www.youtube.com/channel/UCCAcnN7Z1yF5yI7ydg6ALOg', 'authorChannelId': {'value': 'UCCAcnN7Z1yF5yI7ydg6ALOg'}, 'canRate': True, 'viewerRating': 'none', 'likeCount': 0, 'publishedAt': '2022-10-23T23:00:22Z', 'updatedAt': '2022-10-23T23:00:22Z'}}, 'canReply': True, 'totalReplyCount': 0, 'isPublic': True}",,UCCAcnN7Z1yF5yI7ydg6ALOg,2022-10-23T23:00:22Z,A culpa é totalmente do Sr Alexandre de Morais ele disseminou ódio  o povo brasileiro de bem não aguenta mais,QURTSl9pM3VvRG1wTVBzeXNxMGNvNmsyekRnT28xaWlXUUxWVEswSFlmTGRtcFNqV3FBME1mV2xjNW00YzJwY19QWDdGLXBwNDBVc2wzYw==,2023-06-08 14:52:39.074809
youtube#commentThread,PZpB_xtsmsfaCszWwtNQQ3exx8A,UgwCVX27IRZ2CPit0kp4AaABAg,"{'videoId': 'zEfTDpfyt1o', 'topLevelComment': {'kind': 'youtube#comment', 'etag': 'YjHGPHAfx8nOw_WMGhG83UU-cZk', 'id': 'UgwCVX27IRZ2CPit0kp4AaABAg', 'snippet': {'videoId': 'zEfTDpfyt1o', 'textDisplay': 'Infelizmente a Globo é a maior responsável por toda polarização  que vivemos. ELA INCENTIVA A POLARIZAÇÃO,  MAS AGRESSÃO,  JAMAIS! EU NÃO ASSISTO A GLOBO FAZEM QUASE 6 ANOS.', 'textOriginal': 'Infelizmente a Globo é a maior responsável por toda polarização  que vivemos. ELA INCENTIVA A POLARIZAÇÃO,  MAS AGRESSÃO,  JAMAIS! EU NÃO ASSISTO A GLOBO FAZEM QUASE 6 ANOS.', 'authorDisplayName': 'R Bussade', 'authorProfileImageUrl': 'https://yt3.ggpht.com/ytc/AGIKgqNWuKy0-MHJau1xMUlhiCR37KtU7nNaV1JJEQvcJjc=s48-c-k-c0x00ffffff-no-rj', 'authorChannelUrl': 'http://www.youtube.com/channel/UCbaxtkUpMBQFYWI3ZaFi-tQ', 'authorChannelId': {'value': 'UCbaxtkUpMBQFYWI3ZaFi-tQ'}, 'canRate': True, 'viewerRating': 'none', 'likeCount': 0, 'publishedAt': '2022-10-23T23:00:21Z', 'updatedAt': '2022-10-23T23:00:21Z'}}, 'canReply': True, 'totalReplyCount': 0, 'isPublic': True}",,UCbaxtkUpMBQFYWI3ZaFi-tQ,2022-10-23T23:00:21Z,"Infelizmente a Globo é a maior responsável por toda polarização  que vivemos. ELA INCENTIVA A POLARIZAÇÃO,  MAS AGRESSÃO,  JAMAIS! EU NÃO ASSISTO A GLOBO FAZEM QUASE 6 ANOS.",QURTSl9pM3VvRG1wTVBzeXNxMGNvNmsyekRnT28xaWlXUUxWVEswSFlmTGRtcFNqV3FBME1mV2xjNW00YzJwY19QWDdGLXBwNDBVc2wzYw==,2023-06-08 14:52:39.074809
youtube#commentThread,0PZms__TZ3TVmygE4WPnNKfyQ2o,UgxHk8Z9bv7srsVoD9l4AaABAg,"{'videoId': 'zEfTDpfyt1o', 'topLevelComment': {'kind': 'youtube#comment', 'etag': 'AyQifqYzt1QZ11IadmUDEInn3Lk', 'id': 'UgxHk8Z9bv7srsVoD9l4AaABAg', 'snippet': {'videoId': 'zEfTDpfyt1o', 'textDisplay': 'Exército brasileiro quando a pátria corre risco chegou a sua hora', 'textOriginal': 'Exército brasileiro quando a pátria corre risco chegou a sua hora', 'authorDisplayName': 'Ricardo Ferraz da cunha', 'authorProfileImageUrl': 'https://yt3.ggpht.com/ytc/AGIKgqNo7mhk8JBVBNp1k84SF4umQEFXZb5r9_7tXnn1dnDQAMr962GFF9W1hqeuKUt0=s48-c-k-c0x00ffffff-no-rj', 'authorChannelUrl': 'http://www.youtube.com/channel/UCinqSsWi4_FItJtlMlBqlkg', 'authorChannelId': {'value': 'UCinqSsWi4_FItJtlMlBqlkg'}, 'canRate': True, 'viewerRating': 'none', 'likeCount': 0, 'publishedAt': '2022-10-23T23:00:13Z', 'updatedAt': '2022-10-23T23:00:13Z'}}, 'canReply': True, 'totalReplyCount': 0, 'isPublic': True}",,UCinqSsWi4_FItJtlMlBqlkg,2022-10-23T23:00:13Z,Exército brasileiro quando a pátria corre risco chegou a sua hora,QURTSl9pMzUwR3ZncEo5ajRNZ05Ldmk5UDZaS3VVMmJuYXdEZkVsQXBTVmJadkE2RXNSNUFoVDFjbmFFQW9iWERvS1NOWGtNTmJqQ3hIcw==,2023-06-08 14:52:39.978904
youtube#commentThread,QDX3MNLTOh229Ay-DL85gjGggLg,UgwpAYwbK78k3HxWRtZ4AaABAg,"{'videoId': 'zEfTDpfyt1o', 'topLevelComment': {'kind': 'youtube#comment', 'etag': 'I9p-RlA3poqD4fVaPTtOzMJx4Oo', 'id': 'UgwpAYwbK78k3HxWRtZ4AaABAg', 'snippet': {'videoId': 'zEfTDpfyt1o', 'textDisplay': 'Esse pessoal da Globolixo não são repórteres! são militantes comunistas 🤔', 'textOriginal': 'Esse pessoal da Globolixo não são repórteres! são militantes comunistas 🤔', 'authorDisplayName': 'Wemilton Coelho', 'authorProfileImageUrl': 'https://yt3.ggpht.com/ytc/AGIKgqO8SE7A6x8t6kzN9kuXWFTb_zSNnliyMvp2PI2-Ig=s48-c-k-c0x00ffffff-no-rj', 'authorChannelUrl': 'http://www.youtube.com/channel/UCuCvtP0NOYM3bwLPt3IHxKg', 'authorChannelId': {'value': 'UCuCvtP0NOYM3bwLPt3IHxKg'}, 'canRate': True, 'viewerRating': 'none', 'likeCount': 1, 'publishedAt': '2022-10-23T22:59:57Z', 'updatedAt': '2022-10-23T22:59:57Z'}}, 'canReply': True, 'totalReplyCount': 0, 'isPublic': True}",,UCuCvtP0NOYM3bwLPt3IHxKg,2022-10-23T22:59:57Z,Esse pessoal da Globolixo não são repórteres! são militantes comunistas 🤔,QURTSl9pMzUwR3ZncEo5ajRNZ05Ldmk5UDZaS3VVMmJuYXdEZkVsQXBTVmJadkE2RXNSNUFoVDFjbmFFQW9iWERvS1NOWGtNTmJqQ3hIcw==,2023-06-08 14:52:39.978904
youtube#commentThread,UTGFjfiZqLaNjGTT3F99BFpBbRg,UgwRIDCHxzurt9PXSMp4AaABAg,"{'videoId': 'zEfTDpfyt1o', 'topLevelComment': {'kind': 'youtube#comment', 'etag': 'R6RvtsnmdO3JNVm9QhWHb3JL5oA', 'id': 'UgwRIDCHxzurt9PXSMp4AaABAg', 'snippet': {'videoId': 'zEfTDpfyt1o', 'textDisplay': 'nao foi nada se jogou no chão nao foi nada crime cometeu o xandao contra a joven pan isso sim e crime', 'textOriginal': 'nao foi nada se jogou no chão nao foi nada crime cometeu o xandao contra a joven pan isso sim e crime', 'authorDisplayName': 'Marcelo timoteoluiz da silva', 'authorProfileImageUrl': 'https://yt3.ggpht.com/ytc/AGIKgqNL6PJgJOvEEZahgar49D4qG0_f0Hx0RMH95w=s48-c-k-c0x00ffffff-no-rj', 'authorChannelUrl': 'http://www.youtube.com/channel/UC4wmlaVYDujfOC3XenAZTEA', 'authorChannelId': {'value': 'UC4wmlaVYDujfOC3XenAZTEA'}, 'canRate': True, 'viewerRating': 'none', 'likeCount': 0, 'publishedAt': '2022-10-23T22:59:51Z', 'updatedAt': '2022-10-23T22:59:51Z'}}, 'canReply': True, 'totalReplyCount': 0, 'isPublic': True}",,UC4wmlaVYDujfOC3XenAZTEA,2022-10-23T22:59:51Z,nao foi nada se jogou no chão nao foi nada crime cometeu o xandao contra a joven pan isso sim e crime,QURTSl9pMzUwR3ZncEo5ajRNZ05Ldmk5UDZaS3VVMmJuYXdEZkVsQXBTVmJadkE2RXNSNUFoVDFjbmFFQW9iWERvS1NOWGtNTmJqQ3hIcw==,2023-06-08 14:52:39.978904
youtube#commentThread,hVQs-CLuwaXa7H7-KRnDeaP3cq8,Ugw3Ba-FzoFVBKGr8SZ4AaABAg,"{'videoId': 'zEfTDpfyt1o', 'topLevelComment': {'kind': 'youtube#comment', 'etag': 'bC7pNbTWMS3PdluP2-lVRpBJr7k', 'id': 'Ugw3Ba-FzoFVBKGr8SZ4AaABAg', 'snippet': {'videoId': 'zEfTDpfyt1o', 'textDisplay': 'Nossa a com  certeza e o Lula que mandou  porque ele que está acostumado fazer isso com certeza pode ser o Lula ou a Uol <br>Porque  a Uol sabe tudo antes de acontecer  o mas  o PT', 'textOriginal': 'Nossa a com  certeza e o Lula que mandou  porque ele que está acostumado fazer isso com certeza pode ser o Lula ou a Uol \\nPorque  a Uol sabe tudo antes de acontecer  o mas  o PT', 'authorDisplayName': 'LeMa', 'authorProfileImageUrl': 'https://yt3.ggpht.com/IIU3wDnfBaMl7RUVC5MA_O7jzBagK5Q_MMIVUdTfRJC7W9JwCBMgo_9ZaMZTV7q4f24sq-nN=s48-c-k-c0x00ffffff-no-rj', 'authorChannelUrl': 'http://www.youtube.com/channel/UCBAaDuya2IV7ipAXMYkMdug', 'authorChannelId': {'value': 'UCBAaDuya2IV7ipAXMYkMdug'}, 'canRate': True, 'viewerRating': 'none', 'likeCount': 0, 'publishedAt': '2022-10-23T22:59:37Z', 'updatedAt': '2022-10-23T22:59:37Z'}}, 'canReply': True, 'totalReplyCount': 0, 'isPublic': True}",,UCBAaDuya2IV7ipAXMYkMdug,2022-10-23T22:59:37Z,"Nossa a com  certeza e o Lula que mandou  porque ele que está acostumado fazer isso com certeza pode ser o Lula ou a Uol 
Porque  a Uol sabe tudo antes de acontecer  o mas  o PT",QURTSl9pMzUwR3ZncEo5ajRNZ05Ldmk5UDZaS3VVMmJuYXdEZkVsQXBTVmJadkE2RXNSNUFoVDFjbmFFQW9iWERvS1NOWGtNTmJqQ3hIcw==,2023-06-08 14:52:39.978904
youtube#commentThread,hpmC-cdSFYbWUjESUMvnVQlGnmI,Ugxa0lJEWc1HqEU1Af54AaABAg,"{'videoId': 'zEfTDpfyt1o', 'topLevelComment': {'kind': 'youtube#comment', 'etag': 'kIBwVDTRcCNyxC8BWChIm78M58w', 'id': 'Ugxa0lJEWc1HqEU1Af54AaABAg', 'snippet': {'videoId': 'zEfTDpfyt1o', 'textDisplay': 'Infelizmente  certas atitudes tomada e justamente para desastabilizar  o povo e cada dia ficará em consequência dessas medidas autoritárias. medidas', 'textOriginal': 'Infelizmente  certas atitudes tomada e justamente para desastabilizar  o povo e cada dia ficará em consequência dessas medidas autoritárias. medidas', 'authorDisplayName': 'Dulcerene Santiago', 'authorProfileImageUrl': 'https://yt3.ggpht.com/ytc/AGIKgqMb0hc41w-Iv5kM5CQlSABqmf7FTbSAHM1jSA=s48-c-k-c0x00ffffff-no-rj', 'authorChannelUrl': 'http://www.youtube.com/channel/UCpe0Zv16A7owht0ShKiP4aQ', 'authorChannelId': {'value': 'UCpe0Zv16A7owht0ShKiP4aQ'}, 'canRate': True, 'viewerRating': 'none', 'likeCount': 1, 'publishedAt': '2022-10-23T22:59:32Z', 'updatedAt': '2022-10-23T22:59:32Z'}}, 'canReply': True, 'totalReplyCount': 0, 'isPublic': True}",,UCpe0Zv16A7owht0ShKiP4aQ,2022-10-23T22:59:32Z,Infelizmente  certas atitudes tomada e justamente para desastabilizar  o povo e cada dia ficará em consequência dessas medidas autoritárias. medidas,QURTSl9pMzUwR3ZncEo5ajRNZ05Ldmk5UDZaS3VVMmJuYXdEZkVsQXBTVmJadkE2RXNSNUFoVDFjbmFFQW9iWERvS1NOWGtNTmJqQ3hIcw==,2023-06-08 14:52:39.978904
youtube#commentThread,aI6wANFp7binyk8tSagpTzrkOWg,UgxwNWDWY3RHVc2Si3B4AaABAg,"{'videoId': 'zEfTDpfyt1o', 'topLevelComment': {'kind': 'youtube#comment', 'etag': 'uGUAE604LLNQXV6i2DwlPSqQxGk', 'id': 'UgxwNWDWY3RHVc2Si3B4AaABAg', 'snippet': {'videoId': 'zEfTDpfyt1o', 'textDisplay': 'A ministro Alexandre parece o demônio que solta o burro p causar desgraça no Brasil.', 'textOriginal': 'A ministro Alexandre parece o demônio que solta o burro p causar desgraça no Brasil.', 'authorDisplayName': 'Rimatla Rimatla', 'authorProfileImageUrl': 'https://yt3.ggpht.com/ytc/AGIKgqNzwFdmfNTY_UvvGHcU905k4cfl74Durx_A-g=s48-c-k-c0x00ffffff-no-rj', 'authorChannelUrl': 'http://www.youtube.com/channel/UCJ7f9R2_5NzR77LahL-8YJg', 'authorChannelId': {'value': 'UCJ7f9R2_5NzR77LahL-8YJg'}, 'canRate': True, 'viewerRating': 'none', 'likeCount': 0, 'publishedAt': '2022-10-23T22:59:20Z', 'updatedAt': '2022-10-23T23:08:38Z'}}, 'canReply': True, 'totalReplyCount': 0, 'isPublic': True}",,UCJ7f9R2_5NzR77LahL-8YJg,2022-10-23T22:59:20Z,A ministro Alexandre parece o demônio que solta o burro p causar desgraça no Brasil.,QURTSl9pMzUwR3ZncEo5ajRNZ05Ldmk5UDZaS3VVMmJuYXdEZkVsQXBTVmJadkE2RXNSNUFoVDFjbmFFQW9iWERvS1NOWGtNTmJqQ3hIcw==,2023-06-08 14:52:39.978904
youtube#commentThread,iQH-73k3LnlgjEjV-EPlLYTP3zI,UgxqrKaE1nqGwTOCpYV4AaABAg,"{'videoId': 'zEfTDpfyt1o', 'topLevelComment': {'kind': 'youtube#comment', 'etag': 'v-0WhjgSs_VhG3IJS8LbQlN1OCg', 'id': 'UgxqrKaE1nqGwTOCpYV4AaABAg', 'snippet': {'videoId': 'zEfTDpfyt1o', 'textDisplay': 'Jovem pan é uma vergonha pro Brasil', 'textOriginal': 'Jovem pan é uma vergonha pro Brasil', 'authorDisplayName': 'Antônio Morais', 'authorProfileImageUrl': 'https://yt3.ggpht.com/ytc/AGIKgqP6akAtnM8gJuAhD4QvgFguyPQzjzTwNl5MDN8QyuU=s48-c-k-c0x00ffffff-no-rj', 'authorChannelUrl': 'http://www.youtube.com/channel/UCb5Q0D47Rja4As-iCatJJUw', 'authorChannelId': {'value': 'UCb5Q0D47Rja4As-iCatJJUw'}, 'canRate': True, 'viewerRating': 'none', 'likeCount': 0, 'publishedAt': '2022-10-23T22:59:10Z', 'updatedAt': '2022-10-23T22:59:10Z'}}, 'canReply': True, 'totalReplyCount': 0, 'isPublic': True}",,UCb5Q0D47Rja4As-iCatJJUw,2022-10-23T22:59:10Z,Jovem pan é uma vergonha pro Brasil,QURTSl9pMzUwR3ZncEo5ajRNZ05Ldmk5UDZaS3VVMmJuYXdEZkVsQXBTVmJadkE2RXNSNUFoVDFjbmFFQW9iWERvS1NOWGtNTmJqQ3hIcw==,2023-06-08 14:52:39.978904
youtube#commentThread,jrYo-zFKVpNL-f4tBcmzLFFr51M,Ugxy15GN__37UiJc7w14AaABAg,"{'videoId': 'zEfTDpfyt1o', 'topLevelComment': {'kind': 'youtube#comment', 'etag': 'wQXh-ZrWAV84r1E9sf51RW4DDQg', 'id': 'Ugxy15GN__37UiJc7w14AaABAg', 'snippet': {'videoId': 'zEfTDpfyt1o', 'textDisplay': 'Bolsonaristas loucos do inferno.', 'textOriginal': 'Bolsonaristas loucos do inferno.', 'authorDisplayName': 'Carmen Nunes', 'authorProfileImageUrl': 'https://yt3.ggpht.com/bt5GfvR4rlCpgEBOvV98eXknfSpnDTfU121L4BkCQtvy2hNQHEWgFBbSltEe9K5sMDLJKMHKfgs=s48-c-k-c0x00ffffff-no-rj', 'authorChannelUrl': 'http://www.youtube.com/channel/UCMlRUMDTUpet_S8X1zegShA', 'authorChannelId': {'value': 'UCMlRUMDTUpet_S8X1zegShA'}, 'canRate': True, 'viewerRating': 'none', 'likeCount': 0, 'publishedAt': '2022-10-23T22:59:05Z', 'updatedAt': '2022-10-23T22:59:05Z'}}, 'canReply': True, 'totalReplyCount': 0, 'isPublic': True}",,UCMlRUMDTUpet_S8X1zegShA,2022-10-23T22:59:05Z,Bolsonaristas loucos do inferno.,QURTSl9pMzUwR3ZncEo5ajRNZ05Ldmk5UDZaS3VVMmJuYXdEZkVsQXBTVmJadkE2RXNSNUFoVDFjbmFFQW9iWERvS1NOWGtNTmJqQ3hIcw==,2023-06-08 14:52:39.978904
youtube#commentThread,t2R1OCXDopVxgR47o6V1KHzx-ZQ,Ugw6p5dAjFojww0nI714AaABAg,"{'videoId': 'zEfTDpfyt1o', 'topLevelComment': {'kind': 'youtube#comment', 'etag': '-lz4w6IzvbdzMjD_XgwYRVQkNKI', 'id': 'Ugw6p5dAjFojww0nI714AaABAg', 'snippet': {'videoId': 'zEfTDpfyt1o', 'textDisplay': 'Parabéns por atrapalharem a reeleição de Bolsonaro. Cambada...', 'textOriginal': 'Parabéns por atrapalharem a reeleição de Bolsonaro. Cambada...', 'authorDisplayName': 'Marcelle Laguardia', 'authorProfileImageUrl': 'https://yt3.ggpht.com/ytc/AGIKgqN5B6ghLtTcy-3OlPXzehliel-hOQdiy_QP_2FuOg=s48-c-k-c0x00ffffff-no-rj', 'authorChannelUrl': 'http://www.youtube.com/channel/UCAlHyHlpFP7j90VaRV08PAg', 'authorChannelId': {'value': 'UCAlHyHlpFP7j90VaRV08PAg'}, 'canRate': True, 'viewerRating': 'none', 'likeCount': 0, 'publishedAt': '2022-10-23T22:58:48Z', 'updatedAt': '2022-10-23T22:58:48Z'}}, 'canReply': True, 'totalReplyCount': 0, 'isPublic': True}",,UCAlHyHlpFP7j90VaRV08PAg,2022-10-23T22:58:48Z,Parabéns por atrapalharem a reeleição de Bolsonaro. Cambada...,QURTSl9pMzUwR3ZncEo5ajRNZ05Ldmk5UDZaS3VVMmJuYXdEZkVsQXBTVmJadkE2RXNSNUFoVDFjbmFFQW9iWERvS1NOWGtNTmJqQ3hIcw==,2023-06-08 14:52:39.978904
youtube#commentThread,SEjQkHqvbqf7T8EQZ1Ed9zeHRyQ,UgwmVdImKFesSwso1od4AaABAg,"{'videoId': 'zEfTDpfyt1o', 'topLevelComment': {'kind': 'youtube#comment', 'etag': 'heQQAw_8sJlX-RQDKNphI964I5E', 'id': 'UgwmVdImKFesSwso1od4AaABAg', 'snippet': {'videoId': 'zEfTDpfyt1o', 'textDisplay': 'Onde começou tudo isto?', 'textOriginal': 'Onde começou tudo isto?', 'authorDisplayName': 'Marcos Baschiera', 'authorProfileImageUrl': 'https://yt3.ggpht.com/ytc/AGIKgqM7ucXueC19z3C2CN0mKJRtuXyh_4esMGccM86S2sA=s48-c-k-c0x00ffffff-no-rj', 'authorChannelUrl': 'http://www.youtube.com/channel/UCmdtUIhH4MYpmTZVv95JG5g', 'authorChannelId': {'value': 'UCmdtUIhH4MYpmTZVv95JG5g'}, 'canRate': True, 'viewerRating': 'none', 'likeCount': 0, 'publishedAt': '2022-10-23T22:58:34Z', 'updatedAt': '2022-10-23T22:58:34Z'}}, 'canReply': True, 'totalReplyCount': 0, 'isPublic': True}",,UCmdtUIhH4MYpmTZVv95JG5g,2022-10-23T22:58:34Z,Onde começou tudo isto?,QURTSl9pMzUwR3ZncEo5ajRNZ05Ldmk5UDZaS3VVMmJuYXdEZkVsQXBTVmJadkE2RXNSNUFoVDFjbmFFQW9iWERvS1NOWGtNTmJqQ3hIcw==,2023-06-08 14:52:39.978904
youtube#commentThread,QbX6E1-wSZHJyjhhDCz0rrmN2sc,UgztcCeBwsvDHiIfRul4AaABAg,"{'videoId': 'zEfTDpfyt1o', 'topLevelComment': {'kind': 'youtube#comment', 'etag': '0V-aKticgbJSy_DQNoBwprbHdQk', 'id': 'UgztcCeBwsvDHiIfRul4AaABAg', 'snippet': {'videoId': 'zEfTDpfyt1o', 'textDisplay': 'A que ponto a Globo chegou, pondo seus jornalistas em perigo ao defender criminosos e doutrinação de criança nas escolas.  E ainda vai dizer que foi um bolsonarista.', 'textOriginal': 'A que ponto a Globo chegou, pondo seus jornalistas em perigo ao defender criminosos e doutrinação de criança nas escolas.  E ainda vai dizer que foi um bolsonarista.', 'authorDisplayName': 'Rimatla Rimatla', 'authorProfileImageUrl': 'https://yt3.ggpht.com/ytc/AGIKgqNzwFdmfNTY_UvvGHcU905k4cfl74Durx_A-g=s48-c-k-c0x00ffffff-no-rj', 'authorChannelUrl': 'http://www.youtube.com/channel/UCJ7f9R2_5NzR77LahL-8YJg', 'authorChannelId': {'value': 'UCJ7f9R2_5NzR77LahL-8YJg'}, 'canRate': True, 'viewerRating': 'none', 'likeCount': 0, 'publishedAt': '2022-10-23T22:58:26Z', 'updatedAt': '2022-10-23T23:06:28Z'}}, 'canReply': True, 'totalReplyCount': 0, 'isPublic': True}",,UCJ7f9R2_5NzR77LahL-8YJg,2022-10-23T22:58:26Z,"A que ponto a Globo chegou, pondo seus jornalistas em perigo ao defender criminosos e doutrinação de criança nas escolas.  E ainda vai dizer que foi um bolsonarista.",QURTSl9pMzUwR3ZncEo5ajRNZ05Ldmk5UDZaS3VVMmJuYXdEZkVsQXBTVmJadkE2RXNSNUFoVDFjbmFFQW9iWERvS1NOWGtNTmJqQ3hIcw==,2023-06-08 14:52:39.978904
youtube#commentThread,VYC7HX2T_Fs6Q4kDP-Kp8EUJ5AE,UgzGI3HH_k31lEL5G_Z4AaABAg,"{'videoId': 'zEfTDpfyt1o', 'topLevelComment': {'kind': 'youtube#comment', 'etag': 'FlBDWHARrfDOxWFiZhLCIxaj0Zg', 'id': 'UgzGI3HH_k31lEL5G_Z4AaABAg', 'snippet': {'videoId': 'zEfTDpfyt1o', 'textDisplay': 'CINEGRAFISA DA GLOBO ??? FOI POUCO, DEVERIA TER SIDO LINCHADO, COMO QUALQUER CÚMPLICE DA GLOBOLIXO, QUE É UM NINHO DE VAGABUNDOS E VAGABUNDAS, MARGINAIS, ESCÓRIAS DO JO0RNALISMO !!!', 'textOriginal': 'CINEGRAFISA DA GLOBO ??? FOI POUCO, DEVERIA TER SIDO LINCHADO, COMO QUALQUER CÚMPLICE DA GLOBOLIXO, QUE É UM NINHO DE VAGABUNDOS E VAGABUNDAS, MARGINAIS, ESCÓRIAS DO JO0RNALISMO !!!', 'authorDisplayName': 'Washington Vasconcellos', 'authorProfileImageUrl': 'https://yt3.ggpht.com/ytc/AGIKgqMPerswFiJ6u4avm80yKzhQQWf0irJLMP3IKw=s48-c-k-c0x00ffffff-no-rj', 'authorChannelUrl': 'http://www.youtube.com/channel/UC2Mzf0GO2fXaj4fjgzrbxMA', 'authorChannelId': {'value': 'UC2Mzf0GO2fXaj4fjgzrbxMA'}, 'canRate': True, 'viewerRating': 'none', 'likeCount': 0, 'publishedAt': '2022-10-23T22:58:12Z', 'updatedAt': '2022-10-23T22:58:12Z'}}, 'canReply': True, 'totalReplyCount': 0, 'isPublic': True}",,UC2Mzf0GO2fXaj4fjgzrbxMA,2022-10-23T22:58:12Z,"CINEGRAFISA DA GLOBO ??? FOI POUCO, DEVERIA TER SIDO LINCHADO, COMO QUALQUER CÚMPLICE DA GLOBOLIXO, QUE É UM NINHO DE VAGABUNDOS E VAGABUNDAS, MARGINAIS, ESCÓRIAS DO JO0RNALISMO !!!",QURTSl9pMzUwR3ZncEo5ajRNZ05Ldmk5UDZaS3VVMmJuYXdEZkVsQXBTVmJadkE2RXNSNUFoVDFjbmFFQW9iWERvS1NOWGtNTmJqQ3hIcw==,2023-06-08 14:52:39.978904
youtube#commentThread,n9Gqo8Cvw6KFFKQXQIGLCMtICW0,UgzXESoQHuzfxQerbGd4AaABAg,"{'videoId': 'zEfTDpfyt1o', 'topLevelComment': {'kind': 'youtube#comment', 'etag': 'xtuyBaACNrtuO5WrQDRQ6LmxzNY', 'id': 'UgzXESoQHuzfxQerbGd4AaABAg', 'snippet': {'videoId': 'zEfTDpfyt1o', 'textDisplay': 'Como pegar 7 dias de atestado kkkkkk', 'textOriginal': 'Como pegar 7 dias de atestado kkkkkk', 'authorDisplayName': 'Felipe Parente', 'authorProfileImageUrl': 'https://yt3.ggpht.com/ytc/AGIKgqMYu8Jlue5h93myPgymLa9cWyrcaMZVvy5mLQ=s48-c-k-c0x00ffffff-no-rj', 'authorChannelUrl': 'http://www.youtube.com/channel/UCB8TyFs4TowdFTi0FRRM_fQ', 'authorChannelId': {'value': 'UCB8TyFs4TowdFTi0FRRM_fQ'}, 'canRate': True, 'viewerRating': 'none', 'likeCount': 0, 'publishedAt': '2022-10-23T22:57:51Z', 'updatedAt': '2022-10-23T22:57:51Z'}}, 'canReply': True, 'totalReplyCount': 0, 'isPublic': True}",,UCB8TyFs4TowdFTi0FRRM_fQ,2022-10-23T22:57:51Z,Como pegar 7 dias de atestado kkkkkk,QURTSl9pMzUwR3ZncEo5ajRNZ05Ldmk5UDZaS3VVMmJuYXdEZkVsQXBTVmJadkE2RXNSNUFoVDFjbmFFQW9iWERvS1NOWGtNTmJqQ3hIcw==,2023-06-08 14:52:39.978904
youtube#commentThread,iIATGTI84zgDBnnRdHZLTp9LMig,Ugzh2Hs8LEBCefkEOol4AaABAg,"{'videoId': 'zEfTDpfyt1o', 'topLevelComment': {'kind': 'youtube#comment', 'etag': '-8osepEmxevDqywDgdpbGxRpuWA', 'id': 'Ugzh2Hs8LEBCefkEOol4AaABAg', 'snippet': {'videoId': 'zEfTDpfyt1o', 'textDisplay': 'Foi o Augusto Nunes de novo?', 'textOriginal': 'Foi o Augusto Nunes de novo?', 'authorDisplayName': 'Erik Martins', 'authorProfileImageUrl': 'https://yt3.ggpht.com/ytc/AGIKgqNihpsPXLKbRyECvyXpGkv9OXToU_qBHzaMkeNgqg=s48-c-k-c0x00ffffff-no-rj', 'authorChannelUrl': 'http://www.youtube.com/channel/UCr5wiX-pGSM7Nx_d2Vc1Vng', 'authorChannelId': {'value': 'UCr5wiX-pGSM7Nx_d2Vc1Vng'}, 'canRate': True, 'viewerRating': 'none', 'likeCount': 0, 'publishedAt': '2022-10-23T22:57:46Z', 'updatedAt': '2022-10-23T22:57:46Z'}}, 'canReply': True, 'totalReplyCount': 0, 'isPublic': True}",,UCr5wiX-pGSM7Nx_d2Vc1Vng,2022-10-23T22:57:46Z,Foi o Augusto Nunes de novo?,QURTSl9pMzUwR3ZncEo5ajRNZ05Ldmk5UDZaS3VVMmJuYXdEZkVsQXBTVmJadkE2RXNSNUFoVDFjbmFFQW9iWERvS1NOWGtNTmJqQ3hIcw==,2023-06-08 14:52:39.978904
youtube#commentThread,DD0E53v6vwndOJo-AsoRW8_3yTo,UgycTaqSIUNEb5og10B4AaABAg,"{'videoId': 'zEfTDpfyt1o', 'topLevelComment': {'kind': 'youtube#comment', 'etag': 'zDPeG9rrZ8HviJ4kE5eKwgM1xsE', 'id': 'UgycTaqSIUNEb5og10B4AaABAg', 'snippet': {'videoId': 'zEfTDpfyt1o', 'textDisplay': 'Por acaso a Rede Globo se mostrou solidária com a Censura q vcs da JPNWS estão sofrendo, vcs tmb estão trabalhando ou não??', 'textOriginal': 'Por acaso a Rede Globo se mostrou solidária com a Censura q vcs da JPNWS estão sofrendo, vcs tmb estão trabalhando ou não??', 'authorDisplayName': 'Lia Gutierrez', 'authorProfileImageUrl': 'https://yt3.ggpht.com/ytc/AGIKgqO5WC8Zpd5ZmkVl1NSN2J7gAf_go235De3ekA=s48-c-k-c0x00ffffff-no-rj', 'authorChannelUrl': 'http://www.youtube.com/channel/UCocUz7x1riDOvI7v4-G4iaw', 'authorChannelId': {'value': 'UCocUz7x1riDOvI7v4-G4iaw'}, 'canRate': True, 'viewerRating': 'none', 'likeCount': 0, 'publishedAt': '2022-10-23T22:57:46Z', 'updatedAt': '2022-10-23T22:57:46Z'}}, 'canReply': True, 'totalReplyCount': 0, 'isPublic': True}",,UCocUz7x1riDOvI7v4-G4iaw,2022-10-23T22:57:46Z,"Por acaso a Rede Globo se mostrou solidária com a Censura q vcs da JPNWS estão sofrendo, vcs tmb estão trabalhando ou não??",QURTSl9pMzUwR3ZncEo5ajRNZ05Ldmk5UDZaS3VVMmJuYXdEZkVsQXBTVmJadkE2RXNSNUFoVDFjbmFFQW9iWERvS1NOWGtNTmJqQ3hIcw==,2023-06-08 14:52:39.978904
youtube#commentThread,E8aH1BGipNTgDwJBPKZKxgbGNuA,UgyFgRojgo8k633DP8V4AaABAg,"{'videoId': 'zEfTDpfyt1o', 'topLevelComment': {'kind': 'youtube#comment', 'etag': 'm7dxbnZsZteKZoigFqDaecknq_4', 'id': 'UgyFgRojgo8k633DP8V4AaABAg', 'snippet': {'videoId': 'zEfTDpfyt1o', 'textDisplay': 'A JOVEM PASSA PANO, TEM MUITA RESPONSABILIDADE NISSO QUE ESTÁ ACONTECENDO.', 'textOriginal': 'A JOVEM PASSA PANO, TEM MUITA RESPONSABILIDADE NISSO QUE ESTÁ ACONTECENDO.', 'authorDisplayName': 'Domingos Luiz Da Silva', 'authorProfileImageUrl': 'https://yt3.ggpht.com/ytc/AGIKgqNi8rKsvxifEsoSA2fNwEybiIb3_NBHobXLWg=s48-c-k-c0x00ffffff-no-rj', 'authorChannelUrl': 'http://www.youtube.com/channel/UCRxaK0MOy1xpIeZjzjwCGLg', 'authorChannelId': {'value': 'UCRxaK0MOy1xpIeZjzjwCGLg'}, 'canRate': True, 'viewerRating': 'none', 'likeCount': 0, 'publishedAt': '2022-10-23T22:57:44Z', 'updatedAt': '2022-10-23T22:57:44Z'}}, 'canReply': True, 'totalReplyCount': 0, 'isPublic': True}",,UCRxaK0MOy1xpIeZjzjwCGLg,2022-10-23T22:57:44Z,"A JOVEM PASSA PANO, TEM MUITA RESPONSABILIDADE NISSO QUE ESTÁ ACONTECENDO.",QURTSl9pMzUwR3ZncEo5ajRNZ05Ldmk5UDZaS3VVMmJuYXdEZkVsQXBTVmJadkE2RXNSNUFoVDFjbmFFQW9iWERvS1NOWGtNTmJqQ3hIcw==,2023-06-08 14:52:39.978904
youtube#commentThread,-MUSRDnITNOagmmpKN2edkhZnOk,Ugyq5EW3ak1lqm6BwFp4AaABAg,"{'videoId': 'zEfTDpfyt1o', 'topLevelComment': {'kind': 'youtube#comment', 'etag': 'PfFPs0uQ_7I5oSV2cZHPB9myN10', 'id': 'Ugyq5EW3ak1lqm6BwFp4AaABAg', 'snippet': {'videoId': 'zEfTDpfyt1o', 'textDisplay': 'Lamentável, o acontecido', 'textOriginal': 'Lamentável, o acontecido', 'authorDisplayName': 'Luizita Agostini', 'authorProfileImageUrl': 'https://yt3.ggpht.com/ytc/AGIKgqN7FgeXNmb6IJUDtvflENtMPhGiqi1kYDbDjw=s48-c-k-c0x00ffffff-no-rj', 'authorChannelUrl': 'http://www.youtube.com/channel/UCIh9eetiLzQzs0YeTlhRHoQ', 'authorChannelId': {'value': 'UCIh9eetiLzQzs0YeTlhRHoQ'}, 'canRate': True, 'viewerRating': 'none', 'likeCount': 2, 'publishedAt': '2022-10-23T22:57:41Z', 'updatedAt': '2022-10-23T22:57:41Z'}}, 'canReply': True, 'totalReplyCount': 0, 'isPublic': True}",,UCIh9eetiLzQzs0YeTlhRHoQ,2022-10-23T22:57:41Z,"Lamentável, o acontecido",QURTSl9pMzUwR3ZncEo5ajRNZ05Ldmk5UDZaS3VVMmJuYXdEZkVsQXBTVmJadkE2RXNSNUFoVDFjbmFFQW9iWERvS1NOWGtNTmJqQ3hIcw==,2023-06-08 14:52:39.978904
youtube#commentThread,s4kXaay_wxHS7JFQpLGGBEKmlNk,Ugw09x0nlcdQ9LaSijh4AaABAg,"{'videoId': 'zEfTDpfyt1o', 'topLevelComment': {'kind': 'youtube#comment', 'etag': 'kUKgI05W_m24Hg8z3DXz1v_5F6s', 'id': 'Ugw09x0nlcdQ9LaSijh4AaABAg', 'snippet': {'videoId': 'zEfTDpfyt1o', 'textDisplay': 'Fico feliz com a postura coerente da JP ao, prontamente, se posicionar em defesa do direito deste colega, mesmo sendo de outra emissora. Parabéns!', 'textOriginal': 'Fico feliz com a postura coerente da JP ao, prontamente, se posicionar em defesa do direito deste colega, mesmo sendo de outra emissora. Parabéns!', 'authorDisplayName': 'Luciane Maria Vieira', 'authorProfileImageUrl': 'https://yt3.ggpht.com/ytc/AGIKgqN_nOBeTynOoxJbZUqsJ0X-U5769fe8x1xMfQ=s48-c-k-c0x00ffffff-no-rj', 'authorChannelUrl': 'http://www.youtube.com/channel/UCwZSNmbfwfe8jkdJYo7GW2w', 'authorChannelId': {'value': 'UCwZSNmbfwfe8jkdJYo7GW2w'}, 'canRate': True, 'viewerRating': 'none', 'likeCount': 21, 'publishedAt': '2022-10-23T22:57:14Z', 'updatedAt': '2022-10-23T22:57:14Z'}}, 'canReply': True, 'totalReplyCount': 2, 'isPublic': True}","{'comments': [{'kind': 'youtube#comment', 'etag': '0Iw2QWXO23INBmIG7jQE8wWN8t8', 'id': 'Ugw09x0nlcdQ9LaSijh4AaABAg.9hYEASZXuNJ9hl_iYlswzU', 'snippet': {'videoId': 'zEfTDpfyt1o', 'textDisplay': 'IMAGINA quantas morte vão ser imcomendada se esse MILICIANO BOZONARO ficar mais 4 anos ???? Agora e matar e apagar o vídeo igual o TARCÍSIO ordenou em São Paulo .... Ele já deixou claro que a PM de são Paulo não vai mais ter câmera pra gravar as operações e patrulhas ... Removeram o corpo do rapaz da cena do crime e agora estão fazendo uma operação apagar provas e daqui uns dias começa a queima de arquivos ... O cinegrafista que gravou tudo pediu demissão da jovem PUN e tá com medo do pessoal do Tarcísio matar ele a a mulher dele que vai ganhar nenê  mês que vem .... A família do rapaz que o pessoal do Tarcísio matou está comendo de ser morta também', 'textOriginal': 'IMAGINA quantas morte vão ser imcomendada se esse MILICIANO BOZONARO ficar mais 4 anos ???? Agora e matar e apagar o vídeo igual o TARCÍSIO ordenou em São Paulo .... Ele já deixou claro que a PM de são Paulo não vai mais ter câmera pra gravar as operações e patrulhas ... Removeram o corpo do rapaz da cena do crime e agora estão fazendo uma operação apagar provas e daqui uns dias começa a queima de arquivos ... O cinegrafista que gravou tudo pediu demissão da jovem PUN e tá com medo do pessoal do Tarcísio matar ele a a mulher dele que vai ganhar nenê  mês que vem .... A família do rapaz que o pessoal do Tarcísio matou está comendo de ser morta também', 'parentId': 'Ugw09x0nlcdQ9LaSijh4AaABAg', 'authorDisplayName': 'luiz mello', 'authorProfileImageUrl': 'https://yt3.ggpht.com/ytc/AGIKgqM2hh67XeEhuc2eb90wQuZNRPnmXzS1URISz19M=s48-c-k-c0x00ffffff-no-rj', 'authorChannelUrl': 'http://www.youtube.com/channel/UCjNF9YFP_tY5lTVk1leykgg', 'authorChannelId': {'value': 'UCjNF9YFP_tY5lTVk1leykgg'}, 'canRate': True, 'viewerRating': 'none', 'likeCount': 0, 'publishedAt': '2022-10-29T12:43:38Z', 'updatedAt': '2022-10-29T12:43:38Z'}}, {'kind': 'youtube#comment', 'etag': 'mwJHbfnzVmgos-TdgLludGzOGHk', 'id': 'Ugw09x0nlcdQ9LaSijh4AaABAg.9hYEASZXuNJ9hYLjv0u19R', 'snippet': {'videoId': 'zEfTDpfyt1o', 'textDisplay': 'Sim', 'textOriginal': 'Sim', 'parentId': 'Ugw09x0nlcdQ9LaSijh4AaABAg', 'authorDisplayName': 'Marcos Silva', 'authorProfileImageUrl': 'https://yt3.ggpht.com/ytc/AGIKgqOukbvFZZXC-Ix-JrbvBsQ57PNtS8joDOPaRA=s48-c-k-c0x00ffffff-no-rj', 'authorChannelUrl': 'http://www.youtube.com/channel/UCnggFoi7NwqqPsgCCx6ESgA', 'authorChannelId': {'value': 'UCnggFoi7NwqqPsgCCx6ESgA'}, 'canRate': True, 'viewerRating': 'none', 'likeCount': 0, 'publishedAt': '2022-10-24T00:03:23Z', 'updatedAt': '2022-10-24T00:03:23Z'}}]}",UCwZSNmbfwfe8jkdJYo7GW2w,2022-10-23T22:57:14Z,"Fico feliz com a postura coerente da JP ao, prontamente, se posicionar em defesa do direito deste colega, mesmo sendo de outra emissora. Parabéns!",QURTSl9pMzUwR3ZncEo5ajRNZ05Ldmk5UDZaS3VVMmJuYXdEZkVsQXBTVmJadkE2RXNSNUFoVDFjbmFFQW9iWERvS1NOWGtNTmJqQ3hIcw==,2023-06-08 14:52:39.978904
youtube#commentThread,-ay-FWbBMMeU1h0O692eyr7fmjk,UgxReisk8JxibBLEHhJ4AaABAg,"{'videoId': 'zEfTDpfyt1o', 'topLevelComment': {'kind': 'youtube#comment', 'etag': 'HpToli2lnjvJ3ztgkB3-Z_TMgKM', 'id': 'UgxReisk8JxibBLEHhJ4AaABAg', 'snippet': {'videoId': 'zEfTDpfyt1o', 'textDisplay': 'Tem sempre um inconsequente que põe tudo a perder nessa hora. Que que o cara tinha que agredir um profissional que está simplesmente trabalhando?', 'textOriginal': 'Tem sempre um inconsequente que põe tudo a perder nessa hora. Que que o cara tinha que agredir um profissional que está simplesmente trabalhando?', 'authorDisplayName': 'Junior Reis', 'authorProfileImageUrl': 'https://yt3.ggpht.com/ytc/AGIKgqPB-1CVkCEx0zHcxmLjRIPbzagwgCF_ivAiQ1H_=s48-c-k-c0x00ffffff-no-rj', 'authorChannelUrl': 'http://www.youtube.com/channel/UCdxlj0Tjk3JLYI0E7euwwDw', 'authorChannelId': {'value': 'UCdxlj0Tjk3JLYI0E7euwwDw'}, 'canRate': True, 'viewerRating': 'none', 'likeCount': 0, 'publishedAt': '2022-10-23T22:57:03Z', 'updatedAt': '2022-10-23T22:57:03Z'}}, 'canReply': True, 'totalReplyCount': 0, 'isPublic': True}",,UCdxlj0Tjk3JLYI0E7euwwDw,2022-10-23T22:57:03Z,Tem sempre um inconsequente que põe tudo a perder nessa hora. Que que o cara tinha que agredir um profissional que está simplesmente trabalhando?,QURTSl9pMzUwR3ZncEo5ajRNZ05Ldmk5UDZaS3VVMmJuYXdEZkVsQXBTVmJadkE2RXNSNUFoVDFjbmFFQW9iWERvS1NOWGtNTmJqQ3hIcw==,2023-06-08 14:52:39.978904
youtube#commentThread,XERm5fWNR8yXq5IEXZnXtEpbOJg,Ugxo55pm_5S95JNOCfV4AaABAg,"{'videoId': 'zEfTDpfyt1o', 'topLevelComment': {'kind': 'youtube#comment', 'etag': 'HmSDojiSYfVIZS4G6cDLjFAgfoQ', 'id': 'Ugxo55pm_5S95JNOCfV4AaABAg', 'snippet': {'videoId': 'zEfTDpfyt1o', 'textDisplay': 'Dia 30de outubro vamos acabar com ese pesadelo e', 'textOriginal': 'Dia 30de outubro vamos acabar com ese pesadelo e', 'authorDisplayName': 'Mineiro divulgaçao divulgaçao', 'authorProfileImageUrl': 'https://yt3.ggpht.com/Qji8mJVWZqFoNPiNOckcbxYKtIJT-uEGdLskGF5aMHwwF86bH_GTFZ9EJBb4u7ist3zp7JYzJA=s48-c-k-c0x00ffffff-no-rj', 'authorChannelUrl': 'http://www.youtube.com/channel/UCBXMEX066il9VtI62QchVJQ', 'authorChannelId': {'value': 'UCBXMEX066il9VtI62QchVJQ'}, 'canRate': True, 'viewerRating': 'none', 'likeCount': 0, 'publishedAt': '2022-10-23T22:56:54Z', 'updatedAt': '2022-10-23T22:56:54Z'}}, 'canReply': True, 'totalReplyCount': 0, 'isPublic': True}",,UCBXMEX066il9VtI62QchVJQ,2022-10-23T22:56:54Z,Dia 30de outubro vamos acabar com ese pesadelo e,QURTSl9pMzUwR3ZncEo5ajRNZ05Ldmk5UDZaS3VVMmJuYXdEZkVsQXBTVmJadkE2RXNSNUFoVDFjbmFFQW9iWERvS1NOWGtNTmJqQ3hIcw==,2023-06-08 14:52:39.978904
youtube#commentThread,d7nReLleqaE0fJSE7FwsKddPuQk,Ugyoo1Ti_gypmKCxzNV4AaABAg,"{'videoId': 'zEfTDpfyt1o', 'topLevelComment': {'kind': 'youtube#comment', 'etag': 'pr7cZBxj-vzY94ptiS1CAGSzxfQ', 'id': 'Ugyoo1Ti_gypmKCxzNV4AaABAg', 'snippet': {'videoId': 'zEfTDpfyt1o', 'textDisplay': 'Hahahah &quot;repúdio&quot; tudo safado igual ao cara que empurrou o cinegrafista.', 'textOriginal': 'Hahahah ""repúdio"" tudo safado igual ao cara que empurrou o cinegrafista.', 'authorDisplayName': 'Silvio Barros', 'authorProfileImageUrl': 'https://yt3.ggpht.com/CSKoriXfZ0rBZqjayq9bNNtmoHb0N_awJt6km9YY5odFILsVjbtdX_cUt3qbON8INuOPCZbwUQ=s48-c-k-c0x00ffffff-no-rj', 'authorChannelUrl': 'http://www.youtube.com/channel/UCDVwKWLRA_FDL6c4IGGUHGw', 'authorChannelId': {'value': 'UCDVwKWLRA_FDL6c4IGGUHGw'}, 'canRate': True, 'viewerRating': 'none', 'likeCount': 0, 'publishedAt': '2022-10-23T22:56:49Z', 'updatedAt': '2022-10-23T22:56:49Z'}}, 'canReply': True, 'totalReplyCount': 0, 'isPublic': True}",,UCDVwKWLRA_FDL6c4IGGUHGw,2022-10-23T22:56:49Z,"Hahahah ""repúdio"" tudo safado igual ao cara que empurrou o cinegrafista.",QURTSl9pMzUwR3ZncEo5ajRNZ05Ldmk5UDZaS3VVMmJuYXdEZkVsQXBTVmJadkE2RXNSNUFoVDFjbmFFQW9iWERvS1NOWGtNTmJqQ3hIcw==,2023-06-08 14:52:39.978904
youtube#commentThread,pG3_MFnXGhIbSVmJ6-zRPnFUR_A,Ugzu3IAtZRrA2I3-cVF4AaABAg,"{'videoId': 'zEfTDpfyt1o', 'topLevelComment': {'kind': 'youtube#comment', 'etag': '3MkoKfd5z5aQosLuTon7b7j7XLQ', 'id': 'Ugzu3IAtZRrA2I3-cVF4AaABAg', 'snippet': {'videoId': 'zEfTDpfyt1o', 'textDisplay': 'A ministra Carmem Lúcia disse que a censura prévia ia ser remédio ou veneno.  Não se justifica agressão ao repórter,  mas a censura é venenosa.', 'textOriginal': 'A ministra Carmem Lúcia disse que a censura prévia ia ser remédio ou veneno.  Não se justifica agressão ao repórter,  mas a censura é venenosa.', 'authorDisplayName': 'Uirlei', 'authorProfileImageUrl': 'https://yt3.ggpht.com/bYkjFAaCd11bV_g1_W6F3spZ23NRjxzAb7SQFOVAkLd8s9HlNMVtYm74LxXu5-Dics7D6xdb8g=s48-c-k-c0x00ffffff-no-rj', 'authorChannelUrl': 'http://www.youtube.com/channel/UCCC_C-FDaGqPhJ8ubq1wSww', 'authorChannelId': {'value': 'UCCC_C-FDaGqPhJ8ubq1wSww'}, 'canRate': True, 'viewerRating': 'none', 'likeCount': 0, 'publishedAt': '2022-10-23T22:56:42Z', 'updatedAt': '2022-10-23T22:56:42Z'}}, 'canReply': True, 'totalReplyCount': 0, 'isPublic': True}",,UCCC_C-FDaGqPhJ8ubq1wSww,2022-10-23T22:56:42Z,"A ministra Carmem Lúcia disse que a censura prévia ia ser remédio ou veneno.  Não se justifica agressão ao repórter,  mas a censura é venenosa.",QURTSl9pMzUwR3ZncEo5ajRNZ05Ldmk5UDZaS3VVMmJuYXdEZkVsQXBTVmJadkE2RXNSNUFoVDFjbmFFQW9iWERvS1NOWGtNTmJqQ3hIcw==,2023-06-08 14:52:39.978904
youtube#commentThread,yobEA9y50fEcJ_4nP5zeoMJZDDw,Ugwo9ZLA2QslPv51HyZ4AaABAg,"{'videoId': 'zEfTDpfyt1o', 'topLevelComment': {'kind': 'youtube#comment', 'etag': 'stUlE6qVHknVesYUfjs_l239TlU', 'id': 'Ugwo9ZLA2QslPv51HyZ4AaABAg', 'snippet': {'videoId': 'zEfTDpfyt1o', 'textDisplay': 'GUANDO A JUSTIÇA FALLHA VEMOS ESSES ABSURDO STF ABUSARAM DANDO PENAS INCONSTITUCIONAL ESSES MINISTROS DEICHARAM DE SER MINISTROS PARA SEREM PUCHADINHOS POLÍTICOS', 'textOriginal': 'GUANDO A JUSTIÇA FALLHA VEMOS ESSES ABSURDO STF ABUSARAM DANDO PENAS INCONSTITUCIONAL ESSES MINISTROS DEICHARAM DE SER MINISTROS PARA SEREM PUCHADINHOS POLÍTICOS', 'authorDisplayName': 'EMILAINE FLAVIA', 'authorProfileImageUrl': 'https://yt3.ggpht.com/ytc/AGIKgqOMhPR_in3qcQVFncdnzWkefZlMcRXzIPpgc_5cUI1HAIooE3jhrPR5AmzfvYyI=s48-c-k-c0x00ffffff-no-rj', 'authorChannelUrl': 'http://www.youtube.com/channel/UCzg4aQ3smtcevp2oVQ1aCQg', 'authorChannelId': {'value': 'UCzg4aQ3smtcevp2oVQ1aCQg'}, 'canRate': True, 'viewerRating': 'none', 'likeCount': 0, 'publishedAt': '2022-10-23T22:56:40Z', 'updatedAt': '2022-10-23T22:56:40Z'}}, 'canReply': True, 'totalReplyCount': 0, 'isPublic': True}",,UCzg4aQ3smtcevp2oVQ1aCQg,2022-10-23T22:56:40Z,GUANDO A JUSTIÇA FALLHA VEMOS ESSES ABSURDO STF ABUSARAM DANDO PENAS INCONSTITUCIONAL ESSES MINISTROS DEICHARAM DE SER MINISTROS PARA SEREM PUCHADINHOS POLÍTICOS,QURTSl9pMzUwR3ZncEo5ajRNZ05Ldmk5UDZaS3VVMmJuYXdEZkVsQXBTVmJadkE2RXNSNUFoVDFjbmFFQW9iWERvS1NOWGtNTmJqQ3hIcw==,2023-06-08 14:52:39.978904
youtube#commentThread,Hq6m9Q-_x2HrKOq1V-C-5pX1nKc,Ugy9AOW3jK2h5Pxzxxx4AaABAg,"{'videoId': 'zEfTDpfyt1o', 'topLevelComment': {'kind': 'youtube#comment', 'etag': 'IrHX-Jp0M7twxU0SkPDHEfG5-Ng', 'id': 'Ugy9AOW3jK2h5Pxzxxx4AaABAg', 'snippet': {'videoId': 'zEfTDpfyt1o', 'textDisplay': 'EB tome as dependencias institucionais para garantir que ocorra as eleições livres', 'textOriginal': 'EB tome as dependencias institucionais para garantir que ocorra as eleições livres', 'authorDisplayName': 'Ricardo Ferraz da cunha', 'authorProfileImageUrl': 'https://yt3.ggpht.com/ytc/AGIKgqNo7mhk8JBVBNp1k84SF4umQEFXZb5r9_7tXnn1dnDQAMr962GFF9W1hqeuKUt0=s48-c-k-c0x00ffffff-no-rj', 'authorChannelUrl': 'http://www.youtube.com/channel/UCinqSsWi4_FItJtlMlBqlkg', 'authorChannelId': {'value': 'UCinqSsWi4_FItJtlMlBqlkg'}, 'canRate': True, 'viewerRating': 'none', 'likeCount': 0, 'publishedAt': '2022-10-23T22:56:40Z', 'updatedAt': '2022-10-23T22:56:40Z'}}, 'canReply': True, 'totalReplyCount': 0, 'isPublic': True}",,UCinqSsWi4_FItJtlMlBqlkg,2022-10-23T22:56:40Z,EB tome as dependencias institucionais para garantir que ocorra as eleições livres,QURTSl9pMzUwR3ZncEo5ajRNZ05Ldmk5UDZaS3VVMmJuYXdEZkVsQXBTVmJadkE2RXNSNUFoVDFjbmFFQW9iWERvS1NOWGtNTmJqQ3hIcw==,2023-06-08 14:52:39.978904
youtube#commentThread,y1gadUHa20j9HApkAu8TViM5Alk,UgzM2y9NTjtsxW2twDh4AaABAg,"{'videoId': 'zEfTDpfyt1o', 'topLevelComment': {'kind': 'youtube#comment', 'etag': 'eNPR4iunDMoVknBkvDpzaqebGFg', 'id': 'UgzM2y9NTjtsxW2twDh4AaABAg', 'snippet': {'videoId': 'zEfTDpfyt1o', 'textDisplay': 'ESTÁ ESTRANHO ISTO! pode ser PETISTAS DISFARÇADOS PARA CRIAR TUMULTO para alimentar a imprensa suja!', 'textOriginal': 'ESTÁ ESTRANHO ISTO! pode ser PETISTAS DISFARÇADOS PARA CRIAR TUMULTO para alimentar a imprensa suja!', 'authorDisplayName': 'Uriel Smart Play', 'authorProfileImageUrl': 'https://yt3.ggpht.com/ytc/AGIKgqOVt1v9BHJu_lfVhyIIQsCDIr8-ySAuUVzf9x_s=s48-c-k-c0x00ffffff-no-rj', 'authorChannelUrl': 'http://www.youtube.com/channel/UCR-XrDJesSEBXofWIBtVxig', 'authorChannelId': {'value': 'UCR-XrDJesSEBXofWIBtVxig'}, 'canRate': True, 'viewerRating': 'none', 'likeCount': 0, 'publishedAt': '2022-10-23T22:56:28Z', 'updatedAt': '2022-10-23T22:56:28Z'}}, 'canReply': True, 'totalReplyCount': 0, 'isPublic': True}",,UCR-XrDJesSEBXofWIBtVxig,2022-10-23T22:56:28Z,ESTÁ ESTRANHO ISTO! pode ser PETISTAS DISFARÇADOS PARA CRIAR TUMULTO para alimentar a imprensa suja!,QURTSl9pMzUwR3ZncEo5ajRNZ05Ldmk5UDZaS3VVMmJuYXdEZkVsQXBTVmJadkE2RXNSNUFoVDFjbmFFQW9iWERvS1NOWGtNTmJqQ3hIcw==,2023-06-08 14:52:39.978904
youtube#commentThread,P4bXe8RfgL3F4v47h9k39fWDCLs,UgyfsTmNX6-FgnqG9n94AaABAg,"{'videoId': 'zEfTDpfyt1o', 'topLevelComment': {'kind': 'youtube#comment', 'etag': 'AoWu1jXk_FV-Qv6-fHmZxHVoa04', 'id': 'UgyfsTmNX6-FgnqG9n94AaABAg', 'snippet': {'videoId': 'zEfTDpfyt1o', 'textDisplay': 'QUEM FEZ ISSO TEM QUE SER IDENTIFICADO E PROCESSADO!!', 'textOriginal': 'QUEM FEZ ISSO TEM QUE SER IDENTIFICADO E PROCESSADO!!', 'authorDisplayName': 'Isabel Aparecida', 'authorProfileImageUrl': 'https://yt3.ggpht.com/ytc/AGIKgqNxNNT3KGq0vSQBjTpLuQTJv-MCRuS1jBT8Cw=s48-c-k-c0x00ffffff-no-rj', 'authorChannelUrl': 'http://www.youtube.com/channel/UCrXbjbtbApybEonGX_gnCpA', 'authorChannelId': {'value': 'UCrXbjbtbApybEonGX_gnCpA'}, 'canRate': True, 'viewerRating': 'none', 'likeCount': 2, 'publishedAt': '2022-10-23T22:56:27Z', 'updatedAt': '2022-10-23T22:56:27Z'}}, 'canReply': True, 'totalReplyCount': 1, 'isPublic': True}","{'comments': [{'kind': 'youtube#comment', 'etag': 'HvG-E7xIP5CiruNCtUecy3tjv-A', 'id': 'UgyfsTmNX6-FgnqG9n94AaABAg.9hYE4ivr1bJ9hYXlQhy2Lh', 'snippet': {'videoId': 'zEfTDpfyt1o', 'textDisplay': 'ISSO O QUE???', 'textOriginal': 'ISSO O QUE???', 'parentId': 'UgyfsTmNX6-FgnqG9n94AaABAg', 'authorDisplayName': 'Tiburcio Nascimento', 'authorProfileImageUrl': 'https://yt3.ggpht.com/ytc/AGIKgqPYJ16XbloZp1nRif2q9UiINjE9b3aLcJFllVpYZmGF8L32gAvFuJ_fm0H5T6oa=s48-c-k-c0x00ffffff-no-rj', 'authorChannelUrl': 'http://www.youtube.com/channel/UCOpVT2WBtvOTmNgRgNreY3Q', 'authorChannelId': {'value': 'UCOpVT2WBtvOTmNgRgNreY3Q'}, 'canRate': True, 'viewerRating': 'none', 'likeCount': 0, 'publishedAt': '2022-10-24T01:48:26Z', 'updatedAt': '2022-10-24T01:48:26Z'}}]}",UCrXbjbtbApybEonGX_gnCpA,2022-10-23T22:56:27Z,QUEM FEZ ISSO TEM QUE SER IDENTIFICADO E PROCESSADO!!,QURTSl9pMzUwR3ZncEo5ajRNZ05Ldmk5UDZaS3VVMmJuYXdEZkVsQXBTVmJadkE2RXNSNUFoVDFjbmFFQW9iWERvS1NOWGtNTmJqQ3hIcw==,2023-06-08 14:52:39.978904
youtube#commentThread,xBZfaQ87toxFoqyh629fvPtZWHQ,UgyiGhTMw8rbTX5s7M54AaABAg,"{'videoId': 'zEfTDpfyt1o', 'topLevelComment': {'kind': 'youtube#comment', 'etag': 'ht_kEVedIdTFaSVdAkWQOvDBW94', 'id': 'UgyiGhTMw8rbTX5s7M54AaABAg', 'snippet': {'videoId': 'zEfTDpfyt1o', 'textDisplay': 'O culpado é o urubus de toga ! Já estava em prisão domiciliar.', 'textOriginal': 'O culpado é o urubus de toga ! Já estava em prisão domiciliar.', 'authorDisplayName': 'Suzy sonia Rosa', 'authorProfileImageUrl': 'https://yt3.ggpht.com/ytc/AGIKgqMcjJSYT0FeqLY4BWKweqmtLzMZpLGKUcelLA=s48-c-k-c0x00ffffff-no-rj', 'authorChannelUrl': 'http://www.youtube.com/channel/UCHRooLArUTJURNWJo-MCCHA', 'authorChannelId': {'value': 'UCHRooLArUTJURNWJo-MCCHA'}, 'canRate': True, 'viewerRating': 'none', 'likeCount': 0, 'publishedAt': '2022-10-23T22:56:05Z', 'updatedAt': '2022-10-23T22:56:05Z'}}, 'canReply': True, 'totalReplyCount': 0, 'isPublic': True}",,UCHRooLArUTJURNWJo-MCCHA,2022-10-23T22:56:05Z,O culpado é o urubus de toga ! Já estava em prisão domiciliar.,QURTSl9pMzUwR3ZncEo5ajRNZ05Ldmk5UDZaS3VVMmJuYXdEZkVsQXBTVmJadkE2RXNSNUFoVDFjbmFFQW9iWERvS1NOWGtNTmJqQ3hIcw==,2023-06-08 14:52:39.978904
youtube#commentThread,w0zlvw04-NH9t6qnd138tuNeXo8,UgyoAfGJ9-QqA5hCCV94AaABAg,"{'videoId': 'zEfTDpfyt1o', 'topLevelComment': {'kind': 'youtube#comment', 'etag': 'W-ALogyZShgbq7OX9O7XfclxNnc', 'id': 'UgyoAfGJ9-QqA5hCCV94AaABAg', 'snippet': {'videoId': 'zEfTDpfyt1o', 'textDisplay': 'OS JONALISTAS SO VAZEM IMAGENS ,E RELATOS DA HORAS ,MAS OS REDATORES FILHOS DA P E CULPADOS DESSA RESISTENCIA DA POPULAÇAO', 'textOriginal': 'OS JONALISTAS SO VAZEM IMAGENS ,E RELATOS DA HORAS ,MAS OS REDATORES FILHOS DA P E CULPADOS DESSA RESISTENCIA DA POPULAÇAO', 'authorDisplayName': 'odair aguimar', 'authorProfileImageUrl': 'https://yt3.ggpht.com/ytc/AGIKgqMWvMOZqrK8dpCk5XLRzoGti_2Kh-ztu3_52z06=s48-c-k-c0x00ffffff-no-rj', 'authorChannelUrl': 'http://www.youtube.com/channel/UChPJmjxwNQBByJKUXLMs9QA', 'authorChannelId': {'value': 'UChPJmjxwNQBByJKUXLMs9QA'}, 'canRate': True, 'viewerRating': 'none', 'likeCount': 0, 'publishedAt': '2022-10-23T22:55:58Z', 'updatedAt': '2022-10-23T22:55:58Z'}}, 'canReply': True, 'totalReplyCount': 0, 'isPublic': True}",,UChPJmjxwNQBByJKUXLMs9QA,2022-10-23T22:55:58Z,"OS JONALISTAS SO VAZEM IMAGENS ,E RELATOS DA HORAS ,MAS OS REDATORES FILHOS DA P E CULPADOS DESSA RESISTENCIA DA POPULAÇAO",QURTSl9pMzUwR3ZncEo5ajRNZ05Ldmk5UDZaS3VVMmJuYXdEZkVsQXBTVmJadkE2RXNSNUFoVDFjbmFFQW9iWERvS1NOWGtNTmJqQ3hIcw==,2023-06-08 14:52:39.978904
youtube#commentThread,EokHlPwbr4VjvBq8LmTsgALR4OY,Ugwe54fZC5ddOmR48Sl4AaABAg,"{'videoId': 'zEfTDpfyt1o', 'topLevelComment': {'kind': 'youtube#comment', 'etag': '4I-uBON-YOwHHZ4Gyhtsz99r1IM', 'id': 'Ugwe54fZC5ddOmR48Sl4AaABAg', 'snippet': {'videoId': 'zEfTDpfyt1o', 'textDisplay': 'Se não pararem com a injustiça,o Brasil entrará em caos! A justiça é cega ,mas ultimamente ela está soberba! O Brasil está se tornando vergonha internacional !', 'textOriginal': 'Se não pararem com a injustiça,o Brasil entrará em caos! A justiça é cega ,mas ultimamente ela está soberba! O Brasil está se tornando vergonha internacional !', 'authorDisplayName': 'Almerinda Rocha', 'authorProfileImageUrl': 'https://yt3.ggpht.com/ytc/AGIKgqOsC0s9BkBEyrJcM_qf3alJMFUbQqe5ou4nsw=s48-c-k-c0x00ffffff-no-rj', 'authorChannelUrl': 'http://www.youtube.com/channel/UCXohCvg-5WXbrZzan518QmA', 'authorChannelId': {'value': 'UCXohCvg-5WXbrZzan518QmA'}, 'canRate': True, 'viewerRating': 'none', 'likeCount': 213, 'publishedAt': '2022-10-23T22:55:51Z', 'updatedAt': '2022-10-23T22:55:51Z'}}, 'canReply': True, 'totalReplyCount': 40, 'isPublic': True}","{'comments': [{'kind': 'youtube#comment', 'etag': 'iO1rWFIQ_oQdfn_xMVH1V9zTEzg', 'id': 'Ugwe54fZC5ddOmR48Sl4AaABAg.9hYE0NIJUoV9hbMIpI8dNM', 'snippet': {'videoId': 'zEfTDpfyt1o', 'textDisplay': '@Wilson Perez Temos um congresso que é o segundo mais caro do mundo, além de 5 bilhões para fundo partidário, com o PARLAMENTARISMO haveria uma economia de 50 bilhões anual, a ser empregado na saúde, educação, segurança e infra estrutura.', 'textOriginal': '@Wilson Perez Temos um congresso que é o segundo mais caro do mundo, além de 5 bilhões para fundo partidário, com o PARLAMENTARISMO haveria uma economia de 50 bilhões anual, a ser empregado na saúde, educação, segurança e infra estrutura.', 'parentId': 'Ugwe54fZC5ddOmR48Sl4AaABAg', 'authorDisplayName': 'Alberto Silva', 'authorProfileImageUrl': 'https://yt3.ggpht.com/ytc/AGIKgqONGURnt2jTvtcyn2sPTP8axK2xletocUfLDcYqRQ=s48-c-k-c0x00ffffff-no-rj', 'authorChannelUrl': 'http://www.youtube.com/channel/UCsV2wmC9NXxEo4HfhYIse_Q', 'authorChannelId': {'value': 'UCsV2wmC9NXxEo4HfhYIse_Q'}, 'canRate': True, 'viewerRating': 'none', 'likeCount': 0, 'publishedAt': '2022-10-25T13:25:14Z', 'updatedAt': '2022-10-25T13:25:14Z'}}, {'kind': 'youtube#comment', 'etag': 'aHza3-70XOPAJ1sh3ZfrXMi1TuE', 'id': 'Ugwe54fZC5ddOmR48Sl4AaABAg.9hYE0NIJUoV9hbKc8nFbQF', 'snippet': {'videoId': 'zEfTDpfyt1o', 'textDisplay': '@Alberto Silva concordo que precisamos de mudança nas eleições e mudar para o parlamentarismo ou o semipresidencialismo, rever o pacto federativo; enfim, uma reforma eleitoral e política.', 'textOriginal': '@Alberto Silva concordo que precisamos de mudança nas eleições e mudar para o parlamentarismo ou o semipresidencialismo, rever o pacto federativo; enfim, uma reforma eleitoral e política.', 'parentId': 'Ugwe54fZC5ddOmR48Sl4AaABAg', 'authorDisplayName': 'Wilson Perez', 'authorProfileImageUrl': 'https://yt3.ggpht.com/ytc/AGIKgqO9NfXnCGdPFdE0UFyKE4kppUko7ZDKEqE1YMGWvQ=s48-c-k-c0x00ffffff-no-rj', 'authorChannelUrl': 'http://www.youtube.com/channel/UCKzzCa1oEaHCZd1TqxIJu1g', 'authorChannelId': {'value': 'UCKzzCa1oEaHCZd1TqxIJu1g'}, 'canRate': True, 'viewerRating': 'none', 'likeCount': 1, 'publishedAt': '2022-10-25T13:10:32Z', 'updatedAt': '2022-10-25T13:10:32Z'}}, {'kind': 'youtube#comment', 'etag': 'j-hbWf0vQfzikF04Y1RIktr8zSM', 'id': 'Ugwe54fZC5ddOmR48Sl4AaABAg.9hYE0NIJUoV9hbIqS5RU_z', 'snippet': {'videoId': 'zEfTDpfyt1o', 'textDisplay': '@Wilson Perez Creio que de já o brasileiro tem que pensar no PARLAMENTARISMO, esse sistema presidencialista já provou que é falido, temos um legislativo corrupto, que só funciona na base do toma lá dá cá, isso com qualquer presidente que entrar, vai ser assim, e esse câncer já se espalhou nas assembléias legislativas e nas câmaras municipais. O próprio sistema eleitoral, não tem vez o mais votado pelo povo, e sim pelo peso do partido.', 'textOriginal': '@Wilson Perez Creio que de já o brasileiro tem que pensar no PARLAMENTARISMO, esse sistema presidencialista já provou que é falido, temos um legislativo corrupto, que só funciona na base do toma lá dá cá, isso com qualquer presidente que entrar, vai ser assim, e esse câncer já se espalhou nas assembléias legislativas e nas câmaras municipais. O próprio sistema eleitoral, não tem vez o mais votado pelo povo, e sim pelo peso do partido.', 'parentId': 'Ugwe54fZC5ddOmR48Sl4AaABAg', 'authorDisplayName': 'Alberto Silva', 'authorProfileImageUrl': 'https://yt3.ggpht.com/ytc/AGIKgqONGURnt2jTvtcyn2sPTP8axK2xletocUfLDcYqRQ=s48-c-k-c0x00ffffff-no-rj', 'authorChannelUrl': 'http://www.youtube.com/channel/UCsV2wmC9NXxEo4HfhYIse_Q', 'authorChannelId': {'value': 'UCsV2wmC9NXxEo4HfhYIse_Q'}, 'canRate': True, 'viewerRating': 'none', 'likeCount': 0, 'publishedAt': '2022-10-25T12:55:01Z', 'updatedAt': '2022-10-25T12:55:01Z'}}, {'kind': 'youtube#comment', 'etag': 'DelHjLz_LVa9attt5HOic6K08S8', 'id': 'Ugwe54fZC5ddOmR48Sl4AaABAg.9hYE0NIJUoV9hbH1IWWFBd', 'snippet': {'videoId': 'zEfTDpfyt1o', 'textDisplay': 'Incitação à violência dá nisso! Paz, ordem e progresso! Bolsonaro e seis aliados só dão mais voto ao PT. Precisamos de um candidato respeitador da lei e da ordem para derrotar o PT.', 'textOriginal': 'Incitação à violência dá nisso! Paz, ordem e progresso! Bolsonaro e seis aliados só dão mais voto ao PT. Precisamos de um candidato respeitador da lei e da ordem para derrotar o PT.', 'parentId': 'Ugwe54fZC5ddOmR48Sl4AaABAg', 'authorDisplayName': 'Wilson Perez', 'authorProfileImageUrl': 'https://yt3.ggpht.com/ytc/AGIKgqO9NfXnCGdPFdE0UFyKE4kppUko7ZDKEqE1YMGWvQ=s48-c-k-c0x00ffffff-no-rj', 'authorChannelUrl': 'http://www.youtube.com/channel/UCKzzCa1oEaHCZd1TqxIJu1g', 'authorChannelId': {'value': 'UCKzzCa1oEaHCZd1TqxIJu1g'}, 'canRate': True, 'viewerRating': 'none', 'likeCount': 0, 'publishedAt': '2022-10-25T12:39:09Z', 'updatedAt': '2022-10-25T12:39:09Z'}}, {'kind': 'youtube#comment', 'etag': 'BBK0mhdE_PPMCipPvJvHii9S7lo', 'id': 'Ugwe54fZC5ddOmR48Sl4AaABAg.9hYE0NIJUoV9haxCnoNYAq', 'snippet': {'videoId': 'zEfTDpfyt1o', 'textDisplay': '@Mary Madeleine Mattos Meire Chora gado, melhor já ir se conformando.', 'textOriginal': '@Mary Madeleine Mattos Meire Chora gado, melhor já ir se conformando.', 'parentId': 'Ugwe54fZC5ddOmR48Sl4AaABAg', 'authorDisplayName': 'Alberto Silva', 'authorProfileImageUrl': 'https://yt3.ggpht.com/ytc/AGIKgqONGURnt2jTvtcyn2sPTP8axK2xletocUfLDcYqRQ=s48-c-k-c0x00ffffff-no-rj', 'authorChannelUrl': 'http://www.youtube.com/channel/UCsV2wmC9NXxEo4HfhYIse_Q', 'authorChannelId': {'value': 'UCsV2wmC9NXxEo4HfhYIse_Q'}, 'canRate': True, 'viewerRating': 'none', 'likeCount': 0, 'publishedAt': '2022-10-25T09:37:14Z', 'updatedAt': '2022-10-25T09:37:14Z'}}]}",UCXohCvg-5WXbrZzan518QmA,2022-10-23T22:55:51Z,"Se não pararem com a injustiça,o Brasil entrará em caos! A justiça é cega ,mas ultimamente ela está soberba! O Brasil está se tornando vergonha internacional !",QURTSl9pMzUwR3ZncEo5ajRNZ05Ldmk5UDZaS3VVMmJuYXdEZkVsQXBTVmJadkE2RXNSNUFoVDFjbmFFQW9iWERvS1NOWGtNTmJqQ3hIcw==,2023-06-08 14:52:39.978904
youtube#commentThread,9oNDlBzx0BE9seUWZCAk5_qSipE,UgxNTcoYxKFn4dQ3TfV4AaABAg,"{'videoId': 'zEfTDpfyt1o', 'topLevelComment': {'kind': 'youtube#comment', 'etag': 'sOl_d3Dzncsfwhp5wIN_rVcwzdQ', 'id': 'UgxNTcoYxKFn4dQ3TfV4AaABAg', 'snippet': {'videoId': 'zEfTDpfyt1o', 'textDisplay': 'A censura contribuiu com tudo isso... Jornalistas, policiais não pode ser agredido, todos tem que respeitar uns os outros. Calma para nosso povo, Deus na causa de cada um.', 'textOriginal': 'A censura contribuiu com tudo isso... Jornalistas, policiais não pode ser agredido, todos tem que respeitar uns os outros. Calma para nosso povo, Deus na causa de cada um.', 'authorDisplayName': 'Mariazinha Ploger', 'authorProfileImageUrl': 'https://yt3.ggpht.com/ytc/AGIKgqO4N1JosMhvoxiqkMe59bT2M9lwSmE_PejA0t3oUifN0-rFD6HU5shVE_Hvppyf=s48-c-k-c0x00ffffff-no-rj', 'authorChannelUrl': 'http://www.youtube.com/channel/UCday1KPYdds7izbYwzUnIug', 'authorChannelId': {'value': 'UCday1KPYdds7izbYwzUnIug'}, 'canRate': True, 'viewerRating': 'none', 'likeCount': 0, 'publishedAt': '2022-10-23T22:55:36Z', 'updatedAt': '2022-10-23T22:55:36Z'}}, 'canReply': True, 'totalReplyCount': 1, 'isPublic': True}","{'comments': [{'kind': 'youtube#comment', 'etag': 'KrSETQ-fpwPVOjIH29znERHTeUY', 'id': 'UgxNTcoYxKFn4dQ3TfV4AaABAg.9hYDzXCC3Ul9hYmY3Zpo6d', 'snippet': {'videoId': 'zEfTDpfyt1o', 'textDisplay': 'Só vale agressão oficial, então??? Autorizada por um títere do Consórcio???', 'textOriginal': 'Só vale agressão oficial, então??? Autorizada por um títere do Consórcio???', 'parentId': 'UgxNTcoYxKFn4dQ3TfV4AaABAg', 'authorDisplayName': 'Tiburcio Nascimento', 'authorProfileImageUrl': 'https://yt3.ggpht.com/ytc/AGIKgqPYJ16XbloZp1nRif2q9UiINjE9b3aLcJFllVpYZmGF8L32gAvFuJ_fm0H5T6oa=s48-c-k-c0x00ffffff-no-rj', 'authorChannelUrl': 'http://www.youtube.com/channel/UCOpVT2WBtvOTmNgRgNreY3Q', 'authorChannelId': {'value': 'UCOpVT2WBtvOTmNgRgNreY3Q'}, 'canRate': True, 'viewerRating': 'none', 'likeCount': 0, 'publishedAt': '2022-10-24T04:06:17Z', 'updatedAt': '2022-10-24T04:06:17Z'}}]}",UCday1KPYdds7izbYwzUnIug,2022-10-23T22:55:36Z,"A censura contribuiu com tudo isso... Jornalistas, policiais não pode ser agredido, todos tem que respeitar uns os outros. Calma para nosso povo, Deus na causa de cada um.",QURTSl9pMzUwR3ZncEo5ajRNZ05Ldmk5UDZaS3VVMmJuYXdEZkVsQXBTVmJadkE2RXNSNUFoVDFjbmFFQW9iWERvS1NOWGtNTmJqQ3hIcw==,2023-06-08 14:52:39.978904
youtube#commentThread,a7VKv-Sn4moSw3mqOhXhhddcMuw,UgzqciV40MESljLPo8J4AaABAg,"{'videoId': 'zEfTDpfyt1o', 'topLevelComment': {'kind': 'youtube#comment', 'etag': 'ATbQ-Cfqrex65CV2kqvejuE1Z6Q', 'id': 'UgzqciV40MESljLPo8J4AaABAg', 'snippet': {'videoId': 'zEfTDpfyt1o', 'textDisplay': 'Roberto Jefferson, sempre querendo atenção para si a qualquer preço.<br>Fazendo esse vexame todo.', 'textOriginal': 'Roberto Jefferson, sempre querendo atenção para si a qualquer preço.\\nFazendo esse vexame todo.', 'authorDisplayName': 'Mari Cruz', 'authorProfileImageUrl': 'https://yt3.ggpht.com/ytc/AGIKgqPijQw8uzcJ3E5bDS1mSb9aGBvzJ2EtOYchAgjE0A=s48-c-k-c0x00ffffff-no-rj', 'authorChannelUrl': 'http://www.youtube.com/channel/UCxv4wkJckdjVK7slo9IdT2w', 'authorChannelId': {'value': 'UCxv4wkJckdjVK7slo9IdT2w'}, 'canRate': True, 'viewerRating': 'none', 'likeCount': 0, 'publishedAt': '2022-10-23T22:55:36Z', 'updatedAt': '2022-10-23T22:55:36Z'}}, 'canReply': True, 'totalReplyCount': 0, 'isPublic': True}",,UCxv4wkJckdjVK7slo9IdT2w,2022-10-23T22:55:36Z,"Roberto Jefferson, sempre querendo atenção para si a qualquer preço.
Fazendo esse vexame todo.",QURTSl9pMzUwR3ZncEo5ajRNZ05Ldmk5UDZaS3VVMmJuYXdEZkVsQXBTVmJadkE2RXNSNUFoVDFjbmFFQW9iWERvS1NOWGtNTmJqQ3hIcw==,2023-06-08 14:52:39.978904
youtube#commentThread,1A-IW_Sz5pr15Z-_mhS0mpimZ5Q,UgwyrG4p02koecx5TLd4AaABAg,"{'videoId': 'zEfTDpfyt1o', 'topLevelComment': {'kind': 'youtube#comment', 'etag': 'xA_TStUtEH7AW6u1jRvxOBubVg0', 'id': 'UgwyrG4p02koecx5TLd4AaABAg', 'snippet': {'videoId': 'zEfTDpfyt1o', 'textDisplay': 'Não se pode agir com violência, sim mostrar indignação com diálogo.', 'textOriginal': 'Não se pode agir com violência, sim mostrar indignação com diálogo.', 'authorDisplayName': 'Jefferson Dias', 'authorProfileImageUrl': 'https://yt3.ggpht.com/ytc/AGIKgqP65n9HbM78ciSrfhUfYT51BCtA_kYAg1G90MlV355WSpx8OjtByb6DD2_mxbjI=s48-c-k-c0x00ffffff-no-rj', 'authorChannelUrl': 'http://www.youtube.com/channel/UCrVK6x0Y3s_hNgf0kCjObQA', 'authorChannelId': {'value': 'UCrVK6x0Y3s_hNgf0kCjObQA'}, 'canRate': True, 'viewerRating': 'none', 'likeCount': 0, 'publishedAt': '2022-10-23T22:55:35Z', 'updatedAt': '2022-10-23T22:55:35Z'}}, 'canReply': True, 'totalReplyCount': 0, 'isPublic': True}",,UCrVK6x0Y3s_hNgf0kCjObQA,2022-10-23T22:55:35Z,"Não se pode agir com violência, sim mostrar indignação com diálogo.",QURTSl9pMzUwR3ZncEo5ajRNZ05Ldmk5UDZaS3VVMmJuYXdEZkVsQXBTVmJadkE2RXNSNUFoVDFjbmFFQW9iWERvS1NOWGtNTmJqQ3hIcw==,2023-06-08 14:52:39.978904
youtube#commentThread,z7pG3_snYK-jgeydNYKciHKNA_w,UgyVoTO9S64bMY8Sc6h4AaABAg,"{'videoId': 'zEfTDpfyt1o', 'topLevelComment': {'kind': 'youtube#comment', 'etag': '6E2qONDdHi86EsQGxZoEAcULTpU', 'id': 'UgyVoTO9S64bMY8Sc6h4AaABAg', 'snippet': {'videoId': 'zEfTDpfyt1o', 'textDisplay': 'Gente não podemos ser comparados com petitas.gente PF mantenham os ânimos oq eles querem é isso. Lamentável <a href=""http://www.youtube.com/results?search_query=%23n%C3%A3o"">#não</a>-violência .', 'textOriginal': 'Gente não podemos ser comparados com petitas.gente PF mantenham os ânimos oq eles querem é isso. Lamentável #não-violência .', 'authorDisplayName': 'Rodrigo pereira', 'authorProfileImageUrl': 'https://yt3.ggpht.com/11uoCNcBnYPOH_5F6SLtr4oNNTlztfpMp1_-s00wmWeYmyry1IfDG_i-SzEiVF2d7O1x5SLQvA=s48-c-k-c0x00ffffff-no-rj', 'authorChannelUrl': 'http://www.youtube.com/channel/UCS6UVw2PDEujyAai5CxZ-Lg', 'authorChannelId': {'value': 'UCS6UVw2PDEujyAai5CxZ-Lg'}, 'canRate': True, 'viewerRating': 'none', 'likeCount': 5, 'publishedAt': '2022-10-23T22:55:33Z', 'updatedAt': '2022-10-23T22:55:33Z'}}, 'canReply': True, 'totalReplyCount': 0, 'isPublic': True}",,UCS6UVw2PDEujyAai5CxZ-Lg,2022-10-23T22:55:33Z,Gente não podemos ser comparados com petitas.gente PF mantenham os ânimos oq eles querem é isso. Lamentável #não-violência .,QURTSl9pMzUwR3ZncEo5ajRNZ05Ldmk5UDZaS3VVMmJuYXdEZkVsQXBTVmJadkE2RXNSNUFoVDFjbmFFQW9iWERvS1NOWGtNTmJqQ3hIcw==,2023-06-08 14:52:39.978904
youtube#commentThread,il412QPQtG_jhetRRDEhO0_YsOc,Ugw_AE977tgBYXPKayh4AaABAg,"{'videoId': 'zEfTDpfyt1o', 'topLevelComment': {'kind': 'youtube#comment', 'etag': 'KNFvcB7lcrk3lDMcT-1nFuwibD8', 'id': 'Ugw_AE977tgBYXPKayh4AaABAg', 'snippet': {'videoId': 'zEfTDpfyt1o', 'textDisplay': 'Bolsonaro com certeza 22', 'textOriginal': 'Bolsonaro com certeza 22', 'authorDisplayName': 'Sergio Cunha', 'authorProfileImageUrl': 'https://yt3.ggpht.com/ytc/AGIKgqNq-IwZ-a9DLSQ6a6RhQYAv4HujDk6iFPjmeQ=s48-c-k-c0x00ffffff-no-rj', 'authorChannelUrl': 'http://www.youtube.com/channel/UCmOL-K_k71rH5azgTVjJBew', 'authorChannelId': {'value': 'UCmOL-K_k71rH5azgTVjJBew'}, 'canRate': True, 'viewerRating': 'none', 'likeCount': 0, 'publishedAt': '2022-10-23T22:55:26Z', 'updatedAt': '2022-10-23T22:55:26Z'}}, 'canReply': True, 'totalReplyCount': 0, 'isPublic': True}",,UCmOL-K_k71rH5azgTVjJBew,2022-10-23T22:55:26Z,Bolsonaro com certeza 22,QURTSl9pMzUwR3ZncEo5ajRNZ05Ldmk5UDZaS3VVMmJuYXdEZkVsQXBTVmJadkE2RXNSNUFoVDFjbmFFQW9iWERvS1NOWGtNTmJqQ3hIcw==,2023-06-08 14:52:39.978904
youtube#commentThread,j3MFr2lcpWFwfjTstooTfV4TeK8,Ugw0VwCcI0gkvFYjV1V4AaABAg,"{'videoId': 'zEfTDpfyt1o', 'topLevelComment': {'kind': 'youtube#comment', 'etag': 'n5-4j72qnm_bpabOlpX-sniUw9s', 'id': 'Ugw0VwCcI0gkvFYjV1V4AaABAg', 'snippet': {'videoId': 'zEfTDpfyt1o', 'textDisplay': 'Lamentável!', 'textOriginal': 'Lamentável!', 'authorDisplayName': 'Ferreira', 'authorProfileImageUrl': 'https://yt3.ggpht.com/ytc/AGIKgqP1AOZrDupclRZzHfbcO9HsXvFPS29RgrSYn1i-=s48-c-k-c0x00ffffff-no-rj', 'authorChannelUrl': 'http://www.youtube.com/channel/UCEuhD_Qt7QKn1bP__AxAH3w', 'authorChannelId': {'value': 'UCEuhD_Qt7QKn1bP__AxAH3w'}, 'canRate': True, 'viewerRating': 'none', 'likeCount': 0, 'publishedAt': '2022-10-23T22:55:23Z', 'updatedAt': '2022-10-23T22:55:23Z'}}, 'canReply': True, 'totalReplyCount': 0, 'isPublic': True}",,UCEuhD_Qt7QKn1bP__AxAH3w,2022-10-23T22:55:23Z,Lamentável!,QURTSl9pMzUwR3ZncEo5ajRNZ05Ldmk5UDZaS3VVMmJuYXdEZkVsQXBTVmJadkE2RXNSNUFoVDFjbmFFQW9iWERvS1NOWGtNTmJqQ3hIcw==,2023-06-08 14:52:39.978904
youtube#commentThread,_X0K6ussTGOoM7J33uIEaSVP0_E,Ugysm1QkExiPSmDItlV4AaABAg,"{'videoId': 'zEfTDpfyt1o', 'topLevelComment': {'kind': 'youtube#comment', 'etag': 'mDuhaYtsRBJ0IldNefgkS8SneyI', 'id': 'Ugysm1QkExiPSmDItlV4AaABAg', 'snippet': {'videoId': 'zEfTDpfyt1o', 'textDisplay': 'Verdade ato totalmente  desnecessário  e repudiado.', 'textOriginal': 'Verdade ato totalmente  desnecessário  e repudiado.', 'authorDisplayName': 'Pedro Tavares', 'authorProfileImageUrl': 'https://yt3.ggpht.com/ytc/AGIKgqN6fuIu1xaTC93IcMDIrgDg-aYpLurkg-KQ-g=s48-c-k-c0x00ffffff-no-rj', 'authorChannelUrl': 'http://www.youtube.com/channel/UCZ8SzXg0lUT5zJBzyYki-Ng', 'authorChannelId': {'value': 'UCZ8SzXg0lUT5zJBzyYki-Ng'}, 'canRate': True, 'viewerRating': 'none', 'likeCount': 0, 'publishedAt': '2022-10-23T22:55:22Z', 'updatedAt': '2022-10-23T22:55:22Z'}}, 'canReply': True, 'totalReplyCount': 0, 'isPublic': True}",,UCZ8SzXg0lUT5zJBzyYki-Ng,2022-10-23T22:55:22Z,Verdade ato totalmente  desnecessário  e repudiado.,QURTSl9pMzUwR3ZncEo5ajRNZ05Ldmk5UDZaS3VVMmJuYXdEZkVsQXBTVmJadkE2RXNSNUFoVDFjbmFFQW9iWERvS1NOWGtNTmJqQ3hIcw==,2023-06-08 14:52:39.978904
youtube#commentThread,SZHUR21OLqZWCzFJNLL0ktFmr2Y,UgxwwdpdewVKt11tiw94AaABAg,"{'videoId': 'zEfTDpfyt1o', 'topLevelComment': {'kind': 'youtube#comment', 'etag': 'nM1OaZrrmmOzpKxbWxH-AUQE71I', 'id': 'UgxwwdpdewVKt11tiw94AaABAg', 'snippet': {'videoId': 'zEfTDpfyt1o', 'textDisplay': 'Creio que não se justifica esta violência contra esse homem, mas nesse momento onde a injustiça impera contra a maior parte da sociedade, comandada pela mais alta corte do país, onde grande parte da mídia vem colaborando com toda essa injustiça e intimidação há tempos(pandemia, fakes, pesquisas, defendendo criminosos ao invés da polícia e cidadãos, etc)não é de se admirar que em algum momento a população se revolte, creio que está demorando até demais.  Que o Eterno abençoe e proteja o nosso Brasil.', 'textOriginal': 'Creio que não se justifica esta violência contra esse homem, mas nesse momento onde a injustiça impera contra a maior parte da sociedade, comandada pela mais alta corte do país, onde grande parte da mídia vem colaborando com toda essa injustiça e intimidação há tempos(pandemia, fakes, pesquisas, defendendo criminosos ao invés da polícia e cidadãos, etc)não é de se admirar que em algum momento a população se revolte, creio que está demorando até demais.  Que o Eterno abençoe e proteja o nosso Brasil.', 'authorDisplayName': 'Anderson Fagundes', 'authorProfileImageUrl': 'https://yt3.ggpht.com/JN6IhqXaSc3ePjw7qu-V5gaQ50mlL03M0-H2ZYxXf3ouXMh0bBntRNd5ICTdbXxvUAjl4dw4HQ=s48-c-k-c0x00ffffff-no-rj', 'authorChannelUrl': 'http://www.youtube.com/channel/UCCS-z84f57eLodtwKjA6r4A', 'authorChannelId': {'value': 'UCCS-z84f57eLodtwKjA6r4A'}, 'canRate': True, 'viewerRating': 'none', 'likeCount': 1, 'publishedAt': '2022-10-23T22:55:21Z', 'updatedAt': '2022-10-23T22:55:21Z'}}, 'canReply': True, 'totalReplyCount': 0, 'isPublic': True}",,UCCS-z84f57eLodtwKjA6r4A,2022-10-23T22:55:21Z,"Creio que não se justifica esta violência contra esse homem, mas nesse momento onde a injustiça impera contra a maior parte da sociedade, comandada pela mais alta corte do país, onde grande parte da mídia vem colaborando com toda essa injustiça e intimidação há tempos(pandemia, fakes, pesquisas, defendendo criminosos ao invés da polícia e cidadãos, etc)não é de se admirar que em algum momento a população se revolte, creio que está demorando até demais.  Que o Eterno abençoe e proteja o nosso Brasil.",QURTSl9pMzUwR3ZncEo5ajRNZ05Ldmk5UDZaS3VVMmJuYXdEZkVsQXBTVmJadkE2RXNSNUFoVDFjbmFFQW9iWERvS1NOWGtNTmJqQ3hIcw==,2023-06-08 14:52:39.978904
youtube#commentThread,3nzTyTiQf3Wk5UGaHSyqaeIWu7s,UgwdGzPCLPoMQ_1bIpl4AaABAg,"{'videoId': 'zEfTDpfyt1o', 'topLevelComment': {'kind': 'youtube#comment', 'etag': 'DRL3Td79SVLr1IrFwF2Ye9OFTvs', 'id': 'UgwdGzPCLPoMQ_1bIpl4AaABAg', 'snippet': {'videoId': 'zEfTDpfyt1o', 'textDisplay': 'Pois Zé; A população em sua maioria! Está sentindo-se, agredida pelos poderes, que passa em plena luz do dia agindo de forma covarde: Contra qualquer um, que contrária as suas formas de agir ou pensar! E tbm por esta falsa imprensa, que a maioria deixou de ser informantes,e sim tomam partidos como verdadeiros militantes, que  manipulam as notícias, e está desestabilizando Alguns: Estamos em meio a tantos desmandos, que acaba cooperando, para certas atitudes violentas! Sou contra qualquer tipo de violência! A falta de vergonha,esta escrachada pra todos verem!', 'textOriginal': 'Pois Zé; A população em sua maioria! Está sentindo-se, agredida pelos poderes, que passa em plena luz do dia agindo de forma covarde: Contra qualquer um, que contrária as suas formas de agir ou pensar! E tbm por esta falsa imprensa, que a maioria deixou de ser informantes,e sim tomam partidos como verdadeiros militantes, que  manipulam as notícias, e está desestabilizando Alguns: Estamos em meio a tantos desmandos, que acaba cooperando, para certas atitudes violentas! Sou contra qualquer tipo de violência! A falta de vergonha,esta escrachada pra todos verem!', 'authorDisplayName': 'Osvaldo Xavier', 'authorProfileImageUrl': 'https://yt3.ggpht.com/ytc/AGIKgqP4m21hRQh9dDkRxAqlnpyM1FyvPdUNrMS5Q5VRPxRB2D7JrW-cvUF8AqyNzp2O=s48-c-k-c0x00ffffff-no-rj', 'authorChannelUrl': 'http://www.youtube.com/channel/UCRCna25-e5EWQ-W9nQq_YsA', 'authorChannelId': {'value': 'UCRCna25-e5EWQ-W9nQq_YsA'}, 'canRate': True, 'viewerRating': 'none', 'likeCount': 0, 'publishedAt': '2022-10-23T22:55:09Z', 'updatedAt': '2022-10-23T22:55:09Z'}}, 'canReply': True, 'totalReplyCount': 0, 'isPublic': True}",,UCRCna25-e5EWQ-W9nQq_YsA,2022-10-23T22:55:09Z,"Pois Zé; A população em sua maioria! Está sentindo-se, agredida pelos poderes, que passa em plena luz do dia agindo de forma covarde: Contra qualquer um, que contrária as suas formas de agir ou pensar! E tbm por esta falsa imprensa, que a maioria deixou de ser informantes,e sim tomam partidos como verdadeiros militantes, que  manipulam as notícias, e está desestabilizando Alguns: Estamos em meio a tantos desmandos, que acaba cooperando, para certas atitudes violentas! Sou contra qualquer tipo de violência! A falta de vergonha,esta escrachada pra todos verem!",QURTSl9pMzUwR3ZncEo5ajRNZ05Ldmk5UDZaS3VVMmJuYXdEZkVsQXBTVmJadkE2RXNSNUFoVDFjbmFFQW9iWERvS1NOWGtNTmJqQ3hIcw==,2023-06-08 14:52:39.978904
youtube#commentThread,odYpkPfyG3MFP0PoNfaWIMqCNBQ,Ugw2WQ-NAs0ZDwp9JP14AaABAg,"{'videoId': 'zEfTDpfyt1o', 'topLevelComment': {'kind': 'youtube#comment', 'etag': 'ArdwZkDxSE03hl1eqBo8KDB3rvc', 'id': 'Ugw2WQ-NAs0ZDwp9JP14AaABAg', 'snippet': {'videoId': 'zEfTDpfyt1o', 'textDisplay': 'Sou um ferrenho apoiador de Bolsonaro. Mesmo sendo candidato a reeleição ele e presidente. Está sendo omisso, parece que está se acovardando diante do STF, as forças armadas não podem fazer nada enquanto Bolsonaro estiver omisso. Espero muito que o presidente não deixe o povo brasileiro na mão 😔', 'textOriginal': 'Sou um ferrenho apoiador de Bolsonaro. Mesmo sendo candidato a reeleição ele e presidente. Está sendo omisso, parece que está se acovardando diante do STF, as forças armadas não podem fazer nada enquanto Bolsonaro estiver omisso. Espero muito que o presidente não deixe o povo brasileiro na mão 😔', 'authorDisplayName': 'PATRIOTA 🇧🇷', 'authorProfileImageUrl': 'https://yt3.ggpht.com/XGuTQjLEGFGAhu6fA0TNQ78xEDrKLDzbwpKBS8NgrIsjY6YHSlyjSqlaS-XnnEeYOeFjXBUusBs=s48-c-k-c0x00ffffff-no-rj', 'authorChannelUrl': 'http://www.youtube.com/channel/UC24-Dg9QRQZ8uXGoZmlstQg', 'authorChannelId': {'value': 'UC24-Dg9QRQZ8uXGoZmlstQg'}, 'canRate': True, 'viewerRating': 'none', 'likeCount': 0, 'publishedAt': '2022-10-23T22:55:03Z', 'updatedAt': '2022-10-23T22:55:03Z'}}, 'canReply': True, 'totalReplyCount': 0, 'isPublic': True}",,UC24-Dg9QRQZ8uXGoZmlstQg,2022-10-23T22:55:03Z,"Sou um ferrenho apoiador de Bolsonaro. Mesmo sendo candidato a reeleição ele e presidente. Está sendo omisso, parece que está se acovardando diante do STF, as forças armadas não podem fazer nada enquanto Bolsonaro estiver omisso. Espero muito que o presidente não deixe o povo brasileiro na mão 😔",QURTSl9pMzUwR3ZncEo5ajRNZ05Ldmk5UDZaS3VVMmJuYXdEZkVsQXBTVmJadkE2RXNSNUFoVDFjbmFFQW9iWERvS1NOWGtNTmJqQ3hIcw==,2023-06-08 14:52:39.978904
youtube#commentThread,tVndGR3nQoB6Rhi_S0GXvxhWjRU,UgztINpBInj0MTdK7194AaABAg,"{'videoId': 'zEfTDpfyt1o', 'topLevelComment': {'kind': 'youtube#comment', 'etag': '3TYIjPoZGAaQwRw10n1m7TTzWTU', 'id': 'UgztINpBInj0MTdK7194AaABAg', 'snippet': {'videoId': 'zEfTDpfyt1o', 'textDisplay': 'Meu Deus as pessoas estão enlouquecendo 😔😔', 'textOriginal': 'Meu Deus as pessoas estão enlouquecendo 😔😔', 'authorDisplayName': 'Eliane Costa', 'authorProfileImageUrl': 'https://yt3.ggpht.com/ytc/AGIKgqPYjaMBnTr_xVgxM6Loz5NI3B1KYboUjb93TB5i=s48-c-k-c0x00ffffff-no-rj', 'authorChannelUrl': 'http://www.youtube.com/channel/UCigbGMt1f3juVzavCZn9EPw', 'authorChannelId': {'value': 'UCigbGMt1f3juVzavCZn9EPw'}, 'canRate': True, 'viewerRating': 'none', 'likeCount': 3, 'publishedAt': '2022-10-23T22:54:45Z', 'updatedAt': '2022-10-23T22:54:45Z'}}, 'canReply': True, 'totalReplyCount': 0, 'isPublic': True}",,UCigbGMt1f3juVzavCZn9EPw,2022-10-23T22:54:45Z,Meu Deus as pessoas estão enlouquecendo 😔😔,QURTSl9pMzUwR3ZncEo5ajRNZ05Ldmk5UDZaS3VVMmJuYXdEZkVsQXBTVmJadkE2RXNSNUFoVDFjbmFFQW9iWERvS1NOWGtNTmJqQ3hIcw==,2023-06-08 14:52:39.978904
youtube#commentThread,P9jcGOmTlTurxj3KXwBwfCp_rV4,UgzHtemXwLLjkbNAoAF4AaABAg,"{'videoId': 'zEfTDpfyt1o', 'topLevelComment': {'kind': 'youtube#comment', 'etag': '5LOUtNZBAkvFmBWxMnlXyLoR9EE', 'id': 'UgzHtemXwLLjkbNAoAF4AaABAg', 'snippet': {'videoId': 'zEfTDpfyt1o', 'textDisplay': 'Agradecemos o senhor ministro Alexandre de Moraes por todo esses tumultos, e violências', 'textOriginal': 'Agradecemos o senhor ministro Alexandre de Moraes por todo esses tumultos, e violências', 'authorDisplayName': 'Maze Xavier', 'authorProfileImageUrl': 'https://yt3.ggpht.com/ytc/AGIKgqPS4eLxCsIEpaQipJWj9fIt-802F1bFLfaoR1FHo-Q=s48-c-k-c0x00ffffff-no-rj', 'authorChannelUrl': 'http://www.youtube.com/channel/UCTuUe60POsUzrpkNmhJknkQ', 'authorChannelId': {'value': 'UCTuUe60POsUzrpkNmhJknkQ'}, 'canRate': True, 'viewerRating': 'none', 'likeCount': 1, 'publishedAt': '2022-10-23T22:54:41Z', 'updatedAt': '2022-10-23T22:54:41Z'}}, 'canReply': True, 'totalReplyCount': 0, 'isPublic': True}",,UCTuUe60POsUzrpkNmhJknkQ,2022-10-23T22:54:41Z,"Agradecemos o senhor ministro Alexandre de Moraes por todo esses tumultos, e violências",QURTSl9pMzUwR3ZncEo5ajRNZ05Ldmk5UDZaS3VVMmJuYXdEZkVsQXBTVmJadkE2RXNSNUFoVDFjbmFFQW9iWERvS1NOWGtNTmJqQ3hIcw==,2023-06-08 14:52:39.978904
youtube#commentThread,arH0OT4RlzHnkh_dO_xZ8vzXyks,UgyVKdsJNSvySqPVI2V4AaABAg,"{'videoId': 'zEfTDpfyt1o', 'topLevelComment': {'kind': 'youtube#comment', 'etag': 'jnB5q6vuC9UUTQG_yDNJL92jSK4', 'id': 'UgyVKdsJNSvySqPVI2V4AaABAg', 'snippet': {'videoId': 'zEfTDpfyt1o', 'textDisplay': 'Lamentável essa atitude!', 'textOriginal': 'Lamentável essa atitude!', 'authorDisplayName': 'Marcio Mendonça', 'authorProfileImageUrl': 'https://yt3.ggpht.com/ytc/AGIKgqNW2Dqx-EOO2d1eKyrTVZKyuFUOWdWtb-k8WEaa=s48-c-k-c0x00ffffff-no-rj', 'authorChannelUrl': 'http://www.youtube.com/channel/UCcAhjnobjcsQARx5O990B1g', 'authorChannelId': {'value': 'UCcAhjnobjcsQARx5O990B1g'}, 'canRate': True, 'viewerRating': 'none', 'likeCount': 0, 'publishedAt': '2022-10-23T22:54:33Z', 'updatedAt': '2022-10-23T22:54:33Z'}}, 'canReply': True, 'totalReplyCount': 0, 'isPublic': True}",,UCcAhjnobjcsQARx5O990B1g,2022-10-23T22:54:33Z,Lamentável essa atitude!,QURTSl9pMzUwR3ZncEo5ajRNZ05Ldmk5UDZaS3VVMmJuYXdEZkVsQXBTVmJadkE2RXNSNUFoVDFjbmFFQW9iWERvS1NOWGtNTmJqQ3hIcw==,2023-06-08 14:52:39.978904
youtube#commentThread,IbqC5JHMQUj8EzX2z-Ta4QCViz4,Ugx8qooORRNgKWQptKl4AaABAg,"{'videoId': 'zEfTDpfyt1o', 'topLevelComment': {'kind': 'youtube#comment', 'etag': 'dU5VDmrWbEQph2E7DaZnwLFnAAM', 'id': 'Ugx8qooORRNgKWQptKl4AaABAg', 'snippet': {'videoId': 'zEfTDpfyt1o', 'textDisplay': 'Não comprem esta farsa!!! Coloquem a cena em câmera lenta. O suposto agressor apenas deu um empurrão na câmera! Em nenhum momento ela tocou a cabeça da suposta vítima. Encenação PURA! E convenientemente vem à tona que a &quot;vítima&quot; previamente sofreu uma isquemia cerebral? Ora, quem está doente não sai p trabalhar. Lamentável a mentira corroborada por pseudo articulistas dominicais da JP, à partir do âncora, mais tendencioso impossível. Ridículo.', 'textOriginal': 'Não comprem esta farsa!!! Coloquem a cena em câmera lenta. O suposto agressor apenas deu um empurrão na câmera! Em nenhum momento ela tocou a cabeça da suposta vítima. Encenação PURA! E convenientemente vem à tona que a ""vítima"" previamente sofreu uma isquemia cerebral? Ora, quem está doente não sai p trabalhar. Lamentável a mentira corroborada por pseudo articulistas dominicais da JP, à partir do âncora, mais tendencioso impossível. Ridículo.', 'authorDisplayName': 'Edson Araujo', 'authorProfileImageUrl': 'https://yt3.ggpht.com/ytc/AGIKgqMiRiqB5hT-TK3YIiPGbbqobWpbogwjFt3bGU6MYw=s48-c-k-c0x00ffffff-no-rj', 'authorChannelUrl': 'http://www.youtube.com/channel/UCc3-hRK3LCrY66l1pEtYm-Q', 'authorChannelId': {'value': 'UCc3-hRK3LCrY66l1pEtYm-Q'}, 'canRate': True, 'viewerRating': 'none', 'likeCount': 0, 'publishedAt': '2022-10-23T22:54:27Z', 'updatedAt': '2022-10-23T22:55:08Z'}}, 'canReply': True, 'totalReplyCount': 0, 'isPublic': True}",,UCc3-hRK3LCrY66l1pEtYm-Q,2022-10-23T22:54:27Z,"Não comprem esta farsa!!! Coloquem a cena em câmera lenta. O suposto agressor apenas deu um empurrão na câmera! Em nenhum momento ela tocou a cabeça da suposta vítima. Encenação PURA! E convenientemente vem à tona que a ""vítima"" previamente sofreu uma isquemia cerebral? Ora, quem está doente não sai p trabalhar. Lamentável a mentira corroborada por pseudo articulistas dominicais da JP, à partir do âncora, mais tendencioso impossível. Ridículo.",QURTSl9pMzUwR3ZncEo5ajRNZ05Ldmk5UDZaS3VVMmJuYXdEZkVsQXBTVmJadkE2RXNSNUFoVDFjbmFFQW9iWERvS1NOWGtNTmJqQ3hIcw==,2023-06-08 14:52:39.978904
youtube#commentThread,mTL7ZKL5_FKMUJ614ts6KOXCE9o,Ugw7Bqfr4IaYb91YQed4AaABAg,"{'videoId': 'zEfTDpfyt1o', 'topLevelComment': {'kind': 'youtube#comment', 'etag': 'k_l0PGzD4SpzE98HxSso9RcCaHY', 'id': 'Ugw7Bqfr4IaYb91YQed4AaABAg', 'snippet': {'videoId': 'zEfTDpfyt1o', 'textDisplay': 'Cadê nosso exército que deixa esses ministros fazerem oque bem querem uma vergonha.', 'textOriginal': 'Cadê nosso exército que deixa esses ministros fazerem oque bem querem uma vergonha.', 'authorDisplayName': 'Fish ofFish Brasil', 'authorProfileImageUrl': 'https://yt3.ggpht.com/FEbChu-7ujYPuvRvIpfrAaPtGSgytYAdeFmbj3qqNEpuOMAEY9DJvoBIrhjS1OM3RlSVBJOD=s48-c-k-c0x00ffffff-no-rj', 'authorChannelUrl': 'http://www.youtube.com/channel/UCCRyOUtFe3uesQ7b0wgqJqw', 'authorChannelId': {'value': 'UCCRyOUtFe3uesQ7b0wgqJqw'}, 'canRate': True, 'viewerRating': 'none', 'likeCount': 5, 'publishedAt': '2022-10-23T22:54:26Z', 'updatedAt': '2022-10-23T22:54:26Z'}}, 'canReply': True, 'totalReplyCount': 2, 'isPublic': True}","{'comments': [{'kind': 'youtube#comment', 'etag': '-3YmDYM9HqdUsr4Z2ZRakIlsJEo', 'id': 'Ugw7Bqfr4IaYb91YQed4AaABAg.9hYDqu4Lk5M9hYc_nDodCY', 'snippet': {'videoId': 'zEfTDpfyt1o', 'textDisplay': '@Tiburcio Nascimento E você queria que o exército fizesse o que? Desse um golpezinho aos moldes de 64? kkkkkkkkk', 'textOriginal': '@Tiburcio Nascimento E você queria que o exército fizesse o que? Desse um golpezinho aos moldes de 64? kkkkkkkkk', 'parentId': 'Ugw7Bqfr4IaYb91YQed4AaABAg', 'authorDisplayName': 'Mateus Felipe', 'authorProfileImageUrl': 'https://yt3.ggpht.com/ytc/AGIKgqOTSpwr9m9FNlf-tDOcnNOcPlxV_t7Ctbfweg=s48-c-k-c0x00ffffff-no-rj', 'authorChannelUrl': 'http://www.youtube.com/channel/UCLdCM78RzsO3Iz9XjDOfW-w', 'authorChannelId': {'value': 'UCLdCM78RzsO3Iz9XjDOfW-w'}, 'canRate': True, 'viewerRating': 'none', 'likeCount': 0, 'publishedAt': '2022-10-24T02:39:17Z', 'updatedAt': '2022-10-24T02:39:17Z'}}, {'kind': 'youtube#comment', 'etag': 'vb4gyS4C45bxxC08MnpglWirHSM', 'id': 'Ugw7Bqfr4IaYb91YQed4AaABAg.9hYDqu4Lk5M9hYUhdN02oH', 'snippet': {'videoId': 'zEfTDpfyt1o', 'textDisplay': 'Estou perguntando isso já ha meses , desde que o Barroso foi desqualificá-los internacionalmente...ficou por isso mesmo..', 'textOriginal': 'Estou perguntando isso já ha meses , desde que o Barroso foi desqualificá-los internacionalmente...ficou por isso mesmo..', 'parentId': 'Ugw7Bqfr4IaYb91YQed4AaABAg', 'authorDisplayName': 'Tiburcio Nascimento', 'authorProfileImageUrl': 'https://yt3.ggpht.com/ytc/AGIKgqPYJ16XbloZp1nRif2q9UiINjE9b3aLcJFllVpYZmGF8L32gAvFuJ_fm0H5T6oa=s48-c-k-c0x00ffffff-no-rj', 'authorChannelUrl': 'http://www.youtube.com/channel/UCOpVT2WBtvOTmNgRgNreY3Q', 'authorChannelId': {'value': 'UCOpVT2WBtvOTmNgRgNreY3Q'}, 'canRate': True, 'viewerRating': 'none', 'likeCount': 0, 'publishedAt': '2022-10-24T01:21:42Z', 'updatedAt': '2022-10-24T01:21:42Z'}}]}",UCCRyOUtFe3uesQ7b0wgqJqw,2022-10-23T22:54:26Z,Cadê nosso exército que deixa esses ministros fazerem oque bem querem uma vergonha.,QURTSl9pMzUwR3ZncEo5ajRNZ05Ldmk5UDZaS3VVMmJuYXdEZkVsQXBTVmJadkE2RXNSNUFoVDFjbmFFQW9iWERvS1NOWGtNTmJqQ3hIcw==,2023-06-08 14:52:39.978904
youtube#commentThread,52lRj6P4xZayLDS8MRADCJQfV40,UgwE3mlUVkbhnEqFegt4AaABAg,"{'videoId': 'zEfTDpfyt1o', 'topLevelComment': {'kind': 'youtube#comment', 'etag': 'bYuA4khFoJoTY92vghrvLqmLULg', 'id': 'UgwE3mlUVkbhnEqFegt4AaABAg', 'snippet': {'videoId': 'zEfTDpfyt1o', 'textDisplay': 'Exército brasileiro braço forte e guardião da liberdade e da nação coloque ordem nesse país', 'textOriginal': 'Exército brasileiro braço forte e guardião da liberdade e da nação coloque ordem nesse país', 'authorDisplayName': 'Ricardo Ferraz da cunha', 'authorProfileImageUrl': 'https://yt3.ggpht.com/ytc/AGIKgqNo7mhk8JBVBNp1k84SF4umQEFXZb5r9_7tXnn1dnDQAMr962GFF9W1hqeuKUt0=s48-c-k-c0x00ffffff-no-rj', 'authorChannelUrl': 'http://www.youtube.com/channel/UCinqSsWi4_FItJtlMlBqlkg', 'authorChannelId': {'value': 'UCinqSsWi4_FItJtlMlBqlkg'}, 'canRate': True, 'viewerRating': 'none', 'likeCount': 0, 'publishedAt': '2022-10-23T22:54:16Z', 'updatedAt': '2022-10-23T22:54:16Z'}}, 'canReply': True, 'totalReplyCount': 0, 'isPublic': True}",,UCinqSsWi4_FItJtlMlBqlkg,2022-10-23T22:54:16Z,Exército brasileiro braço forte e guardião da liberdade e da nação coloque ordem nesse país,QURTSl9pMzUwR3ZncEo5ajRNZ05Ldmk5UDZaS3VVMmJuYXdEZkVsQXBTVmJadkE2RXNSNUFoVDFjbmFFQW9iWERvS1NOWGtNTmJqQ3hIcw==,2023-06-08 14:52:39.978904
youtube#commentThread,3Wfd0ikb8ynYnCekJLmCjDsUm4c,Ugw-7FFEkrNMTDhQJWh4AaABAg,"{'videoId': 'zEfTDpfyt1o', 'topLevelComment': {'kind': 'youtube#comment', 'etag': 'MA6-a9xDreaQfNwkhY25OCkqkHQ', 'id': 'Ugw-7FFEkrNMTDhQJWh4AaABAg', 'snippet': {'videoId': 'zEfTDpfyt1o', 'textDisplay': 'Como é que você sabe que é apoiador de Roberto Jeferson?me parece  apenas uma pessoa que estava por ali olhando a movimentação, se provarem o contrário eu me calo.', 'textOriginal': 'Como é que você sabe que é apoiador de Roberto Jeferson?me parece  apenas uma pessoa que estava por ali olhando a movimentação, se provarem o contrário eu me calo.', 'authorDisplayName': 'Joacy Araújo rr ,. BBJJB', 'authorProfileImageUrl': 'https://yt3.ggpht.com/ytc/AGIKgqNb6cGJ_CaM71aBtEN0VeJOQ-3-5cHaT7dzAg=s48-c-k-c0x00ffffff-no-rj', 'authorChannelUrl': 'http://www.youtube.com/channel/UClfwmfrlVomHK1ej9HXOhHg', 'authorChannelId': {'value': 'UClfwmfrlVomHK1ej9HXOhHg'}, 'canRate': True, 'viewerRating': 'none', 'likeCount': 0, 'publishedAt': '2022-10-23T22:54:11Z', 'updatedAt': '2022-10-23T22:54:11Z'}}, 'canReply': True, 'totalReplyCount': 0, 'isPublic': True}",,UClfwmfrlVomHK1ej9HXOhHg,2022-10-23T22:54:11Z,"Como é que você sabe que é apoiador de Roberto Jeferson?me parece  apenas uma pessoa que estava por ali olhando a movimentação, se provarem o contrário eu me calo.",QURTSl9pMzUwR3ZncEo5ajRNZ05Ldmk5UDZaS3VVMmJuYXdEZkVsQXBTVmJadkE2RXNSNUFoVDFjbmFFQW9iWERvS1NOWGtNTmJqQ3hIcw==,2023-06-08 14:52:39.978904
youtube#commentThread,UKkUF98SyGiHUx4L9R_mJFHl0TE,UgwkkmCiFvA1BMQ7kaB4AaABAg,"{'videoId': 'zEfTDpfyt1o', 'topLevelComment': {'kind': 'youtube#comment', 'etag': 'f5Wthc3si494Lvs6OeCpaTB51hw', 'id': 'UgwkkmCiFvA1BMQ7kaB4AaABAg', 'snippet': {'videoId': 'zEfTDpfyt1o', 'textDisplay': 'Sou contra agressão, nada justifica a violência.  Mas gente, temos q averiguar bem, pq da esquerda pode até haver qq coisa,  vê quem fez e quem sofreu a agressão,  pq muitas vezes os esquerdistas podem se infiltrar às pessoas pra dar a entender q é a direita q agiu de forma sem escrúpulos.  Eles são capazes de tudo. Vms identificar quem fez isso e quem é essa pessoa.', 'textOriginal': 'Sou contra agressão, nada justifica a violência.  Mas gente, temos q averiguar bem, pq da esquerda pode até haver qq coisa,  vê quem fez e quem sofreu a agressão,  pq muitas vezes os esquerdistas podem se infiltrar às pessoas pra dar a entender q é a direita q agiu de forma sem escrúpulos.  Eles são capazes de tudo. Vms identificar quem fez isso e quem é essa pessoa.', 'authorDisplayName': 'Maria Betânia couceiro', 'authorProfileImageUrl': 'https://yt3.ggpht.com/ytc/AGIKgqOdQdbpFqyOHQBTe5I1OQNX-c5Re6GgE7tTjlrk0ZQ=s48-c-k-c0x00ffffff-no-rj', 'authorChannelUrl': 'http://www.youtube.com/channel/UC2Xt2uC_9sx6GBdCtKxlCfQ', 'authorChannelId': {'value': 'UC2Xt2uC_9sx6GBdCtKxlCfQ'}, 'canRate': True, 'viewerRating': 'none', 'likeCount': 0, 'publishedAt': '2022-10-23T22:54:10Z', 'updatedAt': '2022-10-23T22:54:10Z'}}, 'canReply': True, 'totalReplyCount': 0, 'isPublic': True}",,UC2Xt2uC_9sx6GBdCtKxlCfQ,2022-10-23T22:54:10Z,"Sou contra agressão, nada justifica a violência.  Mas gente, temos q averiguar bem, pq da esquerda pode até haver qq coisa,  vê quem fez e quem sofreu a agressão,  pq muitas vezes os esquerdistas podem se infiltrar às pessoas pra dar a entender q é a direita q agiu de forma sem escrúpulos.  Eles são capazes de tudo. Vms identificar quem fez isso e quem é essa pessoa.",QURTSl9pMzUwR3ZncEo5ajRNZ05Ldmk5UDZaS3VVMmJuYXdEZkVsQXBTVmJadkE2RXNSNUFoVDFjbmFFQW9iWERvS1NOWGtNTmJqQ3hIcw==,2023-06-08 14:52:39.978904
youtube#commentThread,lZJDSmJ5RmDS1OBbFZimdIsWaQ8,UgxM7KXBZo684IqBcB54AaABAg,"{'videoId': 'zEfTDpfyt1o', 'topLevelComment': {'kind': 'youtube#comment', 'etag': 'Ew7v9UpTdgN1s4Es4c6TCgCQ3n8', 'id': 'UgxM7KXBZo684IqBcB54AaABAg', 'snippet': {'videoId': 'zEfTDpfyt1o', 'textDisplay': 'Brasil Lula 13', 'textOriginal': 'Brasil Lula 13', 'authorDisplayName': 'Rafael Barros', 'authorProfileImageUrl': 'https://yt3.ggpht.com/ytc/AGIKgqNHpNvN0BFqVlauGMNMqjPxxqs7AhuciUNbVZ8gLZY=s48-c-k-c0x00ffffff-no-rj', 'authorChannelUrl': 'http://www.youtube.com/channel/UC9p6hDyqIzN4gJqPBM4YYRQ', 'authorChannelId': {'value': 'UC9p6hDyqIzN4gJqPBM4YYRQ'}, 'canRate': True, 'viewerRating': 'none', 'likeCount': 0, 'publishedAt': '2022-10-23T22:53:45Z', 'updatedAt': '2022-10-23T22:53:45Z'}}, 'canReply': True, 'totalReplyCount': 0, 'isPublic': True}",,UC9p6hDyqIzN4gJqPBM4YYRQ,2022-10-23T22:53:45Z,Brasil Lula 13,QURTSl9pMzUwR3ZncEo5ajRNZ05Ldmk5UDZaS3VVMmJuYXdEZkVsQXBTVmJadkE2RXNSNUFoVDFjbmFFQW9iWERvS1NOWGtNTmJqQ3hIcw==,2023-06-08 14:52:39.978904
youtube#commentThread,us3P8k1Aqo_2qv0z3XGkNYSDDdQ,UgynJs_al0fOMEsQuh54AaABAg,"{'videoId': 'zEfTDpfyt1o', 'topLevelComment': {'kind': 'youtube#comment', 'etag': '3msuoBKfZ1EyJqaWtrtLBUdUnio', 'id': 'UgynJs_al0fOMEsQuh54AaABAg', 'snippet': {'videoId': 'zEfTDpfyt1o', 'textDisplay': 'Tudo isso, graças ao STF e seus deuses do olimpo...', 'textOriginal': 'Tudo isso, graças ao STF e seus deuses do olimpo...', 'authorDisplayName': 'Márcia Ferreira', 'authorProfileImageUrl': 'https://yt3.ggpht.com/ytc/AGIKgqNKucBSreWx4Kkm78-IMI8e-e1cSMh9sChKwg=s48-c-k-c0x00ffffff-no-rj', 'authorChannelUrl': 'http://www.youtube.com/channel/UC7sJLZXWwYUOBXM9IB8jXIg', 'authorChannelId': {'value': 'UC7sJLZXWwYUOBXM9IB8jXIg'}, 'canRate': True, 'viewerRating': 'none', 'likeCount': 0, 'publishedAt': '2022-10-23T22:53:35Z', 'updatedAt': '2022-10-23T22:53:35Z'}}, 'canReply': True, 'totalReplyCount': 0, 'isPublic': True}",,UC7sJLZXWwYUOBXM9IB8jXIg,2022-10-23T22:53:35Z,"Tudo isso, graças ao STF e seus deuses do olimpo...",QURTSl9pMzUwR3ZncEo5ajRNZ05Ldmk5UDZaS3VVMmJuYXdEZkVsQXBTVmJadkE2RXNSNUFoVDFjbmFFQW9iWERvS1NOWGtNTmJqQ3hIcw==,2023-06-08 14:52:39.978904
youtube#commentThread,RyzOYAheejdu0lF3qKMleAIPW-g,UgzeympPnz3Mwwt0Yhp4AaABAg,"{'videoId': 'zEfTDpfyt1o', 'topLevelComment': {'kind': 'youtube#comment', 'etag': 'aZQopptFzLG3j1xe_7rpKB7_IoM', 'id': 'UgzeympPnz3Mwwt0Yhp4AaABAg', 'snippet': {'videoId': 'zEfTDpfyt1o', 'textDisplay': 'Infelizmente a minha opinião é essa: ESSE STF STE ESTÃO ABUSANDO DE TODOS NÓS E NOS LEVANDO A NOS DEFENDER E AÍ NO BRASIL PELO QUE VEJO A REDE GLOBO DEFENDE A ESQUERDA DE CARA DURA E NOS OFENDE COM SEUS PROGRAMAS DESRESPEITOSO TODO O TEMPO 😤🤬e vem sempre de encontro com o nosso Presidente que luta incansávelmente a favor da nossa nação. O povo está cansado e não me surpreenderia se a notícia fosse que pegaram esses togados nojentos 🐀 de esgoto eles sim deveriam cair na ratoeira 🪤. Acredito que a maioria dos brasileiros gostariam de ter coragem de agir estão todos cansados de serem atacados. SABEMOS MUITO BEM QUEM SÃO OS INIMIGOS', 'textOriginal': 'Infelizmente a minha opinião é essa: ESSE STF STE ESTÃO ABUSANDO DE TODOS NÓS E NOS LEVANDO A NOS DEFENDER E AÍ NO BRASIL PELO QUE VEJO A REDE GLOBO DEFENDE A ESQUERDA DE CARA DURA E NOS OFENDE COM SEUS PROGRAMAS DESRESPEITOSO TODO O TEMPO 😤🤬e vem sempre de encontro com o nosso Presidente que luta incansávelmente a favor da nossa nação. O povo está cansado e não me surpreenderia se a notícia fosse que pegaram esses togados nojentos 🐀 de esgoto eles sim deveriam cair na ratoeira 🪤. Acredito que a maioria dos brasileiros gostariam de ter coragem de agir estão todos cansados de serem atacados. SABEMOS MUITO BEM QUEM SÃO OS INIMIGOS', 'authorDisplayName': 'Rita Tuttle', 'authorProfileImageUrl': 'https://yt3.ggpht.com/ytc/AGIKgqPPDO7OgatOWUXaPZfXwI79KIP9i-Ut_Wti3A=s48-c-k-c0x00ffffff-no-rj', 'authorChannelUrl': 'http://www.youtube.com/channel/UCSKszolQwxycKD_vnXQSI9w', 'authorChannelId': {'value': 'UCSKszolQwxycKD_vnXQSI9w'}, 'canRate': True, 'viewerRating': 'none', 'likeCount': 0, 'publishedAt': '2022-10-23T22:53:32Z', 'updatedAt': '2022-10-23T22:53:32Z'}}, 'canReply': True, 'totalReplyCount': 0, 'isPublic': True}",,UCSKszolQwxycKD_vnXQSI9w,2022-10-23T22:53:32Z,Infelizmente a minha opinião é essa: ESSE STF STE ESTÃO ABUSANDO DE TODOS NÓS E NOS LEVANDO A NOS DEFENDER E AÍ NO BRASIL PELO QUE VEJO A REDE GLOBO DEFENDE A ESQUERDA DE CARA DURA E NOS OFENDE COM SEUS PROGRAMAS DESRESPEITOSO TODO O TEMPO 😤🤬e vem sempre de encontro com o nosso Presidente que luta incansávelmente a favor da nossa nação. O povo está cansado e não me surpreenderia se a notícia fosse que pegaram esses togados nojentos 🐀 de esgoto eles sim deveriam cair na ratoeira 🪤. Acredito que a maioria dos brasileiros gostariam de ter coragem de agir estão todos cansados de serem atacados. SABEMOS MUITO BEM QUEM SÃO OS INIMIGOS,QURTSl9pMzUwR3ZncEo5ajRNZ05Ldmk5UDZaS3VVMmJuYXdEZkVsQXBTVmJadkE2RXNSNUFoVDFjbmFFQW9iWERvS1NOWGtNTmJqQ3hIcw==,2023-06-08 14:52:39.978904
youtube#commentThread,0L8NRiaBuWeP0XkH7umye1xd0b8,UgxOxK2Y66tWshP-eiB4AaABAg,"{'videoId': 'zEfTDpfyt1o', 'topLevelComment': {'kind': 'youtube#comment', 'etag': 'FLUFIOQ8DAgILw5hsn9VTgHtDx8', 'id': 'UgxOxK2Y66tWshP-eiB4AaABAg', 'snippet': {'videoId': 'zEfTDpfyt1o', 'textDisplay': 'Não esqueçam que alguns jornalistas contribuem sim com a empresa para enganar a população. Com a desculpa de que estão so cumprindo ordem, uma boa parte do que algumas emissoras fizeram com a população enganando e distorcendo as notícias também é culpa de alguns jornalistas sim. Senão fosse eles as tvs não manipulavam.', 'textOriginal': 'Não esqueçam que alguns jornalistas contribuem sim com a empresa para enganar a população. Com a desculpa de que estão so cumprindo ordem, uma boa parte do que algumas emissoras fizeram com a população enganando e distorcendo as notícias também é culpa de alguns jornalistas sim. Senão fosse eles as tvs não manipulavam.', 'authorDisplayName': 'CANAL AFA. ASSOCIAÇÃO FEITA POR AMIGOS.', 'authorProfileImageUrl': 'https://yt3.ggpht.com/ytc/AGIKgqMDQQeGYK9ZNmwI5Wk5tWXNN4ztComd6B2cMmvefSXRGSFQq2ENPC6lrGML_Giu=s48-c-k-c0x00ffffff-no-rj', 'authorChannelUrl': 'http://www.youtube.com/channel/UCiHXS7mFGtuhAEhao5C9Guw', 'authorChannelId': {'value': 'UCiHXS7mFGtuhAEhao5C9Guw'}, 'canRate': True, 'viewerRating': 'none', 'likeCount': 0, 'publishedAt': '2022-10-23T22:53:12Z', 'updatedAt': '2022-10-23T22:53:12Z'}}, 'canReply': True, 'totalReplyCount': 0, 'isPublic': True}",,UCiHXS7mFGtuhAEhao5C9Guw,2022-10-23T22:53:12Z,"Não esqueçam que alguns jornalistas contribuem sim com a empresa para enganar a população. Com a desculpa de que estão so cumprindo ordem, uma boa parte do que algumas emissoras fizeram com a população enganando e distorcendo as notícias também é culpa de alguns jornalistas sim. Senão fosse eles as tvs não manipulavam.",QURTSl9pMzUwR3ZncEo5ajRNZ05Ldmk5UDZaS3VVMmJuYXdEZkVsQXBTVmJadkE2RXNSNUFoVDFjbmFFQW9iWERvS1NOWGtNTmJqQ3hIcw==,2023-06-08 14:52:39.978904
youtube#commentThread,VNM1qpZ8sXA6rNBddJY0wMrwiO0,UgyhQKpdYQXaiH8saVF4AaABAg,"{'videoId': 'zEfTDpfyt1o', 'topLevelComment': {'kind': 'youtube#comment', 'etag': 'QsnByoKPD7x9gQGPqx4T9aONrt0', 'id': 'UgyhQKpdYQXaiH8saVF4AaABAg', 'snippet': {'videoId': 'zEfTDpfyt1o', 'textDisplay': 'Enfim.. hoje consegui ver as notícias em geral defendendo esses jornalistas,  que todos dias vem apanhando nas ruas, sendo enxotados e impedidos de trabalhar, muitos até morrendo..  Enfim a justiça de Deus ao trabalhador na função do seu dever..', 'textOriginal': 'Enfim.. hoje consegui ver as notícias em geral defendendo esses jornalistas,  que todos dias vem apanhando nas ruas, sendo enxotados e impedidos de trabalhar, muitos até morrendo..  Enfim a justiça de Deus ao trabalhador na função do seu dever..', 'authorDisplayName': 'Adriana Aguida', 'authorProfileImageUrl': 'https://yt3.ggpht.com/L4G_O-ntCOcaoudMJjA3Nuv3GyHa7A3zWm7mtkNu0P_lpvTRrJfJQ-cb7YiXQ6uHcxBl6eeHBg=s48-c-k-c0x00ffffff-no-rj', 'authorChannelUrl': 'http://www.youtube.com/channel/UCaVouDtCrd_IXSk3szI3Viw', 'authorChannelId': {'value': 'UCaVouDtCrd_IXSk3szI3Viw'}, 'canRate': True, 'viewerRating': 'none', 'likeCount': 0, 'publishedAt': '2022-10-23T22:53:07Z', 'updatedAt': '2022-10-23T22:53:07Z'}}, 'canReply': True, 'totalReplyCount': 0, 'isPublic': True}",,UCaVouDtCrd_IXSk3szI3Viw,2022-10-23T22:53:07Z,"Enfim.. hoje consegui ver as notícias em geral defendendo esses jornalistas,  que todos dias vem apanhando nas ruas, sendo enxotados e impedidos de trabalhar, muitos até morrendo..  Enfim a justiça de Deus ao trabalhador na função do seu dever..",QURTSl9pMzUwR3ZncEo5ajRNZ05Ldmk5UDZaS3VVMmJuYXdEZkVsQXBTVmJadkE2RXNSNUFoVDFjbmFFQW9iWERvS1NOWGtNTmJqQ3hIcw==,2023-06-08 14:52:39.978904
youtube#commentThread,-WHjlQMrG6pHhxg2ntn4oeaQHLw,Ugx5uRkQf195z3mWkZ54AaABAg,"{'videoId': 'zEfTDpfyt1o', 'topLevelComment': {'kind': 'youtube#comment', 'etag': '6BeftxgFYVesaNVYICAJ1dxu3e8', 'id': 'Ugx5uRkQf195z3mWkZ54AaABAg', 'snippet': {'videoId': 'zEfTDpfyt1o', 'textDisplay': 'Não defende não. Ignorem a agressão, a Globo ignorou a censura com vcs.', 'textOriginal': 'Não defende não. Ignorem a agressão, a Globo ignorou a censura com vcs.', 'authorDisplayName': 'Mercado Digital', 'authorProfileImageUrl': 'https://yt3.ggpht.com/ytc/AGIKgqNTctaxS-c46-PQuWhCK5A9jaXpGeXUb8yd3DGX5w=s48-c-k-c0x00ffffff-no-rj', 'authorChannelUrl': 'http://www.youtube.com/channel/UCKD722OJu6RoqU7ITWEtFxg', 'authorChannelId': {'value': 'UCKD722OJu6RoqU7ITWEtFxg'}, 'canRate': True, 'viewerRating': 'none', 'likeCount': 0, 'publishedAt': '2022-10-23T22:53:01Z', 'updatedAt': '2022-10-23T22:53:01Z'}}, 'canReply': True, 'totalReplyCount': 0, 'isPublic': True}",,UCKD722OJu6RoqU7ITWEtFxg,2022-10-23T22:53:01Z,"Não defende não. Ignorem a agressão, a Globo ignorou a censura com vcs.",QURTSl9pMzUwR3ZncEo5ajRNZ05Ldmk5UDZaS3VVMmJuYXdEZkVsQXBTVmJadkE2RXNSNUFoVDFjbmFFQW9iWERvS1NOWGtNTmJqQ3hIcw==,2023-06-08 14:52:39.978904
youtube#commentThread,D2wabWfIun1eTn_xVPPiIg56W2o,Ugy_PvXPFiaX9GnrSe94AaABAg,"{'videoId': 'zEfTDpfyt1o', 'topLevelComment': {'kind': 'youtube#comment', 'etag': '47K1vhGNEDwZFK61ms0v-1HftAw', 'id': 'Ugy_PvXPFiaX9GnrSe94AaABAg', 'snippet': {'videoId': 'zEfTDpfyt1o', 'textDisplay': 'Eles tentaram matar até o candidato Bolsonaro', 'textOriginal': 'Eles tentaram matar até o candidato Bolsonaro', 'authorDisplayName': 'Ricardo Ferraz da cunha', 'authorProfileImageUrl': 'https://yt3.ggpht.com/ytc/AGIKgqNo7mhk8JBVBNp1k84SF4umQEFXZb5r9_7tXnn1dnDQAMr962GFF9W1hqeuKUt0=s48-c-k-c0x00ffffff-no-rj', 'authorChannelUrl': 'http://www.youtube.com/channel/UCinqSsWi4_FItJtlMlBqlkg', 'authorChannelId': {'value': 'UCinqSsWi4_FItJtlMlBqlkg'}, 'canRate': True, 'viewerRating': 'none', 'likeCount': 0, 'publishedAt': '2022-10-23T22:53:01Z', 'updatedAt': '2022-10-23T22:53:01Z'}}, 'canReply': True, 'totalReplyCount': 0, 'isPublic': True}",,UCinqSsWi4_FItJtlMlBqlkg,2022-10-23T22:53:01Z,Eles tentaram matar até o candidato Bolsonaro,QURTSl9pMzUwR3ZncEo5ajRNZ05Ldmk5UDZaS3VVMmJuYXdEZkVsQXBTVmJadkE2RXNSNUFoVDFjbmFFQW9iWERvS1NOWGtNTmJqQ3hIcw==,2023-06-08 14:52:39.978904
youtube#commentThread,pkfofKcOr1krwJBuXKt4E7igya0,UgxaOnC-9DUq3e2bgp54AaABAg,"{'videoId': 'zEfTDpfyt1o', 'topLevelComment': {'kind': 'youtube#comment', 'etag': 'AyXj0qzGiXegVwyNIZYLz9FL9Ko', 'id': 'UgxaOnC-9DUq3e2bgp54AaABAg', 'snippet': {'videoId': 'zEfTDpfyt1o', 'textDisplay': 'ACABA LOGO ESSA ELEIÇÃO VAMOS PUNIR QUEM É DO MAL E RESPEITAR QUEM É DO BEM.', 'textOriginal': 'ACABA LOGO ESSA ELEIÇÃO VAMOS PUNIR QUEM É DO MAL E RESPEITAR QUEM É DO BEM.', 'authorDisplayName': 'F.Perissatto', 'authorProfileImageUrl': 'https://yt3.ggpht.com/UXnYaPa_oCCrqV0ssTCvi9m4Hj6q12WFvXKUp54Yznny-kxkRHiSN6um1mAayKQ38G-qDHRNRw=s48-c-k-c0x00ffffff-no-rj', 'authorChannelUrl': 'http://www.youtube.com/channel/UClsJCW38hxeWkrdjOKBrmjA', 'authorChannelId': {'value': 'UClsJCW38hxeWkrdjOKBrmjA'}, 'canRate': True, 'viewerRating': 'none', 'likeCount': 0, 'publishedAt': '2022-10-23T22:52:50Z', 'updatedAt': '2022-10-23T22:52:50Z'}}, 'canReply': True, 'totalReplyCount': 0, 'isPublic': True}",,UClsJCW38hxeWkrdjOKBrmjA,2022-10-23T22:52:50Z,ACABA LOGO ESSA ELEIÇÃO VAMOS PUNIR QUEM É DO MAL E RESPEITAR QUEM É DO BEM.,QURTSl9pMzUwR3ZncEo5ajRNZ05Ldmk5UDZaS3VVMmJuYXdEZkVsQXBTVmJadkE2RXNSNUFoVDFjbmFFQW9iWERvS1NOWGtNTmJqQ3hIcw==,2023-06-08 14:52:39.978904
youtube#commentThread,TsdSZEtqnlde0lVId-zvIQneAmo,UgyuxM9fkWSCgq5dOjd4AaABAg,"{'videoId': 'zEfTDpfyt1o', 'topLevelComment': {'kind': 'youtube#comment', 'etag': 'TDcvRyuybW89WMfO8I6PdDHEfAs', 'id': 'UgyuxM9fkWSCgq5dOjd4AaABAg', 'snippet': {'videoId': 'zEfTDpfyt1o', 'textDisplay': 'A síndrome da indignação coletiva progressiva pode gerar a guerra civil que não interessa a ninguém .', 'textOriginal': 'A síndrome da indignação coletiva progressiva pode gerar a guerra civil que não interessa a ninguém .', 'authorDisplayName': 'Errante', 'authorProfileImageUrl': 'https://yt3.ggpht.com/ytc/AGIKgqOXs7DHeilyossH4ScrnNW_fk-qHhfk54PPsgwdGg=s48-c-k-c0x00ffffff-no-rj', 'authorChannelUrl': 'http://www.youtube.com/channel/UC_mrNf3D_GH1_KXJ0W1j71g', 'authorChannelId': {'value': 'UC_mrNf3D_GH1_KXJ0W1j71g'}, 'canRate': True, 'viewerRating': 'none', 'likeCount': 0, 'publishedAt': '2022-10-23T22:52:37Z', 'updatedAt': '2022-10-23T22:52:37Z'}}, 'canReply': True, 'totalReplyCount': 0, 'isPublic': True}",,UC_mrNf3D_GH1_KXJ0W1j71g,2022-10-23T22:52:37Z,A síndrome da indignação coletiva progressiva pode gerar a guerra civil que não interessa a ninguém .,QURTSl9pMzUwR3ZncEo5ajRNZ05Ldmk5UDZaS3VVMmJuYXdEZkVsQXBTVmJadkE2RXNSNUFoVDFjbmFFQW9iWERvS1NOWGtNTmJqQ3hIcw==,2023-06-08 14:52:39.978904
youtube#commentThread,p_oyut9QWt7BgkJT0zLoQb_a0Hc,Ugz5cwIzrRk-DNxLYrh4AaABAg,"{'videoId': 'zEfTDpfyt1o', 'topLevelComment': {'kind': 'youtube#comment', 'etag': 'UMOA749j6ScqGfOy5cO4EJ4pgSU', 'id': 'Ugz5cwIzrRk-DNxLYrh4AaABAg', 'snippet': {'videoId': 'zEfTDpfyt1o', 'textDisplay': 'A esquerda pode se aproveitar disso é fazer pra dizer que é as pessoas da direita.', 'textOriginal': 'A esquerda pode se aproveitar disso é fazer pra dizer que é as pessoas da direita.', 'authorDisplayName': 'Lindete Pereira', 'authorProfileImageUrl': 'https://yt3.ggpht.com/ytc/AGIKgqPG53lWGfzWiZPlDU_qLF6kdhSHy8ZT36IIyQ=s48-c-k-c0x00ffffff-no-rj', 'authorChannelUrl': 'http://www.youtube.com/channel/UCz9haX-08tjW6i5fMEVQYsA', 'authorChannelId': {'value': 'UCz9haX-08tjW6i5fMEVQYsA'}, 'canRate': True, 'viewerRating': 'none', 'likeCount': 0, 'publishedAt': '2022-10-23T22:52:31Z', 'updatedAt': '2022-10-23T22:52:31Z'}}, 'canReply': True, 'totalReplyCount': 0, 'isPublic': True}",,UCz9haX-08tjW6i5fMEVQYsA,2022-10-23T22:52:31Z,A esquerda pode se aproveitar disso é fazer pra dizer que é as pessoas da direita.,QURTSl9pMzUwR3ZncEo5ajRNZ05Ldmk5UDZaS3VVMmJuYXdEZkVsQXBTVmJadkE2RXNSNUFoVDFjbmFFQW9iWERvS1NOWGtNTmJqQ3hIcw==,2023-06-08 14:52:39.978904
youtube#commentThread,Nb9Z31dmneBxnZxoaUgpwy_VkZI,UgzPUqtqnFMoOZhFR2p4AaABAg,"{'videoId': 'zEfTDpfyt1o', 'topLevelComment': {'kind': 'youtube#comment', 'etag': '2zOkM4JrPWotaG-7x8u6y5XPVM4', 'id': 'UgzPUqtqnFMoOZhFR2p4AaABAg', 'snippet': {'videoId': 'zEfTDpfyt1o', 'textDisplay': 'Desviaram o foco rapidinho né?', 'textOriginal': 'Desviaram o foco rapidinho né?', 'authorDisplayName': 'Claudinei Montan', 'authorProfileImageUrl': 'https://yt3.ggpht.com/ytc/AGIKgqMyf_GcGo6XqnCfxw5U-8HJA2qdTLZUt_1V4A=s48-c-k-c0x00ffffff-no-rj', 'authorChannelUrl': 'http://www.youtube.com/channel/UCqj48KTCgbEJYi8iTP4wcUw', 'authorChannelId': {'value': 'UCqj48KTCgbEJYi8iTP4wcUw'}, 'canRate': True, 'viewerRating': 'none', 'likeCount': 0, 'publishedAt': '2022-10-23T22:52:28Z', 'updatedAt': '2022-10-23T22:52:28Z'}}, 'canReply': True, 'totalReplyCount': 0, 'isPublic': True}",,UCqj48KTCgbEJYi8iTP4wcUw,2022-10-23T22:52:28Z,Desviaram o foco rapidinho né?,QURTSl9pMzUwR3ZncEo5ajRNZ05Ldmk5UDZaS3VVMmJuYXdEZkVsQXBTVmJadkE2RXNSNUFoVDFjbmFFQW9iWERvS1NOWGtNTmJqQ3hIcw==,2023-06-08 14:52:39.978904
youtube#commentThread,Q5ttTVSGWpeWjk_Akm8dg8i1Vnw,Ugy5ac_BXi-znYLwy6Z4AaABAg,"{'videoId': 'zEfTDpfyt1o', 'topLevelComment': {'kind': 'youtube#comment', 'etag': '1E0L-uHs3KusP_qv_v6RNPeSQwo', 'id': 'Ugy5ac_BXi-znYLwy6Z4AaABAg', 'snippet': {'videoId': 'zEfTDpfyt1o', 'textDisplay': '- No final o comentarista tenta relativizar a ato, deveria se envergonhar.', 'textOriginal': '- No final o comentarista tenta relativizar a ato, deveria se envergonhar.', 'authorDisplayName': 'adailton888', 'authorProfileImageUrl': 'https://yt3.ggpht.com/ytc/AGIKgqPK6zLVuOYOrkJBVbhG2jPgdBryO6ciag1u0A=s48-c-k-c0x00ffffff-no-rj', 'authorChannelUrl': 'http://www.youtube.com/channel/UCfkvzLOPTkbJzu5dHvWN7vg', 'authorChannelId': {'value': 'UCfkvzLOPTkbJzu5dHvWN7vg'}, 'canRate': True, 'viewerRating': 'none', 'likeCount': 0, 'publishedAt': '2022-10-23T22:52:27Z', 'updatedAt': '2022-10-23T22:52:27Z'}}, 'canReply': True, 'totalReplyCount': 0, 'isPublic': True}",,UCfkvzLOPTkbJzu5dHvWN7vg,2022-10-23T22:52:27Z,"- No final o comentarista tenta relativizar a ato, deveria se envergonhar.",QURTSl9pMzUwR3ZncEo5ajRNZ05Ldmk5UDZaS3VVMmJuYXdEZkVsQXBTVmJadkE2RXNSNUFoVDFjbmFFQW9iWERvS1NOWGtNTmJqQ3hIcw==,2023-06-08 14:52:39.978904
youtube#commentThread,1zJv2_gdIugtlNXsOBJzX4kSeTA,UgypqJhBZBDNThQxUpp4AaABAg,"{'videoId': 'zEfTDpfyt1o', 'topLevelComment': {'kind': 'youtube#comment', 'etag': 'rGYUDYYoyDwLul3OMapdq9rZr1k', 'id': 'UgypqJhBZBDNThQxUpp4AaABAg', 'snippet': {'videoId': 'zEfTDpfyt1o', 'textDisplay': 'Kd. As forças armadas pra colocar ordem nesse Pais?Vão deuxar tudo de ruim acontecer?', 'textOriginal': 'Kd. As forças armadas pra colocar ordem nesse Pais?Vão deuxar tudo de ruim acontecer?', 'authorDisplayName': 'Suely Bueno', 'authorProfileImageUrl': 'https://yt3.ggpht.com/ytc/AGIKgqPqgUwCTloLhOFZj5gipkuAeDAA1QzdppCISA=s48-c-k-c0x00ffffff-no-rj', 'authorChannelUrl': 'http://www.youtube.com/channel/UCJOZfxEOucTfmYmpwclqKbQ', 'authorChannelId': {'value': 'UCJOZfxEOucTfmYmpwclqKbQ'}, 'canRate': True, 'viewerRating': 'none', 'likeCount': 0, 'publishedAt': '2022-10-23T22:52:03Z', 'updatedAt': '2022-10-23T22:52:03Z'}}, 'canReply': True, 'totalReplyCount': 0, 'isPublic': True}",,UCJOZfxEOucTfmYmpwclqKbQ,2022-10-23T22:52:03Z,Kd. As forças armadas pra colocar ordem nesse Pais?Vão deuxar tudo de ruim acontecer?,QURTSl9pMzUwR3ZncEo5ajRNZ05Ldmk5UDZaS3VVMmJuYXdEZkVsQXBTVmJadkE2RXNSNUFoVDFjbmFFQW9iWERvS1NOWGtNTmJqQ3hIcw==,2023-06-08 14:52:39.978904
youtube#commentThread,pnHCXoCGYFTyvsjKC8MBHQi04NI,UgxRbAuS0NUfdy-6WzF4AaABAg,"{'videoId': 'zEfTDpfyt1o', 'topLevelComment': {'kind': 'youtube#comment', 'etag': '7tZSkWF16nVXovHxQUpldPQJmOM', 'id': 'UgxRbAuS0NUfdy-6WzF4AaABAg', 'snippet': {'videoId': 'zEfTDpfyt1o', 'textDisplay': 'Vcs deviam repudiar te essas atitudes sórdidas do xandao que é pura vingança por que ele não aceita ser contrariado, atitude típica de chefiou de facção', 'textOriginal': 'Vcs deviam repudiar te essas atitudes sórdidas do xandao que é pura vingança por que ele não aceita ser contrariado, atitude típica de chefiou de facção', 'authorDisplayName': 'Terezinha Peres', 'authorProfileImageUrl': 'https://yt3.ggpht.com/ytc/AGIKgqP4yAe0tKmcPpRzK1TGR5o-o2YCb75zkLlTfEz9zsdu03CGrOGfJuC01jZwFVNT=s48-c-k-c0x00ffffff-no-rj', 'authorChannelUrl': 'http://www.youtube.com/channel/UCXQj1FLbPpGm53ms35KtsEw', 'authorChannelId': {'value': 'UCXQj1FLbPpGm53ms35KtsEw'}, 'canRate': True, 'viewerRating': 'none', 'likeCount': 1, 'publishedAt': '2022-10-23T22:52:00Z', 'updatedAt': '2022-10-23T22:52:00Z'}}, 'canReply': True, 'totalReplyCount': 0, 'isPublic': True}",,UCXQj1FLbPpGm53ms35KtsEw,2022-10-23T22:52:00Z,"Vcs deviam repudiar te essas atitudes sórdidas do xandao que é pura vingança por que ele não aceita ser contrariado, atitude típica de chefiou de facção",QURTSl9pMzUwR3ZncEo5ajRNZ05Ldmk5UDZaS3VVMmJuYXdEZkVsQXBTVmJadkE2RXNSNUFoVDFjbmFFQW9iWERvS1NOWGtNTmJqQ3hIcw==,2023-06-08 14:52:39.978904
youtube#commentThread,iVcVPmYXyfX3vO5Owo1zDLQguwk,UgxBXm5mftlQiuMl0u94AaABAg,"{'videoId': 'zEfTDpfyt1o', 'topLevelComment': {'kind': 'youtube#comment', 'etag': 'BKtihv6sIMSGCyM82qKcNryM60Q', 'id': 'UgxBXm5mftlQiuMl0u94AaABAg', 'snippet': {'videoId': 'zEfTDpfyt1o', 'textDisplay': 'Vai falar que foi o Bolsonaro que mandou agredir', 'textOriginal': 'Vai falar que foi o Bolsonaro que mandou agredir', 'authorDisplayName': 'Julio Cesar', 'authorProfileImageUrl': 'https://yt3.ggpht.com/ytc/AGIKgqOhS7_IpdsSB9B-fZ9ntdLoFxVYqK98JWp52Q=s48-c-k-c0x00ffffff-no-rj', 'authorChannelUrl': 'http://www.youtube.com/channel/UC6rM3Yk-L8RFo4cDKP10NXw', 'authorChannelId': {'value': 'UC6rM3Yk-L8RFo4cDKP10NXw'}, 'canRate': True, 'viewerRating': 'none', 'likeCount': 0, 'publishedAt': '2022-10-23T22:51:59Z', 'updatedAt': '2022-10-23T22:51:59Z'}}, 'canReply': True, 'totalReplyCount': 0, 'isPublic': True}",,UC6rM3Yk-L8RFo4cDKP10NXw,2022-10-23T22:51:59Z,Vai falar que foi o Bolsonaro que mandou agredir,QURTSl9pMzUwR3ZncEo5ajRNZ05Ldmk5UDZaS3VVMmJuYXdEZkVsQXBTVmJadkE2RXNSNUFoVDFjbmFFQW9iWERvS1NOWGtNTmJqQ3hIcw==,2023-06-08 14:52:39.978904
youtube#commentThread,Q3e2K17PIjoYBU-1qyg5RdQkZZQ,UgyjpKhtIy7Z5LN-2pN4AaABAg,"{'videoId': 'zEfTDpfyt1o', 'topLevelComment': {'kind': 'youtube#comment', 'etag': 'k5UdZBTDs5tI4x7hOBu3tXSQt8g', 'id': 'UgyjpKhtIy7Z5LN-2pN4AaABAg', 'snippet': {'videoId': 'zEfTDpfyt1o', 'textDisplay': 'Atitudes inconstitucional estão acontecendo todos os dias pelos poderes que deveria proteger.  A fogueira está montada  atearam fogo 🔥 , de quem é a culpa?', 'textOriginal': 'Atitudes inconstitucional estão acontecendo todos os dias pelos poderes que deveria proteger.  A fogueira está montada  atearam fogo 🔥 , de quem é a culpa?', 'authorDisplayName': 'Lina Franca', 'authorProfileImageUrl': 'https://yt3.ggpht.com/ytc/AGIKgqNeLtdkmocBAc88RuZXwrFaTZh3csPx5ZuzuA=s48-c-k-c0x00ffffff-no-rj', 'authorChannelUrl': 'http://www.youtube.com/channel/UCQbbQ8jhvEHig5_-B51sQPQ', 'authorChannelId': {'value': 'UCQbbQ8jhvEHig5_-B51sQPQ'}, 'canRate': True, 'viewerRating': 'none', 'likeCount': 0, 'publishedAt': '2022-10-23T22:51:57Z', 'updatedAt': '2022-10-23T22:51:57Z'}}, 'canReply': True, 'totalReplyCount': 0, 'isPublic': True}",,UCQbbQ8jhvEHig5_-B51sQPQ,2022-10-23T22:51:57Z,"Atitudes inconstitucional estão acontecendo todos os dias pelos poderes que deveria proteger.  A fogueira está montada  atearam fogo 🔥 , de quem é a culpa?",QURTSl9pMzUwR3ZncEo5ajRNZ05Ldmk5UDZaS3VVMmJuYXdEZkVsQXBTVmJadkE2RXNSNUFoVDFjbmFFQW9iWERvS1NOWGtNTmJqQ3hIcw==,2023-06-08 14:52:39.978904
youtube#commentThread,pChVsu-9TjysLZN7WMghGKJ20uw,Ugxr8jFbX52ubcshpPx4AaABAg,"{'videoId': 'zEfTDpfyt1o', 'topLevelComment': {'kind': 'youtube#comment', 'etag': 'SnnuKCcvgJpvxi4rhY3YZcPBSsk', 'id': 'Ugxr8jFbX52ubcshpPx4AaABAg', 'snippet': {'videoId': 'zEfTDpfyt1o', 'textDisplay': 'A CULPA E DOS SENADORES', 'textOriginal': 'A CULPA E DOS SENADORES', 'authorDisplayName': 'Ferreira Ferreira', 'authorProfileImageUrl': 'https://yt3.ggpht.com/ytc/AGIKgqNJ8ztBFha3ySD5WoMN06xA49numjv98C5JCg=s48-c-k-c0x00ffffff-no-rj', 'authorChannelUrl': 'http://www.youtube.com/channel/UCIA2KU_zN5QcwkkMAkQnHqw', 'authorChannelId': {'value': 'UCIA2KU_zN5QcwkkMAkQnHqw'}, 'canRate': True, 'viewerRating': 'none', 'likeCount': 0, 'publishedAt': '2022-10-23T22:51:49Z', 'updatedAt': '2022-10-23T22:51:49Z'}}, 'canReply': True, 'totalReplyCount': 0, 'isPublic': True}",,UCIA2KU_zN5QcwkkMAkQnHqw,2022-10-23T22:51:49Z,A CULPA E DOS SENADORES,QURTSl9pMzUwR3ZncEo5ajRNZ05Ldmk5UDZaS3VVMmJuYXdEZkVsQXBTVmJadkE2RXNSNUFoVDFjbmFFQW9iWERvS1NOWGtNTmJqQ3hIcw==,2023-06-08 14:52:39.978904
youtube#commentThread,G7GvVph5zUeWesCTFf6ADlhLdt0,UgzlYCjbXg23qOYztOB4AaABAg,"{'videoId': 'zEfTDpfyt1o', 'topLevelComment': {'kind': 'youtube#comment', 'etag': 'uhbztSMMSoe3Oivvu4e4zH_uIfY', 'id': 'UgzlYCjbXg23qOYztOB4AaABAg', 'snippet': {'videoId': 'zEfTDpfyt1o', 'textDisplay': 'Prendam esse agressor agoraaaaaaaa; prendam esse homemmmm!', 'textOriginal': 'Prendam esse agressor agoraaaaaaaa; prendam esse homemmmm!', 'authorDisplayName': 'Francisco simão', 'authorProfileImageUrl': 'https://yt3.ggpht.com/ytc/AGIKgqMopOlQ8SCwpNF_RMcUxzysgbBJBfOv6lETtQ=s48-c-k-c0x00ffffff-no-rj', 'authorChannelUrl': 'http://www.youtube.com/channel/UCjS5EyoWh1VKWfjGvRKtlUQ', 'authorChannelId': {'value': 'UCjS5EyoWh1VKWfjGvRKtlUQ'}, 'canRate': True, 'viewerRating': 'none', 'likeCount': 0, 'publishedAt': '2022-10-23T22:51:42Z', 'updatedAt': '2022-10-23T22:51:42Z'}}, 'canReply': True, 'totalReplyCount': 0, 'isPublic': True}",,UCjS5EyoWh1VKWfjGvRKtlUQ,2022-10-23T22:51:42Z,Prendam esse agressor agoraaaaaaaa; prendam esse homemmmm!,QURTSl9pMzUwR3ZncEo5ajRNZ05Ldmk5UDZaS3VVMmJuYXdEZkVsQXBTVmJadkE2RXNSNUFoVDFjbmFFQW9iWERvS1NOWGtNTmJqQ3hIcw==,2023-06-08 14:52:39.978904
youtube#commentThread,ZVSTKCoyeOZQWjQcLKwcgO0FGP4,UgzFy_g7YLOakQA5BuB4AaABAg,"{'videoId': 'zEfTDpfyt1o', 'topLevelComment': {'kind': 'youtube#comment', 'etag': 'GGJyPNqahbumSXqQrkhpSkVgDsc', 'id': 'UgzFy_g7YLOakQA5BuB4AaABAg', 'snippet': {'videoId': 'zEfTDpfyt1o', 'textDisplay': 'O clima está muito tenso,  misericórdia meu Deus...', 'textOriginal': 'O clima está muito tenso,  misericórdia meu Deus...', 'authorDisplayName': 'Mariazinha Ploger', 'authorProfileImageUrl': 'https://yt3.ggpht.com/ytc/AGIKgqO4N1JosMhvoxiqkMe59bT2M9lwSmE_PejA0t3oUifN0-rFD6HU5shVE_Hvppyf=s48-c-k-c0x00ffffff-no-rj', 'authorChannelUrl': 'http://www.youtube.com/channel/UCday1KPYdds7izbYwzUnIug', 'authorChannelId': {'value': 'UCday1KPYdds7izbYwzUnIug'}, 'canRate': True, 'viewerRating': 'none', 'likeCount': 0, 'publishedAt': '2022-10-23T22:51:36Z', 'updatedAt': '2022-10-23T22:51:36Z'}}, 'canReply': True, 'totalReplyCount': 0, 'isPublic': True}",,UCday1KPYdds7izbYwzUnIug,2022-10-23T22:51:36Z,"O clima está muito tenso,  misericórdia meu Deus...",QURTSl9pMzUwR3ZncEo5ajRNZ05Ldmk5UDZaS3VVMmJuYXdEZkVsQXBTVmJadkE2RXNSNUFoVDFjbmFFQW9iWERvS1NOWGtNTmJqQ3hIcw==,2023-06-08 14:52:39.978904
youtube#commentThread,ygZqcPgsVgjVH_rTXyKOtff7zX4,Ugy2RtBl0-gyGZoH3bF4AaABAg,"{'videoId': 'zEfTDpfyt1o', 'topLevelComment': {'kind': 'youtube#comment', 'etag': 'p80bsd5xEiYLb4QSh_Gf5V2PDMM', 'id': 'Ugy2RtBl0-gyGZoH3bF4AaABAg', 'snippet': {'videoId': 'zEfTDpfyt1o', 'textDisplay': 'Pois é né na pandemia pessoas foram agredidas por quererem trabalhar e a globo apoiava totalmente. E ainda dizia que o choro é livre.', 'textOriginal': 'Pois é né na pandemia pessoas foram agredidas por quererem trabalhar e a globo apoiava totalmente. E ainda dizia que o choro é livre.', 'authorDisplayName': 'Ediane Godinho', 'authorProfileImageUrl': 'https://yt3.ggpht.com/ytc/AGIKgqNKd8ZkClwgOi0ifGbYtVsaitvNNRSIgPh31A=s48-c-k-c0x00ffffff-no-rj', 'authorChannelUrl': 'http://www.youtube.com/channel/UClXQCCFl17Xo6j1wWyhcR8g', 'authorChannelId': {'value': 'UClXQCCFl17Xo6j1wWyhcR8g'}, 'canRate': True, 'viewerRating': 'none', 'likeCount': 1, 'publishedAt': '2022-10-23T22:51:32Z', 'updatedAt': '2022-10-23T22:51:32Z'}}, 'canReply': True, 'totalReplyCount': 0, 'isPublic': True}",,UClXQCCFl17Xo6j1wWyhcR8g,2022-10-23T22:51:32Z,Pois é né na pandemia pessoas foram agredidas por quererem trabalhar e a globo apoiava totalmente. E ainda dizia que o choro é livre.,QURTSl9pMzUwR3ZncEo5ajRNZ05Ldmk5UDZaS3VVMmJuYXdEZkVsQXBTVmJadkE2RXNSNUFoVDFjbmFFQW9iWERvS1NOWGtNTmJqQ3hIcw==,2023-06-08 14:52:39.978904
youtube#commentThread,z8xF52XH2yxWnujHZCAaBP3vSSI,Ugx5U1PEyAjm-Tmvvxd4AaABAg,"{'videoId': 'zEfTDpfyt1o', 'topLevelComment': {'kind': 'youtube#comment', 'etag': 'tKj-uY6Llwxghha_uT1hUjFJlgY', 'id': 'Ugx5U1PEyAjm-Tmvvxd4AaABAg', 'snippet': {'videoId': 'zEfTDpfyt1o', 'textDisplay': 'Kkkk ata', 'textOriginal': 'Kkkk ata', 'authorDisplayName': 'Hilcrieste Ouse', 'authorProfileImageUrl': 'https://yt3.ggpht.com/ytc/AGIKgqMaTbYB0BcxHxDykiIhpnrtRBKLs0kcxDmFcQGYNQ=s48-c-k-c0x00ffffff-no-rj', 'authorChannelUrl': 'http://www.youtube.com/channel/UCsiDrEamtr8a2r3M0oTPX-g', 'authorChannelId': {'value': 'UCsiDrEamtr8a2r3M0oTPX-g'}, 'canRate': True, 'viewerRating': 'none', 'likeCount': 0, 'publishedAt': '2022-10-23T22:51:31Z', 'updatedAt': '2022-10-23T22:51:31Z'}}, 'canReply': True, 'totalReplyCount': 0, 'isPublic': True}",,UCsiDrEamtr8a2r3M0oTPX-g,2022-10-23T22:51:31Z,Kkkk ata,QURTSl9pMzUwR3ZncEo5ajRNZ05Ldmk5UDZaS3VVMmJuYXdEZkVsQXBTVmJadkE2RXNSNUFoVDFjbmFFQW9iWERvS1NOWGtNTmJqQ3hIcw==,2023-06-08 14:52:39.978904
youtube#commentThread,s5hKmLkWuG4VLMgbeCdtswGeejU,UgwZPq_rxrE-c0JPLTZ4AaABAg,"{'videoId': 'zEfTDpfyt1o', 'topLevelComment': {'kind': 'youtube#comment', 'etag': 'q3mxKlHw0WoKlQf6q6GwTImL7KI', 'id': 'UgwZPq_rxrE-c0JPLTZ4AaABAg', 'snippet': {'videoId': 'zEfTDpfyt1o', 'textDisplay': 'A globo tem que esconder o logo dela pra proteger os jornalistas.', 'textOriginal': 'A globo tem que esconder o logo dela pra proteger os jornalistas.', 'authorDisplayName': 'MARCOS DOS SANTOS PIRES ', 'authorProfileImageUrl': 'https://yt3.ggpht.com/tqrNwzqoORQyv-KZhL3nNgZ20dIIwdZm3aD1OgZKyVRBf2_cyN3dIGUcZwdcGAkxbEXjVQoN5A=s48-c-k-c0x00ffffff-no-rj', 'authorChannelUrl': 'http://www.youtube.com/channel/UCiibnhAs2Ucjx_Vlbd9g8nA', 'authorChannelId': {'value': 'UCiibnhAs2Ucjx_Vlbd9g8nA'}, 'canRate': True, 'viewerRating': 'none', 'likeCount': 0, 'publishedAt': '2022-10-23T22:51:31Z', 'updatedAt': '2022-10-23T22:51:31Z'}}, 'canReply': True, 'totalReplyCount': 0, 'isPublic': True}",,UCiibnhAs2Ucjx_Vlbd9g8nA,2022-10-23T22:51:31Z,A globo tem que esconder o logo dela pra proteger os jornalistas.,QURTSl9pMzUwR3ZncEo5ajRNZ05Ldmk5UDZaS3VVMmJuYXdEZkVsQXBTVmJadkE2RXNSNUFoVDFjbmFFQW9iWERvS1NOWGtNTmJqQ3hIcw==,2023-06-08 14:52:39.978904
youtube#commentThread,OicJDquDL7DWTRFF4GTTuuiqerU,UgyWdnzLt3vSm38GuSZ4AaABAg,"{'videoId': 'zEfTDpfyt1o', 'topLevelComment': {'kind': 'youtube#comment', 'etag': 'Xckj47MVwwDs6ZxozzOT903c5bE', 'id': 'UgyWdnzLt3vSm38GuSZ4AaABAg', 'snippet': {'videoId': 'zEfTDpfyt1o', 'textDisplay': 'VÃO FALAR QUE FOI O BOLSONARO REPAREM BEM.', 'textOriginal': 'VÃO FALAR QUE FOI O BOLSONARO REPAREM BEM.', 'authorDisplayName': 'ERNANDES Oliveira ca', 'authorProfileImageUrl': 'https://yt3.ggpht.com/ytc/AGIKgqMZcSnLdAUvyUhTRKk097OCCIgwJ1Y9rIqyBLWMr_M9AIV-nSbJIpqWbbWxCAen=s48-c-k-c0x00ffffff-no-rj', 'authorChannelUrl': 'http://www.youtube.com/channel/UCE4CuLygGgo-oXKDsy-gwlQ', 'authorChannelId': {'value': 'UCE4CuLygGgo-oXKDsy-gwlQ'}, 'canRate': True, 'viewerRating': 'none', 'likeCount': 0, 'publishedAt': '2022-10-23T22:51:29Z', 'updatedAt': '2022-10-23T22:51:29Z'}}, 'canReply': True, 'totalReplyCount': 0, 'isPublic': True}",,UCE4CuLygGgo-oXKDsy-gwlQ,2022-10-23T22:51:29Z,VÃO FALAR QUE FOI O BOLSONARO REPAREM BEM.,QURTSl9pMzUwR3ZncEo5ajRNZ05Ldmk5UDZaS3VVMmJuYXdEZkVsQXBTVmJadkE2RXNSNUFoVDFjbmFFQW9iWERvS1NOWGtNTmJqQ3hIcw==,2023-06-08 14:52:39.978904
youtube#commentThread,n-LZWung0IDH-k6ijxWHWftNv6g,UgzqodSfI93UkRTiTLd4AaABAg,"{'videoId': 'zEfTDpfyt1o', 'topLevelComment': {'kind': 'youtube#comment', 'etag': 'BOhje__TGd0NAzWzzcumJgEK-oM', 'id': 'UgzqodSfI93UkRTiTLd4AaABAg', 'snippet': {'videoId': 'zEfTDpfyt1o', 'textDisplay': 'Lamento pelo trabalador, mas  o GLOBO e carniceira tv corrupta.', 'textOriginal': 'Lamento pelo trabalador, mas  o GLOBO e carniceira tv corrupta.', 'authorDisplayName': 'IDnet', 'authorProfileImageUrl': 'https://yt3.ggpht.com/ytc/AGIKgqPc77gwCm1ZAcLnM8tdOoeIFcMwNT6vj5zgn6ByLw=s48-c-k-c0x00ffffff-no-rj', 'authorChannelUrl': 'http://www.youtube.com/channel/UCfGlxRnHrrXTd0FsxOOmnLg', 'authorChannelId': {'value': 'UCfGlxRnHrrXTd0FsxOOmnLg'}, 'canRate': True, 'viewerRating': 'none', 'likeCount': 0, 'publishedAt': '2022-10-23T22:51:27Z', 'updatedAt': '2022-10-23T22:51:27Z'}}, 'canReply': True, 'totalReplyCount': 0, 'isPublic': True}",,UCfGlxRnHrrXTd0FsxOOmnLg,2022-10-23T22:51:27Z,"Lamento pelo trabalador, mas  o GLOBO e carniceira tv corrupta.",QURTSl9pMzUwR3ZncEo5ajRNZ05Ldmk5UDZaS3VVMmJuYXdEZkVsQXBTVmJadkE2RXNSNUFoVDFjbmFFQW9iWERvS1NOWGtNTmJqQ3hIcw==,2023-06-08 14:52:39.978904
youtube#commentThread,izwqWPkRw9jEttStVukW_2VRiHs,UgxK7YtGgZoJUJbpGo54AaABAg,"{'videoId': 'zEfTDpfyt1o', 'topLevelComment': {'kind': 'youtube#comment', 'etag': 'U7TrqW45daZ-K2xR4HJ_E7-9r3s', 'id': 'UgxK7YtGgZoJUJbpGo54AaABAg', 'snippet': {'videoId': 'zEfTDpfyt1o', 'textDisplay': 'Oremos por ele agora...*Roberto', 'textOriginal': 'Oremos por ele agora...*Roberto', 'authorDisplayName': 'Sueli Carlos da Silva', 'authorProfileImageUrl': 'https://yt3.ggpht.com/ytc/AGIKgqMFNcZ_R4xIIJyjyzC6LEWI4J6uogWTzoK1oGim0ow8TvfK_yGYLfzdtyW7BYd6=s48-c-k-c0x00ffffff-no-rj', 'authorChannelUrl': 'http://www.youtube.com/channel/UC1-Xiw5McWvEtc6zRNkejmA', 'authorChannelId': {'value': 'UC1-Xiw5McWvEtc6zRNkejmA'}, 'canRate': True, 'viewerRating': 'none', 'likeCount': 10, 'publishedAt': '2022-10-23T22:51:22Z', 'updatedAt': '2022-10-23T22:51:22Z'}}, 'canReply': True, 'totalReplyCount': 0, 'isPublic': True}",,UC1-Xiw5McWvEtc6zRNkejmA,2022-10-23T22:51:22Z,Oremos por ele agora...*Roberto,QURTSl9pMzUwR3ZncEo5ajRNZ05Ldmk5UDZaS3VVMmJuYXdEZkVsQXBTVmJadkE2RXNSNUFoVDFjbmFFQW9iWERvS1NOWGtNTmJqQ3hIcw==,2023-06-08 14:52:39.978904
youtube#commentThread,PRblrMymN3jdVTOwSxD0pJ2H_iQ,Ugxx725drur26pc3Rv54AaABAg,"{'videoId': 'zEfTDpfyt1o', 'topLevelComment': {'kind': 'youtube#comment', 'etag': 'DAyqyTsYUg6N7fVMbMJCMfXXNtk', 'id': 'Ugxx725drur26pc3Rv54AaABAg', 'snippet': {'videoId': 'zEfTDpfyt1o', 'textDisplay': 'A população já esta revoltada com a GloboLixo porque Deturpam todas as Notícias.', 'textOriginal': 'A população já esta revoltada com a GloboLixo porque Deturpam todas as Notícias.', 'authorDisplayName': 'Nivaldo Dantas', 'authorProfileImageUrl': 'https://yt3.ggpht.com/ytc/AGIKgqOk1TkC0Z5ib27QG-twkyacXbNPkL9XfFeYItdNiA=s48-c-k-c0x00ffffff-no-rj', 'authorChannelUrl': 'http://www.youtube.com/channel/UCaZ0dqVReVcUWFJQJhXJ6uQ', 'authorChannelId': {'value': 'UCaZ0dqVReVcUWFJQJhXJ6uQ'}, 'canRate': True, 'viewerRating': 'none', 'likeCount': 0, 'publishedAt': '2022-10-23T22:51:22Z', 'updatedAt': '2022-10-23T22:51:22Z'}}, 'canReply': True, 'totalReplyCount': 0, 'isPublic': True}",,UCaZ0dqVReVcUWFJQJhXJ6uQ,2022-10-23T22:51:22Z,A população já esta revoltada com a GloboLixo porque Deturpam todas as Notícias.,QURTSl9pMzUwR3ZncEo5ajRNZ05Ldmk5UDZaS3VVMmJuYXdEZkVsQXBTVmJadkE2RXNSNUFoVDFjbmFFQW9iWERvS1NOWGtNTmJqQ3hIcw==,2023-06-08 14:52:39.978904
youtube#commentThread,HXuI3oL6ae722EzqV1jEdSR5voU,UgzSV2LW3ft9hsoDGLh4AaABAg,"{'videoId': 'zEfTDpfyt1o', 'topLevelComment': {'kind': 'youtube#comment', 'etag': 'uAyy5M8dSs8U86B9aULbsqMW5zM', 'id': 'UgzSV2LW3ft9hsoDGLh4AaABAg', 'snippet': {'videoId': 'zEfTDpfyt1o', 'textDisplay': 'Parabéns, Jovem Pan! Isso sim é dignidade! Cada um oferece aquilo que tem, globo ...', 'textOriginal': 'Parabéns, Jovem Pan! Isso sim é dignidade! Cada um oferece aquilo que tem, globo ...', 'authorDisplayName': 'Leslie Maia Lopes Freire', 'authorProfileImageUrl': 'https://yt3.ggpht.com/ytc/AGIKgqOmlfsNnJ_29sq6tiYxVzAOno0QjpFHKynCrTTeoA=s48-c-k-c0x00ffffff-no-rj', 'authorChannelUrl': 'http://www.youtube.com/channel/UCOHhz3L9GCnpTCRc5G-pQ0g', 'authorChannelId': {'value': 'UCOHhz3L9GCnpTCRc5G-pQ0g'}, 'canRate': True, 'viewerRating': 'none', 'likeCount': 30, 'publishedAt': '2022-10-23T22:51:20Z', 'updatedAt': '2022-10-23T22:51:20Z'}}, 'canReply': True, 'totalReplyCount': 0, 'isPublic': True}",,UCOHhz3L9GCnpTCRc5G-pQ0g,2022-10-23T22:51:20Z,"Parabéns, Jovem Pan! Isso sim é dignidade! Cada um oferece aquilo que tem, globo ...",QURTSl9pMzUwR3ZncEo5ajRNZ05Ldmk5UDZaS3VVMmJuYXdEZkVsQXBTVmJadkE2RXNSNUFoVDFjbmFFQW9iWERvS1NOWGtNTmJqQ3hIcw==,2023-06-08 14:52:39.978904
youtube#commentThread,2RD6IkT-c1CZbfIJg6f0ftERqkg,UgxVqXZyJ0jGZYsTdgx4AaABAg,"{'videoId': 'zEfTDpfyt1o', 'topLevelComment': {'kind': 'youtube#comment', 'etag': 'NouhV458IDvigy9lE4RjzrVp9K4', 'id': 'UgxVqXZyJ0jGZYsTdgx4AaABAg', 'snippet': {'videoId': 'zEfTDpfyt1o', 'textDisplay': 'Lamentável.<br>O indivíduo que o agrediu não representa os movimentos de direita.', 'textOriginal': 'Lamentável.\\nO indivíduo que o agrediu não representa os movimentos de direita.', 'authorDisplayName': 'Carlos Caetano', 'authorProfileImageUrl': 'https://yt3.ggpht.com/ytc/AGIKgqPrMS0NEKI9dHcqLTa8ueYYSGDNB929lWenjX2htg=s48-c-k-c0x00ffffff-no-rj', 'authorChannelUrl': 'http://www.youtube.com/channel/UC6h4naH1zmwpUfi4aLYHk8g', 'authorChannelId': {'value': 'UC6h4naH1zmwpUfi4aLYHk8g'}, 'canRate': True, 'viewerRating': 'none', 'likeCount': 0, 'publishedAt': '2022-10-23T22:51:18Z', 'updatedAt': '2022-10-23T22:51:18Z'}}, 'canReply': True, 'totalReplyCount': 0, 'isPublic': True}",,UC6h4naH1zmwpUfi4aLYHk8g,2022-10-23T22:51:18Z,"Lamentável.
O indivíduo que o agrediu não representa os movimentos de direita.",QURTSl9pMzUwR3ZncEo5ajRNZ05Ldmk5UDZaS3VVMmJuYXdEZkVsQXBTVmJadkE2RXNSNUFoVDFjbmFFQW9iWERvS1NOWGtNTmJqQ3hIcw==,2023-06-08 14:52:39.978904
youtube#commentThread,Q-5yOt9PEmXJpf1WB-MS1j7PCpc,UgxBS80F14T9YyovbQZ4AaABAg,"{'videoId': 'zEfTDpfyt1o', 'topLevelComment': {'kind': 'youtube#comment', 'etag': '9NW1C4B4n03xeqgRHAkmbr14EIA', 'id': 'UgxBS80F14T9YyovbQZ4AaABAg', 'snippet': {'videoId': 'zEfTDpfyt1o', 'textDisplay': 'Pois é.... já que a TV Globo e outras não vêm nada de errado com os procedimentos ilegais e ditatoriais do TSE e STF então nós nos damos o direito de aprovar e aplaudir este ataque a um repórter dessa Globo inútil, já que a lei deixou de existir nesse país há algum tempo e a mídia se cala diante disso.', 'textOriginal': 'Pois é.... já que a TV Globo e outras não vêm nada de errado com os procedimentos ilegais e ditatoriais do TSE e STF então nós nos damos o direito de aprovar e aplaudir este ataque a um repórter dessa Globo inútil, já que a lei deixou de existir nesse país há algum tempo e a mídia se cala diante disso.', 'authorDisplayName': 'Rutte Brasil', 'authorProfileImageUrl': 'https://yt3.ggpht.com/ytc/AGIKgqNgfrPRmmwJwhEB62A6G3EPCS9F1KZabFy-vq2Qcw=s48-c-k-c0x00ffffff-no-rj', 'authorChannelUrl': 'http://www.youtube.com/channel/UCwIkPaXxhb5zP4J_FvwxtDg', 'authorChannelId': {'value': 'UCwIkPaXxhb5zP4J_FvwxtDg'}, 'canRate': True, 'viewerRating': 'none', 'likeCount': 0, 'publishedAt': '2022-10-23T22:51:17Z', 'updatedAt': '2022-10-23T22:53:29Z'}}, 'canReply': True, 'totalReplyCount': 0, 'isPublic': True}",,UCwIkPaXxhb5zP4J_FvwxtDg,2022-10-23T22:51:17Z,"Pois é.... já que a TV Globo e outras não vêm nada de errado com os procedimentos ilegais e ditatoriais do TSE e STF então nós nos damos o direito de aprovar e aplaudir este ataque a um repórter dessa Globo inútil, já que a lei deixou de existir nesse país há algum tempo e a mídia se cala diante disso.",QURTSl9pMzUwR3ZncEo5ajRNZ05Ldmk5UDZaS3VVMmJuYXdEZkVsQXBTVmJadkE2RXNSNUFoVDFjbmFFQW9iWERvS1NOWGtNTmJqQ3hIcw==,2023-06-08 14:52:39.978904
youtube#commentThread,NBqurjGcXNXNV3dwpdFcpR_xCcc,UgyegDlnIrKevlCzAcp4AaABAg,"{'videoId': 'zEfTDpfyt1o', 'topLevelComment': {'kind': 'youtube#comment', 'etag': 'a1w7a9lkK3_Fp21_ARYjlRKpS1Q', 'id': 'UgyegDlnIrKevlCzAcp4AaABAg', 'snippet': {'videoId': 'zEfTDpfyt1o', 'textDisplay': 'Não estou dizendo que ação estar correta.', 'textOriginal': 'Não estou dizendo que ação estar correta.', 'authorDisplayName': 'Boas lembranças família mka Família', 'authorProfileImageUrl': 'https://yt3.ggpht.com/ytc/AGIKgqPq1QYBClbycFgTfTs9KhzBpJwj_fRaVlFbgmK-Wg=s48-c-k-c0x00ffffff-no-rj', 'authorChannelUrl': 'http://www.youtube.com/channel/UC_RT-LTJ9uIl6u4WyKNtxrw', 'authorChannelId': {'value': 'UC_RT-LTJ9uIl6u4WyKNtxrw'}, 'canRate': True, 'viewerRating': 'none', 'likeCount': 0, 'publishedAt': '2022-10-23T22:51:17Z', 'updatedAt': '2022-10-23T22:51:17Z'}}, 'canReply': True, 'totalReplyCount': 0, 'isPublic': True}",,UC_RT-LTJ9uIl6u4WyKNtxrw,2022-10-23T22:51:17Z,Não estou dizendo que ação estar correta.,QURTSl9pMzUwR3ZncEo5ajRNZ05Ldmk5UDZaS3VVMmJuYXdEZkVsQXBTVmJadkE2RXNSNUFoVDFjbmFFQW9iWERvS1NOWGtNTmJqQ3hIcw==,2023-06-08 14:52:39.978904
youtube#commentThread,iEAx1ltJXHAsZCc2Nt2617SkaeY,UgxCYrg_V4VOFdxwdUt4AaABAg,"{'videoId': 'zEfTDpfyt1o', 'topLevelComment': {'kind': 'youtube#comment', 'etag': 'GeK-VYa9NOeR1SnDhj8OoEtqlU0', 'id': 'UgxCYrg_V4VOFdxwdUt4AaABAg', 'snippet': {'videoId': 'zEfTDpfyt1o', 'textDisplay': '🤩🤩🤩🤩🤩O resto do  chupetinha  do Bozo conversou fiado e perdeu armas 😛😛😛😛😛😛😛😛👺👺👺👺👺', 'textOriginal': '🤩🤩🤩🤩🤩O resto do  chupetinha  do Bozo conversou fiado e perdeu armas 😛😛😛😛😛😛😛😛👺👺👺👺👺', 'authorDisplayName': 'Lazin Socialista', 'authorProfileImageUrl': 'https://yt3.ggpht.com/ytc/AGIKgqMbkE6nNuGpRutQu06wskefOpc4o5gOvF1oNlATMg=s48-c-k-c0x00ffffff-no-rj', 'authorChannelUrl': 'http://www.youtube.com/channel/UCO9m5ZHhcersNh25uuU_6ng', 'authorChannelId': {'value': 'UCO9m5ZHhcersNh25uuU_6ng'}, 'canRate': True, 'viewerRating': 'none', 'likeCount': 0, 'publishedAt': '2022-10-23T22:51:09Z', 'updatedAt': '2022-10-23T22:51:09Z'}}, 'canReply': True, 'totalReplyCount': 0, 'isPublic': True}",,UCO9m5ZHhcersNh25uuU_6ng,2022-10-23T22:51:09Z,🤩🤩🤩🤩🤩O resto do  chupetinha  do Bozo conversou fiado e perdeu armas 😛😛😛😛😛😛😛😛👺👺👺👺👺,QURTSl9pMzUwR3ZncEo5ajRNZ05Ldmk5UDZaS3VVMmJuYXdEZkVsQXBTVmJadkE2RXNSNUFoVDFjbmFFQW9iWERvS1NOWGtNTmJqQ3hIcw==,2023-06-08 14:52:39.978904
youtube#commentThread,Bp2B5dPRFj5NITtwrHKCx7er7uo,Ugw-3SGFbp1A0MX1NYF4AaABAg,"{'videoId': 'zEfTDpfyt1o', 'topLevelComment': {'kind': 'youtube#comment', 'etag': 'HG3sN3lWrhnohLcl6U7maFyBx3o', 'id': 'Ugw-3SGFbp1A0MX1NYF4AaABAg', 'snippet': {'videoId': 'zEfTDpfyt1o', 'textDisplay': 'O cinegrafista estava apenas trabalhando! Que absurdo! Esse povo não nos representa!!!!! 🇧🇷🇧🇷🇧🇷🇧🇷🇧🇷💚💚💛💛2️⃣2️⃣', 'textOriginal': 'O cinegrafista estava apenas trabalhando! Que absurdo! Esse povo não nos representa!!!!! 🇧🇷🇧🇷🇧🇷🇧🇷🇧🇷💚💚💛💛2️⃣2️⃣', 'authorDisplayName': 'Flávio Luiz', 'authorProfileImageUrl': 'https://yt3.ggpht.com/ytc/AGIKgqP3aA8GvSddpwlyXDOfRBr1WxriwO_tjbSH0bnw=s48-c-k-c0x00ffffff-no-rj', 'authorChannelUrl': 'http://www.youtube.com/channel/UC_De4yF-5A___h6KaIOSOWg', 'authorChannelId': {'value': 'UC_De4yF-5A___h6KaIOSOWg'}, 'canRate': True, 'viewerRating': 'none', 'likeCount': 2, 'publishedAt': '2022-10-23T22:51:02Z', 'updatedAt': '2022-10-23T22:51:02Z'}}, 'canReply': True, 'totalReplyCount': 2, 'isPublic': True}","{'comments': [{'kind': 'youtube#comment', 'etag': 'xjRbXbrYpiHB2FZtZbjtFkq1Ylk', 'id': 'Ugw-3SGFbp1A0MX1NYF4AaABAg.9hYDT-w_I729hZUg8QMk0_', 'snippet': {'videoId': 'zEfTDpfyt1o', 'textDisplay': '@Tiburcio Nascimento temos que combater o mal com o bem. Agredir as pessoas nunca será uma opção. Quer protestar? Convença os seus, coloque sua camisa verde e amarela e vá para as ruas. Mas sempre trate a TODOS com amor. ESSE É E TEM QUE CONTINUAR SENDO O PADRÃO DA CAMPANHA DO BOLSONARO.', 'textOriginal': '@Tiburcio Nascimento temos que combater o mal com o bem. Agredir as pessoas nunca será uma opção. Quer protestar? Convença os seus, coloque sua camisa verde e amarela e vá para as ruas. Mas sempre trate a TODOS com amor. ESSE É E TEM QUE CONTINUAR SENDO O PADRÃO DA CAMPANHA DO BOLSONARO.', 'parentId': 'Ugw-3SGFbp1A0MX1NYF4AaABAg', 'authorDisplayName': 'Flávio Luiz', 'authorProfileImageUrl': 'https://yt3.ggpht.com/ytc/AGIKgqP3aA8GvSddpwlyXDOfRBr1WxriwO_tjbSH0bnw=s48-c-k-c0x00ffffff-no-rj', 'authorChannelUrl': 'http://www.youtube.com/channel/UC_De4yF-5A___h6KaIOSOWg', 'authorChannelId': {'value': 'UC_De4yF-5A___h6KaIOSOWg'}, 'canRate': True, 'viewerRating': 'none', 'likeCount': 0, 'publishedAt': '2022-10-24T10:40:45Z', 'updatedAt': '2022-10-24T10:40:45Z'}}, {'kind': 'youtube#comment', 'etag': 'BJ4jcu7w8TXVfH35mWsMYhhQVEc', 'id': 'Ugw-3SGFbp1A0MX1NYF4AaABAg.9hYDT-w_I729hYfQ7VViaW', 'snippet': {'videoId': 'zEfTDpfyt1o', 'textDisplay': 'Quando ele filmar os jagunços te levando algemado e  a reportagem bombar na Globo, não vais achar tão absurdo...', 'textOriginal': 'Quando ele filmar os jagunços te levando algemado e  a reportagem bombar na Globo, não vais achar tão absurdo...', 'parentId': 'Ugw-3SGFbp1A0MX1NYF4AaABAg', 'authorDisplayName': 'Tiburcio Nascimento', 'authorProfileImageUrl': 'https://yt3.ggpht.com/ytc/AGIKgqPYJ16XbloZp1nRif2q9UiINjE9b3aLcJFllVpYZmGF8L32gAvFuJ_fm0H5T6oa=s48-c-k-c0x00ffffff-no-rj', 'authorChannelUrl': 'http://www.youtube.com/channel/UCOpVT2WBtvOTmNgRgNreY3Q', 'authorChannelId': {'value': 'UCOpVT2WBtvOTmNgRgNreY3Q'}, 'canRate': True, 'viewerRating': 'none', 'likeCount': 0, 'publishedAt': '2022-10-24T03:04:02Z', 'updatedAt': '2022-10-24T03:04:02Z'}}]}",UC_De4yF-5A___h6KaIOSOWg,2022-10-23T22:51:02Z,O cinegrafista estava apenas trabalhando! Que absurdo! Esse povo não nos representa!!!!! 🇧🇷🇧🇷🇧🇷🇧🇷🇧🇷💚💚💛💛2️⃣2️⃣,QURTSl9pMzUwR3ZncEo5ajRNZ05Ldmk5UDZaS3VVMmJuYXdEZkVsQXBTVmJadkE2RXNSNUFoVDFjbmFFQW9iWERvS1NOWGtNTmJqQ3hIcw==,2023-06-08 14:52:39.978904
youtube#commentThread,NtU6nOFI6UgsdvJ7tflACP7mnEY,UgwDZVRHj1ybdS30G5d4AaABAg,"{'videoId': 'zEfTDpfyt1o', 'topLevelComment': {'kind': 'youtube#comment', 'etag': 'wBEb4wMP6AzKiGOtMAfrr9RduYg', 'id': 'UgwDZVRHj1ybdS30G5d4AaABAg', 'snippet': {'videoId': 'zEfTDpfyt1o', 'textDisplay': 'O Brasil virou um barril de pólvora pronto a explodir. Creditados ao STF, STE, Senado  na figura do seu presidente que não limita as ações arbitrárias do STF.', 'textOriginal': 'O Brasil virou um barril de pólvora pronto a explodir. Creditados ao STF, STE, Senado  na figura do seu presidente que não limita as ações arbitrárias do STF.', 'authorDisplayName': 'Maria Tereza Husemann', 'authorProfileImageUrl': 'https://yt3.ggpht.com/ytc/AGIKgqNU1LJWmMSzcoSxgTTvz8uaUUVsgctvJGddpQ=s48-c-k-c0x00ffffff-no-rj', 'authorChannelUrl': 'http://www.youtube.com/channel/UC4P6zO1SvmTOzwCcUvrywJQ', 'authorChannelId': {'value': 'UC4P6zO1SvmTOzwCcUvrywJQ'}, 'canRate': True, 'viewerRating': 'none', 'likeCount': 0, 'publishedAt': '2022-10-23T22:51:01Z', 'updatedAt': '2022-10-23T22:51:01Z'}}, 'canReply': True, 'totalReplyCount': 0, 'isPublic': True}",,UC4P6zO1SvmTOzwCcUvrywJQ,2022-10-23T22:51:01Z,"O Brasil virou um barril de pólvora pronto a explodir. Creditados ao STF, STE, Senado  na figura do seu presidente que não limita as ações arbitrárias do STF.",QURTSl9pMzUwR3ZncEo5ajRNZ05Ldmk5UDZaS3VVMmJuYXdEZkVsQXBTVmJadkE2RXNSNUFoVDFjbmFFQW9iWERvS1NOWGtNTmJqQ3hIcw==,2023-06-08 14:52:39.978904
youtube#commentThread,7E1roBGPsSv56mC_HtQzE9MLhMY,Ugw1D_wjQx_PYmps8O14AaABAg,"{'videoId': 'zEfTDpfyt1o', 'topLevelComment': {'kind': 'youtube#comment', 'etag': 'UQyVNjch9AVFJN0CgeDHeIimymQ', 'id': 'Ugw1D_wjQx_PYmps8O14AaABAg', 'snippet': {'videoId': 'zEfTDpfyt1o', 'textDisplay': 'O STF vai querer impedir o presidente porcausa disso', 'textOriginal': 'O STF vai querer impedir o presidente porcausa disso', 'authorDisplayName': 'Ricardo Ferraz da cunha', 'authorProfileImageUrl': 'https://yt3.ggpht.com/ytc/AGIKgqNo7mhk8JBVBNp1k84SF4umQEFXZb5r9_7tXnn1dnDQAMr962GFF9W1hqeuKUt0=s48-c-k-c0x00ffffff-no-rj', 'authorChannelUrl': 'http://www.youtube.com/channel/UCinqSsWi4_FItJtlMlBqlkg', 'authorChannelId': {'value': 'UCinqSsWi4_FItJtlMlBqlkg'}, 'canRate': True, 'viewerRating': 'none', 'likeCount': 0, 'publishedAt': '2022-10-23T22:50:57Z', 'updatedAt': '2022-10-23T22:50:57Z'}}, 'canReply': True, 'totalReplyCount': 0, 'isPublic': True}",,UCinqSsWi4_FItJtlMlBqlkg,2022-10-23T22:50:57Z,O STF vai querer impedir o presidente porcausa disso,QURTSl9pMzUwR3ZncEo5ajRNZ05Ldmk5UDZaS3VVMmJuYXdEZkVsQXBTVmJadkE2RXNSNUFoVDFjbmFFQW9iWERvS1NOWGtNTmJqQ3hIcw==,2023-06-08 14:52:39.978904
youtube#commentThread,cOHF666k80IEL8klech9fMwisHA,UgxrwGPSoOOoobxAGqZ4AaABAg,"{'videoId': 'zEfTDpfyt1o', 'topLevelComment': {'kind': 'youtube#comment', 'etag': 'l2EJu4njbTVU3nlVFlFCe6RDqpo', 'id': 'UgxrwGPSoOOoobxAGqZ4AaABAg', 'snippet': {'videoId': 'zEfTDpfyt1o', 'textDisplay': 'Foi um bolsonarista', 'textOriginal': 'Foi um bolsonarista', 'authorDisplayName': 'Alessandro', 'authorProfileImageUrl': 'https://yt3.ggpht.com/ytc/AGIKgqP7NATjC-nFiRZpu_lEU4puxpYQU-Xbl0euG7Jhqr8=s48-c-k-c0x00ffffff-no-rj', 'authorChannelUrl': 'http://www.youtube.com/channel/UC9nqFXL_RJ9quJGi0JPpbYA', 'authorChannelId': {'value': 'UC9nqFXL_RJ9quJGi0JPpbYA'}, 'canRate': True, 'viewerRating': 'none', 'likeCount': 0, 'publishedAt': '2022-10-23T22:50:56Z', 'updatedAt': '2022-10-23T22:50:56Z'}}, 'canReply': True, 'totalReplyCount': 0, 'isPublic': True}",,UC9nqFXL_RJ9quJGi0JPpbYA,2022-10-23T22:50:56Z,Foi um bolsonarista,QURTSl9pMzUwR3ZncEo5ajRNZ05Ldmk5UDZaS3VVMmJuYXdEZkVsQXBTVmJadkE2RXNSNUFoVDFjbmFFQW9iWERvS1NOWGtNTmJqQ3hIcw==,2023-06-08 14:52:39.978904
youtube#commentThread,Q2G7TatlIof98gE6tGe9tIrMwOg,Ugzik1sFwGjNahPtr3p4AaABAg,"{'videoId': 'zEfTDpfyt1o', 'topLevelComment': {'kind': 'youtube#comment', 'etag': 'xkNGT1lXuJhT6MN7TfZNC7YDl_k', 'id': 'Ugzik1sFwGjNahPtr3p4AaABAg', 'snippet': {'videoId': 'zEfTDpfyt1o', 'textDisplay': 'Vir a ser pior se a esquerda voltar ao MANDATO e os EMPREGOS cairem  mais ainda, este negocio  de pacific  o Brasil já tomou nu C..., e outra e I sou base da piramide,  e sendo assim quando o Brasil for igual a Venezuela,  aj a base estará nas ruas sendo caçados, eu Nak tenho crianças  para criar  neste país', 'textOriginal': 'Vir a ser pior se a esquerda voltar ao MANDATO e os EMPREGOS cairem  mais ainda, este negocio  de pacific  o Brasil já tomou nu C..., e outra e I sou base da piramide,  e sendo assim quando o Brasil for igual a Venezuela,  aj a base estará nas ruas sendo caçados, eu Nak tenho crianças  para criar  neste país', 'authorDisplayName': 'Cida Silva', 'authorProfileImageUrl': 'https://yt3.ggpht.com/UtoOKyfE83Z1zcFK4Tjx_-VbjwuZ0WRnzyEmgo3I72TgDqq8ki0MUxnvuL2L_YUxoLjbm9NeQpw=s48-c-k-c0x00ffffff-no-rj', 'authorChannelUrl': 'http://www.youtube.com/channel/UCbWYsG8En73h1Gtoq9plwXw', 'authorChannelId': {'value': 'UCbWYsG8En73h1Gtoq9plwXw'}, 'canRate': True, 'viewerRating': 'none', 'likeCount': 0, 'publishedAt': '2022-10-23T22:50:56Z', 'updatedAt': '2022-10-23T22:50:56Z'}}, 'canReply': True, 'totalReplyCount': 0, 'isPublic': True}",,UCbWYsG8En73h1Gtoq9plwXw,2022-10-23T22:50:56Z,"Vir a ser pior se a esquerda voltar ao MANDATO e os EMPREGOS cairem  mais ainda, este negocio  de pacific  o Brasil já tomou nu C..., e outra e I sou base da piramide,  e sendo assim quando o Brasil for igual a Venezuela,  aj a base estará nas ruas sendo caçados, eu Nak tenho crianças  para criar  neste país",QURTSl9pMzUwR3ZncEo5ajRNZ05Ldmk5UDZaS3VVMmJuYXdEZkVsQXBTVmJadkE2RXNSNUFoVDFjbmFFQW9iWERvS1NOWGtNTmJqQ3hIcw==,2023-06-08 14:52:39.978904
youtube#commentThread,FX3Rr3qggvmpQjTHKn0eCJiY-yE,UgxAdrSSkNhxMHpvDeN4AaABAg,"{'videoId': 'zEfTDpfyt1o', 'topLevelComment': {'kind': 'youtube#comment', 'etag': '_nAj3XgV6IZ3DxTGMZ1JvB1CvmQ', 'id': 'UgxAdrSSkNhxMHpvDeN4AaABAg', 'snippet': {'videoId': 'zEfTDpfyt1o', 'textDisplay': 'É de dar nojo desses tipo de materia vivente, ou é um verme ou uma bacteria..., para fazer tal ato de agressão a uma pessoa que esta trabalhando para levar à noticia aos seus telespectadores. Que responda por esse ato de covardia.', 'textOriginal': 'É de dar nojo desses tipo de materia vivente, ou é um verme ou uma bacteria..., para fazer tal ato de agressão a uma pessoa que esta trabalhando para levar à noticia aos seus telespectadores. Que responda por esse ato de covardia.', 'authorDisplayName': 'Heberth Souza', 'authorProfileImageUrl': 'https://yt3.ggpht.com/ytc/AGIKgqN91pbRWbS1R8Jk0PWEI2FEdUWYKM1gi4j7wCWz=s48-c-k-c0x00ffffff-no-rj', 'authorChannelUrl': 'http://www.youtube.com/channel/UCJPwMim-j9nY86gzU2vyALQ', 'authorChannelId': {'value': 'UCJPwMim-j9nY86gzU2vyALQ'}, 'canRate': True, 'viewerRating': 'none', 'likeCount': 0, 'publishedAt': '2022-10-23T22:50:48Z', 'updatedAt': '2022-10-23T22:50:48Z'}}, 'canReply': True, 'totalReplyCount': 0, 'isPublic': True}",,UCJPwMim-j9nY86gzU2vyALQ,2022-10-23T22:50:48Z,"É de dar nojo desses tipo de materia vivente, ou é um verme ou uma bacteria..., para fazer tal ato de agressão a uma pessoa que esta trabalhando para levar à noticia aos seus telespectadores. Que responda por esse ato de covardia.",QURTSl9pMzUwR3ZncEo5ajRNZ05Ldmk5UDZaS3VVMmJuYXdEZkVsQXBTVmJadkE2RXNSNUFoVDFjbmFFQW9iWERvS1NOWGtNTmJqQ3hIcw==,2023-06-08 14:52:39.978904
youtube#commentThread,UzF6gwqbJyzIHElfwbXolO-cciU,UgxDOUd7JumlC25RjrZ4AaABAg,"{'videoId': 'zEfTDpfyt1o', 'topLevelComment': {'kind': 'youtube#comment', 'etag': '73Yg96_snaGn5qefC1BWJK53XwM', 'id': 'UgxDOUd7JumlC25RjrZ4AaABAg', 'snippet': {'videoId': 'zEfTDpfyt1o', 'textDisplay': '👹👹👹👹👹👹👹👹👹👹👹👹👹👹👹👹👹👹👹👹👹.  LULA. MACUMBEIRO. FAZEDOR. DE PACTO. C/. OS. DEMÔNIOS,. VAI. DESTRUIR. O. BRASIL E. O. POVO. BRASILEIROS...  LULA. UMA. MALDIÇÃO NO BRASIL...☝️☝️☝️☝️☝️☝️☝️☝️☝️☝️☝️☝️☝️☝️☝️☝️☝️', 'textOriginal': '👹👹👹👹👹👹👹👹👹👹👹👹👹👹👹👹👹👹👹👹👹.  LULA. MACUMBEIRO. FAZEDOR. DE PACTO. C/. OS. DEMÔNIOS,. VAI. DESTRUIR. O. BRASIL E. O. POVO. BRASILEIROS...  LULA. UMA. MALDIÇÃO NO BRASIL...☝️☝️☝️☝️☝️☝️☝️☝️☝️☝️☝️☝️☝️☝️☝️☝️☝️', 'authorDisplayName': 'Antonio Abreu', 'authorProfileImageUrl': 'https://yt3.ggpht.com/ytc/AGIKgqNasL5tpxfia3BaSW9CNvQP7hncqfopO11-bnPcmeXW8hgM2sLSucsaf--noEpp=s48-c-k-c0x00ffffff-no-rj', 'authorChannelUrl': 'http://www.youtube.com/channel/UCpICVHvHQQ7OZg0esnNkIkw', 'authorChannelId': {'value': 'UCpICVHvHQQ7OZg0esnNkIkw'}, 'canRate': True, 'viewerRating': 'none', 'likeCount': 0, 'publishedAt': '2022-10-23T22:50:48Z', 'updatedAt': '2022-10-23T22:50:48Z'}}, 'canReply': True, 'totalReplyCount': 0, 'isPublic': True}",,UCpICVHvHQQ7OZg0esnNkIkw,2022-10-23T22:50:48Z,"👹👹👹👹👹👹👹👹👹👹👹👹👹👹👹👹👹👹👹👹👹.  LULA. MACUMBEIRO. FAZEDOR. DE PACTO. C/. OS. DEMÔNIOS,. VAI. DESTRUIR. O. BRASIL E. O. POVO. BRASILEIROS...  LULA. UMA. MALDIÇÃO NO BRASIL...☝️☝️☝️☝️☝️☝️☝️☝️☝️☝️☝️☝️☝️☝️☝️☝️☝️",QURTSl9pMzUwR3ZncEo5ajRNZ05Ldmk5UDZaS3VVMmJuYXdEZkVsQXBTVmJadkE2RXNSNUFoVDFjbmFFQW9iWERvS1NOWGtNTmJqQ3hIcw==,2023-06-08 14:52:39.978904
youtube#commentThread,Q_r4x2qS1f-GTND6rB13I9VM1Dg,UgwVehIZ47zf_gJo4Ld4AaABAg,"{'videoId': 'zEfTDpfyt1o', 'topLevelComment': {'kind': 'youtube#comment', 'etag': 'gkOQJII5HgLtPdh55617kC4JKR0', 'id': 'UgwVehIZ47zf_gJo4Ld4AaABAg', 'snippet': {'videoId': 'zEfTDpfyt1o', 'textDisplay': '22   td  sera  resovido   nosso  capitão.', 'textOriginal': '22   td  sera  resovido   nosso  capitão.', 'authorDisplayName': 'Solange De Fatima', 'authorProfileImageUrl': 'https://yt3.ggpht.com/ytc/AGIKgqPXf9B4lHggswdUgaNIrGMXJrHq9NdbZFp76Q=s48-c-k-c0x00ffffff-no-rj', 'authorChannelUrl': 'http://www.youtube.com/channel/UCOjdy-xvdgOdrjiflVqEdbA', 'authorChannelId': {'value': 'UCOjdy-xvdgOdrjiflVqEdbA'}, 'canRate': True, 'viewerRating': 'none', 'likeCount': 0, 'publishedAt': '2022-10-23T22:50:39Z', 'updatedAt': '2022-10-23T22:50:39Z'}}, 'canReply': True, 'totalReplyCount': 0, 'isPublic': True}",,UCOjdy-xvdgOdrjiflVqEdbA,2022-10-23T22:50:39Z,22   td  sera  resovido   nosso  capitão.,QURTSl9pMzUwR3ZncEo5ajRNZ05Ldmk5UDZaS3VVMmJuYXdEZkVsQXBTVmJadkE2RXNSNUFoVDFjbmFFQW9iWERvS1NOWGtNTmJqQ3hIcw==,2023-06-08 14:52:39.978904
youtube#commentThread,_Mcmwd2NZHxukhZBPGh4dMeiY0I,Ugwl1yO1WRcZRoa_alt4AaABAg,"{'videoId': 'zEfTDpfyt1o', 'topLevelComment': {'kind': 'youtube#comment', 'etag': 'EPU8DcK2mrscO7vAocO1IIeuKPw', 'id': 'Ugwl1yO1WRcZRoa_alt4AaABAg', 'snippet': {'videoId': 'zEfTDpfyt1o', 'textDisplay': 'Esse incidente ocorrido com o câmera é uma boa desculpa para desviar o foco em relação a prisão  do líder Político Roberto Jefferson  !!!.', 'textOriginal': 'Esse incidente ocorrido com o câmera é uma boa desculpa para desviar o foco em relação a prisão  do líder Político Roberto Jefferson  !!!.', 'authorDisplayName': 'Ana Sussuarana', 'authorProfileImageUrl': 'https://yt3.ggpht.com/ytc/AGIKgqMPGGk6DWXcsox8PyvB19n2HRhIw6_588Ml0g=s48-c-k-c0x00ffffff-no-rj', 'authorChannelUrl': 'http://www.youtube.com/channel/UCFA0-4eIXLGjh_KA-iyQekA', 'authorChannelId': {'value': 'UCFA0-4eIXLGjh_KA-iyQekA'}, 'canRate': True, 'viewerRating': 'none', 'likeCount': 0, 'publishedAt': '2022-10-23T22:50:38Z', 'updatedAt': '2022-10-23T22:50:38Z'}}, 'canReply': True, 'totalReplyCount': 0, 'isPublic': True}",,UCFA0-4eIXLGjh_KA-iyQekA,2022-10-23T22:50:38Z,Esse incidente ocorrido com o câmera é uma boa desculpa para desviar o foco em relação a prisão  do líder Político Roberto Jefferson  !!!.,QURTSl9pMzUwR3ZncEo5ajRNZ05Ldmk5UDZaS3VVMmJuYXdEZkVsQXBTVmJadkE2RXNSNUFoVDFjbmFFQW9iWERvS1NOWGtNTmJqQ3hIcw==,2023-06-08 14:52:39.978904
youtube#commentThread,gKHDS8tn32jo73NH1ZeyHf-vESs,UgwYnS2C5YCSPYuusY54AaABAg,"{'videoId': 'zEfTDpfyt1o', 'topLevelComment': {'kind': 'youtube#comment', 'etag': 'Q_NpnH-8oUUjoTQBjDd7cyycelA', 'id': 'UgwYnS2C5YCSPYuusY54AaABAg', 'snippet': {'videoId': 'zEfTDpfyt1o', 'textDisplay': 'Apenas uma pessoa agressivo agrediu o profissional somente um não apoiadores........', 'textOriginal': 'Apenas uma pessoa agressivo agrediu o profissional somente um não apoiadores........', 'authorDisplayName': 'Marcio Mendonça', 'authorProfileImageUrl': 'https://yt3.ggpht.com/ytc/AGIKgqNW2Dqx-EOO2d1eKyrTVZKyuFUOWdWtb-k8WEaa=s48-c-k-c0x00ffffff-no-rj', 'authorChannelUrl': 'http://www.youtube.com/channel/UCcAhjnobjcsQARx5O990B1g', 'authorChannelId': {'value': 'UCcAhjnobjcsQARx5O990B1g'}, 'canRate': True, 'viewerRating': 'none', 'likeCount': 0, 'publishedAt': '2022-10-23T22:50:36Z', 'updatedAt': '2022-10-23T22:50:36Z'}}, 'canReply': True, 'totalReplyCount': 0, 'isPublic': True}",,UCcAhjnobjcsQARx5O990B1g,2022-10-23T22:50:36Z,Apenas uma pessoa agressivo agrediu o profissional somente um não apoiadores........,QURTSl9pMzUwR3ZncEo5ajRNZ05Ldmk5UDZaS3VVMmJuYXdEZkVsQXBTVmJadkE2RXNSNUFoVDFjbmFFQW9iWERvS1NOWGtNTmJqQ3hIcw==,2023-06-08 14:52:39.978904
youtube#commentThread,bpwIPGNXQ1lMMVa_7NMHe9lVGiI,Ugx_pbihSrJpjFbql1l4AaABAg,"{'videoId': 'zEfTDpfyt1o', 'topLevelComment': {'kind': 'youtube#comment', 'etag': 'Sc2HlLO_Y9VJzKEQMvfoQVQnY-8', 'id': 'Ugx_pbihSrJpjFbql1l4AaABAg', 'snippet': {'videoId': 'zEfTDpfyt1o', 'textDisplay': 'Violência nunca!', 'textOriginal': 'Violência nunca!', 'authorDisplayName': 'Alcione MSFraga', 'authorProfileImageUrl': 'https://yt3.ggpht.com/ytc/AGIKgqPiZmPBFCraS0e-SDovZDBEnGZWuVGXPvGel0H8WiI=s48-c-k-c0x00ffffff-no-rj', 'authorChannelUrl': 'http://www.youtube.com/channel/UCt64MKkhDiGkxy5NfaFkZVQ', 'authorChannelId': {'value': 'UCt64MKkhDiGkxy5NfaFkZVQ'}, 'canRate': True, 'viewerRating': 'none', 'likeCount': 0, 'publishedAt': '2022-10-23T22:50:34Z', 'updatedAt': '2022-10-23T22:50:34Z'}}, 'canReply': True, 'totalReplyCount': 0, 'isPublic': True}",,UCt64MKkhDiGkxy5NfaFkZVQ,2022-10-23T22:50:34Z,Violência nunca!,QURTSl9pMzUwR3ZncEo5ajRNZ05Ldmk5UDZaS3VVMmJuYXdEZkVsQXBTVmJadkE2RXNSNUFoVDFjbmFFQW9iWERvS1NOWGtNTmJqQ3hIcw==,2023-06-08 14:52:39.978904
youtube#commentThread,dG02czF-6xibwLUk7PKKw4jRgRM,Ugx5lS-qtZxCpeLYM9N4AaABAg,"{'videoId': 'zEfTDpfyt1o', 'topLevelComment': {'kind': 'youtube#comment', 'etag': 'ghHd--b57J5D2TaBClHtsdEbFSQ', 'id': 'Ugx5lS-qtZxCpeLYM9N4AaABAg', 'snippet': {'videoId': 'zEfTDpfyt1o', 'textDisplay': 'Não será interessante comentar o que vem conduzindo a sociedade brasileira a este ponto?  Não são só os jornalistas que devem ser defendidos de ataques de censura, qualquer profissional que seja impedido de executar seu trabalho, sofre censura. Isso ocorre com outros profissionais também. É preciso que vocês, da imprensa, comecem  a rever conceitos e posturas, pois, provavelmente esse stress social, só está começando.', 'textOriginal': 'Não será interessante comentar o que vem conduzindo a sociedade brasileira a este ponto?  Não são só os jornalistas que devem ser defendidos de ataques de censura, qualquer profissional que seja impedido de executar seu trabalho, sofre censura. Isso ocorre com outros profissionais também. É preciso que vocês, da imprensa, comecem  a rever conceitos e posturas, pois, provavelmente esse stress social, só está começando.', 'authorDisplayName': 'José Carlos Soares - Ubatuba', 'authorProfileImageUrl': 'https://yt3.ggpht.com/DCC2o1MVGs_Gaofq4tcjO3dqJjZf62BrKlHp8FpIZklT6pyj2SE9A0Q6ORkKRZC_ZfjWYQ7NAk0=s48-c-k-c0x00ffffff-no-rj', 'authorChannelUrl': 'http://www.youtube.com/channel/UC3oM9na8QdX4MIxo9wjB_Xg', 'authorChannelId': {'value': 'UC3oM9na8QdX4MIxo9wjB_Xg'}, 'canRate': True, 'viewerRating': 'none', 'likeCount': 0, 'publishedAt': '2022-10-23T22:50:19Z', 'updatedAt': '2022-10-23T22:50:19Z'}}, 'canReply': True, 'totalReplyCount': 0, 'isPublic': True}",,UC3oM9na8QdX4MIxo9wjB_Xg,2022-10-23T22:50:19Z,"Não será interessante comentar o que vem conduzindo a sociedade brasileira a este ponto?  Não são só os jornalistas que devem ser defendidos de ataques de censura, qualquer profissional que seja impedido de executar seu trabalho, sofre censura. Isso ocorre com outros profissionais também. É preciso que vocês, da imprensa, comecem  a rever conceitos e posturas, pois, provavelmente esse stress social, só está começando.",QURTSl9pMzUwR3ZncEo5ajRNZ05Ldmk5UDZaS3VVMmJuYXdEZkVsQXBTVmJadkE2RXNSNUFoVDFjbmFFQW9iWERvS1NOWGtNTmJqQ3hIcw==,2023-06-08 14:52:39.978904
youtube#commentThread,HXnqVmyFfSXPfMrcYV-UEPF0qJE,Ugw1YuzMQsEv1KdXbwZ4AaABAg,"{'videoId': 'zEfTDpfyt1o', 'topLevelComment': {'kind': 'youtube#comment', 'etag': 'JPLxrpG15Hc78LTHoHbOvIdaWjY', 'id': 'Ugw1YuzMQsEv1KdXbwZ4AaABAg', 'snippet': {'videoId': 'zEfTDpfyt1o', 'textDisplay': 'E o covarde que bateu pelas costas foge.', 'textOriginal': 'E o covarde que bateu pelas costas foge.', 'authorDisplayName': 'delvayr santos', 'authorProfileImageUrl': 'https://yt3.ggpht.com/ytc/AGIKgqM8d292_avwZ78wJbYg7DZFqpYOCuTddBpaEg=s48-c-k-c0x00ffffff-no-rj', 'authorChannelUrl': 'http://www.youtube.com/channel/UCKxb2Jei6tjrfCOlyegpHkw', 'authorChannelId': {'value': 'UCKxb2Jei6tjrfCOlyegpHkw'}, 'canRate': True, 'viewerRating': 'none', 'likeCount': 0, 'publishedAt': '2022-10-23T22:50:17Z', 'updatedAt': '2022-10-23T22:50:17Z'}}, 'canReply': True, 'totalReplyCount': 0, 'isPublic': True}",,UCKxb2Jei6tjrfCOlyegpHkw,2022-10-23T22:50:17Z,E o covarde que bateu pelas costas foge.,QURTSl9pMzUwR3ZncEo5ajRNZ05Ldmk5UDZaS3VVMmJuYXdEZkVsQXBTVmJadkE2RXNSNUFoVDFjbmFFQW9iWERvS1NOWGtNTmJqQ3hIcw==,2023-06-08 14:52:39.978904
youtube#commentThread,xOIpsx89G-6neSJKhO-7shidNeE,UgzMBtJr0frl3P4pr7J4AaABAg,"{'videoId': 'zEfTDpfyt1o', 'topLevelComment': {'kind': 'youtube#comment', 'etag': 'B6pdqnJFwXRObv9Ey3MdX_xQhPk', 'id': 'UgzMBtJr0frl3P4pr7J4AaABAg', 'snippet': {'videoId': 'zEfTDpfyt1o', 'textDisplay': 'Vocês estão defendendo um bandido chamado ROBERTO JEFERSON', 'textOriginal': 'Vocês estão defendendo um bandido chamado ROBERTO JEFERSON', 'authorDisplayName': 'Roberto Barreto', 'authorProfileImageUrl': 'https://yt3.ggpht.com/ytc/AGIKgqO6LbpI765WWrzt5j1-mF9xnLXy1wOKTSERndAsVAHHJyLlU3aUg1fnL-AqjeOq=s48-c-k-c0x00ffffff-no-rj', 'authorChannelUrl': 'http://www.youtube.com/channel/UCgswh3g-WsyyWF46W6R-TFA', 'authorChannelId': {'value': 'UCgswh3g-WsyyWF46W6R-TFA'}, 'canRate': True, 'viewerRating': 'none', 'likeCount': 0, 'publishedAt': '2022-10-23T22:50:00Z', 'updatedAt': '2022-10-23T22:50:00Z'}}, 'canReply': True, 'totalReplyCount': 0, 'isPublic': True}",,UCgswh3g-WsyyWF46W6R-TFA,2022-10-23T22:50:00Z,Vocês estão defendendo um bandido chamado ROBERTO JEFERSON,QURTSl9pMzUwR3ZncEo5ajRNZ05Ldmk5UDZaS3VVMmJuYXdEZkVsQXBTVmJadkE2RXNSNUFoVDFjbmFFQW9iWERvS1NOWGtNTmJqQ3hIcw==,2023-06-08 14:52:39.978904
youtube#commentThread,quCCm3_pOPDH4XiSwieZUqbeScU,UgzCqQq-ptmbm80xUKh4AaABAg,"{'videoId': 'zEfTDpfyt1o', 'topLevelComment': {'kind': 'youtube#comment', 'etag': 'tyMcaGG-t0NoNuWc4o9d9KixLIE', 'id': 'UgzCqQq-ptmbm80xUKh4AaABAg', 'snippet': {'videoId': 'zEfTDpfyt1o', 'textDisplay': 'Covarde e a Globo', 'textOriginal': 'Covarde e a Globo', 'authorDisplayName': 'Zilmar Abreu Rocha Leite Netto', 'authorProfileImageUrl': 'https://yt3.ggpht.com/ytc/AGIKgqN8e0tuMk2hSBDjyTX49a3viTpcGvXLsthbvQ=s48-c-k-c0x00ffffff-no-rj', 'authorChannelUrl': 'http://www.youtube.com/channel/UCQMHga_2I-LyBeSAFXS5EuQ', 'authorChannelId': {'value': 'UCQMHga_2I-LyBeSAFXS5EuQ'}, 'canRate': True, 'viewerRating': 'none', 'likeCount': 0, 'publishedAt': '2022-10-23T22:49:56Z', 'updatedAt': '2022-10-23T22:49:56Z'}}, 'canReply': True, 'totalReplyCount': 0, 'isPublic': True}",,UCQMHga_2I-LyBeSAFXS5EuQ,2022-10-23T22:49:56Z,Covarde e a Globo,QURTSl9pMzUwR3ZncEo5ajRNZ05Ldmk5UDZaS3VVMmJuYXdEZkVsQXBTVmJadkE2RXNSNUFoVDFjbmFFQW9iWERvS1NOWGtNTmJqQ3hIcw==,2023-06-08 14:52:39.978904
youtube#commentThread,O7XjW9Ej3xVkItKzXh-76Tj5IFQ,Ugzhm9fXmyFIwOedVmZ4AaABAg,"{'videoId': 'zEfTDpfyt1o', 'topLevelComment': {'kind': 'youtube#comment', 'etag': 'ksGwA6uSTJr8zWDkjv5YZFnEFrQ', 'id': 'Ugzhm9fXmyFIwOedVmZ4AaABAg', 'snippet': {'videoId': 'zEfTDpfyt1o', 'textDisplay': 'Culpado. De. Tud. Isso. Tá. Vindo. Do. STF', 'textOriginal': 'Culpado. De. Tud. Isso. Tá. Vindo. Do. STF', 'authorDisplayName': 'EDSON PAULO DA SILVA', 'authorProfileImageUrl': 'https://yt3.ggpht.com/ytc/AGIKgqPQw4kV5m_ZDBO9vYzLIbVEQadkFJbyQpsZWEFa1CdMLF3oNj8CC6v2szKY5tqg=s48-c-k-c0x00ffffff-no-rj', 'authorChannelUrl': 'http://www.youtube.com/channel/UC3wn4T9x0QqQfy2OjpQ-8EQ', 'authorChannelId': {'value': 'UC3wn4T9x0QqQfy2OjpQ-8EQ'}, 'canRate': True, 'viewerRating': 'none', 'likeCount': 0, 'publishedAt': '2022-10-23T22:49:54Z', 'updatedAt': '2022-10-23T22:49:54Z'}}, 'canReply': True, 'totalReplyCount': 0, 'isPublic': True}",,UC3wn4T9x0QqQfy2OjpQ-8EQ,2022-10-23T22:49:54Z,Culpado. De. Tud. Isso. Tá. Vindo. Do. STF,QURTSl9pMzUwR3ZncEo5ajRNZ05Ldmk5UDZaS3VVMmJuYXdEZkVsQXBTVmJadkE2RXNSNUFoVDFjbmFFQW9iWERvS1NOWGtNTmJqQ3hIcw==,2023-06-08 14:52:39.978904
youtube#commentThread,voLgB4N-DCH74oV34A57TfbKj-Q,Ugwb5kvw_Jgg3kYIMc94AaABAg,"{'videoId': 'zEfTDpfyt1o', 'topLevelComment': {'kind': 'youtube#comment', 'etag': 'ZQ23q0ZhXR9A2onMsYWbND0kY-E', 'id': 'Ugwb5kvw_Jgg3kYIMc94AaABAg', 'snippet': {'videoId': 'zEfTDpfyt1o', 'textDisplay': 'Agora vão ficar passando pano pra globo ? Daqui a pouco a globo vai estar culpando o agressor por ser bolsonarista', 'textOriginal': 'Agora vão ficar passando pano pra globo ? Daqui a pouco a globo vai estar culpando o agressor por ser bolsonarista', 'authorDisplayName': 'Jocelio De lara', 'authorProfileImageUrl': 'https://yt3.ggpht.com/ytc/AGIKgqMFMxWAzhxuHQVACgIm6r7B0COzoDCMbWjwsw=s48-c-k-c0x00ffffff-no-rj', 'authorChannelUrl': 'http://www.youtube.com/channel/UCm1tA62mHATrP5c30U1FyNw', 'authorChannelId': {'value': 'UCm1tA62mHATrP5c30U1FyNw'}, 'canRate': True, 'viewerRating': 'none', 'likeCount': 0, 'publishedAt': '2022-10-23T22:49:50Z', 'updatedAt': '2022-10-23T22:49:50Z'}}, 'canReply': True, 'totalReplyCount': 0, 'isPublic': True}",,UCm1tA62mHATrP5c30U1FyNw,2022-10-23T22:49:50Z,Agora vão ficar passando pano pra globo ? Daqui a pouco a globo vai estar culpando o agressor por ser bolsonarista,QURTSl9pMzUwR3ZncEo5ajRNZ05Ldmk5UDZaS3VVMmJuYXdEZkVsQXBTVmJadkE2RXNSNUFoVDFjbmFFQW9iWERvS1NOWGtNTmJqQ3hIcw==,2023-06-08 14:52:39.978904
youtube#commentThread,xKtMbUgHEfefiYHzVBPJghe2jfM,Ugwy4mTn9W-Y1yF527t4AaABAg,"{'videoId': 'zEfTDpfyt1o', 'topLevelComment': {'kind': 'youtube#comment', 'etag': 'hhIqwX7St4D8AvTMA7GTj2Do4k4', 'id': 'Ugwy4mTn9W-Y1yF527t4AaABAg', 'snippet': {'videoId': 'zEfTDpfyt1o', 'textDisplay': 'Agora os petistas e o Pc vai fazer um auê culpando o Bolsonaro disso', 'textOriginal': 'Agora os petistas e o Pc vai fazer um auê culpando o Bolsonaro disso', 'authorDisplayName': 'Ricardo Ferraz da cunha', 'authorProfileImageUrl': 'https://yt3.ggpht.com/ytc/AGIKgqNo7mhk8JBVBNp1k84SF4umQEFXZb5r9_7tXnn1dnDQAMr962GFF9W1hqeuKUt0=s48-c-k-c0x00ffffff-no-rj', 'authorChannelUrl': 'http://www.youtube.com/channel/UCinqSsWi4_FItJtlMlBqlkg', 'authorChannelId': {'value': 'UCinqSsWi4_FItJtlMlBqlkg'}, 'canRate': True, 'viewerRating': 'none', 'likeCount': 0, 'publishedAt': '2022-10-23T22:49:35Z', 'updatedAt': '2022-10-23T22:49:35Z'}}, 'canReply': True, 'totalReplyCount': 0, 'isPublic': True}",,UCinqSsWi4_FItJtlMlBqlkg,2022-10-23T22:49:35Z,Agora os petistas e o Pc vai fazer um auê culpando o Bolsonaro disso,QURTSl9pMzUwR3ZncEo5ajRNZ05Ldmk5UDZaS3VVMmJuYXdEZkVsQXBTVmJadkE2RXNSNUFoVDFjbmFFQW9iWERvS1NOWGtNTmJqQ3hIcw==,2023-06-08 14:52:39.978904
youtube#commentThread,VKu-Xz-CkJLZG7ctZzd3DV3t3Fk,UgzLF7duP4J9LnAKLFl4AaABAg,"{'videoId': 'zEfTDpfyt1o', 'topLevelComment': {'kind': 'youtube#comment', 'etag': '_PWaeZZFN9FMgp3x9ICVLb1of-k', 'id': 'UgzLF7duP4J9LnAKLFl4AaABAg', 'snippet': {'videoId': 'zEfTDpfyt1o', 'textDisplay': 'Apoiadores de bolsonaro.', 'textOriginal': 'Apoiadores de bolsonaro.', 'authorDisplayName': 'antonio gomes', 'authorProfileImageUrl': 'https://yt3.ggpht.com/ytc/AGIKgqObQ-b93w_wWqSC7EA8rC7KTonFc63lk-jlBQ=s48-c-k-c0x00ffffff-no-rj', 'authorChannelUrl': 'http://www.youtube.com/channel/UCJ2v7ITYOEGfT7-VtizdQXQ', 'authorChannelId': {'value': 'UCJ2v7ITYOEGfT7-VtizdQXQ'}, 'canRate': True, 'viewerRating': 'none', 'likeCount': 0, 'publishedAt': '2022-10-23T22:49:11Z', 'updatedAt': '2022-10-23T22:49:11Z'}}, 'canReply': True, 'totalReplyCount': 0, 'isPublic': True}",,UCJ2v7ITYOEGfT7-VtizdQXQ,2022-10-23T22:49:11Z,Apoiadores de bolsonaro.,QURTSl9pMzUwR3ZncEo5ajRNZ05Ldmk5UDZaS3VVMmJuYXdEZkVsQXBTVmJadkE2RXNSNUFoVDFjbmFFQW9iWERvS1NOWGtNTmJqQ3hIcw==,2023-06-08 14:52:39.978904
youtube#commentThread,y9X5e28_jFIZokSX-Nw9QHboGpw,UgxKjXNWbVSFGAiInTB4AaABAg,"{'videoId': 'zEfTDpfyt1o', 'topLevelComment': {'kind': 'youtube#comment', 'etag': 'iUcOsWDlFJdZNVLDlq7fBNFMnMk', 'id': 'UgxKjXNWbVSFGAiInTB4AaABAg', 'snippet': {'videoId': 'zEfTDpfyt1o', 'textDisplay': 'Parabéns jovem pan sempre com a verdade...', 'textOriginal': 'Parabéns jovem pan sempre com a verdade...', 'authorDisplayName': 'Maria Teresa', 'authorProfileImageUrl': 'https://yt3.ggpht.com/ytc/AGIKgqP9ogUzINkd5ENBOyPCTgjAqxvTuJ9CogCREQ=s48-c-k-c0x00ffffff-no-rj', 'authorChannelUrl': 'http://www.youtube.com/channel/UC77uQ7sMcN6q8TNfz2hmArw', 'authorChannelId': {'value': 'UC77uQ7sMcN6q8TNfz2hmArw'}, 'canRate': True, 'viewerRating': 'none', 'likeCount': 0, 'publishedAt': '2022-10-23T22:49:10Z', 'updatedAt': '2022-10-23T22:49:10Z'}}, 'canReply': True, 'totalReplyCount': 0, 'isPublic': True}",,UC77uQ7sMcN6q8TNfz2hmArw,2022-10-23T22:49:10Z,Parabéns jovem pan sempre com a verdade...,QURTSl9pMzUwR3ZncEo5ajRNZ05Ldmk5UDZaS3VVMmJuYXdEZkVsQXBTVmJadkE2RXNSNUFoVDFjbmFFQW9iWERvS1NOWGtNTmJqQ3hIcw==,2023-06-08 14:52:39.978904
youtube#commentThread,dDeBxjAuMeT5f4N6fWqKaOkzo98,UgwMoua8U7jdhkfbkVh4AaABAg,"{'videoId': 'zEfTDpfyt1o', 'topLevelComment': {'kind': 'youtube#comment', 'etag': 'xMfhTgwD5VkxbZjjKqiBuMSbv88', 'id': 'UgwMoua8U7jdhkfbkVh4AaABAg', 'snippet': {'videoId': 'zEfTDpfyt1o', 'textDisplay': 'O presidente dizendo que não tem foto dele com o doido que atirou na polícia. Mente esse bozo', 'textOriginal': 'O presidente dizendo que não tem foto dele com o doido que atirou na polícia. Mente esse bozo', 'authorDisplayName': 'Nice Souza', 'authorProfileImageUrl': 'https://yt3.ggpht.com/ytc/AGIKgqN4pmqOKo1_VritQ1J-moXwCOeIvmnR4IQHkg=s48-c-k-c0x00ffffff-no-rj', 'authorChannelUrl': 'http://www.youtube.com/channel/UCAqHM4W0LBTwPmUMEJC9XmQ', 'authorChannelId': {'value': 'UCAqHM4W0LBTwPmUMEJC9XmQ'}, 'canRate': True, 'viewerRating': 'none', 'likeCount': 0, 'publishedAt': '2022-10-23T22:49:09Z', 'updatedAt': '2022-10-23T22:49:09Z'}}, 'canReply': True, 'totalReplyCount': 0, 'isPublic': True}",,UCAqHM4W0LBTwPmUMEJC9XmQ,2022-10-23T22:49:09Z,O presidente dizendo que não tem foto dele com o doido que atirou na polícia. Mente esse bozo,QURTSl9pMzUwR3ZncEo5ajRNZ05Ldmk5UDZaS3VVMmJuYXdEZkVsQXBTVmJadkE2RXNSNUFoVDFjbmFFQW9iWERvS1NOWGtNTmJqQ3hIcw==,2023-06-08 14:52:39.978904
youtube#commentThread,l3ujnZXaWtGb9KPlhkziNH3ZyJY,UgyJJ9VSPKf0Bp_qfFB4AaABAg,"{'videoId': 'zEfTDpfyt1o', 'topLevelComment': {'kind': 'youtube#comment', 'etag': 'A1VXqFc5XV-yKZvORxWzbr9rTAs', 'id': 'UgyJJ9VSPKf0Bp_qfFB4AaABAg', 'snippet': {'videoId': 'zEfTDpfyt1o', 'textDisplay': 'A glixo deveria estar fechada.', 'textOriginal': 'A glixo deveria estar fechada.', 'authorDisplayName': 'carlos Donizete', 'authorProfileImageUrl': 'https://yt3.ggpht.com/ytc/AGIKgqOE1di91dpFBOF7a28G1NfgKffQeUyCGWVPBdkpCA=s48-c-k-c0x00ffffff-no-rj', 'authorChannelUrl': 'http://www.youtube.com/channel/UCD8DszDUARXMOQ3zENC097A', 'authorChannelId': {'value': 'UCD8DszDUARXMOQ3zENC097A'}, 'canRate': True, 'viewerRating': 'none', 'likeCount': 0, 'publishedAt': '2022-10-23T22:48:59Z', 'updatedAt': '2022-10-23T22:48:59Z'}}, 'canReply': True, 'totalReplyCount': 0, 'isPublic': True}",,UCD8DszDUARXMOQ3zENC097A,2022-10-23T22:48:59Z,A glixo deveria estar fechada.,QURTSl9pMzUwR3ZncEo5ajRNZ05Ldmk5UDZaS3VVMmJuYXdEZkVsQXBTVmJadkE2RXNSNUFoVDFjbmFFQW9iWERvS1NOWGtNTmJqQ3hIcw==,2023-06-08 14:52:39.978904
youtube#commentThread,qAzxT1tfR34RWHm8H71YkTma4mg,UgzrDuJo2oSy8_acbox4AaABAg,"{'videoId': 'zEfTDpfyt1o', 'topLevelComment': {'kind': 'youtube#comment', 'etag': '0r2z8dPqFoKplZ0rPBLGGCqRuyI', 'id': 'UgzrDuJo2oSy8_acbox4AaABAg', 'snippet': {'videoId': 'zEfTDpfyt1o', 'textDisplay': 'Violência, gera violência. Foi o que houve., infelizmente.  Não justifica violência com violência. <br><br>STF deve respeitar a Constituição. <br>Seguir os procedimentos  normais . <br><br>A liberdade de impressa sendo violada também.', 'textOriginal': 'Violência, gera violência. Foi o que houve., infelizmente.  Não justifica violência com violência. \\n\\nSTF deve respeitar a Constituição. \\nSeguir os procedimentos  normais . \\n\\nA liberdade de impressa sendo violada também.', 'authorDisplayName': 'Ceres Demeter', 'authorProfileImageUrl': 'https://yt3.ggpht.com/ytc/AGIKgqOvUoTem0y6JnLaeItjibBA87knOQguEigN=s48-c-k-c0x00ffffff-no-rj', 'authorChannelUrl': 'http://www.youtube.com/channel/UCZ8tGTtfSI9mSDz7ClJMPVg', 'authorChannelId': {'value': 'UCZ8tGTtfSI9mSDz7ClJMPVg'}, 'canRate': True, 'viewerRating': 'none', 'likeCount': 1, 'publishedAt': '2022-10-23T22:48:58Z', 'updatedAt': '2022-10-23T22:48:58Z'}}, 'canReply': True, 'totalReplyCount': 0, 'isPublic': True}",,UCZ8tGTtfSI9mSDz7ClJMPVg,2022-10-23T22:48:58Z,"Violência, gera violência. Foi o que houve., infelizmente.  Não justifica violência com violência. 

STF deve respeitar a Constituição. 
Seguir os procedimentos  normais . 

A liberdade de impressa sendo violada também.",QURTSl9pMVBWWjFkMUNjVlhzdGZOOVBfc1NuRGpkT1NZMDhwd3dacWNtSGVxLVNEUkx6M0x3ZjliaTFlbk90TWZmM29GdjJkN0ZONUdQcw==,2023-06-08 14:52:40.862585
youtube#commentThread,Kc4vkGP4VZxvZ5IjdRQ1Q11qdGA,UgwVEWeq3gBSq0w5cRN4AaABAg,"{'videoId': 'zEfTDpfyt1o', 'topLevelComment': {'kind': 'youtube#comment', 'etag': 'SVYyORh5aOvQydYWGvhpa45cT6Q', 'id': 'UgwVEWeq3gBSq0w5cRN4AaABAg', 'snippet': {'videoId': 'zEfTDpfyt1o', 'textDisplay': 'NÃO FOI APOIADORES! E sim uma pessoa sozinha desiquilibrada. O Ato é de extrema maldade contra o profissional . Mas notem que muitos na hora ajudam o Cinegrafista. POR FAVOR DEEM À NOTICIA CORRETA. Já chega seus colegas de outras emissoras que destorcem os fatos.', 'textOriginal': 'NÃO FOI APOIADORES! E sim uma pessoa sozinha desiquilibrada. O Ato é de extrema maldade contra o profissional . Mas notem que muitos na hora ajudam o Cinegrafista. POR FAVOR DEEM À NOTICIA CORRETA. Já chega seus colegas de outras emissoras que destorcem os fatos.', 'authorDisplayName': 'Comercial SaniFil', 'authorProfileImageUrl': 'https://yt3.ggpht.com/ytc/AGIKgqM6mvwCv4T541YiCJ2RqZIqTB-FZk1keaFdFNQd=s48-c-k-c0x00ffffff-no-rj', 'authorChannelUrl': 'http://www.youtube.com/channel/UC78ajrAwCjM6nPXCfagIA6w', 'authorChannelId': {'value': 'UC78ajrAwCjM6nPXCfagIA6w'}, 'canRate': True, 'viewerRating': 'none', 'likeCount': 0, 'publishedAt': '2022-10-23T22:48:54Z', 'updatedAt': '2022-10-23T22:48:54Z'}}, 'canReply': True, 'totalReplyCount': 0, 'isPublic': True}",,UC78ajrAwCjM6nPXCfagIA6w,2022-10-23T22:48:54Z,NÃO FOI APOIADORES! E sim uma pessoa sozinha desiquilibrada. O Ato é de extrema maldade contra o profissional . Mas notem que muitos na hora ajudam o Cinegrafista. POR FAVOR DEEM À NOTICIA CORRETA. Já chega seus colegas de outras emissoras que destorcem os fatos.,QURTSl9pMVBWWjFkMUNjVlhzdGZOOVBfc1NuRGpkT1NZMDhwd3dacWNtSGVxLVNEUkx6M0x3ZjliaTFlbk90TWZmM29GdjJkN0ZONUdQcw==,2023-06-08 14:52:40.862585
youtube#commentThread,-j3f8LgwnwW200ZFGlaPuwgE7mw,Ugw6hx0nqX_cE7hB8fB4AaABAg,"{'videoId': 'zEfTDpfyt1o', 'topLevelComment': {'kind': 'youtube#comment', 'etag': 'lQKcQGX5ADT3mO1DMI8lVu1gCTk', 'id': 'Ugw6hx0nqX_cE7hB8fB4AaABAg', 'snippet': {'videoId': 'zEfTDpfyt1o', 'textDisplay': 'Nossa que gente louca agressão não é o caminho', 'textOriginal': 'Nossa que gente louca agressão não é o caminho', 'authorDisplayName': 'Cicera Rodrigues', 'authorProfileImageUrl': 'https://yt3.ggpht.com/ytc/AGIKgqOV0FD3MIxjkgiVvH1nHVRQ8B_WRteT1u-4Ud5W-Lsd754hOOiORSZlLKZ8bhX2=s48-c-k-c0x00ffffff-no-rj', 'authorChannelUrl': 'http://www.youtube.com/channel/UCqFfVtTjwCvuCAFFoZ2hG6g', 'authorChannelId': {'value': 'UCqFfVtTjwCvuCAFFoZ2hG6g'}, 'canRate': True, 'viewerRating': 'none', 'likeCount': 0, 'publishedAt': '2022-10-23T22:48:38Z', 'updatedAt': '2022-10-23T22:48:38Z'}}, 'canReply': True, 'totalReplyCount': 0, 'isPublic': True}",,UCqFfVtTjwCvuCAFFoZ2hG6g,2022-10-23T22:48:38Z,Nossa que gente louca agressão não é o caminho,QURTSl9pMVBWWjFkMUNjVlhzdGZOOVBfc1NuRGpkT1NZMDhwd3dacWNtSGVxLVNEUkx6M0x3ZjliaTFlbk90TWZmM29GdjJkN0ZONUdQcw==,2023-06-08 14:52:40.862585
youtube#commentThread,OQNBaYAYs1hnr9DitsRfCF8k0cs,UgyHPDJTFC3sh7duBsl4AaABAg,"{'videoId': 'zEfTDpfyt1o', 'topLevelComment': {'kind': 'youtube#comment', 'etag': 'Nbhbdg1TF9BtEnyKZX-lkw3YADo', 'id': 'UgyHPDJTFC3sh7duBsl4AaABAg', 'snippet': {'videoId': 'zEfTDpfyt1o', 'textDisplay': '&quot;apoiadores de roberto jefferson&quot;, sério mesmo????', 'textOriginal': '""apoiadores de roberto jefferson"", sério mesmo????', 'authorDisplayName': 'William Suzuki', 'authorProfileImageUrl': 'https://yt3.ggpht.com/ytc/AGIKgqMvAsw_MLCxDzQXXRWFJhJbQXgh8w6GKwk76g=s48-c-k-c0x00ffffff-no-rj', 'authorChannelUrl': 'http://www.youtube.com/channel/UC4SIw8Hx1Sw8gU_hvDpCfYw', 'authorChannelId': {'value': 'UC4SIw8Hx1Sw8gU_hvDpCfYw'}, 'canRate': True, 'viewerRating': 'none', 'likeCount': 0, 'publishedAt': '2022-10-23T22:48:36Z', 'updatedAt': '2022-10-23T22:48:36Z'}}, 'canReply': True, 'totalReplyCount': 0, 'isPublic': True}",,UC4SIw8Hx1Sw8gU_hvDpCfYw,2022-10-23T22:48:36Z,"""apoiadores de roberto jefferson"", sério mesmo????",QURTSl9pMVBWWjFkMUNjVlhzdGZOOVBfc1NuRGpkT1NZMDhwd3dacWNtSGVxLVNEUkx6M0x3ZjliaTFlbk90TWZmM29GdjJkN0ZONUdQcw==,2023-06-08 14:52:40.862585
youtube#commentThread,4vGnq1TJNoHLh00EvX5DNohaVJo,UgwFsjXXfMZIHcTXHdZ4AaABAg,"{'videoId': 'zEfTDpfyt1o', 'topLevelComment': {'kind': 'youtube#comment', 'etag': 'LmtaWBwlfcpbwPua4Lx--HcBO1k', 'id': 'UgwFsjXXfMZIHcTXHdZ4AaABAg', 'snippet': {'videoId': 'zEfTDpfyt1o', 'textDisplay': 'Mais uma vez parabéns para a jovem pan', 'textOriginal': 'Mais uma vez parabéns para a jovem pan', 'authorDisplayName': 'ROBERTO SANTOS NUNES', 'authorProfileImageUrl': 'https://yt3.ggpht.com/ytc/AGIKgqPa6EqknIzpYSoDbLL0dF4eSIrUZcEjSuYK0tLpjQ=s48-c-k-c0x00ffffff-no-rj', 'authorChannelUrl': 'http://www.youtube.com/channel/UCrqRROhmlUp35qGWdeFgAjA', 'authorChannelId': {'value': 'UCrqRROhmlUp35qGWdeFgAjA'}, 'canRate': True, 'viewerRating': 'none', 'likeCount': 1, 'publishedAt': '2022-10-23T22:48:32Z', 'updatedAt': '2022-10-23T22:48:32Z'}}, 'canReply': True, 'totalReplyCount': 0, 'isPublic': True}",,UCrqRROhmlUp35qGWdeFgAjA,2022-10-23T22:48:32Z,Mais uma vez parabéns para a jovem pan,QURTSl9pMVBWWjFkMUNjVlhzdGZOOVBfc1NuRGpkT1NZMDhwd3dacWNtSGVxLVNEUkx6M0x3ZjliaTFlbk90TWZmM29GdjJkN0ZONUdQcw==,2023-06-08 14:52:40.862585
youtube#commentThread,NWu6iKD6NTAIVAAkFO43bkWlIcg,Ugx_kq9wn0c_UqUnfLx4AaABAg,"{'videoId': 'zEfTDpfyt1o', 'topLevelComment': {'kind': 'youtube#comment', 'etag': 'Z5fJ-ZvnR0arb-_BwYV9cLt68n0', 'id': 'Ugx_kq9wn0c_UqUnfLx4AaABAg', 'snippet': {'videoId': 'zEfTDpfyt1o', 'textDisplay': 'Apoiadores Não.  Sejam Honesto e Corrijam a Nota .', 'textOriginal': 'Apoiadores Não.  Sejam Honesto e Corrijam a Nota .', 'authorDisplayName': 'Pastor FAUSTO NETO Oficial', 'authorProfileImageUrl': 'https://yt3.ggpht.com/ytc/AGIKgqMLwIlkB7ajjauH3MYDMXRBciOpHX-bo75QGdinrg=s48-c-k-c0x00ffffff-no-rj', 'authorChannelUrl': 'http://www.youtube.com/channel/UCmJvkrosNStGBMTTnFESyxg', 'authorChannelId': {'value': 'UCmJvkrosNStGBMTTnFESyxg'}, 'canRate': True, 'viewerRating': 'none', 'likeCount': 0, 'publishedAt': '2022-10-23T22:48:22Z', 'updatedAt': '2022-10-23T22:48:22Z'}}, 'canReply': True, 'totalReplyCount': 0, 'isPublic': True}",,UCmJvkrosNStGBMTTnFESyxg,2022-10-23T22:48:22Z,Apoiadores Não.  Sejam Honesto e Corrijam a Nota .,QURTSl9pMVBWWjFkMUNjVlhzdGZOOVBfc1NuRGpkT1NZMDhwd3dacWNtSGVxLVNEUkx6M0x3ZjliaTFlbk90TWZmM29GdjJkN0ZONUdQcw==,2023-06-08 14:52:40.862585
youtube#commentThread,9_HcRjiEGR9PAFP2_lX5-JojqhE,UgxlBRTICm0PvHsHph94AaABAg,"{'videoId': 'zEfTDpfyt1o', 'topLevelComment': {'kind': 'youtube#comment', 'etag': 'CAhTsNPTYzHwv9TTsyb6iKJeoaY', 'id': 'UgxlBRTICm0PvHsHph94AaABAg', 'snippet': {'videoId': 'zEfTDpfyt1o', 'textDisplay': 'Isso mostra que o povo ainda esta tentando resolver pacificamente. Vao ver quando a paciencia acabar e o pau quebrar pra valer. Esse ainda e um FATO Isolado', 'textOriginal': 'Isso mostra que o povo ainda esta tentando resolver pacificamente. Vao ver quando a paciencia acabar e o pau quebrar pra valer. Esse ainda e um FATO Isolado', 'authorDisplayName': 'Só Os Melhores', 'authorProfileImageUrl': 'https://yt3.ggpht.com/ytc/AGIKgqPMpPVgcATTU5OzeKzdSII2DJ3l2KYV_hD-vc93=s48-c-k-c0x00ffffff-no-rj', 'authorChannelUrl': 'http://www.youtube.com/channel/UCaAKE7XJCONcr6dn_htIS4Q', 'authorChannelId': {'value': 'UCaAKE7XJCONcr6dn_htIS4Q'}, 'canRate': True, 'viewerRating': 'none', 'likeCount': 0, 'publishedAt': '2022-10-23T22:48:13Z', 'updatedAt': '2022-10-23T22:48:43Z'}}, 'canReply': True, 'totalReplyCount': 0, 'isPublic': True}",,UCaAKE7XJCONcr6dn_htIS4Q,2022-10-23T22:48:13Z,Isso mostra que o povo ainda esta tentando resolver pacificamente. Vao ver quando a paciencia acabar e o pau quebrar pra valer. Esse ainda e um FATO Isolado,QURTSl9pMVBWWjFkMUNjVlhzdGZOOVBfc1NuRGpkT1NZMDhwd3dacWNtSGVxLVNEUkx6M0x3ZjliaTFlbk90TWZmM29GdjJkN0ZONUdQcw==,2023-06-08 14:52:40.862585
youtube#commentThread,R2Q4lSGTTVjeBdMZIrcsnhLzLDg,UgxbEkEUr5GGAEEU9UF4AaABAg,"{'videoId': 'zEfTDpfyt1o', 'topLevelComment': {'kind': 'youtube#comment', 'etag': 'DyNAz-sz221pYrS8MI-_FRb0N54', 'id': 'UgxbEkEUr5GGAEEU9UF4AaABAg', 'snippet': {'videoId': 'zEfTDpfyt1o', 'textDisplay': 'Lula nunca fomentou o ódio entre brasileiros.', 'textOriginal': 'Lula nunca fomentou o ódio entre brasileiros.', 'authorDisplayName': 'Roberto Barreto', 'authorProfileImageUrl': 'https://yt3.ggpht.com/ytc/AGIKgqO6LbpI765WWrzt5j1-mF9xnLXy1wOKTSERndAsVAHHJyLlU3aUg1fnL-AqjeOq=s48-c-k-c0x00ffffff-no-rj', 'authorChannelUrl': 'http://www.youtube.com/channel/UCgswh3g-WsyyWF46W6R-TFA', 'authorChannelId': {'value': 'UCgswh3g-WsyyWF46W6R-TFA'}, 'canRate': True, 'viewerRating': 'none', 'likeCount': 0, 'publishedAt': '2022-10-23T22:48:13Z', 'updatedAt': '2022-10-23T22:48:13Z'}}, 'canReply': True, 'totalReplyCount': 0, 'isPublic': True}",,UCgswh3g-WsyyWF46W6R-TFA,2022-10-23T22:48:13Z,Lula nunca fomentou o ódio entre brasileiros.,QURTSl9pMVBWWjFkMUNjVlhzdGZOOVBfc1NuRGpkT1NZMDhwd3dacWNtSGVxLVNEUkx6M0x3ZjliaTFlbk90TWZmM29GdjJkN0ZONUdQcw==,2023-06-08 14:52:40.862585
youtube#commentThread,c3pfpgqsUcaG6YVutS7ksAGED7A,UgwHYNU5PAeN28e3bwB4AaABAg,"{'videoId': 'zEfTDpfyt1o', 'topLevelComment': {'kind': 'youtube#comment', 'etag': 'b8-lymqVB0A8CKW9h6XKyuyAQl4', 'id': 'UgwHYNU5PAeN28e3bwB4AaABAg', 'snippet': {'videoId': 'zEfTDpfyt1o', 'textDisplay': 'SIMPLESMENTE É O RESULTADO DE TODA A INSTIGAÇÃO DO ELEMENTO JAIR CONTRA OS MEIOS DE COMUNICAÇÃO. LAMENTÁVEL ESSAS AGRESSÕES QUE ESTÃO SOFRENDO OS PROFISSIONAIS DA MÍDIA.', 'textOriginal': 'SIMPLESMENTE É O RESULTADO DE TODA A INSTIGAÇÃO DO ELEMENTO JAIR CONTRA OS MEIOS DE COMUNICAÇÃO. LAMENTÁVEL ESSAS AGRESSÕES QUE ESTÃO SOFRENDO OS PROFISSIONAIS DA MÍDIA.', 'authorDisplayName': 'Cr operadores', 'authorProfileImageUrl': 'https://yt3.ggpht.com/ytc/AGIKgqNsq7amF7NGN0e7GfONH4eczlDYMaQYMO_7Yg=s48-c-k-c0x00ffffff-no-rj', 'authorChannelUrl': 'http://www.youtube.com/channel/UCOo_0vPr9aUu5pTrgUESZnA', 'authorChannelId': {'value': 'UCOo_0vPr9aUu5pTrgUESZnA'}, 'canRate': True, 'viewerRating': 'none', 'likeCount': 0, 'publishedAt': '2022-10-23T22:48:07Z', 'updatedAt': '2022-10-23T22:48:07Z'}}, 'canReply': True, 'totalReplyCount': 0, 'isPublic': True}",,UCOo_0vPr9aUu5pTrgUESZnA,2022-10-23T22:48:07Z,SIMPLESMENTE É O RESULTADO DE TODA A INSTIGAÇÃO DO ELEMENTO JAIR CONTRA OS MEIOS DE COMUNICAÇÃO. LAMENTÁVEL ESSAS AGRESSÕES QUE ESTÃO SOFRENDO OS PROFISSIONAIS DA MÍDIA.,QURTSl9pMVBWWjFkMUNjVlhzdGZOOVBfc1NuRGpkT1NZMDhwd3dacWNtSGVxLVNEUkx6M0x3ZjliaTFlbk90TWZmM29GdjJkN0ZONUdQcw==,2023-06-08 14:52:40.862585
youtube#commentThread,5ZHl3xLM-WcuppLHOpmjSPBs3fM,UgzLWzay2JTSqBkGig14AaABAg,"{'videoId': 'zEfTDpfyt1o', 'topLevelComment': {'kind': 'youtube#comment', 'etag': '5WH2giItkdTWIlB3F3R1-js8UHk', 'id': 'UgzLWzay2JTSqBkGig14AaABAg', 'snippet': {'videoId': 'zEfTDpfyt1o', 'textDisplay': 'Meu Deus o povo não pode se descontrolada dessa maneira. <br>Isso tá errado, não é errando que se concerta uma situação complicada.', 'textOriginal': 'Meu Deus o povo não pode se descontrolada dessa maneira. \\nIsso tá errado, não é errando que se concerta uma situação complicada.', 'authorDisplayName': 'Sonia Ferreira Dos Santos', 'authorProfileImageUrl': 'https://yt3.ggpht.com/ytc/AGIKgqPUZYdW4m5hYVlkBdzLBnXGMsLyfz0bTaa1BA=s48-c-k-c0x00ffffff-no-rj', 'authorChannelUrl': 'http://www.youtube.com/channel/UCItA57D3hqr45m5oaSyHWvw', 'authorChannelId': {'value': 'UCItA57D3hqr45m5oaSyHWvw'}, 'canRate': True, 'viewerRating': 'none', 'likeCount': 1, 'publishedAt': '2022-10-23T22:48:03Z', 'updatedAt': '2022-10-23T22:48:03Z'}}, 'canReply': True, 'totalReplyCount': 1, 'isPublic': True}","{'comments': [{'kind': 'youtube#comment', 'etag': 'WapRZjX937PtZ8314VNT1tG23XI', 'id': 'UgzLWzay2JTSqBkGig14AaABAg.9hYD7DJeOmU9hYj0UVOITO', 'snippet': {'videoId': 'zEfTDpfyt1o', 'textDisplay': 'Nem com passividade que extende o tapete para contraventores sem escrúpulos nem limites..', 'textOriginal': 'Nem com passividade que extende o tapete para contraventores sem escrúpulos nem limites..', 'parentId': 'UgzLWzay2JTSqBkGig14AaABAg', 'authorDisplayName': 'Tiburcio Nascimento', 'authorProfileImageUrl': 'https://yt3.ggpht.com/ytc/AGIKgqPYJ16XbloZp1nRif2q9UiINjE9b3aLcJFllVpYZmGF8L32gAvFuJ_fm0H5T6oa=s48-c-k-c0x00ffffff-no-rj', 'authorChannelUrl': 'http://www.youtube.com/channel/UCOpVT2WBtvOTmNgRgNreY3Q', 'authorChannelId': {'value': 'UCOpVT2WBtvOTmNgRgNreY3Q'}, 'canRate': True, 'viewerRating': 'none', 'likeCount': 0, 'publishedAt': '2022-10-24T03:35:29Z', 'updatedAt': '2022-10-24T03:35:29Z'}}]}",UCItA57D3hqr45m5oaSyHWvw,2022-10-23T22:48:03Z,"Meu Deus o povo não pode se descontrolada dessa maneira. 
Isso tá errado, não é errando que se concerta uma situação complicada.",QURTSl9pMVBWWjFkMUNjVlhzdGZOOVBfc1NuRGpkT1NZMDhwd3dacWNtSGVxLVNEUkx6M0x3ZjliaTFlbk90TWZmM29GdjJkN0ZONUdQcw==,2023-06-08 14:52:40.862585
youtube#commentThread,OASjkWHeI5D8MJse7ONInJ-uFjQ,UgwKexRgeHs7_BZRXrt4AaABAg,"{'videoId': 'zEfTDpfyt1o', 'topLevelComment': {'kind': 'youtube#comment', 'etag': 'd9myQJL41EAmbp_IkSx5UlD2F48', 'id': 'UgwKexRgeHs7_BZRXrt4AaABAg', 'snippet': {'videoId': 'zEfTDpfyt1o', 'textDisplay': 'A cupa disso tudo dos ministros que ragarao a democracia e viraram partido pulitico da esquerda', 'textOriginal': 'A cupa disso tudo dos ministros que ragarao a democracia e viraram partido pulitico da esquerda', 'authorDisplayName': 'Joceli José Ribeiro', 'authorProfileImageUrl': 'https://yt3.ggpht.com/ytc/AGIKgqPgGrqMyxUVCPNQjYlIrzCW_uH29mtEQWxZ3Ljq-afaWZ1UrrVE_O_cCjBxxqeI=s48-c-k-c0x00ffffff-no-rj', 'authorChannelUrl': 'http://www.youtube.com/channel/UCvr1mMrQW-D6hAqBF2RLH_g', 'authorChannelId': {'value': 'UCvr1mMrQW-D6hAqBF2RLH_g'}, 'canRate': True, 'viewerRating': 'none', 'likeCount': 0, 'publishedAt': '2022-10-23T22:48:01Z', 'updatedAt': '2022-10-23T22:48:01Z'}}, 'canReply': True, 'totalReplyCount': 0, 'isPublic': True}",,UCvr1mMrQW-D6hAqBF2RLH_g,2022-10-23T22:48:01Z,A cupa disso tudo dos ministros que ragarao a democracia e viraram partido pulitico da esquerda,QURTSl9pMVBWWjFkMUNjVlhzdGZOOVBfc1NuRGpkT1NZMDhwd3dacWNtSGVxLVNEUkx6M0x3ZjliaTFlbk90TWZmM29GdjJkN0ZONUdQcw==,2023-06-08 14:52:40.862585
youtube#commentThread,ThojpxpPRWCCXa3eSsflBdvTZqc,UgwixbspwDyeIk9CueV4AaABAg,"{'videoId': 'zEfTDpfyt1o', 'topLevelComment': {'kind': 'youtube#comment', 'etag': 'naA5sWMwR_Xk-isH6FYNpkXFbUw', 'id': 'UgwixbspwDyeIk9CueV4AaABAg', 'snippet': {'videoId': 'zEfTDpfyt1o', 'textDisplay': 'Eu reagiria como BOB JEFFERSON', 'textOriginal': 'Eu reagiria como BOB JEFFERSON', 'authorDisplayName': 'ADOLFO Shiyozi Mizuta', 'authorProfileImageUrl': 'https://yt3.ggpht.com/ytc/AGIKgqPqcdajQZvITGnwMNOvs-GaqWZtG3iPV1UIfg=s48-c-k-c0x00ffffff-no-rj', 'authorChannelUrl': 'http://www.youtube.com/channel/UCllYFtYSvFpXx_674fBmc_g', 'authorChannelId': {'value': 'UCllYFtYSvFpXx_674fBmc_g'}, 'canRate': True, 'viewerRating': 'none', 'likeCount': 0, 'publishedAt': '2022-10-23T22:48:00Z', 'updatedAt': '2022-10-23T22:48:00Z'}}, 'canReply': True, 'totalReplyCount': 0, 'isPublic': True}",,UCllYFtYSvFpXx_674fBmc_g,2022-10-23T22:48:00Z,Eu reagiria como BOB JEFFERSON,QURTSl9pMVBWWjFkMUNjVlhzdGZOOVBfc1NuRGpkT1NZMDhwd3dacWNtSGVxLVNEUkx6M0x3ZjliaTFlbk90TWZmM29GdjJkN0ZONUdQcw==,2023-06-08 14:52:40.862585
youtube#commentThread,vmP5pUW-JCGbwUeYbPb0aU9s-VE,UgyLidU1i6iT8Fl76Tl4AaABAg,"{'videoId': 'zEfTDpfyt1o', 'topLevelComment': {'kind': 'youtube#comment', 'etag': 'M2SWkKby83RXbtb0N6pFyGDMnBg', 'id': 'UgyLidU1i6iT8Fl76Tl4AaABAg', 'snippet': {'videoId': 'zEfTDpfyt1o', 'textDisplay': 'calma gente, voces vão ver essa turma se o lula ganhar......vai morrer gente........', 'textOriginal': 'calma gente, voces vão ver essa turma se o lula ganhar......vai morrer gente........', 'authorDisplayName': 'fabio diegoli', 'authorProfileImageUrl': 'https://yt3.ggpht.com/11Wz062kGFFuTJg_0CHLDauHm1_Jj18QmCm5tXJyd_NBW5wb_MRuAvtGvHqMxmgHosctsqhaXQ=s48-c-k-c0x00ffffff-no-rj', 'authorChannelUrl': 'http://www.youtube.com/channel/UCLldFoQ3RhTqyYwRu2qB28Q', 'authorChannelId': {'value': 'UCLldFoQ3RhTqyYwRu2qB28Q'}, 'canRate': True, 'viewerRating': 'none', 'likeCount': 0, 'publishedAt': '2022-10-23T22:47:48Z', 'updatedAt': '2022-10-23T22:47:48Z'}}, 'canReply': True, 'totalReplyCount': 0, 'isPublic': True}",,UCLldFoQ3RhTqyYwRu2qB28Q,2022-10-23T22:47:48Z,"calma gente, voces vão ver essa turma se o lula ganhar......vai morrer gente........",QURTSl9pMVBWWjFkMUNjVlhzdGZOOVBfc1NuRGpkT1NZMDhwd3dacWNtSGVxLVNEUkx6M0x3ZjliaTFlbk90TWZmM29GdjJkN0ZONUdQcw==,2023-06-08 14:52:40.862585
youtube#commentThread,8fPalc-il_zwEs3h1OyzIX9cGZo,UgzGtUDkk4sGOL5NZs54AaABAg,"{'videoId': 'zEfTDpfyt1o', 'topLevelComment': {'kind': 'youtube#comment', 'etag': 'dZNZ6clQWFjhzPDUb-gaxE9VJZ0', 'id': 'UgzGtUDkk4sGOL5NZs54AaABAg', 'snippet': {'videoId': 'zEfTDpfyt1o', 'textDisplay': '<a href=""http://www.youtube.com/results?search_query=%23globolixo"">#GLOBOLIXO</a>', 'textOriginal': '#GLOBOLIXO', 'authorDisplayName': 'Nelci Voit', 'authorProfileImageUrl': 'https://yt3.ggpht.com/ytc/AGIKgqNenZ7FAKNHggFV-XplEIUo62NnfgoYBb9iGg=s48-c-k-c0x00ffffff-no-rj', 'authorChannelUrl': 'http://www.youtube.com/channel/UCBsWPAaR3AgwLaiW6-eGYqQ', 'authorChannelId': {'value': 'UCBsWPAaR3AgwLaiW6-eGYqQ'}, 'canRate': True, 'viewerRating': 'none', 'likeCount': 0, 'publishedAt': '2022-10-23T22:47:48Z', 'updatedAt': '2022-10-23T22:47:48Z'}}, 'canReply': True, 'totalReplyCount': 0, 'isPublic': True}",,UCBsWPAaR3AgwLaiW6-eGYqQ,2022-10-23T22:47:48Z,#GLOBOLIXO,QURTSl9pMVBWWjFkMUNjVlhzdGZOOVBfc1NuRGpkT1NZMDhwd3dacWNtSGVxLVNEUkx6M0x3ZjliaTFlbk90TWZmM29GdjJkN0ZONUdQcw==,2023-06-08 14:52:40.862585
youtube#commentThread,4-WfuOUS0ngb7zfO-0CUeHkEwls,UgwC2gps05iRjLZSoTJ4AaABAg,"{'videoId': 'zEfTDpfyt1o', 'topLevelComment': {'kind': 'youtube#comment', 'etag': 'NzQ8M4EqQScfHUug4rzILB28k64', 'id': 'UgwC2gps05iRjLZSoTJ4AaABAg', 'snippet': {'videoId': 'zEfTDpfyt1o', 'textDisplay': 'No meu entender,a globolixo e seus colaboradores estão colhendo o que plantaram.', 'textOriginal': 'No meu entender,a globolixo e seus colaboradores estão colhendo o que plantaram.', 'authorDisplayName': 'Walter Batista', 'authorProfileImageUrl': 'https://yt3.ggpht.com/ytc/AGIKgqOdnzaDDGf3Q4sXLvV8QE8GWKF7ayGcrt22RA=s48-c-k-c0x00ffffff-no-rj', 'authorChannelUrl': 'http://www.youtube.com/channel/UCIijiyfVQgOEi_vD7yvbmUQ', 'authorChannelId': {'value': 'UCIijiyfVQgOEi_vD7yvbmUQ'}, 'canRate': True, 'viewerRating': 'none', 'likeCount': 0, 'publishedAt': '2022-10-23T22:47:45Z', 'updatedAt': '2022-10-23T22:47:45Z'}}, 'canReply': True, 'totalReplyCount': 0, 'isPublic': True}",,UCIijiyfVQgOEi_vD7yvbmUQ,2022-10-23T22:47:45Z,"No meu entender,a globolixo e seus colaboradores estão colhendo o que plantaram.",QURTSl9pMVBWWjFkMUNjVlhzdGZOOVBfc1NuRGpkT1NZMDhwd3dacWNtSGVxLVNEUkx6M0x3ZjliaTFlbk90TWZmM29GdjJkN0ZONUdQcw==,2023-06-08 14:52:40.862585
youtube#commentThread,ltOG1H5uY64jYl9gmvJI2tS7GCc,UgwJtWbFyoAnDQ5WSM94AaABAg,"{'videoId': 'zEfTDpfyt1o', 'topLevelComment': {'kind': 'youtube#comment', 'etag': '0OjchFZfY9v3v4_xVaU0j8Tr4DM', 'id': 'UgwJtWbFyoAnDQ5WSM94AaABAg', 'snippet': {'videoId': 'zEfTDpfyt1o', 'textDisplay': 'Verdade  ele   só cotra mentira', 'textOriginal': 'Verdade  ele   só cotra mentira', 'authorDisplayName': 'Sandra Maria', 'authorProfileImageUrl': 'https://yt3.ggpht.com/ytc/AGIKgqOujZ_VSxvpqo9TaTGxynUsUnEDax_v6vn7WA=s48-c-k-c0x00ffffff-no-rj', 'authorChannelUrl': 'http://www.youtube.com/channel/UCcFE_rtUalM0pvAhuI6JwAg', 'authorChannelId': {'value': 'UCcFE_rtUalM0pvAhuI6JwAg'}, 'canRate': True, 'viewerRating': 'none', 'likeCount': 0, 'publishedAt': '2022-10-23T22:47:32Z', 'updatedAt': '2022-10-23T22:47:32Z'}}, 'canReply': True, 'totalReplyCount': 0, 'isPublic': True}",,UCcFE_rtUalM0pvAhuI6JwAg,2022-10-23T22:47:32Z,Verdade  ele   só cotra mentira,QURTSl9pMVBWWjFkMUNjVlhzdGZOOVBfc1NuRGpkT1NZMDhwd3dacWNtSGVxLVNEUkx6M0x3ZjliaTFlbk90TWZmM29GdjJkN0ZONUdQcw==,2023-06-08 14:52:40.862585
youtube#commentThread,EmprgpMdQONs__o2ZKfaLj4VpF0,UgzQnFX3KbbadJffQ114AaABAg,"{'videoId': 'zEfTDpfyt1o', 'topLevelComment': {'kind': 'youtube#comment', 'etag': 'vYFXTTwRwXfvQMqPdzkx4nHBbmU', 'id': 'UgzQnFX3KbbadJffQ114AaABAg', 'snippet': {'videoId': 'zEfTDpfyt1o', 'textDisplay': 'Tem que primeiro saber oque aconteceu pra não tirar conclusões precipitadas', 'textOriginal': 'Tem que primeiro saber oque aconteceu pra não tirar conclusões precipitadas', 'authorDisplayName': 'Ridkassio', 'authorProfileImageUrl': 'https://yt3.ggpht.com/ytc/AGIKgqPEX5-zPHLy8VnST_dKNGZ6L1jFHjtopZ5nUw=s48-c-k-c0x00ffffff-no-rj', 'authorChannelUrl': 'http://www.youtube.com/channel/UCtxuy57-hc7YNOTQQuTCzCw', 'authorChannelId': {'value': 'UCtxuy57-hc7YNOTQQuTCzCw'}, 'canRate': True, 'viewerRating': 'none', 'likeCount': 0, 'publishedAt': '2022-10-23T22:47:32Z', 'updatedAt': '2022-10-23T22:47:32Z'}}, 'canReply': True, 'totalReplyCount': 0, 'isPublic': True}",,UCtxuy57-hc7YNOTQQuTCzCw,2022-10-23T22:47:32Z,Tem que primeiro saber oque aconteceu pra não tirar conclusões precipitadas,QURTSl9pMVBWWjFkMUNjVlhzdGZOOVBfc1NuRGpkT1NZMDhwd3dacWNtSGVxLVNEUkx6M0x3ZjliaTFlbk90TWZmM29GdjJkN0ZONUdQcw==,2023-06-08 14:52:40.862585
youtube#commentThread,1Fwt42IfK5wW4a3iz9yQwXYcHiM,Ugx3XSFEcm-4CuEHmJB4AaABAg,"{'videoId': 'zEfTDpfyt1o', 'topLevelComment': {'kind': 'youtube#comment', 'etag': 'SzuGqREBSnQUlmbFnet-u6hg024', 'id': 'Ugx3XSFEcm-4CuEHmJB4AaABAg', 'snippet': {'videoId': 'zEfTDpfyt1o', 'textDisplay': 'Vamos lutar nas urnas 22', 'textOriginal': 'Vamos lutar nas urnas 22', 'authorDisplayName': 'Betânia Clemente', 'authorProfileImageUrl': 'https://yt3.ggpht.com/ytc/AGIKgqMVgOhbzer1FkbF-iX4MYtQ1479T7u0LmdkVQ=s48-c-k-c0x00ffffff-no-rj', 'authorChannelUrl': 'http://www.youtube.com/channel/UCxE3unNnq_xtpwDcM2ytUrw', 'authorChannelId': {'value': 'UCxE3unNnq_xtpwDcM2ytUrw'}, 'canRate': True, 'viewerRating': 'none', 'likeCount': 0, 'publishedAt': '2022-10-23T22:47:29Z', 'updatedAt': '2022-10-23T22:47:29Z'}}, 'canReply': True, 'totalReplyCount': 0, 'isPublic': True}",,UCxE3unNnq_xtpwDcM2ytUrw,2022-10-23T22:47:29Z,Vamos lutar nas urnas 22,QURTSl9pMVBWWjFkMUNjVlhzdGZOOVBfc1NuRGpkT1NZMDhwd3dacWNtSGVxLVNEUkx6M0x3ZjliaTFlbk90TWZmM29GdjJkN0ZONUdQcw==,2023-06-08 14:52:40.862585
youtube#commentThread,g5CHaiaTyXYoo-Sar0FicMmbDkE,UgwF5JrhB_u4f0EWEvV4AaABAg,"{'videoId': 'zEfTDpfyt1o', 'topLevelComment': {'kind': 'youtube#comment', 'etag': 'rZlRsRp7UtlwidpJngTUn6CZHE4', 'id': 'UgwF5JrhB_u4f0EWEvV4AaABAg', 'snippet': {'videoId': 'zEfTDpfyt1o', 'textDisplay': 'Bateu e meteu o pé', 'textOriginal': 'Bateu e meteu o pé', 'authorDisplayName': 'Aparecida Alves', 'authorProfileImageUrl': 'https://yt3.ggpht.com/ytc/AGIKgqOT5f69T_xhAhf6LFEPCfq3POJ8nkjFek7krw=s48-c-k-c0x00ffffff-no-rj', 'authorChannelUrl': 'http://www.youtube.com/channel/UCpc5wg0-lSeQXVSy3UlVJbg', 'authorChannelId': {'value': 'UCpc5wg0-lSeQXVSy3UlVJbg'}, 'canRate': True, 'viewerRating': 'none', 'likeCount': 0, 'publishedAt': '2022-10-23T22:47:29Z', 'updatedAt': '2022-10-23T22:47:29Z'}}, 'canReply': True, 'totalReplyCount': 0, 'isPublic': True}",,UCpc5wg0-lSeQXVSy3UlVJbg,2022-10-23T22:47:29Z,Bateu e meteu o pé,QURTSl9pMVBWWjFkMUNjVlhzdGZOOVBfc1NuRGpkT1NZMDhwd3dacWNtSGVxLVNEUkx6M0x3ZjliaTFlbk90TWZmM29GdjJkN0ZONUdQcw==,2023-06-08 14:52:40.862585
youtube#commentThread,huTa7d-pqNPkIV4lls2oCiHNVAs,Ugylfg-Tsp3BB0hjk7p4AaABAg,"{'videoId': 'zEfTDpfyt1o', 'topLevelComment': {'kind': 'youtube#comment', 'etag': 'F6GjJmGyxIlgn4Aoam0_JemrPu8', 'id': 'Ugylfg-Tsp3BB0hjk7p4AaABAg', 'snippet': {'videoId': 'zEfTDpfyt1o', 'textDisplay': 'A população tem que aguentar tudo calada .Não tem ninguém p defender lá 👆', 'textOriginal': 'A população tem que aguentar tudo calada .Não tem ninguém p defender lá 👆', 'authorDisplayName': 'Zilmar Abreu Rocha Leite Netto', 'authorProfileImageUrl': 'https://yt3.ggpht.com/ytc/AGIKgqN8e0tuMk2hSBDjyTX49a3viTpcGvXLsthbvQ=s48-c-k-c0x00ffffff-no-rj', 'authorChannelUrl': 'http://www.youtube.com/channel/UCQMHga_2I-LyBeSAFXS5EuQ', 'authorChannelId': {'value': 'UCQMHga_2I-LyBeSAFXS5EuQ'}, 'canRate': True, 'viewerRating': 'none', 'likeCount': 0, 'publishedAt': '2022-10-23T22:47:22Z', 'updatedAt': '2022-10-23T22:47:22Z'}}, 'canReply': True, 'totalReplyCount': 0, 'isPublic': True}",,UCQMHga_2I-LyBeSAFXS5EuQ,2022-10-23T22:47:22Z,A população tem que aguentar tudo calada .Não tem ninguém p defender lá 👆,QURTSl9pMVBWWjFkMUNjVlhzdGZOOVBfc1NuRGpkT1NZMDhwd3dacWNtSGVxLVNEUkx6M0x3ZjliaTFlbk90TWZmM29GdjJkN0ZONUdQcw==,2023-06-08 14:52:40.862585
youtube#commentThread,VEV7XkQGhH7TaCPuso7ZfEM3zlg,UgzQpas104ipmT_9CxF4AaABAg,"{'videoId': 'zEfTDpfyt1o', 'topLevelComment': {'kind': 'youtube#comment', 'etag': 'zKBRJD7yMHoccNx8KGGuZ9xWojU', 'id': 'UgzQpas104ipmT_9CxF4AaABAg', 'snippet': {'videoId': 'zEfTDpfyt1o', 'textDisplay': 'A JOVEN PAN e uma conceção e ela alimenta este ódio.', 'textOriginal': 'A JOVEN PAN e uma conceção e ela alimenta este ódio.', 'authorDisplayName': 'Roberto Barreto', 'authorProfileImageUrl': 'https://yt3.ggpht.com/ytc/AGIKgqO6LbpI765WWrzt5j1-mF9xnLXy1wOKTSERndAsVAHHJyLlU3aUg1fnL-AqjeOq=s48-c-k-c0x00ffffff-no-rj', 'authorChannelUrl': 'http://www.youtube.com/channel/UCgswh3g-WsyyWF46W6R-TFA', 'authorChannelId': {'value': 'UCgswh3g-WsyyWF46W6R-TFA'}, 'canRate': True, 'viewerRating': 'none', 'likeCount': 0, 'publishedAt': '2022-10-23T22:47:20Z', 'updatedAt': '2022-10-23T22:47:20Z'}}, 'canReply': True, 'totalReplyCount': 0, 'isPublic': True}",,UCgswh3g-WsyyWF46W6R-TFA,2022-10-23T22:47:20Z,A JOVEN PAN e uma conceção e ela alimenta este ódio.,QURTSl9pMVBWWjFkMUNjVlhzdGZOOVBfc1NuRGpkT1NZMDhwd3dacWNtSGVxLVNEUkx6M0x3ZjliaTFlbk90TWZmM29GdjJkN0ZONUdQcw==,2023-06-08 14:52:40.862585
youtube#commentThread,8give-Sf2SskiycH7C8770z7vnA,UgwhurhvXxv2A5wuW0h4AaABAg,"{'videoId': 'zEfTDpfyt1o', 'topLevelComment': {'kind': 'youtube#comment', 'etag': '0arB1FNl2NttOJ5S9QSetU7VfO4', 'id': 'UgwhurhvXxv2A5wuW0h4AaABAg', 'snippet': {'videoId': 'zEfTDpfyt1o', 'textDisplay': 'Precisa ser identificado e punido conforme a lei', 'textOriginal': 'Precisa ser identificado e punido conforme a lei', 'authorDisplayName': 'Rosana Barbosa', 'authorProfileImageUrl': 'https://yt3.ggpht.com/ytc/AGIKgqOn5pQ7_0QwAXIM-Rj7HmACCiR0uG_PIpK9GZiURA=s48-c-k-c0x00ffffff-no-rj', 'authorChannelUrl': 'http://www.youtube.com/channel/UCnOjeCAC7tHaOVuJ6aheDJA', 'authorChannelId': {'value': 'UCnOjeCAC7tHaOVuJ6aheDJA'}, 'canRate': True, 'viewerRating': 'none', 'likeCount': 0, 'publishedAt': '2022-10-23T22:47:14Z', 'updatedAt': '2022-10-23T22:47:14Z'}}, 'canReply': True, 'totalReplyCount': 1, 'isPublic': True}","{'comments': [{'kind': 'youtube#comment', 'etag': 'thYIXn5YFUtXGsLgwcHKroOofKI', 'id': 'UgwhurhvXxv2A5wuW0h4AaABAg.9hYD1GLFbJ09hYmLZj28Wi', 'snippet': {'videoId': 'zEfTDpfyt1o', 'textDisplay': 'Vai lá no TSJ e identifica o cara...todos o conhecem e falam nele o dia todo.....', 'textOriginal': 'Vai lá no TSJ e identifica o cara...todos o conhecem e falam nele o dia todo.....', 'parentId': 'UgwhurhvXxv2A5wuW0h4AaABAg', 'authorDisplayName': 'Tiburcio Nascimento', 'authorProfileImageUrl': 'https://yt3.ggpht.com/ytc/AGIKgqPYJ16XbloZp1nRif2q9UiINjE9b3aLcJFllVpYZmGF8L32gAvFuJ_fm0H5T6oa=s48-c-k-c0x00ffffff-no-rj', 'authorChannelUrl': 'http://www.youtube.com/channel/UCOpVT2WBtvOTmNgRgNreY3Q', 'authorChannelId': {'value': 'UCOpVT2WBtvOTmNgRgNreY3Q'}, 'canRate': True, 'viewerRating': 'none', 'likeCount': 0, 'publishedAt': '2022-10-24T04:04:35Z', 'updatedAt': '2022-10-24T04:04:35Z'}}]}",UCnOjeCAC7tHaOVuJ6aheDJA,2022-10-23T22:47:14Z,Precisa ser identificado e punido conforme a lei,QURTSl9pMVBWWjFkMUNjVlhzdGZOOVBfc1NuRGpkT1NZMDhwd3dacWNtSGVxLVNEUkx6M0x3ZjliaTFlbk90TWZmM29GdjJkN0ZONUdQcw==,2023-06-08 14:52:40.862585
youtube#commentThread,4dbnufClXA99RwYuuFR40b93K4U,UgyRssVEea7KraHmPjB4AaABAg,"{'videoId': 'zEfTDpfyt1o', 'topLevelComment': {'kind': 'youtube#comment', 'etag': 'o69Bc0Sk_GnNGlyqIaRP8hXye_0', 'id': 'UgyRssVEea7KraHmPjB4AaABAg', 'snippet': {'videoId': 'zEfTDpfyt1o', 'textDisplay': 'Só Deus pode ter misericórdia de nós aqui na terra!', 'textOriginal': 'Só Deus pode ter misericórdia de nós aqui na terra!', 'authorDisplayName': 'Josefa Gonçalves', 'authorProfileImageUrl': 'https://yt3.ggpht.com/ytc/AGIKgqNNCm_ReSg0NWWxyrNmpwhLOuCuJ_XxfMFfURolrIiESg5nyGqfrzFe3D7yC_p5=s48-c-k-c0x00ffffff-no-rj', 'authorChannelUrl': 'http://www.youtube.com/channel/UCtSw9BLSXd_qbUZa54MT1ew', 'authorChannelId': {'value': 'UCtSw9BLSXd_qbUZa54MT1ew'}, 'canRate': True, 'viewerRating': 'none', 'likeCount': 66, 'publishedAt': '2022-10-23T22:47:11Z', 'updatedAt': '2022-10-23T22:47:11Z'}}, 'canReply': True, 'totalReplyCount': 6, 'isPublic': True}","{'comments': [{'kind': 'youtube#comment', 'etag': 'hZHCVwPNypd_hbtpJWLsdLwWwOc', 'id': 'UgyRssVEea7KraHmPjB4AaABAg.9hYD0sFXQyR9h_7iSYJxMO', 'snippet': {'videoId': 'zEfTDpfyt1o', 'textDisplay': '@Eulalito Vendramini filho deus safado esse aí em', 'textOriginal': '@Eulalito Vendramini filho deus safado esse aí em', 'parentId': 'UgyRssVEea7KraHmPjB4AaABAg', 'authorDisplayName': 'Jorge Deluca', 'authorProfileImageUrl': 'https://yt3.ggpht.com/ytc/AGIKgqNrQ3wp-tjCTZ6KBUdkKThINtwuTzQxMq4rIQ=s48-c-k-c0x00ffffff-no-rj', 'authorChannelUrl': 'http://www.youtube.com/channel/UCa-I66B4nqS1HLb-MO7tKGg', 'authorChannelId': {'value': 'UCa-I66B4nqS1HLb-MO7tKGg'}, 'canRate': True, 'viewerRating': 'none', 'likeCount': 0, 'publishedAt': '2022-10-24T16:39:19Z', 'updatedAt': '2022-10-24T16:39:19Z'}}, {'kind': 'youtube#comment', 'etag': '1sb7w2zfuJpgrJpIw2tbLZ5vP0A', 'id': 'UgyRssVEea7KraHmPjB4AaABAg.9hYD0sFXQyR9h_6GmtLQVM', 'snippet': {'videoId': 'zEfTDpfyt1o', 'textDisplay': 'Esperar de Deus !!! Ele já mandou  esse mundo 😈😈🖤🖤🖤para o vale da sombra da destruição sinto muito.', 'textOriginal': 'Esperar de Deus !!! Ele já mandou  esse mundo 😈😈🖤🖤🖤para o vale da sombra da destruição sinto muito.', 'parentId': 'UgyRssVEea7KraHmPjB4AaABAg', 'authorDisplayName': 'Eulalito Vendramini filho', 'authorProfileImageUrl': 'https://yt3.ggpht.com/G0Aq3e9oSq718ma53Z20FqGXk2MPxue3bNDMp2kwRvc3b_Z4kUgMgOklDqHMy9XEhNa-Y1DULA=s48-c-k-c0x00ffffff-no-rj', 'authorChannelUrl': 'http://www.youtube.com/channel/UCwIBH-Tmrwcpk2k5JLI7FeQ', 'authorChannelId': {'value': 'UCwIBH-Tmrwcpk2k5JLI7FeQ'}, 'canRate': True, 'viewerRating': 'none', 'likeCount': 0, 'publishedAt': '2022-10-24T16:26:40Z', 'updatedAt': '2022-10-24T16:26:40Z'}}, {'kind': 'youtube#comment', 'etag': '8WqyY3s5RupVNw35HL7VIk-_bsE', 'id': 'UgyRssVEea7KraHmPjB4AaABAg.9hYD0sFXQyR9hZK3oeB7q1', 'snippet': {'videoId': 'zEfTDpfyt1o', 'textDisplay': '@Josefa Gonçalves hmm… conheço nao.', 'textOriginal': '@Josefa Gonçalves hmm… conheço nao.', 'parentId': 'UgyRssVEea7KraHmPjB4AaABAg', 'authorDisplayName': 'Jorge Deluca', 'authorProfileImageUrl': 'https://yt3.ggpht.com/ytc/AGIKgqNrQ3wp-tjCTZ6KBUdkKThINtwuTzQxMq4rIQ=s48-c-k-c0x00ffffff-no-rj', 'authorChannelUrl': 'http://www.youtube.com/channel/UCa-I66B4nqS1HLb-MO7tKGg', 'authorChannelId': {'value': 'UCa-I66B4nqS1HLb-MO7tKGg'}, 'canRate': True, 'viewerRating': 'none', 'likeCount': 0, 'publishedAt': '2022-10-24T09:08:00Z', 'updatedAt': '2022-10-24T09:08:00Z'}}, {'kind': 'youtube#comment', 'etag': '7VfzWWu7ARlCOEJ3zBC8ZIiqrNk', 'id': 'UgyRssVEea7KraHmPjB4AaABAg.9hYD0sFXQyR9hZDxBz2VLB', 'snippet': {'videoId': 'zEfTDpfyt1o', 'textDisplay': 'O Deus dos céus e da terra senhor dos exércitos que governa os céus e a terra esse é o Senhor Deus todo poderoso!', 'textOriginal': 'O Deus dos céus e da terra senhor dos exércitos que governa os céus e a terra esse é o Senhor Deus todo poderoso!', 'parentId': 'UgyRssVEea7KraHmPjB4AaABAg', 'authorDisplayName': 'Josefa Gonçalves', 'authorProfileImageUrl': 'https://yt3.ggpht.com/ytc/AGIKgqNNCm_ReSg0NWWxyrNmpwhLOuCuJ_XxfMFfURolrIiESg5nyGqfrzFe3D7yC_p5=s48-c-k-c0x00ffffff-no-rj', 'authorChannelUrl': 'http://www.youtube.com/channel/UCtSw9BLSXd_qbUZa54MT1ew', 'authorChannelId': {'value': 'UCtSw9BLSXd_qbUZa54MT1ew'}, 'canRate': True, 'viewerRating': 'none', 'likeCount': 0, 'publishedAt': '2022-10-24T08:14:31Z', 'updatedAt': '2022-10-24T08:14:31Z'}}, {'kind': 'youtube#comment', 'etag': 'GFCH759hFmCffQ_h56UQT0skXhA', 'id': 'UgyRssVEea7KraHmPjB4AaABAg.9hYD0sFXQyR9hYvbGYmLFE', 'snippet': {'videoId': 'zEfTDpfyt1o', 'textDisplay': 'qual deus?', 'textOriginal': 'qual deus?', 'parentId': 'UgyRssVEea7KraHmPjB4AaABAg', 'authorDisplayName': 'Jorge Deluca', 'authorProfileImageUrl': 'https://yt3.ggpht.com/ytc/AGIKgqNrQ3wp-tjCTZ6KBUdkKThINtwuTzQxMq4rIQ=s48-c-k-c0x00ffffff-no-rj', 'authorChannelUrl': 'http://www.youtube.com/channel/UCa-I66B4nqS1HLb-MO7tKGg', 'authorChannelId': {'value': 'UCa-I66B4nqS1HLb-MO7tKGg'}, 'canRate': True, 'viewerRating': 'none', 'likeCount': 0, 'publishedAt': '2022-10-24T05:25:30Z', 'updatedAt': '2022-10-24T05:25:30Z'}}]}",UCtSw9BLSXd_qbUZa54MT1ew,2022-10-23T22:47:11Z,Só Deus pode ter misericórdia de nós aqui na terra!,QURTSl9pMVBWWjFkMUNjVlhzdGZOOVBfc1NuRGpkT1NZMDhwd3dacWNtSGVxLVNEUkx6M0x3ZjliaTFlbk90TWZmM29GdjJkN0ZONUdQcw==,2023-06-08 14:52:40.862585
youtube#commentThread,ER2X5E_2BwFw1VAyQIV_bDVHRHE,Ugx4VHiuAa_uVbJCJyJ4AaABAg,"{'videoId': 'zEfTDpfyt1o', 'topLevelComment': {'kind': 'youtube#comment', 'etag': 'ct_hFAyeSPAqQEcoaKposSSaBhE', 'id': 'Ugx4VHiuAa_uVbJCJyJ4AaABAg', 'snippet': {'videoId': 'zEfTDpfyt1o', 'textDisplay': 'Com certeza!<br>Um irmão em Cristo Nosso Redentor!<br>Não pode mesmo!<br>🕉✡️🕎🛐💜🍇🌿🍃💚🌿🕊🙌🏽🙌🏽🙌🏽💙🕊🙏🏽🙏🏽🙏🏽', 'textOriginal': 'Com certeza!\\nUm irmão em Cristo Nosso Redentor!\\nNão pode mesmo!\\n🕉✡️🕎🛐💜🍇🌿🍃💚🌿🕊🙌🏽🙌🏽🙌🏽💙🕊🙏🏽🙏🏽🙏🏽', 'authorDisplayName': 'Maria Carmina Oliveira Araujo', 'authorProfileImageUrl': 'https://yt3.ggpht.com/ytc/AGIKgqPih6kaNTamSo8n7UnFEzna6wvgkoikVo7M1w=s48-c-k-c0x00ffffff-no-rj', 'authorChannelUrl': 'http://www.youtube.com/channel/UCbu8eBwqMdSXbgwYQj_EDng', 'authorChannelId': {'value': 'UCbu8eBwqMdSXbgwYQj_EDng'}, 'canRate': True, 'viewerRating': 'none', 'likeCount': 0, 'publishedAt': '2022-10-23T22:47:11Z', 'updatedAt': '2022-10-23T22:47:11Z'}}, 'canReply': True, 'totalReplyCount': 0, 'isPublic': True}",,UCbu8eBwqMdSXbgwYQj_EDng,2022-10-23T22:47:11Z,"Com certeza!
Um irmão em Cristo Nosso Redentor!
Não pode mesmo!
🕉✡️🕎🛐💜🍇🌿🍃💚🌿🕊🙌🏽🙌🏽🙌🏽💙🕊🙏🏽🙏🏽🙏🏽",QURTSl9pMVBWWjFkMUNjVlhzdGZOOVBfc1NuRGpkT1NZMDhwd3dacWNtSGVxLVNEUkx6M0x3ZjliaTFlbk90TWZmM29GdjJkN0ZONUdQcw==,2023-06-08 14:52:40.862585
youtube#commentThread,KlkbT2QtkAVXQfyjUvY5Od9V2lE,UgzhS_qiu0aliq8koIF4AaABAg,"{'videoId': 'zEfTDpfyt1o', 'topLevelComment': {'kind': 'youtube#comment', 'etag': 'BsbPi6fuZUzmL8l56VdHu7UqQCE', 'id': 'UgzhS_qiu0aliq8koIF4AaABAg', 'snippet': {'videoId': 'zEfTDpfyt1o', 'textDisplay': 'Ai que pena nai morreu nao', 'textOriginal': 'Ai que pena nai morreu nao', 'authorDisplayName': 'Sônia Rodrigues De Oliveira', 'authorProfileImageUrl': 'https://yt3.ggpht.com/ytc/AGIKgqPNTsR3KcvQSP44S2gIfJdTxoXcrpJR2GLPjQ=s48-c-k-c0x00ffffff-no-rj', 'authorChannelUrl': 'http://www.youtube.com/channel/UCU546hQ0_dnh3ekii5ZWKxg', 'authorChannelId': {'value': 'UCU546hQ0_dnh3ekii5ZWKxg'}, 'canRate': True, 'viewerRating': 'none', 'likeCount': 0, 'publishedAt': '2022-10-23T22:47:10Z', 'updatedAt': '2022-10-23T22:47:10Z'}}, 'canReply': True, 'totalReplyCount': 0, 'isPublic': True}",,UCU546hQ0_dnh3ekii5ZWKxg,2022-10-23T22:47:10Z,Ai que pena nai morreu nao,QURTSl9pMVBWWjFkMUNjVlhzdGZOOVBfc1NuRGpkT1NZMDhwd3dacWNtSGVxLVNEUkx6M0x3ZjliaTFlbk90TWZmM29GdjJkN0ZONUdQcw==,2023-06-08 14:52:40.862585
youtube#commentThread,FdGIWK1Dtb2L0R6OMTp8-Sb1RDU,UgwUzXden3BhwHUcO4F4AaABAg,"{'videoId': 'zEfTDpfyt1o', 'topLevelComment': {'kind': 'youtube#comment', 'etag': 'YQBuIast-L7pZxJb8PTM6zSi8a0', 'id': 'UgwUzXden3BhwHUcO4F4AaABAg', 'snippet': {'videoId': 'zEfTDpfyt1o', 'textDisplay': 'Espero em Deus que as pessoas que vao votar no bolsonaro ...tomem o máximo de cuidado pois o laço está aberto pra laça a quem quer que seja .nao lutem com suas maos vamos lutar nas urnas.22', 'textOriginal': 'Espero em Deus que as pessoas que vao votar no bolsonaro ...tomem o máximo de cuidado pois o laço está aberto pra laça a quem quer que seja .nao lutem com suas maos vamos lutar nas urnas.22', 'authorDisplayName': 'Betânia Clemente', 'authorProfileImageUrl': 'https://yt3.ggpht.com/ytc/AGIKgqMVgOhbzer1FkbF-iX4MYtQ1479T7u0LmdkVQ=s48-c-k-c0x00ffffff-no-rj', 'authorChannelUrl': 'http://www.youtube.com/channel/UCxE3unNnq_xtpwDcM2ytUrw', 'authorChannelId': {'value': 'UCxE3unNnq_xtpwDcM2ytUrw'}, 'canRate': True, 'viewerRating': 'none', 'likeCount': 1, 'publishedAt': '2022-10-23T22:47:05Z', 'updatedAt': '2022-10-23T22:47:05Z'}}, 'canReply': True, 'totalReplyCount': 0, 'isPublic': True}",,UCxE3unNnq_xtpwDcM2ytUrw,2022-10-23T22:47:05Z,Espero em Deus que as pessoas que vao votar no bolsonaro ...tomem o máximo de cuidado pois o laço está aberto pra laça a quem quer que seja .nao lutem com suas maos vamos lutar nas urnas.22,QURTSl9pMVBWWjFkMUNjVlhzdGZOOVBfc1NuRGpkT1NZMDhwd3dacWNtSGVxLVNEUkx6M0x3ZjliaTFlbk90TWZmM29GdjJkN0ZONUdQcw==,2023-06-08 14:52:40.862585
youtube#commentThread,XEDz9a2SFU0BdA2zqsfXdQ-O0Sg,UgxuHySIBrWuTaKC8yd4AaABAg,"{'videoId': 'zEfTDpfyt1o', 'topLevelComment': {'kind': 'youtube#comment', 'etag': 'Zh6RGuUmleovbQlJNCqwfWIBQEs', 'id': 'UgxuHySIBrWuTaKC8yd4AaABAg', 'snippet': {'videoId': 'zEfTDpfyt1o', 'textDisplay': 'O resultado de pessoa delinquente e mau preparada a possuir arma em casa, parabéns ao Bolsonaro, se tem um culpando por isso é o  próprio governo 👏👏👏👏 armando loucos.', 'textOriginal': 'O resultado de pessoa delinquente e mau preparada a possuir arma em casa, parabéns ao Bolsonaro, se tem um culpando por isso é o  próprio governo 👏👏👏👏 armando loucos.', 'authorDisplayName': 'Joãozinho', 'authorProfileImageUrl': 'https://yt3.ggpht.com/ytc/AGIKgqPgGrqMyxUVCPNQjYlIrzCW_uH29mtEQWxZ3Ljq-afaWZ1UrrVE_O_cCjBxxqeI=s48-c-k-c0x00ffffff-no-rj', 'authorChannelUrl': 'http://www.youtube.com/channel/UCCY_W52cLTwJbgBqiyApZbw', 'authorChannelId': {'value': 'UCCY_W52cLTwJbgBqiyApZbw'}, 'canRate': True, 'viewerRating': 'none', 'likeCount': 0, 'publishedAt': '2022-10-23T22:47:04Z', 'updatedAt': '2022-10-23T22:47:04Z'}}, 'canReply': True, 'totalReplyCount': 0, 'isPublic': True}",,UCCY_W52cLTwJbgBqiyApZbw,2022-10-23T22:47:04Z,"O resultado de pessoa delinquente e mau preparada a possuir arma em casa, parabéns ao Bolsonaro, se tem um culpando por isso é o  próprio governo 👏👏👏👏 armando loucos.",QURTSl9pMVBWWjFkMUNjVlhzdGZOOVBfc1NuRGpkT1NZMDhwd3dacWNtSGVxLVNEUkx6M0x3ZjliaTFlbk90TWZmM29GdjJkN0ZONUdQcw==,2023-06-08 14:52:40.862585
youtube#commentThread,fOvTAiKUSmGvu67ctPMJLcOlgQ8,UgxgNm8ELdMBAC22ulZ4AaABAg,"{'videoId': 'zEfTDpfyt1o', 'topLevelComment': {'kind': 'youtube#comment', 'etag': 'euZ6XExCorav3abSNXDRYbMAQCE', 'id': 'UgxgNm8ELdMBAC22ulZ4AaABAg', 'snippet': {'videoId': 'zEfTDpfyt1o', 'textDisplay': 'O Roberto Jeferson está extrapolando, um possível erro não justifica outro', 'textOriginal': 'O Roberto Jeferson está extrapolando, um possível erro não justifica outro', 'authorDisplayName': 'José Garcia Aguiar', 'authorProfileImageUrl': 'https://yt3.ggpht.com/ytc/AGIKgqN23NpOnG2NzgmvhOVcdFj7DlqBXSXrRrs62g=s48-c-k-c0x00ffffff-no-rj', 'authorChannelUrl': 'http://www.youtube.com/channel/UCqnd_AC-QbDdtn6ZCwHAPSw', 'authorChannelId': {'value': 'UCqnd_AC-QbDdtn6ZCwHAPSw'}, 'canRate': True, 'viewerRating': 'none', 'likeCount': 0, 'publishedAt': '2022-10-23T22:46:40Z', 'updatedAt': '2022-10-23T22:46:40Z'}}, 'canReply': True, 'totalReplyCount': 0, 'isPublic': True}",,UCqnd_AC-QbDdtn6ZCwHAPSw,2022-10-23T22:46:40Z,"O Roberto Jeferson está extrapolando, um possível erro não justifica outro",QURTSl9pMVBWWjFkMUNjVlhzdGZOOVBfc1NuRGpkT1NZMDhwd3dacWNtSGVxLVNEUkx6M0x3ZjliaTFlbk90TWZmM29GdjJkN0ZONUdQcw==,2023-06-08 14:52:40.862585
youtube#commentThread,XdezKEgTpimDpLsnGs0BZCCTa3Y,Ugx7wommHf04IRvLoKh4AaABAg,"{'videoId': 'zEfTDpfyt1o', 'topLevelComment': {'kind': 'youtube#comment', 'etag': 'JyNR5EhVsxAB2bgtnQsmTURyXd8', 'id': 'Ugx7wommHf04IRvLoKh4AaABAg', 'snippet': {'videoId': 'zEfTDpfyt1o', 'textDisplay': 'Esses apoiadores  do diabo covardes  miseráveis', 'textOriginal': 'Esses apoiadores  do diabo covardes  miseráveis', 'authorDisplayName': 'Roseli Do santos', 'authorProfileImageUrl': 'https://yt3.ggpht.com/ytc/AGIKgqNo7mhk8JBVBNp1k84SF4umQEFXZb5r9_7tXnn1dnDQAMr962GFF9W1hqeuKUt0=s48-c-k-c0x00ffffff-no-rj', 'authorChannelUrl': 'http://www.youtube.com/channel/UCn5WPb-AJgKPBeUGKjGPLBQ', 'authorChannelId': {'value': 'UCn5WPb-AJgKPBeUGKjGPLBQ'}, 'canRate': True, 'viewerRating': 'none', 'likeCount': 1, 'publishedAt': '2022-10-23T22:46:38Z', 'updatedAt': '2022-10-23T22:46:38Z'}}, 'canReply': True, 'totalReplyCount': 0, 'isPublic': True}",,UCn5WPb-AJgKPBeUGKjGPLBQ,2022-10-23T22:46:38Z,Esses apoiadores  do diabo covardes  miseráveis,QURTSl9pMVBWWjFkMUNjVlhzdGZOOVBfc1NuRGpkT1NZMDhwd3dacWNtSGVxLVNEUkx6M0x3ZjliaTFlbk90TWZmM29GdjJkN0ZONUdQcw==,2023-06-08 14:52:40.862585
youtube#commentThread,4U4N_LVx4Bcc1SqOv4bq1DZOA7k,UgzXf8tnFqryAUTvRYV4AaABAg,"{'videoId': 'zEfTDpfyt1o', 'topLevelComment': {'kind': 'youtube#comment', 'etag': 'mjtZnGt-bt5s5tZ1VBQcVRtl16M', 'id': 'UgzXf8tnFqryAUTvRYV4AaABAg', 'snippet': {'videoId': 'zEfTDpfyt1o', 'textDisplay': 'Tudo isso só está ocorrendo por uma instituição que deveria resguardar a constituição,  funciona como uma banca de advogados de partidos de esquerda onde para um lado pesa a mão e pro outro é tapinha no rosto de carinho.', 'textOriginal': 'Tudo isso só está ocorrendo por uma instituição que deveria resguardar a constituição,  funciona como uma banca de advogados de partidos de esquerda onde para um lado pesa a mão e pro outro é tapinha no rosto de carinho.', 'authorDisplayName': 'claudio galvão teixeira', 'authorProfileImageUrl': 'https://yt3.ggpht.com/ytc/AGIKgqN9pEiOyuK_N81Kjhettu4gn6WcSbQN2_J8eUw1=s48-c-k-c0x00ffffff-no-rj', 'authorChannelUrl': 'http://www.youtube.com/channel/UCIuK-E3NmkiO3_BQKkqyPAg', 'authorChannelId': {'value': 'UCIuK-E3NmkiO3_BQKkqyPAg'}, 'canRate': True, 'viewerRating': 'none', 'likeCount': 0, 'publishedAt': '2022-10-23T22:46:36Z', 'updatedAt': '2022-10-23T22:46:36Z'}}, 'canReply': True, 'totalReplyCount': 0, 'isPublic': True}",,UCIuK-E3NmkiO3_BQKkqyPAg,2022-10-23T22:46:36Z,"Tudo isso só está ocorrendo por uma instituição que deveria resguardar a constituição,  funciona como uma banca de advogados de partidos de esquerda onde para um lado pesa a mão e pro outro é tapinha no rosto de carinho.",QURTSl9pMVBWWjFkMUNjVlhzdGZOOVBfc1NuRGpkT1NZMDhwd3dacWNtSGVxLVNEUkx6M0x3ZjliaTFlbk90TWZmM29GdjJkN0ZONUdQcw==,2023-06-08 14:52:40.862585
youtube#commentThread,YkQBajnaCJLbEzGLHjcT7M4uqPM,UgwevqsTWCmPiNCDjnB4AaABAg,"{'videoId': 'zEfTDpfyt1o', 'topLevelComment': {'kind': 'youtube#comment', 'etag': 'C_X4srivZBBffRE3WRA6_Sh7xZ0', 'id': 'UgwevqsTWCmPiNCDjnB4AaABAg', 'snippet': {'videoId': 'zEfTDpfyt1o', 'textDisplay': 'A Notícia na Globo Apoidor de Roberto Jeferson Que apoia Bolsonaro agride Cinegrafista alguém aí quer apostar?????', 'textOriginal': 'A Notícia na Globo Apoidor de Roberto Jeferson Que apoia Bolsonaro agride Cinegrafista alguém aí quer apostar?????', 'authorDisplayName': 'vilson candido Moraes', 'authorProfileImageUrl': 'https://yt3.ggpht.com/ytc/AGIKgqMVT2ZkIJN-jQddFX8wuz0myWNBJpQlQgX_Pg=s48-c-k-c0x00ffffff-no-rj', 'authorChannelUrl': 'http://www.youtube.com/channel/UC134qOLu9ifDEBlmHqZvCIA', 'authorChannelId': {'value': 'UC134qOLu9ifDEBlmHqZvCIA'}, 'canRate': True, 'viewerRating': 'none', 'likeCount': 0, 'publishedAt': '2022-10-23T22:46:30Z', 'updatedAt': '2022-10-23T22:46:30Z'}}, 'canReply': True, 'totalReplyCount': 0, 'isPublic': True}",,UC134qOLu9ifDEBlmHqZvCIA,2022-10-23T22:46:30Z,A Notícia na Globo Apoidor de Roberto Jeferson Que apoia Bolsonaro agride Cinegrafista alguém aí quer apostar?????,QURTSl9pMVBWWjFkMUNjVlhzdGZOOVBfc1NuRGpkT1NZMDhwd3dacWNtSGVxLVNEUkx6M0x3ZjliaTFlbk90TWZmM29GdjJkN0ZONUdQcw==,2023-06-08 14:52:40.862585
youtube#commentThread,HU29ykMPF2ltCaMnuGQA-e0T3Do,UgxnhvkGDWI8hvUcxpZ4AaABAg,"{'videoId': 'zEfTDpfyt1o', 'topLevelComment': {'kind': 'youtube#comment', 'etag': 'n5PQ7iZ-ZdsVAE0KQQNe3tzoIVI', 'id': 'UgxnhvkGDWI8hvUcxpZ4AaABAg', 'snippet': {'videoId': 'zEfTDpfyt1o', 'textDisplay': 'a rede esgoto esta mal na fita, os funcionários estão correndo risco de vida.', 'textOriginal': 'a rede esgoto esta mal na fita, os funcionários estão correndo risco de vida.', 'authorDisplayName': 'billy duda', 'authorProfileImageUrl': 'https://yt3.ggpht.com/O0dUsNC2ERaZVxkMGhmyX-d08QD2hL1s2C9KBglXwwvUZ8VXUveHlLywZ7-vSZ1-xBVE0x0K=s48-c-k-c0x00ffffff-no-rj', 'authorChannelUrl': 'http://www.youtube.com/channel/UCWip0VG71RAtZlLsF8-RrBQ', 'authorChannelId': {'value': 'UCWip0VG71RAtZlLsF8-RrBQ'}, 'canRate': True, 'viewerRating': 'none', 'likeCount': 1, 'publishedAt': '2022-10-23T22:46:27Z', 'updatedAt': '2022-10-23T22:46:27Z'}}, 'canReply': True, 'totalReplyCount': 0, 'isPublic': True}",,UCWip0VG71RAtZlLsF8-RrBQ,2022-10-23T22:46:27Z,"a rede esgoto esta mal na fita, os funcionários estão correndo risco de vida.",QURTSl9pMVBWWjFkMUNjVlhzdGZOOVBfc1NuRGpkT1NZMDhwd3dacWNtSGVxLVNEUkx6M0x3ZjliaTFlbk90TWZmM29GdjJkN0ZONUdQcw==,2023-06-08 14:52:40.862585
youtube#commentThread,akEd2a5l6uBaKxKD_Do3xh7dGVg,Ugwi_AV4RzskJfDwRfd4AaABAg,"{'videoId': 'zEfTDpfyt1o', 'topLevelComment': {'kind': 'youtube#comment', 'etag': 'd_hJd_xXs8BUIiAG-BfakCPDbKU', 'id': 'Ugwi_AV4RzskJfDwRfd4AaABAg', 'snippet': {'videoId': 'zEfTDpfyt1o', 'textDisplay': 'Um bandido resiste a prisão com metralhadora e granada. Na favela? Não, pois se fosse lá o bandido estaria morto!!!!! Amigo bom é bandido amigo né sr presidente!!!', 'textOriginal': 'Um bandido resiste a prisão com metralhadora e granada. Na favela? Não, pois se fosse lá o bandido estaria morto!!!!! Amigo bom é bandido amigo né sr presidente!!!', 'authorDisplayName': 'sergio marguleski', 'authorProfileImageUrl': 'https://yt3.ggpht.com/ytc/AGIKgqN1LgGUM8pTDQ2guseL1gTpOf_P0wlHmYq7XjCO=s48-c-k-c0x00ffffff-no-rj', 'authorChannelUrl': 'http://www.youtube.com/channel/UCrS745RyQ8AZ1X2B76kKvzA', 'authorChannelId': {'value': 'UCrS745RyQ8AZ1X2B76kKvzA'}, 'canRate': True, 'viewerRating': 'none', 'likeCount': 0, 'publishedAt': '2022-10-23T22:46:23Z', 'updatedAt': '2022-10-23T22:46:23Z'}}, 'canReply': True, 'totalReplyCount': 0, 'isPublic': True}",,UCrS745RyQ8AZ1X2B76kKvzA,2022-10-23T22:46:23Z,"Um bandido resiste a prisão com metralhadora e granada. Na favela? Não, pois se fosse lá o bandido estaria morto!!!!! Amigo bom é bandido amigo né sr presidente!!!",QURTSl9pMVBWWjFkMUNjVlhzdGZOOVBfc1NuRGpkT1NZMDhwd3dacWNtSGVxLVNEUkx6M0x3ZjliaTFlbk90TWZmM29GdjJkN0ZONUdQcw==,2023-06-08 14:52:40.862585
youtube#commentThread,r8GzcvpVdOApIIgayyaiaM1x_5c,Ugzv2z3H1vQOrcEkP8t4AaABAg,"{'videoId': 'zEfTDpfyt1o', 'topLevelComment': {'kind': 'youtube#comment', 'etag': 'FvQ0K5Vlwc-A4CJ3bsOoS2hUJ0s', 'id': 'Ugzv2z3H1vQOrcEkP8t4AaABAg', 'snippet': {'videoId': 'zEfTDpfyt1o', 'textDisplay': 'O ROBERTO JEFFERSON SE DEFENDEU CONTRA A GESTAPO DO ALEXADRE DE MORAIS, A POLICIA FEDERAL É UMA VERGONHA, ACATA TUDO O QUE O TIRANO MANDA, O JEFFERSON É O UNICO CORAJOSO NESSE PAÍS DE BANANAS! BOLSONARO DEVERIA FICAR NEUTRO E NÃO CONTRA  ROBERTO JEFFERSON, POIS ELE SÓ DISSE VERDADES CONTRA A VAMPIRA BRASILEIRA DO STF.', 'textOriginal': 'O ROBERTO JEFFERSON SE DEFENDEU CONTRA A GESTAPO DO ALEXADRE DE MORAIS, A POLICIA FEDERAL É UMA VERGONHA, ACATA TUDO O QUE O TIRANO MANDA, O JEFFERSON É O UNICO CORAJOSO NESSE PAÍS DE BANANAS! BOLSONARO DEVERIA FICAR NEUTRO E NÃO CONTRA  ROBERTO JEFFERSON, POIS ELE SÓ DISSE VERDADES CONTRA A VAMPIRA BRASILEIRA DO STF.', 'authorDisplayName': 'Atores Europa', 'authorProfileImageUrl': 'https://yt3.ggpht.com/ytc/AGIKgqNALsuDn5MtpulrSe0v9LFaS7y5oFRwzpvWLTRw=s48-c-k-c0x00ffffff-no-rj', 'authorChannelUrl': 'http://www.youtube.com/channel/UCF2na9gnkN5HR4OvLYFZoYg', 'authorChannelId': {'value': 'UCF2na9gnkN5HR4OvLYFZoYg'}, 'canRate': True, 'viewerRating': 'none', 'likeCount': 1, 'publishedAt': '2022-10-23T22:46:11Z', 'updatedAt': '2022-10-23T23:14:45Z'}}, 'canReply': True, 'totalReplyCount': 0, 'isPublic': True}",,UCF2na9gnkN5HR4OvLYFZoYg,2022-10-23T22:46:11Z,"O ROBERTO JEFFERSON SE DEFENDEU CONTRA A GESTAPO DO ALEXADRE DE MORAIS, A POLICIA FEDERAL É UMA VERGONHA, ACATA TUDO O QUE O TIRANO MANDA, O JEFFERSON É O UNICO CORAJOSO NESSE PAÍS DE BANANAS! BOLSONARO DEVERIA FICAR NEUTRO E NÃO CONTRA  ROBERTO JEFFERSON, POIS ELE SÓ DISSE VERDADES CONTRA A VAMPIRA BRASILEIRA DO STF.",QURTSl9pMVBWWjFkMUNjVlhzdGZOOVBfc1NuRGpkT1NZMDhwd3dacWNtSGVxLVNEUkx6M0x3ZjliaTFlbk90TWZmM29GdjJkN0ZONUdQcw==,2023-06-08 14:52:40.862585
youtube#commentThread,nkPfofndzuJP_XOJKlI49b87-q4,UgwJwGVJNEzcpwzyvtZ4AaABAg,"{'videoId': 'zEfTDpfyt1o', 'topLevelComment': {'kind': 'youtube#comment', 'etag': 'VVi3lvNBBCEGCRNOZtmdTLN8jQE', 'id': 'UgwJwGVJNEzcpwzyvtZ4AaABAg', 'snippet': {'videoId': 'zEfTDpfyt1o', 'textDisplay': 'Devido aos ânimos acirrados,  graças ha alguns ministros do STF, estamos em eminência de uma guerra civil. Que Deus nos  guarde e guarde nosso Brasil 🙏🙏🙏🇧🇷🇧🇷🇧🇷', 'textOriginal': 'Devido aos ânimos acirrados,  graças ha alguns ministros do STF, estamos em eminência de uma guerra civil. Que Deus nos  guarde e guarde nosso Brasil 🙏🙏🙏🇧🇷🇧🇷🇧🇷', 'authorDisplayName': 'Aparecida Fernandes', 'authorProfileImageUrl': 'https://yt3.ggpht.com/ytc/AGIKgqNcgrMAHYCgX7b5BWc67OmyzzDzCCCFOH-o0A=s48-c-k-c0x00ffffff-no-rj', 'authorChannelUrl': 'http://www.youtube.com/channel/UCj-9AeGh0LZ2t7GAeZJd-Rg', 'authorChannelId': {'value': 'UCj-9AeGh0LZ2t7GAeZJd-Rg'}, 'canRate': True, 'viewerRating': 'none', 'likeCount': 57, 'publishedAt': '2022-10-23T22:46:10Z', 'updatedAt': '2022-10-23T22:46:10Z'}}, 'canReply': True, 'totalReplyCount': 6, 'isPublic': True}","{'comments': [{'kind': 'youtube#comment', 'etag': 'XYRie9XW9RCzMXrFaiBhEUWEtT8', 'id': 'UgwJwGVJNEzcpwzyvtZ4AaABAg.9hYCuSo2TXL9hYbUAEWzEu', 'snippet': {'videoId': 'zEfTDpfyt1o', 'textDisplay': '@Nivaldo Silva Tadinho do Bolsomerda, ele é santinho, né?! kkkkkkk', 'textOriginal': '@Nivaldo Silva Tadinho do Bolsomerda, ele é santinho, né?! kkkkkkk', 'parentId': 'UgwJwGVJNEzcpwzyvtZ4AaABAg', 'authorDisplayName': 'Mateus Felipe', 'authorProfileImageUrl': 'https://yt3.ggpht.com/ytc/AGIKgqOTSpwr9m9FNlf-tDOcnNOcPlxV_t7Ctbfweg=s48-c-k-c0x00ffffff-no-rj', 'authorChannelUrl': 'http://www.youtube.com/channel/UCLdCM78RzsO3Iz9XjDOfW-w', 'authorChannelId': {'value': 'UCLdCM78RzsO3Iz9XjDOfW-w'}, 'canRate': True, 'viewerRating': 'none', 'likeCount': 0, 'publishedAt': '2022-10-24T02:29:38Z', 'updatedAt': '2022-10-24T02:29:38Z'}}, {'kind': 'youtube#comment', 'etag': 'ZnwK7ESPx90dEIoLc92o-3Bd0sM', 'id': 'UgwJwGVJNEzcpwzyvtZ4AaABAg.9hYCuSo2TXL9hYThMPPDBs', 'snippet': {'videoId': 'zEfTDpfyt1o', 'textDisplay': '@Leonardo Lopes sei ,olha só quem fala,  e os vândalos, terroristas e feminazes do PT ,que não respeitam nada nem ninguém.', 'textOriginal': '@Leonardo Lopes sei ,olha só quem fala,  e os vândalos, terroristas e feminazes do PT ,que não respeitam nada nem ninguém.', 'parentId': 'UgwJwGVJNEzcpwzyvtZ4AaABAg', 'authorDisplayName': 'Aparecida Fernandes', 'authorProfileImageUrl': 'https://yt3.ggpht.com/ytc/AGIKgqNcgrMAHYCgX7b5BWc67OmyzzDzCCCFOH-o0A=s48-c-k-c0x00ffffff-no-rj', 'authorChannelUrl': 'http://www.youtube.com/channel/UCj-9AeGh0LZ2t7GAeZJd-Rg', 'authorChannelId': {'value': 'UCj-9AeGh0LZ2t7GAeZJd-Rg'}, 'canRate': True, 'viewerRating': 'none', 'likeCount': 0, 'publishedAt': '2022-10-24T01:12:56Z', 'updatedAt': '2022-10-24T01:12:56Z'}}, {'kind': 'youtube#comment', 'etag': 'P2zi0LTEEu69x57H5b223H8JtqE', 'id': 'UgwJwGVJNEzcpwzyvtZ4AaABAg.9hYCuSo2TXL9hYMmbUGxHu', 'snippet': {'videoId': 'zEfTDpfyt1o', 'textDisplay': 'A culpa é do Bolsonaro que trouxe o ódio. Tirou do armário vários racistas, facistas que estão se achando no direito de dar tiro, bater etc.', 'textOriginal': 'A culpa é do Bolsonaro que trouxe o ódio. Tirou do armário vários racistas, facistas que estão se achando no direito de dar tiro, bater etc.', 'parentId': 'UgwJwGVJNEzcpwzyvtZ4AaABAg', 'authorDisplayName': 'Leonardo Lopes', 'authorProfileImageUrl': 'https://yt3.ggpht.com/ytc/AGIKgqNjfq6e-fpFmjM0R4sQE6qpcSdrNMQbopI59CToNg=s48-c-k-c0x00ffffff-no-rj', 'authorChannelUrl': 'http://www.youtube.com/channel/UCMIufF8YCbOzKy_C72eU9ig', 'authorChannelId': {'value': 'UCMIufF8YCbOzKy_C72eU9ig'}, 'canRate': True, 'viewerRating': 'none', 'likeCount': 0, 'publishedAt': '2022-10-24T00:12:29Z', 'updatedAt': '2022-10-24T00:12:29Z'}}, {'kind': 'youtube#comment', 'etag': 'WJF639lBZIxWmnGIsD2UjZfPkqY', 'id': 'UgwJwGVJNEzcpwzyvtZ4AaABAg.9hYCuSo2TXL9hYL4SKij_J', 'snippet': {'videoId': 'zEfTDpfyt1o', 'textDisplay': 'Verdade, somente o exército nas ruas, batendo e matando os brasileiros podem salvar o nosso Brasil. Contém ironia', 'textOriginal': 'Verdade, somente o exército nas ruas, batendo e matando os brasileiros podem salvar o nosso Brasil. Contém ironia', 'parentId': 'UgwJwGVJNEzcpwzyvtZ4AaABAg', 'authorDisplayName': 'Leonardo Oliveira', 'authorProfileImageUrl': 'https://yt3.ggpht.com/ytc/AGIKgqMdmrMrWFGCTajUTECLX5JHLi7S0W7--SyVp3jF=s48-c-k-c0x00ffffff-no-rj', 'authorChannelUrl': 'http://www.youtube.com/channel/UCvxit96cQd8hLmj6NMIanfw', 'authorChannelId': {'value': 'UCvxit96cQd8hLmj6NMIanfw'}, 'canRate': True, 'viewerRating': 'none', 'likeCount': 0, 'publishedAt': '2022-10-23T23:57:35Z', 'updatedAt': '2022-10-23T23:57:35Z'}}, {'kind': 'youtube#comment', 'etag': 'T4cVXvT5PnAGNtEi4S055L3eiNk', 'id': 'UgwJwGVJNEzcpwzyvtZ4AaABAg.9hYCuSo2TXL9hYIq1fNjVp', 'snippet': {'videoId': 'zEfTDpfyt1o', 'textDisplay': 'Verdade culpa STF', 'textOriginal': 'Verdade culpa STF', 'parentId': 'UgwJwGVJNEzcpwzyvtZ4AaABAg', 'authorDisplayName': 'Elizete Tavares', 'authorProfileImageUrl': 'https://yt3.ggpht.com/ytc/AGIKgqMWvcggKnD_-k2fruY7wxcvHK8HaflXFPso5g=s48-c-k-c0x00ffffff-no-rj', 'authorChannelUrl': 'http://www.youtube.com/channel/UCn-kgPwPX0RCNA-I1iwi6Tw', 'authorChannelId': {'value': 'UCn-kgPwPX0RCNA-I1iwi6Tw'}, 'canRate': True, 'viewerRating': 'none', 'likeCount': 1, 'publishedAt': '2022-10-23T23:38:00Z', 'updatedAt': '2022-10-23T23:38:00Z'}}]}",UCj-9AeGh0LZ2t7GAeZJd-Rg,2022-10-23T22:46:10Z,"Devido aos ânimos acirrados,  graças ha alguns ministros do STF, estamos em eminência de uma guerra civil. Que Deus nos  guarde e guarde nosso Brasil 🙏🙏🙏🇧🇷🇧🇷🇧🇷",QURTSl9pMVBWWjFkMUNjVlhzdGZOOVBfc1NuRGpkT1NZMDhwd3dacWNtSGVxLVNEUkx6M0x3ZjliaTFlbk90TWZmM29GdjJkN0ZONUdQcw==,2023-06-08 14:52:40.862585
youtube#commentThread,lI7Jnpokitc1v3QqsbIldLIinxk,Ugxv1-pBbkRA1wQp4D54AaABAg,"{'videoId': 'zEfTDpfyt1o', 'topLevelComment': {'kind': 'youtube#comment', 'etag': 'LywCaHX6Eve-xstCnVru2tBbAIA', 'id': 'Ugxv1-pBbkRA1wQp4D54AaABAg', 'snippet': {'videoId': 'zEfTDpfyt1o', 'textDisplay': 'Tudo culpa do Alexandre de Morais que tem decisões esdrúxulas, do mesmo jeito q o ministro mandou prender  Daniel Silveira e Osvaldo Eustaquio que está paraplégico até  hoje', 'textOriginal': 'Tudo culpa do Alexandre de Morais que tem decisões esdrúxulas, do mesmo jeito q o ministro mandou prender  Daniel Silveira e Osvaldo Eustaquio que está paraplégico até  hoje', 'authorDisplayName': 'Helena Vieira', 'authorProfileImageUrl': 'https://yt3.ggpht.com/ytc/AGIKgqPeyTGrtKopmWG6k8KwbV_Ouy_SeCEyt-fsxqfFeRwTy5is0_eWB1M3dp6DWZPV=s48-c-k-c0x00ffffff-no-rj', 'authorChannelUrl': 'http://www.youtube.com/channel/UCg5sBAtD3LSo0rTMvJce7ug', 'authorChannelId': {'value': 'UCg5sBAtD3LSo0rTMvJce7ug'}, 'canRate': True, 'viewerRating': 'none', 'likeCount': 0, 'publishedAt': '2022-10-23T22:46:08Z', 'updatedAt': '2022-10-23T22:46:08Z'}}, 'canReply': True, 'totalReplyCount': 0, 'isPublic': True}",,UCg5sBAtD3LSo0rTMvJce7ug,2022-10-23T22:46:08Z,"Tudo culpa do Alexandre de Morais que tem decisões esdrúxulas, do mesmo jeito q o ministro mandou prender  Daniel Silveira e Osvaldo Eustaquio que está paraplégico até  hoje",QURTSl9pMVBWWjFkMUNjVlhzdGZOOVBfc1NuRGpkT1NZMDhwd3dacWNtSGVxLVNEUkx6M0x3ZjliaTFlbk90TWZmM29GdjJkN0ZONUdQcw==,2023-06-08 14:52:40.862585
youtube#commentThread,vJULrpA4tNs-2KC9WZiGOId_e_8,UgxRZnnIo7TcWgu5MGx4AaABAg,"{'videoId': 'zEfTDpfyt1o', 'topLevelComment': {'kind': 'youtube#comment', 'etag': 'DOupmmowXbVtmdWcuXqtf9nH1Fk', 'id': 'UgxRZnnIo7TcWgu5MGx4AaABAg', 'snippet': {'videoId': 'zEfTDpfyt1o', 'textDisplay': 'Esse Jefferson só quer tumulto e atrapalhar a reeleição do presidente Bolsonaro, Deus nos livre dessas pessoas que gostam de se aparecer e tumultuar', 'textOriginal': 'Esse Jefferson só quer tumulto e atrapalhar a reeleição do presidente Bolsonaro, Deus nos livre dessas pessoas que gostam de se aparecer e tumultuar', 'authorDisplayName': 'Neuza M', 'authorProfileImageUrl': 'https://yt3.ggpht.com/ytc/AGIKgqNPKp9Zn_PYqQ86AsNyPcdfGLcJ99xULdi3PQ=s48-c-k-c0x00ffffff-no-rj', 'authorChannelUrl': 'http://www.youtube.com/channel/UCEUd6kFFJu98NySV9LBhYjg', 'authorChannelId': {'value': 'UCEUd6kFFJu98NySV9LBhYjg'}, 'canRate': True, 'viewerRating': 'none', 'likeCount': 0, 'publishedAt': '2022-10-23T22:46:00Z', 'updatedAt': '2022-10-23T22:46:00Z'}}, 'canReply': True, 'totalReplyCount': 0, 'isPublic': True}",,UCEUd6kFFJu98NySV9LBhYjg,2022-10-23T22:46:00Z,"Esse Jefferson só quer tumulto e atrapalhar a reeleição do presidente Bolsonaro, Deus nos livre dessas pessoas que gostam de se aparecer e tumultuar",QURTSl9pMVBWWjFkMUNjVlhzdGZOOVBfc1NuRGpkT1NZMDhwd3dacWNtSGVxLVNEUkx6M0x3ZjliaTFlbk90TWZmM29GdjJkN0ZONUdQcw==,2023-06-08 14:52:40.862585
youtube#commentThread,fgMauidp6wG-l_RQWvJyhtYtBsw,UgyS8yKqfIDKFWOY1Wl4AaABAg,"{'videoId': 'zEfTDpfyt1o', 'topLevelComment': {'kind': 'youtube#comment', 'etag': 'a7M-1yZOoAcNJ0WrCPXO-ooyWHo', 'id': 'UgyS8yKqfIDKFWOY1Wl4AaABAg', 'snippet': {'videoId': 'zEfTDpfyt1o', 'textDisplay': 'A pf tá fazendo com que a população se revolte. Uma vez que tem integrantes cumprindo ordem e lei absurda.', 'textOriginal': 'A pf tá fazendo com que a população se revolte. Uma vez que tem integrantes cumprindo ordem e lei absurda.', 'authorDisplayName': 'CANAL AFA. ASSOCIAÇÃO FEITA POR AMIGOS.', 'authorProfileImageUrl': 'https://yt3.ggpht.com/ytc/AGIKgqMDQQeGYK9ZNmwI5Wk5tWXNN4ztComd6B2cMmvefSXRGSFQq2ENPC6lrGML_Giu=s48-c-k-c0x00ffffff-no-rj', 'authorChannelUrl': 'http://www.youtube.com/channel/UCiHXS7mFGtuhAEhao5C9Guw', 'authorChannelId': {'value': 'UCiHXS7mFGtuhAEhao5C9Guw'}, 'canRate': True, 'viewerRating': 'none', 'likeCount': 0, 'publishedAt': '2022-10-23T22:45:54Z', 'updatedAt': '2022-10-23T22:45:54Z'}}, 'canReply': True, 'totalReplyCount': 0, 'isPublic': True}",,UCiHXS7mFGtuhAEhao5C9Guw,2022-10-23T22:45:54Z,A pf tá fazendo com que a população se revolte. Uma vez que tem integrantes cumprindo ordem e lei absurda.,QURTSl9pMVBWWjFkMUNjVlhzdGZOOVBfc1NuRGpkT1NZMDhwd3dacWNtSGVxLVNEUkx6M0x3ZjliaTFlbk90TWZmM29GdjJkN0ZONUdQcw==,2023-06-08 14:52:40.862585
youtube#commentThread,Ep9DurUOgV7ZvTlJK4V95BTmy-Q,Ugybk1jJJxh2YqLDdvt4AaABAg,"{'videoId': 'zEfTDpfyt1o', 'topLevelComment': {'kind': 'youtube#comment', 'etag': 'c5UkleytpYAcDfNhJE7O7zBnSuo', 'id': 'Ugybk1jJJxh2YqLDdvt4AaABAg', 'snippet': {'videoId': 'zEfTDpfyt1o', 'textDisplay': 'Mesmo a gente sendo contra algumas  falas do ex Deputado Roberto Jeferson contra membros do STF,em especial contra uma ministra,entendemos que uma situação grave como esta  que está ocorrendo nesse momento por ocasião da prisão do ex Deputado e que tem a assinatura do ministro Alexandre Morais poderia ter sido evitada se ele ou a parte ofendida tivessem tomado as providências nas esferas legais,sem autoritarismo ou abuso de poder...Queira DEUS que tudo termine bem..', 'textOriginal': 'Mesmo a gente sendo contra algumas  falas do ex Deputado Roberto Jeferson contra membros do STF,em especial contra uma ministra,entendemos que uma situação grave como esta  que está ocorrendo nesse momento por ocasião da prisão do ex Deputado e que tem a assinatura do ministro Alexandre Morais poderia ter sido evitada se ele ou a parte ofendida tivessem tomado as providências nas esferas legais,sem autoritarismo ou abuso de poder...Queira DEUS que tudo termine bem..', 'authorDisplayName': 'Abel Oliveira', 'authorProfileImageUrl': 'https://yt3.ggpht.com/NLzuIdUkv8zfByc2zUJ2BmH38Zp1n0tyTkGKFuD--jVRwt6Ay3Q_1RlH-Mc9WVv5phHoV1cqCA=s48-c-k-c0x00ffffff-no-rj', 'authorChannelUrl': 'http://www.youtube.com/channel/UCcLfu1pn-2A_QxkpsQjsDnA', 'authorChannelId': {'value': 'UCcLfu1pn-2A_QxkpsQjsDnA'}, 'canRate': True, 'viewerRating': 'none', 'likeCount': 1, 'publishedAt': '2022-10-23T22:45:54Z', 'updatedAt': '2022-10-23T22:45:54Z'}}, 'canReply': True, 'totalReplyCount': 0, 'isPublic': True}",,UCcLfu1pn-2A_QxkpsQjsDnA,2022-10-23T22:45:54Z,"Mesmo a gente sendo contra algumas  falas do ex Deputado Roberto Jeferson contra membros do STF,em especial contra uma ministra,entendemos que uma situação grave como esta  que está ocorrendo nesse momento por ocasião da prisão do ex Deputado e que tem a assinatura do ministro Alexandre Morais poderia ter sido evitada se ele ou a parte ofendida tivessem tomado as providências nas esferas legais,sem autoritarismo ou abuso de poder...Queira DEUS que tudo termine bem..",QURTSl9pMVBWWjFkMUNjVlhzdGZOOVBfc1NuRGpkT1NZMDhwd3dacWNtSGVxLVNEUkx6M0x3ZjliaTFlbk90TWZmM29GdjJkN0ZONUdQcw==,2023-06-08 14:52:40.862585
youtube#commentThread,4Bz86kyd8IUTpqEVEdM6k4jXIso,UgzMoknwj9o4bVonY1l4AaABAg,"{'videoId': 'zEfTDpfyt1o', 'topLevelComment': {'kind': 'youtube#comment', 'etag': 'yCQvvXxb2L1KJM9IuEggiytu-J4', 'id': 'UgzMoknwj9o4bVonY1l4AaABAg', 'snippet': {'videoId': 'zEfTDpfyt1o', 'textDisplay': 'esse é o resultado do que a JP promove com as intervencões bolsonaristas, desviando o foco do comunicador pelo do apoiador militante de uma ideologia.', 'textOriginal': 'esse é o resultado do que a JP promove com as intervencões bolsonaristas, desviando o foco do comunicador pelo do apoiador militante de uma ideologia.', 'authorDisplayName': 'Milton Flores', 'authorProfileImageUrl': 'https://yt3.ggpht.com/ytc/AGIKgqPtfzKZAB-ToKy7Ot4uOqhwyISK52P3shq5DQ=s48-c-k-c0x00ffffff-no-rj', 'authorChannelUrl': 'http://www.youtube.com/channel/UC5sDaBwn81ULrzUW82NuoNw', 'authorChannelId': {'value': 'UC5sDaBwn81ULrzUW82NuoNw'}, 'canRate': True, 'viewerRating': 'none', 'likeCount': 0, 'publishedAt': '2022-10-23T22:45:51Z', 'updatedAt': '2022-10-23T22:45:51Z'}}, 'canReply': True, 'totalReplyCount': 0, 'isPublic': True}",,UC5sDaBwn81ULrzUW82NuoNw,2022-10-23T22:45:51Z,"esse é o resultado do que a JP promove com as intervencões bolsonaristas, desviando o foco do comunicador pelo do apoiador militante de uma ideologia.",QURTSl9pMVBWWjFkMUNjVlhzdGZOOVBfc1NuRGpkT1NZMDhwd3dacWNtSGVxLVNEUkx6M0x3ZjliaTFlbk90TWZmM29GdjJkN0ZONUdQcw==,2023-06-08 14:52:40.862585
youtube#commentThread,BWnGvhTO9hDWBcWGtLPbIx6vq0U,Ugy-j_Z5GdbxWBInrt14AaABAg,"{'videoId': 'zEfTDpfyt1o', 'topLevelComment': {'kind': 'youtube#comment', 'etag': '7x3gT0AdZ5nitIjwVxnsGHY09-g', 'id': 'Ugy-j_Z5GdbxWBInrt14AaABAg', 'snippet': {'videoId': 'zEfTDpfyt1o', 'textDisplay': 'Meu Deus abençoai Nosso Brasil!', 'textOriginal': 'Meu Deus abençoai Nosso Brasil!', 'authorDisplayName': 'Maria Carmina Oliveira Araujo', 'authorProfileImageUrl': 'https://yt3.ggpht.com/ytc/AGIKgqPih6kaNTamSo8n7UnFEzna6wvgkoikVo7M1w=s48-c-k-c0x00ffffff-no-rj', 'authorChannelUrl': 'http://www.youtube.com/channel/UCbu8eBwqMdSXbgwYQj_EDng', 'authorChannelId': {'value': 'UCbu8eBwqMdSXbgwYQj_EDng'}, 'canRate': True, 'viewerRating': 'none', 'likeCount': 6, 'publishedAt': '2022-10-23T22:45:49Z', 'updatedAt': '2022-10-23T22:45:49Z'}}, 'canReply': True, 'totalReplyCount': 0, 'isPublic': True}",,UCbu8eBwqMdSXbgwYQj_EDng,2022-10-23T22:45:49Z,Meu Deus abençoai Nosso Brasil!,QURTSl9pMVBWWjFkMUNjVlhzdGZOOVBfc1NuRGpkT1NZMDhwd3dacWNtSGVxLVNEUkx6M0x3ZjliaTFlbk90TWZmM29GdjJkN0ZONUdQcw==,2023-06-08 14:52:40.862585
youtube#commentThread,UZwcY0Q0DyjxKweDGLHl7BsrCpI,UgxajblI0Y_GvVogNbp4AaABAg,"{'videoId': 'zEfTDpfyt1o', 'topLevelComment': {'kind': 'youtube#comment', 'etag': '9lakOOMQIp2n0V4XitRy2l6wpW4', 'id': 'UgxajblI0Y_GvVogNbp4AaABAg', 'snippet': {'videoId': 'zEfTDpfyt1o', 'textDisplay': 'Se e a Globo  tá valendo', 'textOriginal': 'Se e a Globo  tá valendo', 'authorDisplayName': 'João Batista', 'authorProfileImageUrl': 'https://yt3.ggpht.com/ytc/AGIKgqOgISbTJo85Xw595kqcs357JgLT1mrm2Wkrsg=s48-c-k-c0x00ffffff-no-rj', 'authorChannelUrl': 'http://www.youtube.com/channel/UCDWlYZ_uulh6tgMDSPw7hoA', 'authorChannelId': {'value': 'UCDWlYZ_uulh6tgMDSPw7hoA'}, 'canRate': True, 'viewerRating': 'none', 'likeCount': 0, 'publishedAt': '2022-10-23T22:45:43Z', 'updatedAt': '2022-10-23T22:45:43Z'}}, 'canReply': True, 'totalReplyCount': 0, 'isPublic': True}",,UCDWlYZ_uulh6tgMDSPw7hoA,2022-10-23T22:45:43Z,Se e a Globo  tá valendo,QURTSl9pMVBWWjFkMUNjVlhzdGZOOVBfc1NuRGpkT1NZMDhwd3dacWNtSGVxLVNEUkx6M0x3ZjliaTFlbk90TWZmM29GdjJkN0ZONUdQcw==,2023-06-08 14:52:40.862585
youtube#commentThread,v5lhRUGys8AQaPQExPizfF7ZsYs,UgwF6c4rLljkHUITnhd4AaABAg,"{'videoId': 'zEfTDpfyt1o', 'topLevelComment': {'kind': 'youtube#comment', 'etag': 'N-kNSc1RfigQ2yxlexUnhBSzTyE', 'id': 'UgwF6c4rLljkHUITnhd4AaABAg', 'snippet': {'videoId': 'zEfTDpfyt1o', 'textDisplay': 'só gente de bem... pessoas defendendo a família e os bons costumes...', 'textOriginal': 'só gente de bem... pessoas defendendo a família e os bons costumes...', 'authorDisplayName': 'Stage X', 'authorProfileImageUrl': 'https://yt3.ggpht.com/GzrPPSd3ibaNp5PVoJICAYGti6xELjF0cr9iUjwznyRhyBm9eJH0vPYQTJz9zFBTzV5BWDFm=s48-c-k-c0x00ffffff-no-rj', 'authorChannelUrl': 'http://www.youtube.com/channel/UCRvWRDNG_DdkC9g3FIxh-lw', 'authorChannelId': {'value': 'UCRvWRDNG_DdkC9g3FIxh-lw'}, 'canRate': True, 'viewerRating': 'none', 'likeCount': 13, 'publishedAt': '2022-10-23T22:45:33Z', 'updatedAt': '2022-10-23T22:45:33Z'}}, 'canReply': True, 'totalReplyCount': 1, 'isPublic': True}","{'comments': [{'kind': 'youtube#comment', 'etag': 'xETUD6l9ELg_UGfTFy70vlfRu6o', 'id': 'UgwF6c4rLljkHUITnhd4AaABAg.9hYCpsDrUCP9hYO8tZRIV0', 'snippet': {'videoId': 'zEfTDpfyt1o', 'textDisplay': 'Hehehe', 'textOriginal': 'Hehehe', 'parentId': 'UgwF6c4rLljkHUITnhd4AaABAg', 'authorDisplayName': 'Giovani Jardim', 'authorProfileImageUrl': 'https://yt3.ggpht.com/ytc/AGIKgqOcmtDVMtA965M40Bt4su8bfYtxgpYZlvWhtAkc=s48-c-k-c0x00ffffff-no-rj', 'authorChannelUrl': 'http://www.youtube.com/channel/UCjsn3MO6hGOSD0X00T5arbg', 'authorChannelId': {'value': 'UCjsn3MO6hGOSD0X00T5arbg'}, 'canRate': True, 'viewerRating': 'none', 'likeCount': 0, 'publishedAt': '2022-10-24T00:24:24Z', 'updatedAt': '2022-10-24T00:24:24Z'}}]}",UCRvWRDNG_DdkC9g3FIxh-lw,2022-10-23T22:45:33Z,só gente de bem... pessoas defendendo a família e os bons costumes...,QURTSl9pMVBWWjFkMUNjVlhzdGZOOVBfc1NuRGpkT1NZMDhwd3dacWNtSGVxLVNEUkx6M0x3ZjliaTFlbk90TWZmM29GdjJkN0ZONUdQcw==,2023-06-08 14:52:40.862585
youtube#commentThread,ZbWHgPxPBw_0T-KVUvZJRMc1TGs,Ugyx08AxLVckgSnrtTh4AaABAg,"{'videoId': 'zEfTDpfyt1o', 'topLevelComment': {'kind': 'youtube#comment', 'etag': 'mpsntFTMPqDK5HLiTh9HYLdEK_k', 'id': 'Ugyx08AxLVckgSnrtTh4AaABAg', 'snippet': {'videoId': 'zEfTDpfyt1o', 'textDisplay': 'Paciência tem limite.', 'textOriginal': 'Paciência tem limite.', 'authorDisplayName': 'Eu na roça', 'authorProfileImageUrl': 'https://yt3.ggpht.com/ytc/AGIKgqNZ_lHwPU0j8Hhns3yQpKaveAaS5k8QpVRvf7yKaQ=s48-c-k-c0x00ffffff-no-rj', 'authorChannelUrl': 'http://www.youtube.com/channel/UCBmbcn76K80r8DE4bfmZtdA', 'authorChannelId': {'value': 'UCBmbcn76K80r8DE4bfmZtdA'}, 'canRate': True, 'viewerRating': 'none', 'likeCount': 0, 'publishedAt': '2022-10-23T22:45:32Z', 'updatedAt': '2022-10-23T22:45:32Z'}}, 'canReply': True, 'totalReplyCount': 0, 'isPublic': True}",,UCBmbcn76K80r8DE4bfmZtdA,2022-10-23T22:45:32Z,Paciência tem limite.,QURTSl9pMVBWWjFkMUNjVlhzdGZOOVBfc1NuRGpkT1NZMDhwd3dacWNtSGVxLVNEUkx6M0x3ZjliaTFlbk90TWZmM29GdjJkN0ZONUdQcw==,2023-06-08 14:52:40.862585
youtube#commentThread,N8hgoheeQiIYZCIm3WT5Dt24RXI,UgyhaLrEWq85bkA4G4Z4AaABAg,"{'videoId': 'zEfTDpfyt1o', 'topLevelComment': {'kind': 'youtube#comment', 'etag': 'E0BgqDg8l5b7Rd1Xy17oLmQ5zoo', 'id': 'UgyhaLrEWq85bkA4G4Z4AaABAg', 'snippet': {'videoId': 'zEfTDpfyt1o', 'textDisplay': 'Como não temos justiça e o povo se setindo reprimido age com violência. Diante dessa censura implantada creio que outros epsódios ocorrerão. Bicho enjaulado reage com violência', 'textOriginal': 'Como não temos justiça e o povo se setindo reprimido age com violência. Diante dessa censura implantada creio que outros epsódios ocorrerão. Bicho enjaulado reage com violência', 'authorDisplayName': 'Elizabeth Pellucci', 'authorProfileImageUrl': 'https://yt3.ggpht.com/ytc/AGIKgqNzbKP_uyFKEsI-scRFIquz5mBzThsp0e4Td4260rM=s48-c-k-c0x00ffffff-no-rj', 'authorChannelUrl': 'http://www.youtube.com/channel/UC915LpOjycNAerZL3epFxjg', 'authorChannelId': {'value': 'UC915LpOjycNAerZL3epFxjg'}, 'canRate': True, 'viewerRating': 'none', 'likeCount': 0, 'publishedAt': '2022-10-23T22:45:28Z', 'updatedAt': '2022-10-23T22:45:28Z'}}, 'canReply': True, 'totalReplyCount': 0, 'isPublic': True}",,UC915LpOjycNAerZL3epFxjg,2022-10-23T22:45:28Z,Como não temos justiça e o povo se setindo reprimido age com violência. Diante dessa censura implantada creio que outros epsódios ocorrerão. Bicho enjaulado reage com violência,QURTSl9pMVBWWjFkMUNjVlhzdGZOOVBfc1NuRGpkT1NZMDhwd3dacWNtSGVxLVNEUkx6M0x3ZjliaTFlbk90TWZmM29GdjJkN0ZONUdQcw==,2023-06-08 14:52:40.862585
youtube#commentThread,TcSbNcwdJwr3-44lVPNnbGGv9zc,UgwnJ9Ndn4K3XZIqH6l4AaABAg,"{'videoId': 'zEfTDpfyt1o', 'topLevelComment': {'kind': 'youtube#comment', 'etag': 'PMuUf7t5biKxw4dkEsBd52gnJcg', 'id': 'UgwnJ9Ndn4K3XZIqH6l4AaABAg', 'snippet': {'videoId': 'zEfTDpfyt1o', 'textDisplay': 'Ainda foi pouco esses jornalistas safados já tá na hora do povo derruba esse STF ninguém aguenta mais tanta tirania', 'textOriginal': 'Ainda foi pouco esses jornalistas safados já tá na hora do povo derruba esse STF ninguém aguenta mais tanta tirania', 'authorDisplayName': 'Fabiano Reis Amorim', 'authorProfileImageUrl': 'https://yt3.ggpht.com/ytc/AGIKgqNHJTcOx6RZClJ-csRBRXBV6QT-xONc63-PVw=s48-c-k-c0x00ffffff-no-rj', 'authorChannelUrl': 'http://www.youtube.com/channel/UCzG4PQxT84sLNwHC5Wwz1kQ', 'authorChannelId': {'value': 'UCzG4PQxT84sLNwHC5Wwz1kQ'}, 'canRate': True, 'viewerRating': 'none', 'likeCount': 0, 'publishedAt': '2022-10-23T22:45:27Z', 'updatedAt': '2022-10-23T22:45:27Z'}}, 'canReply': True, 'totalReplyCount': 0, 'isPublic': True}",,UCzG4PQxT84sLNwHC5Wwz1kQ,2022-10-23T22:45:27Z,Ainda foi pouco esses jornalistas safados já tá na hora do povo derruba esse STF ninguém aguenta mais tanta tirania,QURTSl9pMVBWWjFkMUNjVlhzdGZOOVBfc1NuRGpkT1NZMDhwd3dacWNtSGVxLVNEUkx6M0x3ZjliaTFlbk90TWZmM29GdjJkN0ZONUdQcw==,2023-06-08 14:52:40.862585
youtube#commentThread,_zrck8se4YlQuNzCsaEcckaf4_s,UgyoVaClPjmeDPcCyfB4AaABAg,"{'videoId': 'zEfTDpfyt1o', 'topLevelComment': {'kind': 'youtube#comment', 'etag': 'FQqulXkxVhEsFLTUOtdb9vbjRTM', 'id': 'UgyoVaClPjmeDPcCyfB4AaABAg', 'snippet': {'videoId': 'zEfTDpfyt1o', 'textDisplay': 'A Nação Brasileira não precisa de um Desequilibrado deste tipo que fica Só Gerando desordens.<br>Ainda bem que Presidente Bolsonaro jamais se uniu as Loucuras do Roberto Jefferson, sua Insanidade cada Vez mais Piorando', 'textOriginal': 'A Nação Brasileira não precisa de um Desequilibrado deste tipo que fica Só Gerando desordens.\\nAinda bem que Presidente Bolsonaro jamais se uniu as Loucuras do Roberto Jefferson, sua Insanidade cada Vez mais Piorando', 'authorDisplayName': 'eduardo albuquerque', 'authorProfileImageUrl': 'https://yt3.ggpht.com/ytc/AGIKgqMFNxdVnsrL6Ah5X7k3e6TH80DVCCSG5-3aAQ=s48-c-k-c0x00ffffff-no-rj', 'authorChannelUrl': 'http://www.youtube.com/channel/UCrOkyLyGOw5EPaGjsMJpOYA', 'authorChannelId': {'value': 'UCrOkyLyGOw5EPaGjsMJpOYA'}, 'canRate': True, 'viewerRating': 'none', 'likeCount': 0, 'publishedAt': '2022-10-23T22:45:26Z', 'updatedAt': '2022-10-23T22:45:26Z'}}, 'canReply': True, 'totalReplyCount': 0, 'isPublic': True}",,UCrOkyLyGOw5EPaGjsMJpOYA,2022-10-23T22:45:26Z,"A Nação Brasileira não precisa de um Desequilibrado deste tipo que fica Só Gerando desordens.
Ainda bem que Presidente Bolsonaro jamais se uniu as Loucuras do Roberto Jefferson, sua Insanidade cada Vez mais Piorando",QURTSl9pMVBWWjFkMUNjVlhzdGZOOVBfc1NuRGpkT1NZMDhwd3dacWNtSGVxLVNEUkx6M0x3ZjliaTFlbk90TWZmM29GdjJkN0ZONUdQcw==,2023-06-08 14:52:40.862585
youtube#commentThread,RYtwy1BgyGVzSp47T7vT3H0_yoo,Ugz28fJoWtzzNh18BXl4AaABAg,"{'videoId': 'zEfTDpfyt1o', 'topLevelComment': {'kind': 'youtube#comment', 'etag': 'q71aBHQIDraAwf_c35BIyPFzjCc', 'id': 'Ugz28fJoWtzzNh18BXl4AaABAg', 'snippet': {'videoId': 'zEfTDpfyt1o', 'textDisplay': 'Jovem pan passa pano em bandidos', 'textOriginal': 'Jovem pan passa pano em bandidos', 'authorDisplayName': 'Ricardo Ayala', 'authorProfileImageUrl': 'https://yt3.ggpht.com/ytc/AGIKgqNXCy3Dtl3WpRj0-Ooe0fr3f2iEzaLvJgQ81w=s48-c-k-c0x00ffffff-no-rj', 'authorChannelUrl': 'http://www.youtube.com/channel/UCkAL2zul2Gf_gkCzewjgQig', 'authorChannelId': {'value': 'UCkAL2zul2Gf_gkCzewjgQig'}, 'canRate': True, 'viewerRating': 'none', 'likeCount': 0, 'publishedAt': '2022-10-23T22:45:24Z', 'updatedAt': '2022-10-23T22:45:24Z'}}, 'canReply': True, 'totalReplyCount': 0, 'isPublic': True}",,UCkAL2zul2Gf_gkCzewjgQig,2022-10-23T22:45:24Z,Jovem pan passa pano em bandidos,QURTSl9pMVBWWjFkMUNjVlhzdGZOOVBfc1NuRGpkT1NZMDhwd3dacWNtSGVxLVNEUkx6M0x3ZjliaTFlbk90TWZmM29GdjJkN0ZONUdQcw==,2023-06-08 14:52:40.862585
youtube#commentThread,GOBhUUJ-vJJsY9JDEZs9f7m_kdo,UgyZWULEKsPj-6_1brx4AaABAg,"{'videoId': 'zEfTDpfyt1o', 'topLevelComment': {'kind': 'youtube#comment', 'etag': 'mzUve88GtN4TDpZy1ixzcGgMNEc', 'id': 'UgyZWULEKsPj-6_1brx4AaABAg', 'snippet': {'videoId': 'zEfTDpfyt1o', 'textDisplay': 'Os lulistas querem a morte do Bolsonaro mas ele não tem nada a ver com isso quem está provocando isso é a inquisição comunista contra o liberalismo', 'textOriginal': 'Os lulistas querem a morte do Bolsonaro mas ele não tem nada a ver com isso quem está provocando isso é a inquisição comunista contra o liberalismo', 'authorDisplayName': 'Ricardo Ferraz da cunha', 'authorProfileImageUrl': 'https://yt3.ggpht.com/ytc/AGIKgqNo7mhk8JBVBNp1k84SF4umQEFXZb5r9_7tXnn1dnDQAMr962GFF9W1hqeuKUt0=s48-c-k-c0x00ffffff-no-rj', 'authorChannelUrl': 'http://www.youtube.com/channel/UCinqSsWi4_FItJtlMlBqlkg', 'authorChannelId': {'value': 'UCinqSsWi4_FItJtlMlBqlkg'}, 'canRate': True, 'viewerRating': 'none', 'likeCount': 0, 'publishedAt': '2022-10-23T22:45:21Z', 'updatedAt': '2022-10-23T22:45:21Z'}}, 'canReply': True, 'totalReplyCount': 0, 'isPublic': True}",,UCinqSsWi4_FItJtlMlBqlkg,2022-10-23T22:45:21Z,Os lulistas querem a morte do Bolsonaro mas ele não tem nada a ver com isso quem está provocando isso é a inquisição comunista contra o liberalismo,QURTSl9pMVBWWjFkMUNjVlhzdGZOOVBfc1NuRGpkT1NZMDhwd3dacWNtSGVxLVNEUkx6M0x3ZjliaTFlbk90TWZmM29GdjJkN0ZONUdQcw==,2023-06-08 14:52:40.862585
youtube#commentThread,6N6s-2l6tjOos6WzGcPi53jzkrM,Ugz2E0qFP-6mbl-IHuB4AaABAg,"{'videoId': 'zEfTDpfyt1o', 'topLevelComment': {'kind': 'youtube#comment', 'etag': 'mUfVBez5S2Esaxd4r4EpP8Y73ug', 'id': 'Ugz2E0qFP-6mbl-IHuB4AaABAg', 'snippet': {'videoId': 'zEfTDpfyt1o', 'textDisplay': 'Foi só um contato de jogo, lance normal,  simulou a queda.', 'textOriginal': 'Foi só um contato de jogo, lance normal,  simulou a queda.', 'authorDisplayName': 'Frederico Juvenal', 'authorProfileImageUrl': 'https://yt3.ggpht.com/ytc/AGIKgqPe2LT5vDBoxt0JkFXTC83kWfGXDy6qzcsdpDHI=s48-c-k-c0x00ffffff-no-rj', 'authorChannelUrl': 'http://www.youtube.com/channel/UC-IOwzhWCf6FiO4THXpaIRQ', 'authorChannelId': {'value': 'UC-IOwzhWCf6FiO4THXpaIRQ'}, 'canRate': True, 'viewerRating': 'none', 'likeCount': 0, 'publishedAt': '2022-10-23T22:45:12Z', 'updatedAt': '2022-10-23T22:45:12Z'}}, 'canReply': True, 'totalReplyCount': 0, 'isPublic': True}",,UC-IOwzhWCf6FiO4THXpaIRQ,2022-10-23T22:45:12Z,"Foi só um contato de jogo, lance normal,  simulou a queda.",QURTSl9pMVBWWjFkMUNjVlhzdGZOOVBfc1NuRGpkT1NZMDhwd3dacWNtSGVxLVNEUkx6M0x3ZjliaTFlbk90TWZmM29GdjJkN0ZONUdQcw==,2023-06-08 14:52:40.862585
youtube#commentThread,U0mCGvzV0FAYCOE-fthKY2aax-k,UgzmBEWYCO9AaojTFvh4AaABAg,"{'videoId': 'zEfTDpfyt1o', 'topLevelComment': {'kind': 'youtube#comment', 'etag': 'cbVOmy_jcSM2zEkcbC9TDaYkEus', 'id': 'UgzmBEWYCO9AaojTFvh4AaABAg', 'snippet': {'videoId': 'zEfTDpfyt1o', 'textDisplay': 'Isso  é o início do Caos!', 'textOriginal': 'Isso  é o início do Caos!', 'authorDisplayName': 'Elma Nunes Pereira', 'authorProfileImageUrl': 'https://yt3.ggpht.com/ytc/AGIKgqP9nEi5jlfQ4Bbi7oFKhmZMzxBdHH5xHnZpuw=s48-c-k-c0x00ffffff-no-rj', 'authorChannelUrl': 'http://www.youtube.com/channel/UC_g-nKd5mdN8xbs0AMWI2qA', 'authorChannelId': {'value': 'UC_g-nKd5mdN8xbs0AMWI2qA'}, 'canRate': True, 'viewerRating': 'none', 'likeCount': 2, 'publishedAt': '2022-10-23T22:45:10Z', 'updatedAt': '2022-10-23T22:45:10Z'}}, 'canReply': True, 'totalReplyCount': 0, 'isPublic': True}",,UC_g-nKd5mdN8xbs0AMWI2qA,2022-10-23T22:45:10Z,Isso  é o início do Caos!,QURTSl9pMVBWWjFkMUNjVlhzdGZOOVBfc1NuRGpkT1NZMDhwd3dacWNtSGVxLVNEUkx6M0x3ZjliaTFlbk90TWZmM29GdjJkN0ZONUdQcw==,2023-06-08 14:52:40.862585
youtube#commentThread,j9xEhx46BUQ2KX2AVhXEXHMP0Dg,UgytrJAtP6q0yhot4IR4AaABAg,"{'videoId': 'zEfTDpfyt1o', 'topLevelComment': {'kind': 'youtube#comment', 'etag': '0HJyWgPjyvNGhDAOPf6rkE6i8qo', 'id': 'UgytrJAtP6q0yhot4IR4AaABAg', 'snippet': {'videoId': 'zEfTDpfyt1o', 'textDisplay': 'O povo escoheu um lado agora está pagando o preço.', 'textOriginal': 'O povo escoheu um lado agora está pagando o preço.', 'authorDisplayName': 'Betânia Clemente', 'authorProfileImageUrl': 'https://yt3.ggpht.com/ytc/AGIKgqMVgOhbzer1FkbF-iX4MYtQ1479T7u0LmdkVQ=s48-c-k-c0x00ffffff-no-rj', 'authorChannelUrl': 'http://www.youtube.com/channel/UCxE3unNnq_xtpwDcM2ytUrw', 'authorChannelId': {'value': 'UCxE3unNnq_xtpwDcM2ytUrw'}, 'canRate': True, 'viewerRating': 'none', 'likeCount': 0, 'publishedAt': '2022-10-23T22:45:05Z', 'updatedAt': '2022-10-23T22:45:05Z'}}, 'canReply': True, 'totalReplyCount': 0, 'isPublic': True}",,UCxE3unNnq_xtpwDcM2ytUrw,2022-10-23T22:45:05Z,O povo escoheu um lado agora está pagando o preço.,QURTSl9pMVBWWjFkMUNjVlhzdGZOOVBfc1NuRGpkT1NZMDhwd3dacWNtSGVxLVNEUkx6M0x3ZjliaTFlbk90TWZmM29GdjJkN0ZONUdQcw==,2023-06-08 14:52:40.862585
youtube#commentThread,y7riysChcm373Oj2TNXUmlU_uN0,UgznAcJjNlLsScZaSe54AaABAg,"{'videoId': 'zEfTDpfyt1o', 'topLevelComment': {'kind': 'youtube#comment', 'etag': 'WWbj9acNkyyi6Z1T80b_ujetfEk', 'id': 'UgznAcJjNlLsScZaSe54AaABAg', 'snippet': {'videoId': 'zEfTDpfyt1o', 'textDisplay': 'SÓ O XANDÃO PODE AGREDIR KKKKKKKKKKK', 'textOriginal': 'SÓ O XANDÃO PODE AGREDIR KKKKKKKKKKK', 'authorDisplayName': 'Eliana Erig', 'authorProfileImageUrl': 'https://yt3.ggpht.com/ytc/AGIKgqPKgQwhPTVz0kBB9LCFu-yj0kOl2fMBFz2OEw=s48-c-k-c0x00ffffff-no-rj', 'authorChannelUrl': 'http://www.youtube.com/channel/UC0sJCLiElJo-8zXHqkp_4MA', 'authorChannelId': {'value': 'UC0sJCLiElJo-8zXHqkp_4MA'}, 'canRate': True, 'viewerRating': 'none', 'likeCount': 0, 'publishedAt': '2022-10-23T22:44:58Z', 'updatedAt': '2022-10-23T22:44:58Z'}}, 'canReply': True, 'totalReplyCount': 0, 'isPublic': True}",,UC0sJCLiElJo-8zXHqkp_4MA,2022-10-23T22:44:58Z,SÓ O XANDÃO PODE AGREDIR KKKKKKKKKKK,QURTSl9pMVBWWjFkMUNjVlhzdGZOOVBfc1NuRGpkT1NZMDhwd3dacWNtSGVxLVNEUkx6M0x3ZjliaTFlbk90TWZmM29GdjJkN0ZONUdQcw==,2023-06-08 14:52:40.862585
youtube#commentThread,jo2JiWtxGpGXKfD2J12N3-hx_Mg,UgwU2QjIJxITnvUZKbZ4AaABAg,"{'videoId': 'zEfTDpfyt1o', 'topLevelComment': {'kind': 'youtube#comment', 'etag': 'mPY2ZOJ1Ozj4UMAUVcuAV1IQ9OY', 'id': 'UgwU2QjIJxITnvUZKbZ4AaABAg', 'snippet': {'videoId': 'zEfTDpfyt1o', 'textDisplay': 'Roberto Jeferson pra PRESIDENTE', 'textOriginal': 'Roberto Jeferson pra PRESIDENTE', 'authorDisplayName': 'Luis Fernando Santos', 'authorProfileImageUrl': 'https://yt3.ggpht.com/ytc/AGIKgqML2Ft5xS19xNjdIr8mOcWPoDI-4fMH_znUgw=s48-c-k-c0x00ffffff-no-rj', 'authorChannelUrl': 'http://www.youtube.com/channel/UC07jLDBkShkc6L-D0xOnETA', 'authorChannelId': {'value': 'UC07jLDBkShkc6L-D0xOnETA'}, 'canRate': True, 'viewerRating': 'none', 'likeCount': 0, 'publishedAt': '2022-10-23T22:44:58Z', 'updatedAt': '2022-10-23T22:44:58Z'}}, 'canReply': True, 'totalReplyCount': 0, 'isPublic': True}",,UC07jLDBkShkc6L-D0xOnETA,2022-10-23T22:44:58Z,Roberto Jeferson pra PRESIDENTE,QURTSl9pMVBWWjFkMUNjVlhzdGZOOVBfc1NuRGpkT1NZMDhwd3dacWNtSGVxLVNEUkx6M0x3ZjliaTFlbk90TWZmM29GdjJkN0ZONUdQcw==,2023-06-08 14:52:40.862585
youtube#commentThread,JrR5vUnSxNLVR2nIU5c4q9YvL5M,Ugwt1FXNZ8bkwRVCgKx4AaABAg,"{'videoId': 'zEfTDpfyt1o', 'topLevelComment': {'kind': 'youtube#comment', 'etag': '-Q3gaUEH9ziL9UJ2LeTMeK9PN6g', 'id': 'Ugwt1FXNZ8bkwRVCgKx4AaABAg', 'snippet': {'videoId': 'zEfTDpfyt1o', 'textDisplay': 'Kkkkk eles criam.o.monstro e depois ficam gaguejando.', 'textOriginal': 'Kkkkk eles criam.o.monstro e depois ficam gaguejando.', 'authorDisplayName': 'Roberto Barreto', 'authorProfileImageUrl': 'https://yt3.ggpht.com/ytc/AGIKgqO6LbpI765WWrzt5j1-mF9xnLXy1wOKTSERndAsVAHHJyLlU3aUg1fnL-AqjeOq=s48-c-k-c0x00ffffff-no-rj', 'authorChannelUrl': 'http://www.youtube.com/channel/UCgswh3g-WsyyWF46W6R-TFA', 'authorChannelId': {'value': 'UCgswh3g-WsyyWF46W6R-TFA'}, 'canRate': True, 'viewerRating': 'none', 'likeCount': 0, 'publishedAt': '2022-10-23T22:44:56Z', 'updatedAt': '2022-10-23T22:44:56Z'}}, 'canReply': True, 'totalReplyCount': 0, 'isPublic': True}",,UCgswh3g-WsyyWF46W6R-TFA,2022-10-23T22:44:56Z,Kkkkk eles criam.o.monstro e depois ficam gaguejando.,QURTSl9pMVBWWjFkMUNjVlhzdGZOOVBfc1NuRGpkT1NZMDhwd3dacWNtSGVxLVNEUkx6M0x3ZjliaTFlbk90TWZmM29GdjJkN0ZONUdQcw==,2023-06-08 14:52:40.862585
youtube#commentThread,YTgfLYgQ_wQ0U7m2p3TLHnbvqRE,Ugx-K9Raiv4ysI8x-n54AaABAg,"{'videoId': 'zEfTDpfyt1o', 'topLevelComment': {'kind': 'youtube#comment', 'etag': 'ze9RtengPjQZdJLg_JzWoFqdXeo', 'id': 'Ugx-K9Raiv4ysI8x-n54AaABAg', 'snippet': {'videoId': 'zEfTDpfyt1o', 'textDisplay': 'Parabéns pelo comentário. Não existe espaço para tais atitudes num país democrático.', 'textOriginal': 'Parabéns pelo comentário. Não existe espaço para tais atitudes num país democrático.', 'authorDisplayName': 'Angelo Fontes', 'authorProfileImageUrl': 'https://yt3.ggpht.com/ytc/AGIKgqPdkakj_yMa35IdoctbaIx5_N3sTMJGtAdseg=s48-c-k-c0x00ffffff-no-rj', 'authorChannelUrl': 'http://www.youtube.com/channel/UCwoW6Yd1bbeZui03ndFtJEA', 'authorChannelId': {'value': 'UCwoW6Yd1bbeZui03ndFtJEA'}, 'canRate': True, 'viewerRating': 'none', 'likeCount': 11, 'publishedAt': '2022-10-23T22:44:52Z', 'updatedAt': '2022-10-23T22:44:52Z'}}, 'canReply': True, 'totalReplyCount': 0, 'isPublic': True}",,UCwoW6Yd1bbeZui03ndFtJEA,2022-10-23T22:44:52Z,Parabéns pelo comentário. Não existe espaço para tais atitudes num país democrático.,QURTSl9pMVBWWjFkMUNjVlhzdGZOOVBfc1NuRGpkT1NZMDhwd3dacWNtSGVxLVNEUkx6M0x3ZjliaTFlbk90TWZmM29GdjJkN0ZONUdQcw==,2023-06-08 14:52:40.862585
youtube#commentThread,i95i1qQifsBaP4CHimxGGQ4SUWY,UgxEXLTDDvJNLKDPfUd4AaABAg,"{'videoId': 'zEfTDpfyt1o', 'topLevelComment': {'kind': 'youtube#comment', 'etag': 'ocp_qOECDY7rDVlHh-fkiAH0zxk', 'id': 'UgxEXLTDDvJNLKDPfUd4AaABAg', 'snippet': {'videoId': 'zEfTDpfyt1o', 'textDisplay': 'Apoio a quem quer que seja não inclui agredir ninguém muito menos aos profissionais da imprensa. É triste ver isso.', 'textOriginal': 'Apoio a quem quer que seja não inclui agredir ninguém muito menos aos profissionais da imprensa. É triste ver isso.', 'authorDisplayName': 'Gumercinda Vieira', 'authorProfileImageUrl': 'https://yt3.ggpht.com/ytc/AGIKgqPMJddDRKBUf0KsVkWIaJeRM7akOJLNyE6NY5jQLoQ=s48-c-k-c0x00ffffff-no-rj', 'authorChannelUrl': 'http://www.youtube.com/channel/UC780EdjWlqNaj4j07179FLQ', 'authorChannelId': {'value': 'UC780EdjWlqNaj4j07179FLQ'}, 'canRate': True, 'viewerRating': 'none', 'likeCount': 2, 'publishedAt': '2022-10-23T22:44:45Z', 'updatedAt': '2022-10-23T22:44:45Z'}}, 'canReply': True, 'totalReplyCount': 1, 'isPublic': True}","{'comments': [{'kind': 'youtube#comment', 'etag': 'Cpo8qy83WzQ9KcTLyyd6JGRfqPU', 'id': 'UgxEXLTDDvJNLKDPfUd4AaABAg.9hYCk5A6S259hYg27Ya9lg', 'snippet': {'videoId': 'zEfTDpfyt1o', 'textDisplay': 'Uns por falar a verdade, outros por se aproveitarem das vítimas para fazer média...', 'textOriginal': 'Uns por falar a verdade, outros por se aproveitarem das vítimas para fazer média...', 'parentId': 'UgxEXLTDDvJNLKDPfUd4AaABAg', 'authorDisplayName': 'Tiburcio Nascimento', 'authorProfileImageUrl': 'https://yt3.ggpht.com/ytc/AGIKgqPYJ16XbloZp1nRif2q9UiINjE9b3aLcJFllVpYZmGF8L32gAvFuJ_fm0H5T6oa=s48-c-k-c0x00ffffff-no-rj', 'authorChannelUrl': 'http://www.youtube.com/channel/UCOpVT2WBtvOTmNgRgNreY3Q', 'authorChannelId': {'value': 'UCOpVT2WBtvOTmNgRgNreY3Q'}, 'canRate': True, 'viewerRating': 'none', 'likeCount': 0, 'publishedAt': '2022-10-24T03:09:30Z', 'updatedAt': '2022-10-24T03:09:30Z'}}]}",UC780EdjWlqNaj4j07179FLQ,2022-10-23T22:44:45Z,Apoio a quem quer que seja não inclui agredir ninguém muito menos aos profissionais da imprensa. É triste ver isso.,QURTSl9pMVBWWjFkMUNjVlhzdGZOOVBfc1NuRGpkT1NZMDhwd3dacWNtSGVxLVNEUkx6M0x3ZjliaTFlbk90TWZmM29GdjJkN0ZONUdQcw==,2023-06-08 14:52:40.862585
youtube#commentThread,3KtIHBIVeBdUJPNQy_ADt3IVJqo,Ugysh_SMIu6yJ_ae0aN4AaABAg,"{'videoId': 'zEfTDpfyt1o', 'topLevelComment': {'kind': 'youtube#comment', 'etag': '3WPfUxwluSlHsFAzad9AfEvzI0w', 'id': 'Ugysh_SMIu6yJ_ae0aN4AaABAg', 'snippet': {'videoId': 'zEfTDpfyt1o', 'textDisplay': 'O cara se jogou no chão igual a formiguinha do filme e falou &quot;morri&quot;.', 'textOriginal': 'O cara se jogou no chão igual a formiguinha do filme e falou ""morri"".', 'authorDisplayName': 'Márcio Silva', 'authorProfileImageUrl': 'https://yt3.ggpht.com/ytc/AGIKgqN0U_XclpcAG-dwtyyfzv9hJP4bKqWYOsSVveAdqw=s48-c-k-c0x00ffffff-no-rj', 'authorChannelUrl': 'http://www.youtube.com/channel/UCsjZ0EAsJO9r7XzaWjjEQwg', 'authorChannelId': {'value': 'UCsjZ0EAsJO9r7XzaWjjEQwg'}, 'canRate': True, 'viewerRating': 'none', 'likeCount': 0, 'publishedAt': '2022-10-23T22:44:36Z', 'updatedAt': '2022-10-23T22:44:36Z'}}, 'canReply': True, 'totalReplyCount': 0, 'isPublic': True}",,UCsjZ0EAsJO9r7XzaWjjEQwg,2022-10-23T22:44:36Z,"O cara se jogou no chão igual a formiguinha do filme e falou ""morri"".",QURTSl9pMVBWWjFkMUNjVlhzdGZOOVBfc1NuRGpkT1NZMDhwd3dacWNtSGVxLVNEUkx6M0x3ZjliaTFlbk90TWZmM29GdjJkN0ZONUdQcw==,2023-06-08 14:52:40.862585
youtube#commentThread,08TMCHd29fpH-HrRgRCP8Rk2tUI,UgygihnmfAme3QXMTzV4AaABAg,"{'videoId': 'zEfTDpfyt1o', 'topLevelComment': {'kind': 'youtube#comment', 'etag': 'fuxo0At_KYTCzxxNlqaHhx0YwUw', 'id': 'UgygihnmfAme3QXMTzV4AaABAg', 'snippet': {'videoId': 'zEfTDpfyt1o', 'textDisplay': '🇧🇷🇧🇷🇧🇷🇧🇷Lula 13', 'textOriginal': '🇧🇷🇧🇷🇧🇷🇧🇷Lula 13', 'authorDisplayName': 'Cláudia Jácomo', 'authorProfileImageUrl': 'https://yt3.ggpht.com/ytc/AGIKgqMnX8p_w65EqIAv_LvN-hXEhzFoG0MLg2tzO14T9Q=s48-c-k-c0x00ffffff-no-rj', 'authorChannelUrl': 'http://www.youtube.com/channel/UCRPf_GostNidiIfLpeduQSw', 'authorChannelId': {'value': 'UCRPf_GostNidiIfLpeduQSw'}, 'canRate': True, 'viewerRating': 'none', 'likeCount': 0, 'publishedAt': '2022-10-23T22:44:34Z', 'updatedAt': '2022-10-23T22:44:34Z'}}, 'canReply': True, 'totalReplyCount': 0, 'isPublic': True}",,UCRPf_GostNidiIfLpeduQSw,2022-10-23T22:44:34Z,🇧🇷🇧🇷🇧🇷🇧🇷Lula 13,QURTSl9pMVBWWjFkMUNjVlhzdGZOOVBfc1NuRGpkT1NZMDhwd3dacWNtSGVxLVNEUkx6M0x3ZjliaTFlbk90TWZmM29GdjJkN0ZONUdQcw==,2023-06-08 14:52:40.862585
youtube#commentThread,0HVljlnoPiL7xWz7_YK1OUGR2XU,UgyiUgrAWumb8cu0lgN4AaABAg,"{'videoId': 'zEfTDpfyt1o', 'topLevelComment': {'kind': 'youtube#comment', 'etag': 'ZyWuuF6YY_1oyD_sRRpB8cG6O0I', 'id': 'UgyiUgrAWumb8cu0lgN4AaABAg', 'snippet': {'videoId': 'zEfTDpfyt1o', 'textDisplay': 'ESSES COMENTÁRIOS SÃO INÚTEIS PARA O TSE E STF.... A QUESTÃO TODA É ENTRAR COM OS 2 PÉS NO SENADO.', 'textOriginal': 'ESSES COMENTÁRIOS SÃO INÚTEIS PARA O TSE E STF.... A QUESTÃO TODA É ENTRAR COM OS 2 PÉS NO SENADO.', 'authorDisplayName': 'THE WALKING DEAD', 'authorProfileImageUrl': 'https://yt3.ggpht.com/fosoGohreKOWp4GpmL8PxH7VFKP3E1QR9PvGlCtlX6QCiJJZ4DPFxYfrhWMBuYjaLSkUNU2_5NI=s48-c-k-c0x00ffffff-no-rj', 'authorChannelUrl': 'http://www.youtube.com/channel/UCW8bYsJTHGBCED-D2AmTaDA', 'authorChannelId': {'value': 'UCW8bYsJTHGBCED-D2AmTaDA'}, 'canRate': True, 'viewerRating': 'none', 'likeCount': 0, 'publishedAt': '2022-10-23T22:44:33Z', 'updatedAt': '2022-10-23T22:44:33Z'}}, 'canReply': True, 'totalReplyCount': 0, 'isPublic': True}",,UCW8bYsJTHGBCED-D2AmTaDA,2022-10-23T22:44:33Z,ESSES COMENTÁRIOS SÃO INÚTEIS PARA O TSE E STF.... A QUESTÃO TODA É ENTRAR COM OS 2 PÉS NO SENADO.,QURTSl9pMVBWWjFkMUNjVlhzdGZOOVBfc1NuRGpkT1NZMDhwd3dacWNtSGVxLVNEUkx6M0x3ZjliaTFlbk90TWZmM29GdjJkN0ZONUdQcw==,2023-06-08 14:52:40.862585
youtube#commentThread,LqByDGUCm1ewZoASQFIXkVJl2PE,UgzUvBEuSbggKV1tD3h4AaABAg,"{'videoId': 'zEfTDpfyt1o', 'topLevelComment': {'kind': 'youtube#comment', 'etag': 'qanGvSD58MzSnt11yjF2dd2Sr6E', 'id': 'UgzUvBEuSbggKV1tD3h4AaABAg', 'snippet': {'videoId': 'zEfTDpfyt1o', 'textDisplay': 'JP hipócrita! Alimenta o Bolsonarismo diariamente e agora vem com nota de repúdio? Hipócritas!', 'textOriginal': 'JP hipócrita! Alimenta o Bolsonarismo diariamente e agora vem com nota de repúdio? Hipócritas!', 'authorDisplayName': 'Marcelo Taranto', 'authorProfileImageUrl': 'https://yt3.ggpht.com/2T1g79xPCvBt8bX3xSF5ldX41IYQ1E6QeXxEt-b-s8V6IUlo6TA-PJe2X3qqOIpx0W6iHiesQw=s48-c-k-c0x00ffffff-no-rj', 'authorChannelUrl': 'http://www.youtube.com/channel/UCDLgqMEoDE4TfFG7bAhqrpQ', 'authorChannelId': {'value': 'UCDLgqMEoDE4TfFG7bAhqrpQ'}, 'canRate': True, 'viewerRating': 'none', 'likeCount': 0, 'publishedAt': '2022-10-23T22:44:29Z', 'updatedAt': '2022-10-23T22:44:29Z'}}, 'canReply': True, 'totalReplyCount': 0, 'isPublic': True}",,UCDLgqMEoDE4TfFG7bAhqrpQ,2022-10-23T22:44:29Z,JP hipócrita! Alimenta o Bolsonarismo diariamente e agora vem com nota de repúdio? Hipócritas!,QURTSl9pMVBWWjFkMUNjVlhzdGZOOVBfc1NuRGpkT1NZMDhwd3dacWNtSGVxLVNEUkx6M0x3ZjliaTFlbk90TWZmM29GdjJkN0ZONUdQcw==,2023-06-08 14:52:40.862585
youtube#commentThread,Bnz8zMO4PJs8BAtBhD7e_EGAIWo,Ugwpe4Y4boCOqW20End4AaABAg,"{'videoId': 'zEfTDpfyt1o', 'topLevelComment': {'kind': 'youtube#comment', 'etag': 'R3s4PjkUBwmEA4sHwAOIOuXuNJQ', 'id': 'Ugwpe4Y4boCOqW20End4AaABAg', 'snippet': {'videoId': 'zEfTDpfyt1o', 'textDisplay': 'Meu maior medo é tudo isso refletir no presidente ...', 'textOriginal': 'Meu maior medo é tudo isso refletir no presidente ...', 'authorDisplayName': 'Betânia Clemente', 'authorProfileImageUrl': 'https://yt3.ggpht.com/ytc/AGIKgqMVgOhbzer1FkbF-iX4MYtQ1479T7u0LmdkVQ=s48-c-k-c0x00ffffff-no-rj', 'authorChannelUrl': 'http://www.youtube.com/channel/UCxE3unNnq_xtpwDcM2ytUrw', 'authorChannelId': {'value': 'UCxE3unNnq_xtpwDcM2ytUrw'}, 'canRate': True, 'viewerRating': 'none', 'likeCount': 0, 'publishedAt': '2022-10-23T22:44:23Z', 'updatedAt': '2022-10-23T22:44:23Z'}}, 'canReply': True, 'totalReplyCount': 0, 'isPublic': True}",,UCxE3unNnq_xtpwDcM2ytUrw,2022-10-23T22:44:23Z,Meu maior medo é tudo isso refletir no presidente ...,QURTSl9pMVBWWjFkMUNjVlhzdGZOOVBfc1NuRGpkT1NZMDhwd3dacWNtSGVxLVNEUkx6M0x3ZjliaTFlbk90TWZmM29GdjJkN0ZONUdQcw==,2023-06-08 14:52:40.862585
youtube#commentThread,4mnHG3MWQ_g4L6FG9WZSlBYu6Uo,UgwY-9dw4OhHnNv1Ap54AaABAg,"{'videoId': 'zEfTDpfyt1o', 'topLevelComment': {'kind': 'youtube#comment', 'etag': 'oWAx6xl__jbZvxpUs_gWdaw7K68', 'id': 'UgwY-9dw4OhHnNv1Ap54AaABAg', 'snippet': {'videoId': 'zEfTDpfyt1o', 'textDisplay': 'Quanta violência..esses são os conservadores. Quero distância', 'textOriginal': 'Quanta violência..esses são os conservadores. Quero distância', 'authorDisplayName': 'Lúcia Mack', 'authorProfileImageUrl': 'https://yt3.ggpht.com/ytc/AGIKgqOsuPQJHOKUyEjoxqi53sv8fEA4bhNcLFUi=s48-c-k-c0x00ffffff-no-rj', 'authorChannelUrl': 'http://www.youtube.com/channel/UCBzADsJvGniU1-eL7VTBVxw', 'authorChannelId': {'value': 'UCBzADsJvGniU1-eL7VTBVxw'}, 'canRate': True, 'viewerRating': 'none', 'likeCount': 0, 'publishedAt': '2022-10-23T22:44:08Z', 'updatedAt': '2022-10-23T22:44:08Z'}}, 'canReply': True, 'totalReplyCount': 0, 'isPublic': True}",,UCBzADsJvGniU1-eL7VTBVxw,2022-10-23T22:44:08Z,Quanta violência..esses são os conservadores. Quero distância,QURTSl9pMVBWWjFkMUNjVlhzdGZOOVBfc1NuRGpkT1NZMDhwd3dacWNtSGVxLVNEUkx6M0x3ZjliaTFlbk90TWZmM29GdjJkN0ZONUdQcw==,2023-06-08 14:52:40.862585
youtube#commentThread,U7bli0Ol63sQ6O3jiKcVjMFBSGs,Ugy0famsx0HBZA9TsF14AaABAg,"{'videoId': 'zEfTDpfyt1o', 'topLevelComment': {'kind': 'youtube#comment', 'etag': '6DJCOYv439T8E8Op62FcZ8T96tg', 'id': 'Ugy0famsx0HBZA9TsF14AaABAg', 'snippet': {'videoId': 'zEfTDpfyt1o', 'textDisplay': 'Muito triste tudo o que vem acontecendo  mas tudo culpa dos ditadores não  justificável a  violência  mas é  uma demonstração do  cansaço  do povo de tantas  injustiças  cometidas.', 'textOriginal': 'Muito triste tudo o que vem acontecendo  mas tudo culpa dos ditadores não  justificável a  violência  mas é  uma demonstração do  cansaço  do povo de tantas  injustiças  cometidas.', 'authorDisplayName': 'Magui Silva Nascimento', 'authorProfileImageUrl': 'https://yt3.ggpht.com/ytc/AGIKgqMusU4apBXE0Wx6YXLB15FXqkwQWw8TaNwFF9TysqY=s48-c-k-c0x00ffffff-no-rj', 'authorChannelUrl': 'http://www.youtube.com/channel/UCS4boKyOlhR1fs-VLg5UYCQ', 'authorChannelId': {'value': 'UCS4boKyOlhR1fs-VLg5UYCQ'}, 'canRate': True, 'viewerRating': 'none', 'likeCount': 12, 'publishedAt': '2022-10-23T22:44:04Z', 'updatedAt': '2022-10-23T22:44:04Z'}}, 'canReply': True, 'totalReplyCount': 1, 'isPublic': True}","{'comments': [{'kind': 'youtube#comment', 'etag': 'AkX395V6cjOqENZHvn5N9zh7qok', 'id': 'Ugy0famsx0HBZA9TsF14AaABAg.9hYCf3LSPCT9hYTOuAhOzv', 'snippet': {'videoId': 'zEfTDpfyt1o', 'textDisplay': 'Do povo não. Foi uma pessoa desequilibrada. Nós Patriotas não estamos agredindo ninguém', 'textOriginal': 'Do povo não. Foi uma pessoa desequilibrada. Nós Patriotas não estamos agredindo ninguém', 'parentId': 'Ugy0famsx0HBZA9TsF14AaABAg', 'authorDisplayName': 'Esperança 65', 'authorProfileImageUrl': 'https://yt3.ggpht.com/ytc/AGIKgqOn44Wb1VLkynPpJmFMQqXGgykWmbp7duDGFg=s48-c-k-c0x00ffffff-no-rj', 'authorChannelUrl': 'http://www.youtube.com/channel/UC0GwBXRUFL6YRfkZpA0i5-w', 'authorChannelId': {'value': 'UC0GwBXRUFL6YRfkZpA0i5-w'}, 'canRate': True, 'viewerRating': 'none', 'likeCount': 0, 'publishedAt': '2022-10-24T01:10:16Z', 'updatedAt': '2022-10-24T01:10:16Z'}}]}",UCS4boKyOlhR1fs-VLg5UYCQ,2022-10-23T22:44:04Z,Muito triste tudo o que vem acontecendo  mas tudo culpa dos ditadores não  justificável a  violência  mas é  uma demonstração do  cansaço  do povo de tantas  injustiças  cometidas.,QURTSl9pMVBWWjFkMUNjVlhzdGZOOVBfc1NuRGpkT1NZMDhwd3dacWNtSGVxLVNEUkx6M0x3ZjliaTFlbk90TWZmM29GdjJkN0ZONUdQcw==,2023-06-08 14:52:40.862585
youtube#commentThread,XPSGfhUwfAp8ahq0DKBGWQ-Jlbk,Ugy5PRZDHrUsJsGvxUJ4AaABAg,"{'videoId': 'zEfTDpfyt1o', 'topLevelComment': {'kind': 'youtube#comment', 'etag': '073RiMA8-Zg8k9wcd2B74_Bfmi0', 'id': 'Ugy5PRZDHrUsJsGvxUJ4AaABAg', 'snippet': {'videoId': 'zEfTDpfyt1o', 'textDisplay': 'Só não podem agredir os jornalistas da pan pq só eles se acham jornalistas', 'textOriginal': 'Só não podem agredir os jornalistas da pan pq só eles se acham jornalistas', 'authorDisplayName': 'Edson Alves', 'authorProfileImageUrl': 'https://yt3.ggpht.com/ytc/AGIKgqM82h5gScTa4vn6ITOaIB9Enx3Z4ux2AFiLUw=s48-c-k-c0x00ffffff-no-rj', 'authorChannelUrl': 'http://www.youtube.com/channel/UCak3zcdzMYdbPt2q5rsFt4w', 'authorChannelId': {'value': 'UCak3zcdzMYdbPt2q5rsFt4w'}, 'canRate': True, 'viewerRating': 'none', 'likeCount': 0, 'publishedAt': '2022-10-23T22:44:00Z', 'updatedAt': '2022-10-23T22:44:00Z'}}, 'canReply': True, 'totalReplyCount': 0, 'isPublic': True}",,UCak3zcdzMYdbPt2q5rsFt4w,2022-10-23T22:44:00Z,Só não podem agredir os jornalistas da pan pq só eles se acham jornalistas,QURTSl9pMVBWWjFkMUNjVlhzdGZOOVBfc1NuRGpkT1NZMDhwd3dacWNtSGVxLVNEUkx6M0x3ZjliaTFlbk90TWZmM29GdjJkN0ZONUdQcw==,2023-06-08 14:52:40.862585
youtube#commentThread,NVsz9ld3vZ0XtN6H-Z2NBBtjAOQ,Ugxw-bXaI_9RhEk5Va54AaABAg,"{'videoId': 'zEfTDpfyt1o', 'topLevelComment': {'kind': 'youtube#comment', 'etag': 'ssEGQIhmsD7f89oWIc_2VjsE3tU', 'id': 'Ugxw-bXaI_9RhEk5Va54AaABAg', 'snippet': {'videoId': 'zEfTDpfyt1o', 'textDisplay': 'O problema é o &quot;jor alismo&quot; que justifica os desmandos do STF. O sagrado pra democracia é a liberdade e não a censura como tem sido feito. Culpem e acusem o STF, o verdadeiro responsável por tudo isso apoiado pela maioria da mídia podre e vendida. O povo está no limite, não aguenta mais...os excessos estão terminando aqui embaixo mas a origem deles é lá em cima.', 'textOriginal': 'O problema é o ""jor alismo"" que justifica os desmandos do STF. O sagrado pra democracia é a liberdade e não a censura como tem sido feito. Culpem e acusem o STF, o verdadeiro responsável por tudo isso apoiado pela maioria da mídia podre e vendida. O povo está no limite, não aguenta mais...os excessos estão terminando aqui embaixo mas a origem deles é lá em cima.', 'authorDisplayName': 'Andréa Bandeira', 'authorProfileImageUrl': 'https://yt3.ggpht.com/ytc/AGIKgqPeMN0TnYj-pJE-dh3cEv0jD9lFqGMrin2I0w=s48-c-k-c0x00ffffff-no-rj', 'authorChannelUrl': 'http://www.youtube.com/channel/UCRSwpTleugBihEKPlYLdeSQ', 'authorChannelId': {'value': 'UCRSwpTleugBihEKPlYLdeSQ'}, 'canRate': True, 'viewerRating': 'none', 'likeCount': 0, 'publishedAt': '2022-10-23T22:44:00Z', 'updatedAt': '2022-10-23T22:44:00Z'}}, 'canReply': True, 'totalReplyCount': 0, 'isPublic': True}",,UCRSwpTleugBihEKPlYLdeSQ,2022-10-23T22:44:00Z,"O problema é o ""jor alismo"" que justifica os desmandos do STF. O sagrado pra democracia é a liberdade e não a censura como tem sido feito. Culpem e acusem o STF, o verdadeiro responsável por tudo isso apoiado pela maioria da mídia podre e vendida. O povo está no limite, não aguenta mais...os excessos estão terminando aqui embaixo mas a origem deles é lá em cima.",QURTSl9pMVBWWjFkMUNjVlhzdGZOOVBfc1NuRGpkT1NZMDhwd3dacWNtSGVxLVNEUkx6M0x3ZjliaTFlbk90TWZmM29GdjJkN0ZONUdQcw==,2023-06-08 14:52:40.862585
youtube#commentThread,JffHDImsolHUFdChjmHYX1y4Rgo,UgyLBIOktrEbJVHu3VJ4AaABAg,"{'videoId': 'zEfTDpfyt1o', 'topLevelComment': {'kind': 'youtube#comment', 'etag': 'I6g49ae3TqUhCFvzX-pJWHJ06x8', 'id': 'UgyLBIOktrEbJVHu3VJ4AaABAg', 'snippet': {'videoId': 'zEfTDpfyt1o', 'textDisplay': 'Eu quero que os brasileiros  tenha o prazer de ir às ruas em 2023 comemorar o impeachment dos togados do STF, o primeiro à sair catando cavacos é o Alexandre de Moraes.', 'textOriginal': 'Eu quero que os brasileiros  tenha o prazer de ir às ruas em 2023 comemorar o impeachment dos togados do STF, o primeiro à sair catando cavacos é o Alexandre de Moraes.', 'authorDisplayName': 'Roberto M.S', 'authorProfileImageUrl': 'https://yt3.ggpht.com/ytc/AGIKgqNSdc1_VMCfEqjTmwvHSHtNdWunALGChpG2kwAeDg=s48-c-k-c0x00ffffff-no-rj', 'authorChannelUrl': 'http://www.youtube.com/channel/UCUt8SlFpYzYVZDRHBKx4wZA', 'authorChannelId': {'value': 'UCUt8SlFpYzYVZDRHBKx4wZA'}, 'canRate': True, 'viewerRating': 'none', 'likeCount': 1, 'publishedAt': '2022-10-23T22:43:58Z', 'updatedAt': '2022-10-23T22:43:58Z'}}, 'canReply': True, 'totalReplyCount': 0, 'isPublic': True}",,UCUt8SlFpYzYVZDRHBKx4wZA,2022-10-23T22:43:58Z,"Eu quero que os brasileiros  tenha o prazer de ir às ruas em 2023 comemorar o impeachment dos togados do STF, o primeiro à sair catando cavacos é o Alexandre de Moraes.",QURTSl9pMVBWWjFkMUNjVlhzdGZOOVBfc1NuRGpkT1NZMDhwd3dacWNtSGVxLVNEUkx6M0x3ZjliaTFlbk90TWZmM29GdjJkN0ZONUdQcw==,2023-06-08 14:52:40.862585
youtube#commentThread,Mp5ff1JqaEV6bRWvBim1sy5YST0,Ugzlunzk1PEOd9VVztx4AaABAg,"{'videoId': 'zEfTDpfyt1o', 'topLevelComment': {'kind': 'youtube#comment', 'etag': '5A6QUFV4ta0RmsZd3fDK2z-hF2w', 'id': 'Ugzlunzk1PEOd9VVztx4AaABAg', 'snippet': {'videoId': 'zEfTDpfyt1o', 'textDisplay': 'as forças  de segurança  foram  duplamente  desmoralizas.', 'textOriginal': 'as forças  de segurança  foram  duplamente  desmoralizas.', 'authorDisplayName': 'Pereira Junior', 'authorProfileImageUrl': 'https://yt3.ggpht.com/ytc/AGIKgqMvxItV0Xt6r1aByMspQ7pG-9HTBW6Buh5AFwqj=s48-c-k-c0x00ffffff-no-rj', 'authorChannelUrl': 'http://www.youtube.com/channel/UC3yQU6Zk2wWIDc2JK-FPsJA', 'authorChannelId': {'value': 'UC3yQU6Zk2wWIDc2JK-FPsJA'}, 'canRate': True, 'viewerRating': 'none', 'likeCount': 0, 'publishedAt': '2022-10-23T22:43:52Z', 'updatedAt': '2022-10-23T22:43:52Z'}}, 'canReply': True, 'totalReplyCount': 0, 'isPublic': True}",,UC3yQU6Zk2wWIDc2JK-FPsJA,2022-10-23T22:43:52Z,as forças  de segurança  foram  duplamente  desmoralizas.,QURTSl9pMVBWWjFkMUNjVlhzdGZOOVBfc1NuRGpkT1NZMDhwd3dacWNtSGVxLVNEUkx6M0x3ZjliaTFlbk90TWZmM29GdjJkN0ZONUdQcw==,2023-06-08 14:52:40.862585
youtube#commentThread,9XqPAJQ7OWgx6OWQ3q-J_LVvv7s,UgyLV42weYYkgOvtNgR4AaABAg,"{'videoId': 'zEfTDpfyt1o', 'topLevelComment': {'kind': 'youtube#comment', 'etag': 'Paecy2o9_djcnP9YW9LZY0PTsNM', 'id': 'UgyLV42weYYkgOvtNgR4AaABAg', 'snippet': {'videoId': 'zEfTDpfyt1o', 'textDisplay': 'Violência é  lamentável,  repudiamos, algo que poderia ter sido evitado, mais infelizmente  é  o que jos estamos vivendo, se tudo estivesse ocorrendo, nós seus devidos trâmites  legais, não  estaríamos  pagando.por tudo isso  é eu tenho medo que aconteça o  pior, oremos povo, para o melhor futuro da nossa  nação.', 'textOriginal': 'Violência é  lamentável,  repudiamos, algo que poderia ter sido evitado, mais infelizmente  é  o que jos estamos vivendo, se tudo estivesse ocorrendo, nós seus devidos trâmites  legais, não  estaríamos  pagando.por tudo isso  é eu tenho medo que aconteça o  pior, oremos povo, para o melhor futuro da nossa  nação.', 'authorDisplayName': 'Sebastiao Da silva', 'authorProfileImageUrl': 'https://yt3.ggpht.com/ytc/AGIKgqMFe0R-CIJA5YOHzQ7gSDEJEhVBxNU4NYwIejZGMKNS-PYsMnkP4fAV6LdR7NPF=s48-c-k-c0x00ffffff-no-rj', 'authorChannelUrl': 'http://www.youtube.com/channel/UCyWCfZkAnrKxjrob0FnUAGg', 'authorChannelId': {'value': 'UCyWCfZkAnrKxjrob0FnUAGg'}, 'canRate': True, 'viewerRating': 'none', 'likeCount': 33, 'publishedAt': '2022-10-23T22:43:38Z', 'updatedAt': '2022-10-23T22:43:38Z'}}, 'canReply': True, 'totalReplyCount': 1, 'isPublic': True}","{'comments': [{'kind': 'youtube#comment', 'etag': 'KVccTPObHBul3iYQcHiIy0bgvhQ', 'id': 'UgyLV42weYYkgOvtNgR4AaABAg.9hYCbq87M-79hYMNDmbDzN', 'snippet': {'videoId': 'zEfTDpfyt1o', 'textDisplay': 'Quatro invasões na casa por ordem de um títere??? Eu já teria detonado alguns ou morrido com honra..A vida as vezes vale muito pouco..   SE ESPELHEM NOS UCRANIANOS...POVO DE FIBRA.....', 'textOriginal': 'Quatro invasões na casa por ordem de um títere??? Eu já teria detonado alguns ou morrido com honra..A vida as vezes vale muito pouco..   SE ESPELHEM NOS UCRANIANOS...POVO DE FIBRA.....', 'parentId': 'UgyLV42weYYkgOvtNgR4AaABAg', 'authorDisplayName': 'Tiburcio Nascimento', 'authorProfileImageUrl': 'https://yt3.ggpht.com/ytc/AGIKgqPYJ16XbloZp1nRif2q9UiINjE9b3aLcJFllVpYZmGF8L32gAvFuJ_fm0H5T6oa=s48-c-k-c0x00ffffff-no-rj', 'authorChannelUrl': 'http://www.youtube.com/channel/UCOpVT2WBtvOTmNgRgNreY3Q', 'authorChannelId': {'value': 'UCOpVT2WBtvOTmNgRgNreY3Q'}, 'canRate': True, 'viewerRating': 'none', 'likeCount': 0, 'publishedAt': '2022-10-24T00:08:53Z', 'updatedAt': '2022-10-24T00:08:53Z'}}]}",UCyWCfZkAnrKxjrob0FnUAGg,2022-10-23T22:43:38Z,"Violência é  lamentável,  repudiamos, algo que poderia ter sido evitado, mais infelizmente  é  o que jos estamos vivendo, se tudo estivesse ocorrendo, nós seus devidos trâmites  legais, não  estaríamos  pagando.por tudo isso  é eu tenho medo que aconteça o  pior, oremos povo, para o melhor futuro da nossa  nação.",QURTSl9pMVBWWjFkMUNjVlhzdGZOOVBfc1NuRGpkT1NZMDhwd3dacWNtSGVxLVNEUkx6M0x3ZjliaTFlbk90TWZmM29GdjJkN0ZONUdQcw==,2023-06-08 14:52:40.862585
youtube#commentThread,0IMjjY6e0eMBYyNFCn-7INvEb0A,UgzDQX2ZrXD3c_nqq-B4AaABAg,"{'videoId': 'zEfTDpfyt1o', 'topLevelComment': {'kind': 'youtube#comment', 'etag': 'yXHO3jFeM1rlc2Ygcr2LErC4b3w', 'id': 'UgzDQX2ZrXD3c_nqq-B4AaABAg', 'snippet': {'videoId': 'zEfTDpfyt1o', 'textDisplay': 'eu acho que qualquer tipo de agressão e´ imperdoável, mas parece que ele empurrou a filmadora que bateu na cabeça do cinegrafista, claro que não tem nada haver so´estava trabalhando, parece que ele deu um chega pra lá,mas eu acho que toda pessoa e´intocável', 'textOriginal': 'eu acho que qualquer tipo de agressão e´ imperdoável, mas parece que ele empurrou a filmadora que bateu na cabeça do cinegrafista, claro que não tem nada haver so´estava trabalhando, parece que ele deu um chega pra lá,mas eu acho que toda pessoa e´intocável', 'authorDisplayName': 'ellis izidoro da silva', 'authorProfileImageUrl': 'https://yt3.ggpht.com/ytc/AGIKgqNVz4rW0zbVnLRW7c2YzeQpPheH1b-yW7SHVLzS3w_hDDhXva7arubBFF_pabJw=s48-c-k-c0x00ffffff-no-rj', 'authorChannelUrl': 'http://www.youtube.com/channel/UCzrID6MshMVBQjLcFy_0_dg', 'authorChannelId': {'value': 'UCzrID6MshMVBQjLcFy_0_dg'}, 'canRate': True, 'viewerRating': 'none', 'likeCount': 0, 'publishedAt': '2022-10-23T22:43:36Z', 'updatedAt': '2022-10-23T22:43:36Z'}}, 'canReply': True, 'totalReplyCount': 0, 'isPublic': True}",,UCzrID6MshMVBQjLcFy_0_dg,2022-10-23T22:43:36Z,"eu acho que qualquer tipo de agressão e´ imperdoável, mas parece que ele empurrou a filmadora que bateu na cabeça do cinegrafista, claro que não tem nada haver so´estava trabalhando, parece que ele deu um chega pra lá,mas eu acho que toda pessoa e´intocável",QURTSl9pMVBWWjFkMUNjVlhzdGZOOVBfc1NuRGpkT1NZMDhwd3dacWNtSGVxLVNEUkx6M0x3ZjliaTFlbk90TWZmM29GdjJkN0ZONUdQcw==,2023-06-08 14:52:40.862585
youtube#commentThread,R5-GmjHj16JlOIfBEBM4G5lsFD4,UgyU0_7J6W29U4X2_aR4AaABAg,"{'videoId': 'zEfTDpfyt1o', 'topLevelComment': {'kind': 'youtube#comment', 'etag': 'Su6RbWvQ9Z1dbUIWnVkiOTv62jM', 'id': 'UgyU0_7J6W29U4X2_aR4AaABAg', 'snippet': {'videoId': 'zEfTDpfyt1o', 'textDisplay': 'O agressor tem que ser punido é um absurdo esse tipo de atitude!', 'textOriginal': 'O agressor tem que ser punido é um absurdo esse tipo de atitude!', 'authorDisplayName': 'irmao Peterson', 'authorProfileImageUrl': 'https://yt3.ggpht.com/ytc/AGIKgqNS84P_TKe8C5WO3dbq8l7NepKbLVkTl194UEtGbg=s48-c-k-c0x00ffffff-no-rj', 'authorChannelUrl': 'http://www.youtube.com/channel/UC9hn4d1pR3t_OMZz7phJWnQ', 'authorChannelId': {'value': 'UC9hn4d1pR3t_OMZz7phJWnQ'}, 'canRate': True, 'viewerRating': 'none', 'likeCount': 0, 'publishedAt': '2022-10-23T22:43:36Z', 'updatedAt': '2022-10-23T22:43:36Z'}}, 'canReply': True, 'totalReplyCount': 0, 'isPublic': True}",,UC9hn4d1pR3t_OMZz7phJWnQ,2022-10-23T22:43:36Z,O agressor tem que ser punido é um absurdo esse tipo de atitude!,QURTSl9pMVBWWjFkMUNjVlhzdGZOOVBfc1NuRGpkT1NZMDhwd3dacWNtSGVxLVNEUkx6M0x3ZjliaTFlbk90TWZmM29GdjJkN0ZONUdQcw==,2023-06-08 14:52:40.862585
youtube#commentThread,bgLsH-C2Bx9jbgSv0JA2-tmS3Qg,Ugx_TmxYRKm4SaXxlqR4AaABAg,"{'videoId': 'zEfTDpfyt1o', 'topLevelComment': {'kind': 'youtube#comment', 'etag': 'k636ObadKgtpZmaSWRG0HAIZUYA', 'id': 'Ugx_TmxYRKm4SaXxlqR4AaABAg', 'snippet': {'videoId': 'zEfTDpfyt1o', 'textDisplay': 'Tiros e agressão  contra civis,jornalistas e autoridades diversas.Isso ea volta da ditadura e censura,vamos acabar com isso nas urnas  liberdade já  <br>👨\\u200d👩\\u200d👧\\u200d👦', 'textOriginal': 'Tiros e agressão  contra civis,jornalistas e autoridades diversas.Isso ea volta da ditadura e censura,vamos acabar com isso nas urnas  liberdade já  \\n👨\\u200d👩\\u200d👧\\u200d👦', 'authorDisplayName': 'chuvadepixpremiados', 'authorProfileImageUrl': 'https://yt3.ggpht.com/ytc/AGIKgqOG4at0VGxMcrwzD6VVHC5Pw6jn9qylXX3Gt3WSdwP0qGzGKoDVUwb_hVjsQr3e=s48-c-k-c0x00ffffff-no-rj', 'authorChannelUrl': 'http://www.youtube.com/channel/UCP7pjHq-J0GiJftHnlx531A', 'authorChannelId': {'value': 'UCP7pjHq-J0GiJftHnlx531A'}, 'canRate': True, 'viewerRating': 'none', 'likeCount': 0, 'publishedAt': '2022-10-23T22:43:35Z', 'updatedAt': '2022-10-23T22:43:35Z'}}, 'canReply': True, 'totalReplyCount': 0, 'isPublic': True}",,UCP7pjHq-J0GiJftHnlx531A,2022-10-23T22:43:35Z,"Tiros e agressão  contra civis,jornalistas e autoridades diversas.Isso ea volta da ditadura e censura,vamos acabar com isso nas urnas  liberdade já  
👨‍👩‍👧‍👦",QURTSl9pMVBWWjFkMUNjVlhzdGZOOVBfc1NuRGpkT1NZMDhwd3dacWNtSGVxLVNEUkx6M0x3ZjliaTFlbk90TWZmM29GdjJkN0ZONUdQcw==,2023-06-08 14:52:40.862585
youtube#commentThread,7GH1aBx6IcPSDp9v62mnSrD2fsM,UgzV190wHXEZnu9zDNB4AaABAg,"{'videoId': 'zEfTDpfyt1o', 'topLevelComment': {'kind': 'youtube#comment', 'etag': '3QRiTDLSVvwiMkpkAYBKG3ZqmlM', 'id': 'UgzV190wHXEZnu9zDNB4AaABAg', 'snippet': {'videoId': 'zEfTDpfyt1o', 'textDisplay': 'é lamentável a agressão , mas agente sabe qual seria a intenção desta reportagem depois', 'textOriginal': 'é lamentável a agressão , mas agente sabe qual seria a intenção desta reportagem depois', 'authorDisplayName': 'Josivaldo Aguiar', 'authorProfileImageUrl': 'https://yt3.ggpht.com/ytc/AGIKgqNMsqQB2imL7sdX5qNUd5XBVNVeivcS3iNQVtT2UQ=s48-c-k-c0x00ffffff-no-rj', 'authorChannelUrl': 'http://www.youtube.com/channel/UCM6Ljcwd6cIAk0IqHkCefUA', 'authorChannelId': {'value': 'UCM6Ljcwd6cIAk0IqHkCefUA'}, 'canRate': True, 'viewerRating': 'none', 'likeCount': 2, 'publishedAt': '2022-10-23T22:43:31Z', 'updatedAt': '2022-10-23T22:43:31Z'}}, 'canReply': True, 'totalReplyCount': 1, 'isPublic': True}","{'comments': [{'kind': 'youtube#comment', 'etag': 'Rnla4oad9hiQPPQA7OBaRmO-31M', 'id': 'UgzV190wHXEZnu9zDNB4AaABAg.9hYCazP4hcT9hYjgonGMIn', 'snippet': {'videoId': 'zEfTDpfyt1o', 'textDisplay': 'Pelo menos um...viu a luz...', 'textOriginal': 'Pelo menos um...viu a luz...', 'parentId': 'UgzV190wHXEZnu9zDNB4AaABAg', 'authorDisplayName': 'Tiburcio Nascimento', 'authorProfileImageUrl': 'https://yt3.ggpht.com/ytc/AGIKgqPYJ16XbloZp1nRif2q9UiINjE9b3aLcJFllVpYZmGF8L32gAvFuJ_fm0H5T6oa=s48-c-k-c0x00ffffff-no-rj', 'authorChannelUrl': 'http://www.youtube.com/channel/UCOpVT2WBtvOTmNgRgNreY3Q', 'authorChannelId': {'value': 'UCOpVT2WBtvOTmNgRgNreY3Q'}, 'canRate': True, 'viewerRating': 'none', 'likeCount': 0, 'publishedAt': '2022-10-24T03:41:24Z', 'updatedAt': '2022-10-24T03:41:24Z'}}]}",UCM6Ljcwd6cIAk0IqHkCefUA,2022-10-23T22:43:31Z,"é lamentável a agressão , mas agente sabe qual seria a intenção desta reportagem depois",QURTSl9pMVBWWjFkMUNjVlhzdGZOOVBfc1NuRGpkT1NZMDhwd3dacWNtSGVxLVNEUkx6M0x3ZjliaTFlbk90TWZmM29GdjJkN0ZONUdQcw==,2023-06-08 14:52:40.862585
youtube#commentThread,t2qfscExGbRKLlKAHMPlcQW488Y,UgzHjQu1MtjnjBiyMAN4AaABAg,"{'videoId': 'zEfTDpfyt1o', 'topLevelComment': {'kind': 'youtube#comment', 'etag': 'Lf_z-F96COqVFpCkT13lxkLVJOQ', 'id': 'UgzHjQu1MtjnjBiyMAN4AaABAg', 'snippet': {'videoId': 'zEfTDpfyt1o', 'textDisplay': 'Essa impressa mente fere a dignidade da população todo dia', 'textOriginal': 'Essa impressa mente fere a dignidade da população todo dia', 'authorDisplayName': 'Zilmar Abreu Rocha Leite Netto', 'authorProfileImageUrl': 'https://yt3.ggpht.com/ytc/AGIKgqN8e0tuMk2hSBDjyTX49a3viTpcGvXLsthbvQ=s48-c-k-c0x00ffffff-no-rj', 'authorChannelUrl': 'http://www.youtube.com/channel/UCQMHga_2I-LyBeSAFXS5EuQ', 'authorChannelId': {'value': 'UCQMHga_2I-LyBeSAFXS5EuQ'}, 'canRate': True, 'viewerRating': 'none', 'likeCount': 1, 'publishedAt': '2022-10-23T22:43:30Z', 'updatedAt': '2022-10-23T22:43:30Z'}}, 'canReply': True, 'totalReplyCount': 0, 'isPublic': True}",,UCQMHga_2I-LyBeSAFXS5EuQ,2022-10-23T22:43:30Z,Essa impressa mente fere a dignidade da população todo dia,QURTSl9pMVBWWjFkMUNjVlhzdGZOOVBfc1NuRGpkT1NZMDhwd3dacWNtSGVxLVNEUkx6M0x3ZjliaTFlbk90TWZmM29GdjJkN0ZONUdQcw==,2023-06-08 14:52:40.862585
youtube#commentThread,MzVM3ENnuMK0qosfXeBGdx714aY,UgzFYCNf6nUk-ZByCjp4AaABAg,"{'videoId': 'zEfTDpfyt1o', 'topLevelComment': {'kind': 'youtube#comment', 'etag': '4nNqt2fqP5gRVF6joAnrzPaivLs', 'id': 'UgzFYCNf6nUk-ZByCjp4AaABAg', 'snippet': {'videoId': 'zEfTDpfyt1o', 'textDisplay': 'Fico muito triste de ver essa situação porque a palavra de Deus fala comer e beber do seu próprio suor então ele tava trabalhando tem família filhos para poder tratar Deus tenha misericórdia de', 'textOriginal': 'Fico muito triste de ver essa situação porque a palavra de Deus fala comer e beber do seu próprio suor então ele tava trabalhando tem família filhos para poder tratar Deus tenha misericórdia de', 'authorDisplayName': 'manoelina andrade', 'authorProfileImageUrl': 'https://yt3.ggpht.com/ytc/AGIKgqOZDWK-Dq2sA3cPVwD1aRryMH4HYSCVvx_3kNRMLF0F_flLCM4PMbeidCVvYAHn=s48-c-k-c0x00ffffff-no-rj', 'authorChannelUrl': 'http://www.youtube.com/channel/UCYroBupPURYqL1NZ-9weKkg', 'authorChannelId': {'value': 'UCYroBupPURYqL1NZ-9weKkg'}, 'canRate': True, 'viewerRating': 'none', 'likeCount': 0, 'publishedAt': '2022-10-23T22:43:27Z', 'updatedAt': '2022-10-23T22:43:27Z'}}, 'canReply': True, 'totalReplyCount': 0, 'isPublic': True}",,UCYroBupPURYqL1NZ-9weKkg,2022-10-23T22:43:27Z,Fico muito triste de ver essa situação porque a palavra de Deus fala comer e beber do seu próprio suor então ele tava trabalhando tem família filhos para poder tratar Deus tenha misericórdia de,QURTSl9pMVBWWjFkMUNjVlhzdGZOOVBfc1NuRGpkT1NZMDhwd3dacWNtSGVxLVNEUkx6M0x3ZjliaTFlbk90TWZmM29GdjJkN0ZONUdQcw==,2023-06-08 14:52:40.862585
youtube#commentThread,JKdem9pJiC9Wz8yQwgm_F8cAGQY,UgyWrqchOv4FNl4oh_x4AaABAg,"{'videoId': 'zEfTDpfyt1o', 'topLevelComment': {'kind': 'youtube#comment', 'etag': 'fvg5GV6M8t1tjWB4j4JucXzHXjo', 'id': 'UgyWrqchOv4FNl4oh_x4AaABAg', 'snippet': {'videoId': 'zEfTDpfyt1o', 'textDisplay': 'O POVO DE BEM DO BRASIL, NÃO ACEITA AGRESSÕES A QUALQUER PROFICIONAL,O BRASIL É UM PAÍS DE PAZ.🇧🇷🇧🇷🇧🇷🇧🇷🇧🇷🇧🇷🇧🇷🇧🇷🇧🇷', 'textOriginal': 'O POVO DE BEM DO BRASIL, NÃO ACEITA AGRESSÕES A QUALQUER PROFICIONAL,O BRASIL É UM PAÍS DE PAZ.🇧🇷🇧🇷🇧🇷🇧🇷🇧🇷🇧🇷🇧🇷🇧🇷🇧🇷', 'authorDisplayName': 'José de Ribamar Coelho', 'authorProfileImageUrl': 'https://yt3.ggpht.com/L8_GocIAVOiJbf9Ubr_vOo43Gczc8jttw3uhhKeTAxQCPY9hKKYlM2mfwUoYrMLZC4NtseKlDQ=s48-c-k-c0x00ffffff-no-rj', 'authorChannelUrl': 'http://www.youtube.com/channel/UCm24fsuFy7qDWN11kO8P_vQ', 'authorChannelId': {'value': 'UCm24fsuFy7qDWN11kO8P_vQ'}, 'canRate': True, 'viewerRating': 'none', 'likeCount': 20, 'publishedAt': '2022-10-23T22:43:26Z', 'updatedAt': '2022-10-23T22:43:26Z'}}, 'canReply': True, 'totalReplyCount': 3, 'isPublic': True}","{'comments': [{'kind': 'youtube#comment', 'etag': 'VedoHbUvU9QgTRITJlM3jXtuTaA', 'id': 'UgyWrqchOv4FNl4oh_x4AaABAg.9hYCaPnvp149hYNmrZh4bq', 'snippet': {'videoId': 'zEfTDpfyt1o', 'textDisplay': 'Era.... até quererem nos amordaçar....vai feder para eles...', 'textOriginal': 'Era.... até quererem nos amordaçar....vai feder para eles...', 'parentId': 'UgyWrqchOv4FNl4oh_x4AaABAg', 'authorDisplayName': 'Tiburcio Nascimento', 'authorProfileImageUrl': 'https://yt3.ggpht.com/ytc/AGIKgqPYJ16XbloZp1nRif2q9UiINjE9b3aLcJFllVpYZmGF8L32gAvFuJ_fm0H5T6oa=s48-c-k-c0x00ffffff-no-rj', 'authorChannelUrl': 'http://www.youtube.com/channel/UCOpVT2WBtvOTmNgRgNreY3Q', 'authorChannelId': {'value': 'UCOpVT2WBtvOTmNgRgNreY3Q'}, 'canRate': True, 'viewerRating': 'none', 'likeCount': 0, 'publishedAt': '2022-10-24T00:21:15Z', 'updatedAt': '2022-10-24T00:21:15Z'}}, {'kind': 'youtube#comment', 'etag': 'c4Zi255F75sgwvvHSdBis_fw0do', 'id': 'UgyWrqchOv4FNl4oh_x4AaABAg.9hYCaPnvp149hYGGSvS1oC', 'snippet': {'videoId': 'zEfTDpfyt1o', 'textDisplay': 'Pessoal de bem meu ovo, seus gado. Vcs sao uns lixos', 'textOriginal': 'Pessoal de bem meu ovo, seus gado. Vcs sao uns lixos', 'parentId': 'UgyWrqchOv4FNl4oh_x4AaABAg', 'authorDisplayName': 'Max Jr.', 'authorProfileImageUrl': 'https://yt3.ggpht.com/L6DJJeQC63TrqdJsbm9ubFX6Gw8on5yAKDlFmZAVmpLBAuS0Tz6mr5Mj-VH9Bl6Jn7euHuN_=s48-c-k-c0x00ffffff-no-rj', 'authorChannelUrl': 'http://www.youtube.com/channel/UC9BAT11taBn40WD77WSV4zg', 'authorChannelId': {'value': 'UC9BAT11taBn40WD77WSV4zg'}, 'canRate': True, 'viewerRating': 'none', 'likeCount': 1, 'publishedAt': '2022-10-23T23:15:32Z', 'updatedAt': '2022-10-23T23:15:32Z'}}, {'kind': 'youtube#comment', 'etag': 'Hlw1cYWWTlZqiCCu3aVrIvPSPkk', 'id': 'UgyWrqchOv4FNl4oh_x4AaABAg.9hYCaPnvp149hYFqPfhVCc', 'snippet': {'videoId': 'zEfTDpfyt1o', 'textDisplay': 'Roberto Jefferson que o diga!', 'textOriginal': 'Roberto Jefferson que o diga!', 'parentId': 'UgyWrqchOv4FNl4oh_x4AaABAg', 'authorDisplayName': 'Mr Youtube person', 'authorProfileImageUrl': 'https://yt3.ggpht.com/ytc/AGIKgqOd5czpTAgbNAIaf90nNy5pfrSDjuRjkmdEL1vpEtXyHN1WDWMBOKeo6YGPPC6-=s48-c-k-c0x00ffffff-no-rj', 'authorChannelUrl': 'http://www.youtube.com/channel/UCalJR_sGQR31pBtrsoCIHrA', 'authorChannelId': {'value': 'UCalJR_sGQR31pBtrsoCIHrA'}, 'canRate': True, 'viewerRating': 'none', 'likeCount': 1, 'publishedAt': '2022-10-23T23:11:50Z', 'updatedAt': '2022-10-23T23:11:50Z'}}]}",UCm24fsuFy7qDWN11kO8P_vQ,2022-10-23T22:43:26Z,"O POVO DE BEM DO BRASIL, NÃO ACEITA AGRESSÕES A QUALQUER PROFICIONAL,O BRASIL É UM PAÍS DE PAZ.🇧🇷🇧🇷🇧🇷🇧🇷🇧🇷🇧🇷🇧🇷🇧🇷🇧🇷",QURTSl9pMVBWWjFkMUNjVlhzdGZOOVBfc1NuRGpkT1NZMDhwd3dacWNtSGVxLVNEUkx6M0x3ZjliaTFlbk90TWZmM29GdjJkN0ZONUdQcw==,2023-06-08 14:52:40.862585
youtube#commentThread,V3AE3b0i1mVwHiKzR1ew0l5PCLQ,UgxQ2b5srOgUjTUVKyJ4AaABAg,"{'videoId': 'zEfTDpfyt1o', 'topLevelComment': {'kind': 'youtube#comment', 'etag': 'mvxGYhA9YnAVeD8m1O0_rRr92xo', 'id': 'UgxQ2b5srOgUjTUVKyJ4AaABAg', 'snippet': {'videoId': 'zEfTDpfyt1o', 'textDisplay': 'Quem reclama da censura tem o direito de agredir a imprensa?', 'textOriginal': 'Quem reclama da censura tem o direito de agredir a imprensa?', 'authorDisplayName': 'Joaquin Phoenix', 'authorProfileImageUrl': 'https://yt3.ggpht.com/ytc/AGIKgqMx3wmSf5Xwcii8vxp8S7HKEziEzNDEjPE2WQ=s48-c-k-c0x00ffffff-no-rj', 'authorChannelUrl': 'http://www.youtube.com/channel/UCTxFTQsH9PCEejY999o5JLg', 'authorChannelId': {'value': 'UCTxFTQsH9PCEejY999o5JLg'}, 'canRate': True, 'viewerRating': 'none', 'likeCount': 0, 'publishedAt': '2022-10-23T22:43:23Z', 'updatedAt': '2022-10-23T22:43:23Z'}}, 'canReply': True, 'totalReplyCount': 0, 'isPublic': True}",,UCTxFTQsH9PCEejY999o5JLg,2022-10-23T22:43:23Z,Quem reclama da censura tem o direito de agredir a imprensa?,QURTSl9pMVBWWjFkMUNjVlhzdGZOOVBfc1NuRGpkT1NZMDhwd3dacWNtSGVxLVNEUkx6M0x3ZjliaTFlbk90TWZmM29GdjJkN0ZONUdQcw==,2023-06-08 14:52:40.862585
youtube#commentThread,qpJ-2PAHBWd0ldG7zR7XlqEa6xk,Ugyg1Hj5uKQfolrMS3B4AaABAg,"{'videoId': 'zEfTDpfyt1o', 'topLevelComment': {'kind': 'youtube#comment', 'etag': '3WrtZD9VU23dS3Mr6tqWZ6w7ld8', 'id': 'Ugyg1Hj5uKQfolrMS3B4AaABAg', 'snippet': {'videoId': 'zEfTDpfyt1o', 'textDisplay': 'Nada justifica essa atitude, cadeia nesse bando. Mais na minha opinião a empresa milita que ele trabalha tem uma porcentagem de culpa nisso!', 'textOriginal': 'Nada justifica essa atitude, cadeia nesse bando. Mais na minha opinião a empresa milita que ele trabalha tem uma porcentagem de culpa nisso!', 'authorDisplayName': 'Alex Sandro Almeida', 'authorProfileImageUrl': 'https://yt3.ggpht.com/vvPVAkEWMq35UMhfhnBGs7EDrBbWZtA5g2ECwSe6Q5378dgXFvITC-xqt7Y00uSfrviy_ks-7g=s48-c-k-c0x00ffffff-no-rj', 'authorChannelUrl': 'http://www.youtube.com/channel/UC0a9aoySmt458LlEA1BvqtA', 'authorChannelId': {'value': 'UC0a9aoySmt458LlEA1BvqtA'}, 'canRate': True, 'viewerRating': 'none', 'likeCount': 0, 'publishedAt': '2022-10-23T22:43:19Z', 'updatedAt': '2022-10-23T22:43:19Z'}}, 'canReply': True, 'totalReplyCount': 0, 'isPublic': True}",,UC0a9aoySmt458LlEA1BvqtA,2022-10-23T22:43:19Z,"Nada justifica essa atitude, cadeia nesse bando. Mais na minha opinião a empresa milita que ele trabalha tem uma porcentagem de culpa nisso!",QURTSl9pMVBWWjFkMUNjVlhzdGZOOVBfc1NuRGpkT1NZMDhwd3dacWNtSGVxLVNEUkx6M0x3ZjliaTFlbk90TWZmM29GdjJkN0ZONUdQcw==,2023-06-08 14:52:40.862585
youtube#commentThread,LBvuk0mTQiR_pJ1_vtLlJWiYDJU,Ugx9qOUTVW77iiJoiyZ4AaABAg,"{'videoId': 'zEfTDpfyt1o', 'topLevelComment': {'kind': 'youtube#comment', 'etag': 'MsMXTa-knDcoCWGZIMW2y0UWNJ0', 'id': 'Ugx9qOUTVW77iiJoiyZ4AaABAg', 'snippet': {'videoId': 'zEfTDpfyt1o', 'textDisplay': 'A pf na casa do Roberto Jefferson, só estava fazendo o trabalho deles. Assim como a justiça censurou vocês, também só estava fazendo o serviço deles. Jornalistas hipócritas!', 'textOriginal': 'A pf na casa do Roberto Jefferson, só estava fazendo o trabalho deles. Assim como a justiça censurou vocês, também só estava fazendo o serviço deles. Jornalistas hipócritas!', 'authorDisplayName': 'MUNDO AZUL Mergulho', 'authorProfileImageUrl': 'https://yt3.ggpht.com/ytc/AGIKgqMqGDVEzIH9ITln_hJWYsJCcvDrg5Bcx6vBcc2XrA=s48-c-k-c0x00ffffff-no-rj', 'authorChannelUrl': 'http://www.youtube.com/channel/UCQ0bJSvhnLS_RFfZWIXcTMg', 'authorChannelId': {'value': 'UCQ0bJSvhnLS_RFfZWIXcTMg'}, 'canRate': True, 'viewerRating': 'none', 'likeCount': 0, 'publishedAt': '2022-10-23T22:43:18Z', 'updatedAt': '2022-10-23T22:43:18Z'}}, 'canReply': True, 'totalReplyCount': 0, 'isPublic': True}",,UCQ0bJSvhnLS_RFfZWIXcTMg,2022-10-23T22:43:18Z,"A pf na casa do Roberto Jefferson, só estava fazendo o trabalho deles. Assim como a justiça censurou vocês, também só estava fazendo o serviço deles. Jornalistas hipócritas!",QURTSl9pMVBWWjFkMUNjVlhzdGZOOVBfc1NuRGpkT1NZMDhwd3dacWNtSGVxLVNEUkx6M0x3ZjliaTFlbk90TWZmM29GdjJkN0ZONUdQcw==,2023-06-08 14:52:40.862585
youtube#commentThread,VIZDQ28oqQJVmbhdDuZH9w9MIjY,UgzQOTkSh28_Li8aUqx4AaABAg,"{'videoId': 'zEfTDpfyt1o', 'topLevelComment': {'kind': 'youtube#comment', 'etag': 'ZZgIzI208bJ9VkvW8oa494GkHWw', 'id': 'UgzQOTkSh28_Li8aUqx4AaABAg', 'snippet': {'videoId': 'zEfTDpfyt1o', 'textDisplay': 'E ruim pois é isso que eles querem , deixa os brasileiros revoltados ...enquanto vcs como jornalistas nao abrir os olhos da naçao tragedia pode acontecef isso e apenas um estopim...estao colocando pólvora .', 'textOriginal': 'E ruim pois é isso que eles querem , deixa os brasileiros revoltados ...enquanto vcs como jornalistas nao abrir os olhos da naçao tragedia pode acontecef isso e apenas um estopim...estao colocando pólvora .', 'authorDisplayName': 'Betânia Clemente', 'authorProfileImageUrl': 'https://yt3.ggpht.com/ytc/AGIKgqMVgOhbzer1FkbF-iX4MYtQ1479T7u0LmdkVQ=s48-c-k-c0x00ffffff-no-rj', 'authorChannelUrl': 'http://www.youtube.com/channel/UCxE3unNnq_xtpwDcM2ytUrw', 'authorChannelId': {'value': 'UCxE3unNnq_xtpwDcM2ytUrw'}, 'canRate': True, 'viewerRating': 'none', 'likeCount': 0, 'publishedAt': '2022-10-23T22:43:18Z', 'updatedAt': '2022-10-23T22:43:18Z'}}, 'canReply': True, 'totalReplyCount': 0, 'isPublic': True}",,UCxE3unNnq_xtpwDcM2ytUrw,2022-10-23T22:43:18Z,"E ruim pois é isso que eles querem , deixa os brasileiros revoltados ...enquanto vcs como jornalistas nao abrir os olhos da naçao tragedia pode acontecef isso e apenas um estopim...estao colocando pólvora .",QURTSl9pMVBWWjFkMUNjVlhzdGZOOVBfc1NuRGpkT1NZMDhwd3dacWNtSGVxLVNEUkx6M0x3ZjliaTFlbk90TWZmM29GdjJkN0ZONUdQcw==,2023-06-08 14:52:40.862585
youtube#commentThread,pkoVQK6MEBqiJWchvTFix2UBvSs,UgybrcMLxak7Zxben954AaABAg,"{'videoId': 'zEfTDpfyt1o', 'topLevelComment': {'kind': 'youtube#comment', 'etag': 'D5us-xmFsWdKFYZ6o5YVylnTl0g', 'id': 'UgybrcMLxak7Zxben954AaABAg', 'snippet': {'videoId': 'zEfTDpfyt1o', 'textDisplay': 'São  os cidadãos de bem  que eles se dizem', 'textOriginal': 'São  os cidadãos de bem  que eles se dizem', 'authorDisplayName': 'Ju Liborio', 'authorProfileImageUrl': 'https://yt3.ggpht.com/ytc/AGIKgqOFJupzPBArqnKQvV2woT55PJRqphZc7cf4tXYJfw=s48-c-k-c0x00ffffff-no-rj', 'authorChannelUrl': 'http://www.youtube.com/channel/UC4U3-vGQ8nDCUy9mTOXnL2w', 'authorChannelId': {'value': 'UC4U3-vGQ8nDCUy9mTOXnL2w'}, 'canRate': True, 'viewerRating': 'none', 'likeCount': 0, 'publishedAt': '2022-10-23T22:43:08Z', 'updatedAt': '2022-10-23T22:43:08Z'}}, 'canReply': True, 'totalReplyCount': 0, 'isPublic': True}",,UC4U3-vGQ8nDCUy9mTOXnL2w,2022-10-23T22:43:08Z,São  os cidadãos de bem  que eles se dizem,QURTSl9pMVBWWjFkMUNjVlhzdGZOOVBfc1NuRGpkT1NZMDhwd3dacWNtSGVxLVNEUkx6M0x3ZjliaTFlbk90TWZmM29GdjJkN0ZONUdQcw==,2023-06-08 14:52:40.862585
youtube#commentThread,WekQvp-innA0YCjuMbjyIN0Ecs8,Ugy176W-yci-dhIQQeN4AaABAg,"{'videoId': 'zEfTDpfyt1o', 'topLevelComment': {'kind': 'youtube#comment', 'etag': 'd6g7kiqoKc5WWQr88LYhNQem2Z4', 'id': 'Ugy176W-yci-dhIQQeN4AaABAg', 'snippet': {'videoId': 'zEfTDpfyt1o', 'textDisplay': 'Antes era a necessidade de proporcionar  segurança dos candidatos e de seus apoiadores,bem como de todos os cidadãos em geral, nestes tempos incertos pelos quais estamos passando ,aonde as opiniões políticas (que deveriam ser respeitadas) estão dividindo famílias, cortando laços de amizades, gerando vários tipos violência contra pessoas que sequer conhecemos, e banalizando a violência, e outras atitudes, é um fato  muito triste! ==AGORA É ATÉ A  PRÓPRIA POLÍCIA QUE TAMBÉM  TEM QUE SE PROTEGER !!!!!!!===Porém, o que eu quero e desejo, é que o povo brasileiro se reúna novamente em uma grande corrente fraterna, se reconcilie, e tenha discernimento de que opiniões políticas são livres, mas o cerceamento destas, através da intimidação, da desordem, do oportunismo, e de outras situações que favorecem o  acordar tão esperado da ira desmedida que muitos guardam dentro de si e desta forma  a extravasam achando que estarão acobertados de suas atitudes ,por ligá-las com questões políticas! PORÉM ESTAMOS VENDO QUE A VIOLÊNCIA ESTÁ SE AGRAVANDO DE TAL FORMA, QUE A UNICA MANEIRA DE COMBATÊ-LA É VOTAR NO CANDIDATO QUE NÃO INCITA SEUS APOIADORES A PRATICAREM ATOS DE VANDALISMO E AGRESSIVIDADE ! Gostaria é que ninguém precisasse de medidas de segurança, um entendesse ao outro, conflitos se resolvessem de forma justa através do diálogo= MAS NÃO ESTÁ SENDO MAIS POSSIVEL !!!!!!!. = = Certamento quem pratica estes atos abomináveis, não se colocou na situação de que pessoas queridas a seu redor, também podem ser vítimas de estranhos descontrolados! Ou não se colocou na posição de filhos que ficarão órfãos, pais,mães que perderam filhos, conjugês que perderam seus parceiros amados! =====  E SE VOCÊ QUER A PAZ - OBSERVE : - QUEM MAIS  GERA E INSTIGA A VIOLÊNCIA ???  QUEM DEFENDE A TORTURA ABERTAMENTE ??? QUEM FALA QUE SE MORREREM UNS 30.000 MIL, VAI MORRRER GENTE, INOCENTE, VAI- e DAÍ??????????? OS APOIADORES DE QUAL CANDIDATO MAIS FAZEM APOLOGIA A VIOLÊNCIA E A PRATICAM ?????? NAS RUAS, NAS IGREJAS, DENTRO DAS CASAS, AONDE PUDEREM !!!!!!!!!! == =  EU NUNCA GOSTEI DE INDICAR CANDIDATOS,  MAS NESTE MOMENTO ,&quot;&quot;&quot;&quot;&quot;&quot;&quot;&quot;&quot;&quot;&quot;&quot;&quot;&quot;&quot;&quot;&quot; SE VOCÊ É A FAVOR DA PAZ , MESMO QUE NÃO GOSTE DO LULA, TECLE 13 NAS URNAS !!!!!!!! &quot;&quot;&quot;&quot;&quot;&quot;&quot;&quot;&quot;&quot;&quot;&quot;&quot; !!!!!!!!! AFINAL SE ELES ESTÃO SE ACHANDO IMPUNES AGORA, IMAGINEM SE BOLSONAO VENCER, COMO SERÁ !!!!!!!!!!!! = E COMO FICARÁ SUA CONSCIÊNCIA SE ALGUÉM QUE VOCÊ GOSTA FOR VÍTIMA DA VIOLÊNCIA ????????  REFLITA !!!!!!!', 'textOriginal': 'Antes era a necessidade de proporcionar  segurança dos candidatos e de seus apoiadores,bem como de todos os cidadãos em geral, nestes tempos incertos pelos quais estamos passando ,aonde as opiniões políticas (que deveriam ser respeitadas) estão dividindo famílias, cortando laços de amizades, gerando vários tipos violência contra pessoas que sequer conhecemos, e banalizando a violência, e outras atitudes, é um fato  muito triste! ==AGORA É ATÉ A  PRÓPRIA POLÍCIA QUE TAMBÉM  TEM QUE SE PROTEGER !!!!!!!===Porém, o que eu quero e desejo, é que o povo brasileiro se reúna novamente em uma grande corrente fraterna, se reconcilie, e tenha discernimento de que opiniões políticas são livres, mas o cerceamento destas, através da intimidação, da desordem, do oportunismo, e de outras situações que favorecem o  acordar tão esperado da ira desmedida que muitos guardam dentro de si e desta forma  a extravasam achando que estarão acobertados de suas atitudes ,por ligá-las com questões políticas! PORÉM ESTAMOS VENDO QUE A VIOLÊNCIA ESTÁ SE AGRAVANDO DE TAL FORMA, QUE A UNICA MANEIRA DE COMBATÊ-LA É VOTAR NO CANDIDATO QUE NÃO INCITA SEUS APOIADORES A PRATICAREM ATOS DE VANDALISMO E AGRESSIVIDADE ! Gostaria é que ninguém precisasse de medidas de segurança, um entendesse ao outro, conflitos se resolvessem de forma justa através do diálogo= MAS NÃO ESTÁ SENDO MAIS POSSIVEL !!!!!!!. = = Certamento quem pratica estes atos abomináveis, não se colocou na situação de que pessoas queridas a seu redor, também podem ser vítimas de estranhos descontrolados! Ou não se colocou na posição de filhos que ficarão órfãos, pais,mães que perderam filhos, conjugês que perderam seus parceiros amados! =====  E SE VOCÊ QUER A PAZ - OBSERVE : - QUEM MAIS  GERA E INSTIGA A VIOLÊNCIA ???  QUEM DEFENDE A TORTURA ABERTAMENTE ??? QUEM FALA QUE SE MORREREM UNS 30.000 MIL, VAI MORRRER GENTE, INOCENTE, VAI- e DAÍ??????????? OS APOIADORES DE QUAL CANDIDATO MAIS FAZEM APOLOGIA A VIOLÊNCIA E A PRATICAM ?????? NAS RUAS, NAS IGREJAS, DENTRO DAS CASAS, AONDE PUDEREM !!!!!!!!!! == =  EU NUNCA GOSTEI DE INDICAR CANDIDATOS,  MAS NESTE MOMENTO ,"""""""""""""""""""""""""""""""""" SE VOCÊ É A FAVOR DA PAZ , MESMO QUE NÃO GOSTE DO LULA, TECLE 13 NAS URNAS !!!!!!!! """""""""""""""""""""""""" !!!!!!!!! AFINAL SE ELES ESTÃO SE ACHANDO IMPUNES AGORA, IMAGINEM SE BOLSONAO VENCER, COMO SERÁ !!!!!!!!!!!! = E COMO FICARÁ SUA CONSCIÊNCIA SE ALGUÉM QUE VOCÊ GOSTA FOR VÍTIMA DA VIOLÊNCIA ????????  REFLITA !!!!!!!', 'authorDisplayName': 'Patricia Santos', 'authorProfileImageUrl': 'https://yt3.ggpht.com/ytc/AGIKgqOMlt8bM2szgN9MckJqY3pT9yYOBGFhUDuzXw=s48-c-k-c0x00ffffff-no-rj', 'authorChannelUrl': 'http://www.youtube.com/channel/UCQkWsX0h9dUI9SamWHUPd5A', 'authorChannelId': {'value': 'UCQkWsX0h9dUI9SamWHUPd5A'}, 'canRate': True, 'viewerRating': 'none', 'likeCount': 0, 'publishedAt': '2022-10-23T22:43:06Z', 'updatedAt': '2022-10-23T22:43:06Z'}}, 'canReply': True, 'totalReplyCount': 1, 'isPublic': True}","{'comments': [{'kind': 'youtube#comment', 'etag': 'qCkvio0F1l5s4j0SO01ZXfsXKBE', 'id': 'Ugy176W-yci-dhIQQeN4AaABAg.9hYCYvGHhNR9hYXBHXjmuw', 'snippet': {'videoId': 'zEfTDpfyt1o', 'textDisplay': 'Ladrão que apoia bandidagem,que apoia aborto, apoia liberação das drogas,que já mandou invadir igrejas,propriedade alheia, que roubou  o país durante 16 anos, que não era nem pra estae solto concorrendo ao cargo de presidência! Era pra estar preso como Roberto Jeferson, pois era o chefão do mensalão,Petrolão,rombo no bndes,e muito mais roubos,se for ficar inumerando a roubatina desse ex presidiário vou passar a noite escrevendo.Só pode estar de brincadeira defender esse maior corrupto da história do Brasil! Todos seus ministros foram presos! <br>Não tenha preguiça de se informar em fontes confiáveis,para deixar de ser inocente! Acorda!', 'textOriginal': 'Ladrão que apoia bandidagem,que apoia aborto, apoia liberação das drogas,que já mandou invadir igrejas,propriedade alheia, que roubou  o país durante 16 anos, que não era nem pra estae solto concorrendo ao cargo de presidência! Era pra estar preso como Roberto Jeferson, pois era o chefão do mensalão,Petrolão,rombo no bndes,e muito mais roubos,se for ficar inumerando a roubatina desse ex presidiário vou passar a noite escrevendo.Só pode estar de brincadeira defender esse maior corrupto da história do Brasil! Todos seus ministros foram presos! \\nNão tenha preguiça de se informar em fontes confiáveis,para deixar de ser inocente! Acorda!', 'parentId': 'Ugy176W-yci-dhIQQeN4AaABAg', 'authorDisplayName': 'Mary Madeleine Mattos Meire', 'authorProfileImageUrl': 'https://yt3.ggpht.com/ytc/AGIKgqMMKFPieMmbIeA84Sq6-hq-8lsIW_Q4drAaJw=s48-c-k-c0x00ffffff-no-rj', 'authorChannelUrl': 'http://www.youtube.com/channel/UCAzY-Xa075NjqCtEVZy_xng', 'authorChannelId': {'value': 'UCAzY-Xa075NjqCtEVZy_xng'}, 'canRate': True, 'viewerRating': 'none', 'likeCount': 0, 'publishedAt': '2022-10-24T01:43:22Z', 'updatedAt': '2022-10-24T01:43:22Z'}}]}",UCQkWsX0h9dUI9SamWHUPd5A,2022-10-23T22:43:06Z,"Antes era a necessidade de proporcionar  segurança dos candidatos e de seus apoiadores,bem como de todos os cidadãos em geral, nestes tempos incertos pelos quais estamos passando ,aonde as opiniões políticas (que deveriam ser respeitadas) estão dividindo famílias, cortando laços de amizades, gerando vários tipos violência contra pessoas que sequer conhecemos, e banalizando a violência, e outras atitudes, é um fato  muito triste! ==AGORA É ATÉ A  PRÓPRIA POLÍCIA QUE TAMBÉM  TEM QUE SE PROTEGER !!!!!!!===Porém, o que eu quero e desejo, é que o povo brasileiro se reúna novamente em uma grande corrente fraterna, se reconcilie, e tenha discernimento de que opiniões políticas são livres, mas o cerceamento destas, através da intimidação, da desordem, do oportunismo, e de outras situações que favorecem o  acordar tão esperado da ira desmedida que muitos guardam dentro de si e desta forma  a extravasam achando que estarão acobertados de suas atitudes ,por ligá-las com questões políticas! PORÉM ESTAMOS VENDO QUE A VIOLÊNCIA ESTÁ SE AGRAVANDO DE TAL FORMA, QUE A UNICA MANEIRA DE COMBATÊ-LA É VOTAR NO CANDIDATO QUE NÃO INCITA SEUS APOIADORES A PRATICAREM ATOS DE VANDALISMO E AGRESSIVIDADE ! Gostaria é que ninguém precisasse de medidas de segurança, um entendesse ao outro, conflitos se resolvessem de forma justa através do diálogo= MAS NÃO ESTÁ SENDO MAIS POSSIVEL !!!!!!!. = = Certamento quem pratica estes atos abomináveis, não se colocou na situação de que pessoas queridas a seu redor, também podem ser vítimas de estranhos descontrolados! Ou não se colocou na posição de filhos que ficarão órfãos, pais,mães que perderam filhos, conjugês que perderam seus parceiros amados! =====  E SE VOCÊ QUER A PAZ - OBSERVE : - QUEM MAIS  GERA E INSTIGA A VIOLÊNCIA ???  QUEM DEFENDE A TORTURA ABERTAMENTE ??? QUEM FALA QUE SE MORREREM UNS 30.000 MIL, VAI MORRRER GENTE, INOCENTE, VAI- e DAÍ??????????? OS APOIADORES DE QUAL CANDIDATO MAIS FAZEM APOLOGIA A VIOLÊNCIA E A PRATICAM ?????? NAS RUAS, NAS IGREJAS, DENTRO DAS CASAS, AONDE PUDEREM !!!!!!!!!! == =  EU NUNCA GOSTEI DE INDICAR CANDIDATOS,  MAS NESTE MOMENTO ,"""""""""""""""""""""""""""""""""" SE VOCÊ É A FAVOR DA PAZ , MESMO QUE NÃO GOSTE DO LULA, TECLE 13 NAS URNAS !!!!!!!! """""""""""""""""""""""""" !!!!!!!!! AFINAL SE ELES ESTÃO SE ACHANDO IMPUNES AGORA, IMAGINEM SE BOLSONAO VENCER, COMO SERÁ !!!!!!!!!!!! = E COMO FICARÁ SUA CONSCIÊNCIA SE ALGUÉM QUE VOCÊ GOSTA FOR VÍTIMA DA VIOLÊNCIA ????????  REFLITA !!!!!!!",QURTSl9pMVBWWjFkMUNjVlhzdGZOOVBfc1NuRGpkT1NZMDhwd3dacWNtSGVxLVNEUkx6M0x3ZjliaTFlbk90TWZmM29GdjJkN0ZONUdQcw==,2023-06-08 14:52:40.862585
youtube#commentThread,N8kZouz-mdSK6AkQ7pKxOwLBiYk,UgyLUb9RjMLIUI4RYvR4AaABAg,"{'videoId': 'zEfTDpfyt1o', 'topLevelComment': {'kind': 'youtube#comment', 'etag': '26nhEEU9uOyiOykpkz1wioOLlXc', 'id': 'UgyLUb9RjMLIUI4RYvR4AaABAg', 'snippet': {'videoId': 'zEfTDpfyt1o', 'textDisplay': 'Quem começou essa agressão foi o Alexandre de Moraes! Se não fizermos nada, teremos uma guerra civil no Brasil!', 'textOriginal': 'Quem começou essa agressão foi o Alexandre de Moraes! Se não fizermos nada, teremos uma guerra civil no Brasil!', 'authorDisplayName': 'Rodrigo Frezza', 'authorProfileImageUrl': 'https://yt3.ggpht.com/ytc/AGIKgqPOs-MiPVwzVdiK-PQ4sZJsS1XQVPdd6CieqYhRB-Q=s48-c-k-c0x00ffffff-no-rj', 'authorChannelUrl': 'http://www.youtube.com/channel/UCDn8Fa26DDKgRaOcYw7n79w', 'authorChannelId': {'value': 'UCDn8Fa26DDKgRaOcYw7n79w'}, 'canRate': True, 'viewerRating': 'none', 'likeCount': 0, 'publishedAt': '2022-10-23T22:43:04Z', 'updatedAt': '2022-10-23T22:43:04Z'}}, 'canReply': True, 'totalReplyCount': 0, 'isPublic': True}",,UCDn8Fa26DDKgRaOcYw7n79w,2022-10-23T22:43:04Z,"Quem começou essa agressão foi o Alexandre de Moraes! Se não fizermos nada, teremos uma guerra civil no Brasil!",QURTSl9pMVBWWjFkMUNjVlhzdGZOOVBfc1NuRGpkT1NZMDhwd3dacWNtSGVxLVNEUkx6M0x3ZjliaTFlbk90TWZmM29GdjJkN0ZONUdQcw==,2023-06-08 14:52:40.862585
youtube#commentThread,u2yZ5xBkp8IMEENJY9MCQg5nkmk,Ugz_5oeY7ujz0wWEpOB4AaABAg,"{'videoId': 'zEfTDpfyt1o', 'topLevelComment': {'kind': 'youtube#comment', 'etag': 'tUud2PUMe79SE9EnIGWbovAZw2Y', 'id': 'Ugz_5oeY7ujz0wWEpOB4AaABAg', 'snippet': {'videoId': 'zEfTDpfyt1o', 'textDisplay': 'Familicia e apoiadores estão descontrolados.', 'textOriginal': 'Familicia e apoiadores estão descontrolados.', 'authorDisplayName': 'JCarril', 'authorProfileImageUrl': 'https://yt3.ggpht.com/ytc/AGIKgqMOXG5-dBEXrxDONTWPN1HL3A5I1r5gVAs-CoG7jw=s48-c-k-c0x00ffffff-no-rj', 'authorChannelUrl': 'http://www.youtube.com/channel/UCZDtI0VPx8Lyb5FCxKKO2hg', 'authorChannelId': {'value': 'UCZDtI0VPx8Lyb5FCxKKO2hg'}, 'canRate': True, 'viewerRating': 'none', 'likeCount': 0, 'publishedAt': '2022-10-23T22:43:01Z', 'updatedAt': '2022-10-23T22:43:01Z'}}, 'canReply': True, 'totalReplyCount': 0, 'isPublic': True}",,UCZDtI0VPx8Lyb5FCxKKO2hg,2022-10-23T22:43:01Z,Familicia e apoiadores estão descontrolados.,QURTSl9pMVBWWjFkMUNjVlhzdGZOOVBfc1NuRGpkT1NZMDhwd3dacWNtSGVxLVNEUkx6M0x3ZjliaTFlbk90TWZmM29GdjJkN0ZONUdQcw==,2023-06-08 14:52:40.862585
youtube#commentThread,GrBgtfiexcVEDP8EpSrbPoYHp2s,Ugz-r7HR8dWtHZEHQaZ4AaABAg,"{'videoId': 'zEfTDpfyt1o', 'topLevelComment': {'kind': 'youtube#comment', 'etag': '5nczomjYTjSzq0Ntna_OKJOY8_Q', 'id': 'Ugz-r7HR8dWtHZEHQaZ4AaABAg', 'snippet': {'videoId': 'zEfTDpfyt1o', 'textDisplay': 'Cupa do STF', 'textOriginal': 'Cupa do STF', 'authorDisplayName': 'CÍCERO BORGES', 'authorProfileImageUrl': 'https://yt3.ggpht.com/ytc/AGIKgqPN6jIc7u6MRxTVEEn8HCg9_I4zvCchmFuYjw=s48-c-k-c0x00ffffff-no-rj', 'authorChannelUrl': 'http://www.youtube.com/channel/UCYye4s56pvv60F_oGHRVGKg', 'authorChannelId': {'value': 'UCYye4s56pvv60F_oGHRVGKg'}, 'canRate': True, 'viewerRating': 'none', 'likeCount': 0, 'publishedAt': '2022-10-23T22:42:59Z', 'updatedAt': '2022-10-23T22:42:59Z'}}, 'canReply': True, 'totalReplyCount': 0, 'isPublic': True}",,UCYye4s56pvv60F_oGHRVGKg,2022-10-23T22:42:59Z,Cupa do STF,QURTSl9pMVBWWjFkMUNjVlhzdGZOOVBfc1NuRGpkT1NZMDhwd3dacWNtSGVxLVNEUkx6M0x3ZjliaTFlbk90TWZmM29GdjJkN0ZONUdQcw==,2023-06-08 14:52:40.862585
youtube#commentThread,mPkzhc06ah-uDjz5QAQTfFo8Dck,UgwRBaKWmlwbmZg5krF4AaABAg,"{'videoId': 'zEfTDpfyt1o', 'topLevelComment': {'kind': 'youtube#comment', 'etag': 'K3HCBJLzySBP5BaUc-cRyXNvCEM', 'id': 'UgwRBaKWmlwbmZg5krF4AaABAg', 'snippet': {'videoId': 'zEfTDpfyt1o', 'textDisplay': 'O BOLSONARISMO MATA é isso que AFUNDOU ESTE GOVERNO. <br>A INFLAÇÃO MATA O POBRE , E O RICO DEBOCHA e isso VAMOS DA RESPOSTA DIA 30 APERTANDO 13 não por ser melhor , Afinal,  é o ex-presidiário,  mas Precisamos Voltar a PELO menos ter uma VIDA MAIS OU MENOS NORMAL .<br><br>E É ISSO . HOJE MINHA FAMÍLIA EM CIMA DA HORA DECIDIU VOTAR 13 .', 'textOriginal': 'O BOLSONARISMO MATA é isso que AFUNDOU ESTE GOVERNO. \\nA INFLAÇÃO MATA O POBRE , E O RICO DEBOCHA e isso VAMOS DA RESPOSTA DIA 30 APERTANDO 13 não por ser melhor , Afinal,  é o ex-presidiário,  mas Precisamos Voltar a PELO menos ter uma VIDA MAIS OU MENOS NORMAL .\\n\\nE É ISSO . HOJE MINHA FAMÍLIA EM CIMA DA HORA DECIDIU VOTAR 13 .', 'authorDisplayName': 'Patrik Anderson', 'authorProfileImageUrl': 'https://yt3.ggpht.com/ytc/AGIKgqP8AkwMb9NEGUAzFFrIgf3Ndr9x_Wt6C_4-KhWdwA=s48-c-k-c0x00ffffff-no-rj', 'authorChannelUrl': 'http://www.youtube.com/channel/UCXZfE3DZbim-pOXALsy2LRQ', 'authorChannelId': {'value': 'UCXZfE3DZbim-pOXALsy2LRQ'}, 'canRate': True, 'viewerRating': 'none', 'likeCount': 0, 'publishedAt': '2022-10-23T22:42:55Z', 'updatedAt': '2022-10-23T22:42:55Z'}}, 'canReply': True, 'totalReplyCount': 0, 'isPublic': True}",,UCXZfE3DZbim-pOXALsy2LRQ,2022-10-23T22:42:55Z,"O BOLSONARISMO MATA é isso que AFUNDOU ESTE GOVERNO. 
A INFLAÇÃO MATA O POBRE , E O RICO DEBOCHA e isso VAMOS DA RESPOSTA DIA 30 APERTANDO 13 não por ser melhor , Afinal,  é o ex-presidiário,  mas Precisamos Voltar a PELO menos ter uma VIDA MAIS OU MENOS NORMAL .

E É ISSO . HOJE MINHA FAMÍLIA EM CIMA DA HORA DECIDIU VOTAR 13 .",QURTSl9pMVBWWjFkMUNjVlhzdGZOOVBfc1NuRGpkT1NZMDhwd3dacWNtSGVxLVNEUkx6M0x3ZjliaTFlbk90TWZmM29GdjJkN0ZONUdQcw==,2023-06-08 14:52:40.862585
youtube#commentThread,qJmlfvrH7PuYjX1N8NzAEr6V9Js,UgyuVe1rZ7i1Q72yUiJ4AaABAg,"{'videoId': 'zEfTDpfyt1o', 'topLevelComment': {'kind': 'youtube#comment', 'etag': 'Ciu8NO7Tyf7F9otbeVM7PcF_Ku8', 'id': 'UgyuVe1rZ7i1Q72yUiJ4AaABAg', 'snippet': {'videoId': 'zEfTDpfyt1o', 'textDisplay': 'Jovem Pan alimenta este ódio e alimenta o Bolsonaro', 'textOriginal': 'Jovem Pan alimenta este ódio e alimenta o Bolsonaro', 'authorDisplayName': 'Roberto Barreto', 'authorProfileImageUrl': 'https://yt3.ggpht.com/ytc/AGIKgqO6LbpI765WWrzt5j1-mF9xnLXy1wOKTSERndAsVAHHJyLlU3aUg1fnL-AqjeOq=s48-c-k-c0x00ffffff-no-rj', 'authorChannelUrl': 'http://www.youtube.com/channel/UCgswh3g-WsyyWF46W6R-TFA', 'authorChannelId': {'value': 'UCgswh3g-WsyyWF46W6R-TFA'}, 'canRate': True, 'viewerRating': 'none', 'likeCount': 0, 'publishedAt': '2022-10-23T22:42:40Z', 'updatedAt': '2022-10-23T22:42:40Z'}}, 'canReply': True, 'totalReplyCount': 0, 'isPublic': True}",,UCgswh3g-WsyyWF46W6R-TFA,2022-10-23T22:42:40Z,Jovem Pan alimenta este ódio e alimenta o Bolsonaro,QURTSl9pMVBWWjFkMUNjVlhzdGZOOVBfc1NuRGpkT1NZMDhwd3dacWNtSGVxLVNEUkx6M0x3ZjliaTFlbk90TWZmM29GdjJkN0ZONUdQcw==,2023-06-08 14:52:40.862585
youtube#commentThread,y3MXcYxxUSz8UlpUbjOsT3zqhQg,UgzUyBh8tLNMgqhXVRB4AaABAg,"{'videoId': 'zEfTDpfyt1o', 'topLevelComment': {'kind': 'youtube#comment', 'etag': '5smD8n39k4Ju-pqBHt48rWhxR54', 'id': 'UgzUyBh8tLNMgqhXVRB4AaABAg', 'snippet': {'videoId': 'zEfTDpfyt1o', 'textDisplay': 'Bem.feito o.presidente.foi.esfaqueado e vocês. Reportes.ficam só escrachando tudo.quê <a href=""http://ele.faz.diz.e.bom/"">ele.faz.diz.e.bom</a> começarem a.provar.o.próprio veneno.kkkkkkkkk', 'textOriginal': 'Bem.feito o.presidente.foi.esfaqueado e vocês. Reportes.ficam só escrachando tudo.quê ele.faz.diz.e.bom começarem a.provar.o.próprio veneno.kkkkkkkkk', 'authorDisplayName': 'Marilda Perreira', 'authorProfileImageUrl': 'https://yt3.ggpht.com/ytc/AGIKgqMSap2sMRZDaa6KG4z80mM_dU5YSSf9UQgiWFC8WQI2N0__S7erhuq77OLUVUwR=s48-c-k-c0x00ffffff-no-rj', 'authorChannelUrl': 'http://www.youtube.com/channel/UCvGlhyx4WiLATwCjxUsXmJg', 'authorChannelId': {'value': 'UCvGlhyx4WiLATwCjxUsXmJg'}, 'canRate': True, 'viewerRating': 'none', 'likeCount': 1, 'publishedAt': '2022-10-23T22:42:39Z', 'updatedAt': '2022-10-23T22:42:39Z'}}, 'canReply': True, 'totalReplyCount': 0, 'isPublic': True}",,UCvGlhyx4WiLATwCjxUsXmJg,2022-10-23T22:42:39Z,Bem.feito o.presidente.foi.esfaqueado e vocês. Reportes.ficam só escrachando tudo.quê ele.faz.diz.e.bom começarem a.provar.o.próprio veneno.kkkkkkkkk,QURTSl9pMVBWWjFkMUNjVlhzdGZOOVBfc1NuRGpkT1NZMDhwd3dacWNtSGVxLVNEUkx6M0x3ZjliaTFlbk90TWZmM29GdjJkN0ZONUdQcw==,2023-06-08 14:52:40.862585
youtube#commentThread,cC2VU4Zwu2P-kx5HhjisesIpThc,UgyuJciAPk394B3BUHJ4AaABAg,"{'videoId': 'zEfTDpfyt1o', 'topLevelComment': {'kind': 'youtube#comment', 'etag': 'UsmtQGNMvpqWO2ShQn0zyKNtiV4', 'id': 'UgyuJciAPk394B3BUHJ4AaABAg', 'snippet': {'videoId': 'zEfTDpfyt1o', 'textDisplay': 'Estamos vivendo tempos barbaros, sou totalmente contrário a violência, coisas muito estranhas estam acontecendo, onde está o poder maior.', 'textOriginal': 'Estamos vivendo tempos barbaros, sou totalmente contrário a violência, coisas muito estranhas estam acontecendo, onde está o poder maior.', 'authorDisplayName': 'Ademir Aguiar', 'authorProfileImageUrl': 'https://yt3.ggpht.com/ytc/AGIKgqM8DOGcFSThVLEvhlq37FoJGYNPmiIJhB-6Ag=s48-c-k-c0x00ffffff-no-rj', 'authorChannelUrl': 'http://www.youtube.com/channel/UCZKSoyPky_-5825gb1UfLHQ', 'authorChannelId': {'value': 'UCZKSoyPky_-5825gb1UfLHQ'}, 'canRate': True, 'viewerRating': 'none', 'likeCount': 4, 'publishedAt': '2022-10-23T22:42:36Z', 'updatedAt': '2022-10-23T22:42:36Z'}}, 'canReply': True, 'totalReplyCount': 0, 'isPublic': True}",,UCZKSoyPky_-5825gb1UfLHQ,2022-10-23T22:42:36Z,"Estamos vivendo tempos barbaros, sou totalmente contrário a violência, coisas muito estranhas estam acontecendo, onde está o poder maior.",QURTSl9pMVBWWjFkMUNjVlhzdGZOOVBfc1NuRGpkT1NZMDhwd3dacWNtSGVxLVNEUkx6M0x3ZjliaTFlbk90TWZmM29GdjJkN0ZONUdQcw==,2023-06-08 14:52:40.862585
youtube#commentThread,ExTr7AJxLmnZXva7dzFRGxcOj9s,UgwMtqXLC0R5RKFz_bN4AaABAg,"{'videoId': 'zEfTDpfyt1o', 'topLevelComment': {'kind': 'youtube#comment', 'etag': 'Lehye1Vms5UtP-tY-w7si-5PldI', 'id': 'UgwMtqXLC0R5RKFz_bN4AaABAg', 'snippet': {'videoId': 'zEfTDpfyt1o', 'textDisplay': 'A população tá P da vida . Isso não permite essa agressão,', 'textOriginal': 'A população tá P da vida . Isso não permite essa agressão,', 'authorDisplayName': 'Marta Santos Antunes me', 'authorProfileImageUrl': 'https://yt3.ggpht.com/ytc/AGIKgqNAAtfX_Iz4kSQk_usxNCK1hg6k3EQerwH-424k=s48-c-k-c0x00ffffff-no-rj', 'authorChannelUrl': 'http://www.youtube.com/channel/UCwo6FWDPjXEaSTxlI_Ut34Q', 'authorChannelId': {'value': 'UCwo6FWDPjXEaSTxlI_Ut34Q'}, 'canRate': True, 'viewerRating': 'none', 'likeCount': 0, 'publishedAt': '2022-10-23T22:42:35Z', 'updatedAt': '2022-10-23T22:42:35Z'}}, 'canReply': True, 'totalReplyCount': 0, 'isPublic': True}",,UCwo6FWDPjXEaSTxlI_Ut34Q,2022-10-23T22:42:35Z,"A população tá P da vida . Isso não permite essa agressão,",QURTSl9pMVBWWjFkMUNjVlhzdGZOOVBfc1NuRGpkT1NZMDhwd3dacWNtSGVxLVNEUkx6M0x3ZjliaTFlbk90TWZmM29GdjJkN0ZONUdQcw==,2023-06-08 14:52:40.862585
youtube#commentThread,Hvnwa0tNugM5PXiXUOshNmgG6Vg,Ugw7m0Yu52b0MQQ4bjd4AaABAg,"{'videoId': 'zEfTDpfyt1o', 'topLevelComment': {'kind': 'youtube#comment', 'etag': 'jALJkSHhtWyYsGpTd4TbMY7B8cQ', 'id': 'Ugw7m0Yu52b0MQQ4bjd4AaABAg', 'snippet': {'videoId': 'zEfTDpfyt1o', 'textDisplay': 'Estes efeitos são de tantos desmandos.  Está errado? Sim, mas já diz na bíblia &quot;o açular do leite gera manteiga&quot; .. Gera contendas.. Está aí o resultado! Espero que se resolva na conversa, no diálogo! Razão só se dá a quem tem!', 'textOriginal': 'Estes efeitos são de tantos desmandos.  Está errado? Sim, mas já diz na bíblia ""o açular do leite gera manteiga"" .. Gera contendas.. Está aí o resultado! Espero que se resolva na conversa, no diálogo! Razão só se dá a quem tem!', 'authorDisplayName': 'Clodeildes Lima', 'authorProfileImageUrl': 'https://yt3.ggpht.com/YZcDmI65-g5aEmmb-98WLWlnW9Msvt3r_xCTwJCruxqDEp404q1KCuimj8BrWa_RCJNbrYYN1A=s48-c-k-c0x00ffffff-no-rj', 'authorChannelUrl': 'http://www.youtube.com/channel/UCz4AJwOyuFT_PD7mj3zjK4w', 'authorChannelId': {'value': 'UCz4AJwOyuFT_PD7mj3zjK4w'}, 'canRate': True, 'viewerRating': 'none', 'likeCount': 0, 'publishedAt': '2022-10-23T22:42:33Z', 'updatedAt': '2022-10-23T22:42:33Z'}}, 'canReply': True, 'totalReplyCount': 0, 'isPublic': True}",,UCz4AJwOyuFT_PD7mj3zjK4w,2022-10-23T22:42:33Z,"Estes efeitos são de tantos desmandos.  Está errado? Sim, mas já diz na bíblia ""o açular do leite gera manteiga"" .. Gera contendas.. Está aí o resultado! Espero que se resolva na conversa, no diálogo! Razão só se dá a quem tem!",QURTSl9pMVBWWjFkMUNjVlhzdGZOOVBfc1NuRGpkT1NZMDhwd3dacWNtSGVxLVNEUkx6M0x3ZjliaTFlbk90TWZmM29GdjJkN0ZONUdQcw==,2023-06-08 14:52:40.862585
youtube#commentThread,Xmh1S3rc80fHJMZO1RasVWWQVF4,Ugxi0p7xzXWG5J0luSJ4AaABAg,"{'videoId': 'zEfTDpfyt1o', 'topLevelComment': {'kind': 'youtube#comment', 'etag': 'yR4NZacW1iwvuMd1HFEXMLayDug', 'id': 'Ugxi0p7xzXWG5J0luSJ4AaABAg', 'snippet': {'videoId': 'zEfTDpfyt1o', 'textDisplay': 'EU NÃO ENTENDO A Jovem Pan.....o Roberto Jeferson está nisso porque foi COMENTAR SOBRE A CENSURA imposta pelo STF Á EMISSORA e outros veículos de comunicaçào e o que a JOVEM PAN FAZ???   FAZ REPORTAGENS praticamente CONDENANDO o EX DEPUTADO.', 'textOriginal': 'EU NÃO ENTENDO A Jovem Pan.....o Roberto Jeferson está nisso porque foi COMENTAR SOBRE A CENSURA imposta pelo STF Á EMISSORA e outros veículos de comunicaçào e o que a JOVEM PAN FAZ???   FAZ REPORTAGENS praticamente CONDENANDO o EX DEPUTADO.', 'authorDisplayName': 'Sandra', 'authorProfileImageUrl': 'https://yt3.ggpht.com/ytc/AGIKgqPNx-18kBC9xclX_jgvdZnMZpHQ5bnOd-wW6WbFJac=s48-c-k-c0x00ffffff-no-rj', 'authorChannelUrl': 'http://www.youtube.com/channel/UCoFuTg-ImzREFhOrKDGEkqQ', 'authorChannelId': {'value': 'UCoFuTg-ImzREFhOrKDGEkqQ'}, 'canRate': True, 'viewerRating': 'none', 'likeCount': 0, 'publishedAt': '2022-10-23T22:42:31Z', 'updatedAt': '2022-10-23T22:42:31Z'}}, 'canReply': True, 'totalReplyCount': 0, 'isPublic': True}",,UCoFuTg-ImzREFhOrKDGEkqQ,2022-10-23T22:42:31Z,EU NÃO ENTENDO A Jovem Pan.....o Roberto Jeferson está nisso porque foi COMENTAR SOBRE A CENSURA imposta pelo STF Á EMISSORA e outros veículos de comunicaçào e o que a JOVEM PAN FAZ???   FAZ REPORTAGENS praticamente CONDENANDO o EX DEPUTADO.,QURTSl9pMVBWWjFkMUNjVlhzdGZOOVBfc1NuRGpkT1NZMDhwd3dacWNtSGVxLVNEUkx6M0x3ZjliaTFlbk90TWZmM29GdjJkN0ZONUdQcw==,2023-06-08 14:52:40.862585
youtube#commentThread,2_N7lPosq-WAU8joapjv3p_fthc,Ugwgwqf3iV-zP1Pd_md4AaABAg,"{'videoId': 'zEfTDpfyt1o', 'topLevelComment': {'kind': 'youtube#comment', 'etag': 'nT5jnKDQqUgZh3rXj33e3XuI5XU', 'id': 'Ugwgwqf3iV-zP1Pd_md4AaABAg', 'snippet': {'videoId': 'zEfTDpfyt1o', 'textDisplay': 'Eu não sei como esse cinegrafista não levou um tiro. Todos os bolsonaristas estão armados. Todo cuidado é pouco.', 'textOriginal': 'Eu não sei como esse cinegrafista não levou um tiro. Todos os bolsonaristas estão armados. Todo cuidado é pouco.', 'authorDisplayName': 'Juliano Pechula Moura', 'authorProfileImageUrl': 'https://yt3.ggpht.com/ytc/AGIKgqO21cwpmexcE1eCP_CIhc-FKo0M5Yb7c21kag=s48-c-k-c0x00ffffff-no-rj', 'authorChannelUrl': 'http://www.youtube.com/channel/UCJesJ973iXCm8fy8QcIUUmQ', 'authorChannelId': {'value': 'UCJesJ973iXCm8fy8QcIUUmQ'}, 'canRate': True, 'viewerRating': 'none', 'likeCount': 0, 'publishedAt': '2022-10-23T22:42:29Z', 'updatedAt': '2022-10-23T22:42:29Z'}}, 'canReply': True, 'totalReplyCount': 0, 'isPublic': True}",,UCJesJ973iXCm8fy8QcIUUmQ,2022-10-23T22:42:29Z,Eu não sei como esse cinegrafista não levou um tiro. Todos os bolsonaristas estão armados. Todo cuidado é pouco.,QURTSl9pMVBWWjFkMUNjVlhzdGZOOVBfc1NuRGpkT1NZMDhwd3dacWNtSGVxLVNEUkx6M0x3ZjliaTFlbk90TWZmM29GdjJkN0ZONUdQcw==,2023-06-08 14:52:40.862585
youtube#commentThread,eOjqat6O7wdigdzKsnOJ_RssA6E,UgwfIags4Eci60wkEwV4AaABAg,"{'videoId': 'zEfTDpfyt1o', 'topLevelComment': {'kind': 'youtube#comment', 'etag': 'tm90qvyynv4-TKb9SvQhhzOtD7g', 'id': 'UgwfIags4Eci60wkEwV4AaABAg', 'snippet': {'videoId': 'zEfTDpfyt1o', 'textDisplay': 'ABAIXO PT! ABAIXO COMUNISMO!', 'textOriginal': 'ABAIXO PT! ABAIXO COMUNISMO!', 'authorDisplayName': 'César BR', 'authorProfileImageUrl': 'https://yt3.ggpht.com/ytc/AGIKgqPPrCGknUuGMQuKZMvddZ-Y-tN8RZ47pEoEiV0ZpPA=s48-c-k-c0x00ffffff-no-rj', 'authorChannelUrl': 'http://www.youtube.com/channel/UCwZt-Av0TMUvPDBowxWoM_A', 'authorChannelId': {'value': 'UCwZt-Av0TMUvPDBowxWoM_A'}, 'canRate': True, 'viewerRating': 'none', 'likeCount': 0, 'publishedAt': '2022-10-23T22:42:26Z', 'updatedAt': '2022-10-23T22:42:26Z'}}, 'canReply': True, 'totalReplyCount': 0, 'isPublic': True}",,UCwZt-Av0TMUvPDBowxWoM_A,2022-10-23T22:42:26Z,ABAIXO PT! ABAIXO COMUNISMO!,QURTSl9pMVBWWjFkMUNjVlhzdGZOOVBfc1NuRGpkT1NZMDhwd3dacWNtSGVxLVNEUkx6M0x3ZjliaTFlbk90TWZmM29GdjJkN0ZONUdQcw==,2023-06-08 14:52:40.862585
youtube#commentThread,TvtP52ZEcDcVgU5WKSwAcsmuhDQ,UgySXaqAsiI0ky40ZKh4AaABAg,"{'videoId': 'zEfTDpfyt1o', 'topLevelComment': {'kind': 'youtube#comment', 'etag': 'eGNza5Rf_Sc-pcQ-R-8Areo__v8', 'id': 'UgySXaqAsiI0ky40ZKh4AaABAg', 'snippet': {'videoId': 'zEfTDpfyt1o', 'textDisplay': 'Apoiador do Bolsonaro, não do Jeferson , esta cheio de adesivos do bolsonaro.', 'textOriginal': 'Apoiador do Bolsonaro, não do Jeferson , esta cheio de adesivos do bolsonaro.', 'authorDisplayName': 'Diego de Souza', 'authorProfileImageUrl': 'https://yt3.ggpht.com/ytc/AGIKgqOx8YhbJE0TzuXl-ziHNZUtCt4rsJHHbs856Cs-AEJG-seAx7eAGKyfVt8qA-vD=s48-c-k-c0x00ffffff-no-rj', 'authorChannelUrl': 'http://www.youtube.com/channel/UC0MmA7HQoOOja5vGtllwEZw', 'authorChannelId': {'value': 'UC0MmA7HQoOOja5vGtllwEZw'}, 'canRate': True, 'viewerRating': 'none', 'likeCount': 0, 'publishedAt': '2022-10-23T22:42:18Z', 'updatedAt': '2022-10-23T22:42:18Z'}}, 'canReply': True, 'totalReplyCount': 0, 'isPublic': True}",,UC0MmA7HQoOOja5vGtllwEZw,2022-10-23T22:42:18Z,"Apoiador do Bolsonaro, não do Jeferson , esta cheio de adesivos do bolsonaro.",QURTSl9pMVBWWjFkMUNjVlhzdGZOOVBfc1NuRGpkT1NZMDhwd3dacWNtSGVxLVNEUkx6M0x3ZjliaTFlbk90TWZmM29GdjJkN0ZONUdQcw==,2023-06-08 14:52:40.862585
youtube#commentThread,HidA0_pLyuuA4NZalDy1JslUgEA,Ugzwfm2NjkPTM0FbHud4AaABAg,"{'videoId': 'zEfTDpfyt1o', 'topLevelComment': {'kind': 'youtube#comment', 'etag': '-2OjBD-pyVl8jv3xLn-s2JBI4yE', 'id': 'Ugzwfm2NjkPTM0FbHud4AaABAg', 'snippet': {'videoId': 'zEfTDpfyt1o', 'textDisplay': 'Imagina esses &quot;cidadãos de bem&quot; com armas na mão.', 'textOriginal': 'Imagina esses ""cidadãos de bem"" com armas na mão.', 'authorDisplayName': 'Joaquin Phoenix', 'authorProfileImageUrl': 'https://yt3.ggpht.com/ytc/AGIKgqMx3wmSf5Xwcii8vxp8S7HKEziEzNDEjPE2WQ=s48-c-k-c0x00ffffff-no-rj', 'authorChannelUrl': 'http://www.youtube.com/channel/UCTxFTQsH9PCEejY999o5JLg', 'authorChannelId': {'value': 'UCTxFTQsH9PCEejY999o5JLg'}, 'canRate': True, 'viewerRating': 'none', 'likeCount': 0, 'publishedAt': '2022-10-23T22:42:13Z', 'updatedAt': '2022-10-23T22:42:13Z'}}, 'canReply': True, 'totalReplyCount': 0, 'isPublic': True}",,UCTxFTQsH9PCEejY999o5JLg,2022-10-23T22:42:13Z,"Imagina esses ""cidadãos de bem"" com armas na mão.",QURTSl9pMVBWWjFkMUNjVlhzdGZOOVBfc1NuRGpkT1NZMDhwd3dacWNtSGVxLVNEUkx6M0x3ZjliaTFlbk90TWZmM29GdjJkN0ZONUdQcw==,2023-06-08 14:52:40.862585
youtube#commentThread,TyGtvcjpWxK4CW4krnPUzOPZwG4,UgyXY9K89V6LBxpfBl14AaABAg,"{'videoId': 'zEfTDpfyt1o', 'topLevelComment': {'kind': 'youtube#comment', 'etag': 'COHC5zYU2aWdxDYCfD-JvR6Mkwo', 'id': 'UgyXY9K89V6LBxpfBl14AaABAg', 'snippet': {'videoId': 'zEfTDpfyt1o', 'textDisplay': 'O limite das pessoas estão acabando e os culpados são os ministros do stf', 'textOriginal': 'O limite das pessoas estão acabando e os culpados são os ministros do stf', 'authorDisplayName': 'Maria Gomes', 'authorProfileImageUrl': 'https://yt3.ggpht.com/ytc/AGIKgqMT_aC3gAIZXZ2md9bvW0e8Gjd59GdNebcolxF7iA=s48-c-k-c0x00ffffff-no-rj', 'authorChannelUrl': 'http://www.youtube.com/channel/UCqJiLAujygbWRux7UpTHt1Q', 'authorChannelId': {'value': 'UCqJiLAujygbWRux7UpTHt1Q'}, 'canRate': True, 'viewerRating': 'none', 'likeCount': 1, 'publishedAt': '2022-10-23T22:42:09Z', 'updatedAt': '2022-10-23T22:42:09Z'}}, 'canReply': True, 'totalReplyCount': 0, 'isPublic': True}",,UCqJiLAujygbWRux7UpTHt1Q,2022-10-23T22:42:09Z,O limite das pessoas estão acabando e os culpados são os ministros do stf,QURTSl9pMVBWWjFkMUNjVlhzdGZOOVBfc1NuRGpkT1NZMDhwd3dacWNtSGVxLVNEUkx6M0x3ZjliaTFlbk90TWZmM29GdjJkN0ZONUdQcw==,2023-06-08 14:52:40.862585
youtube#commentThread,-k867CYR0wb-amAHfIzJ2ozR8-k,UgwY_63G81fTQ5N5Q9l4AaABAg,"{'videoId': 'zEfTDpfyt1o', 'topLevelComment': {'kind': 'youtube#comment', 'etag': 'l9Ct6c9Zpb4fQTf_7F4n_CKQCwE', 'id': 'UgwY_63G81fTQ5N5Q9l4AaABAg', 'snippet': {'videoId': 'zEfTDpfyt1o', 'textDisplay': 'Impressa canalha !', 'textOriginal': 'Impressa canalha !', 'authorDisplayName': 'Zilmar Abreu Rocha Leite Netto', 'authorProfileImageUrl': 'https://yt3.ggpht.com/ytc/AGIKgqN8e0tuMk2hSBDjyTX49a3viTpcGvXLsthbvQ=s48-c-k-c0x00ffffff-no-rj', 'authorChannelUrl': 'http://www.youtube.com/channel/UCQMHga_2I-LyBeSAFXS5EuQ', 'authorChannelId': {'value': 'UCQMHga_2I-LyBeSAFXS5EuQ'}, 'canRate': True, 'viewerRating': 'none', 'likeCount': 0, 'publishedAt': '2022-10-23T22:42:08Z', 'updatedAt': '2022-10-23T22:42:08Z'}}, 'canReply': True, 'totalReplyCount': 0, 'isPublic': True}",,UCQMHga_2I-LyBeSAFXS5EuQ,2022-10-23T22:42:08Z,Impressa canalha !,QURTSl9pMVBWWjFkMUNjVlhzdGZOOVBfc1NuRGpkT1NZMDhwd3dacWNtSGVxLVNEUkx6M0x3ZjliaTFlbk90TWZmM29GdjJkN0ZONUdQcw==,2023-06-08 14:52:40.862585
youtube#commentThread,p_xpBl3VFNqhbSjfoblVYfVcRGg,Ugx6w0pYcXRdkjZ_-6x4AaABAg,"{'videoId': 'zEfTDpfyt1o', 'topLevelComment': {'kind': 'youtube#comment', 'etag': 'koEVoB29V0fyPJHz2IJLdT7hT0E', 'id': 'Ugx6w0pYcXRdkjZ_-6x4AaABAg', 'snippet': {'videoId': 'zEfTDpfyt1o', 'textDisplay': 'Na pandemia a imprensa queria trabalhar com todo mundo sem esse direito', 'textOriginal': 'Na pandemia a imprensa queria trabalhar com todo mundo sem esse direito', 'authorDisplayName': 'Zilmar Abreu Rocha Leite Netto', 'authorProfileImageUrl': 'https://yt3.ggpht.com/ytc/AGIKgqN8e0tuMk2hSBDjyTX49a3viTpcGvXLsthbvQ=s48-c-k-c0x00ffffff-no-rj', 'authorChannelUrl': 'http://www.youtube.com/channel/UCQMHga_2I-LyBeSAFXS5EuQ', 'authorChannelId': {'value': 'UCQMHga_2I-LyBeSAFXS5EuQ'}, 'canRate': True, 'viewerRating': 'none', 'likeCount': 0, 'publishedAt': '2022-10-23T22:41:59Z', 'updatedAt': '2022-10-23T22:41:59Z'}}, 'canReply': True, 'totalReplyCount': 0, 'isPublic': True}",,UCQMHga_2I-LyBeSAFXS5EuQ,2022-10-23T22:41:59Z,Na pandemia a imprensa queria trabalhar com todo mundo sem esse direito,QURTSl9pMVBWWjFkMUNjVlhzdGZOOVBfc1NuRGpkT1NZMDhwd3dacWNtSGVxLVNEUkx6M0x3ZjliaTFlbk90TWZmM29GdjJkN0ZONUdQcw==,2023-06-08 14:52:40.862585
youtube#commentThread,eTLqyOuXE8Xq0pFbxAit3g21g9Q,UgzeZFzem2aDoh6HoP94AaABAg,"{'videoId': 'zEfTDpfyt1o', 'topLevelComment': {'kind': 'youtube#comment', 'etag': 'oaLukHS65_XUBwwFytgD-dZ_q5Y', 'id': 'UgzeZFzem2aDoh6HoP94AaABAg', 'snippet': {'videoId': 'zEfTDpfyt1o', 'textDisplay': 'Sim, já  entendemos......vamos em frente.....', 'textOriginal': 'Sim, já  entendemos......vamos em frente.....', 'authorDisplayName': 'ilse zenker', 'authorProfileImageUrl': 'https://yt3.ggpht.com/ytc/AGIKgqPz7PKelJtSfDEqxP-_ac0ur6MQrjkSJPixxg=s48-c-k-c0x00ffffff-no-rj', 'authorChannelUrl': 'http://www.youtube.com/channel/UC-8JbnsINSBdCv8E2RskRcg', 'authorChannelId': {'value': 'UC-8JbnsINSBdCv8E2RskRcg'}, 'canRate': True, 'viewerRating': 'none', 'likeCount': 0, 'publishedAt': '2022-10-23T22:41:57Z', 'updatedAt': '2022-10-23T22:41:57Z'}}, 'canReply': True, 'totalReplyCount': 0, 'isPublic': True}",,UC-8JbnsINSBdCv8E2RskRcg,2022-10-23T22:41:57Z,"Sim, já  entendemos......vamos em frente.....",QURTSl9pMVBWWjFkMUNjVlhzdGZOOVBfc1NuRGpkT1NZMDhwd3dacWNtSGVxLVNEUkx6M0x3ZjliaTFlbk90TWZmM29GdjJkN0ZONUdQcw==,2023-06-08 14:52:40.862585
youtube#commentThread,78L9FGKxeC3fVVkspWkvGr8dFG8,UgwlVeekvVP3ZPu56A94AaABAg,"{'videoId': 'zEfTDpfyt1o', 'topLevelComment': {'kind': 'youtube#comment', 'etag': '842bxX4Zs-Y5Xd5QM02Am9BX1H4', 'id': 'UgwlVeekvVP3ZPu56A94AaABAg', 'snippet': {'videoId': 'zEfTDpfyt1o', 'textDisplay': 'Pode ter sido um esquerdista disfarçado', 'textOriginal': 'Pode ter sido um esquerdista disfarçado', 'authorDisplayName': 'Jose Roberto Dos santos', 'authorProfileImageUrl': 'https://yt3.ggpht.com/ytc/AGIKgqMEa_CJnDeIuqYeV69w5ffGcyvZaFgl2A3WYlKbnfs=s48-c-k-c0x00ffffff-no-rj', 'authorChannelUrl': 'http://www.youtube.com/channel/UCefm_Om62dQ1RRO-E9AIplA', 'authorChannelId': {'value': 'UCefm_Om62dQ1RRO-E9AIplA'}, 'canRate': True, 'viewerRating': 'none', 'likeCount': 0, 'publishedAt': '2022-10-23T22:41:56Z', 'updatedAt': '2022-10-23T22:41:56Z'}}, 'canReply': True, 'totalReplyCount': 0, 'isPublic': True}",,UCefm_Om62dQ1RRO-E9AIplA,2022-10-23T22:41:56Z,Pode ter sido um esquerdista disfarçado,QURTSl9pMTNIdmpJRGJwYWhCc3JVSWh0VDVWRjl5VjlSeHZZZlktVXZMcDk4eTlVR2JxR091RGxUNjVjSFpITWg2Ym1DNHItQTVSWDNBVQ==,2023-06-08 14:52:41.811151
youtube#commentThread,dXPQciIFANc1K7Liivm1E-5ZyAc,UgzkVrPWXn5Iu-zo14Z4AaABAg,"{'videoId': 'zEfTDpfyt1o', 'topLevelComment': {'kind': 'youtube#comment', 'etag': 'W2Hh27XWDGiEFaY3mrjyoJXrDQg', 'id': 'UgzkVrPWXn5Iu-zo14Z4AaABAg', 'snippet': {'videoId': 'zEfTDpfyt1o', 'textDisplay': 'Você alimentam o discurso do enfrentamento e de resolver as coisas na bala e passam pano para todas as falas agressivas do miliciano que ocupa a cadeira de presidente e agora vem falar que repudiam agressão a jornalistas? sei sei sei...... Notinha de repudio, né? Já sabem até que não adianta nada.', 'textOriginal': 'Você alimentam o discurso do enfrentamento e de resolver as coisas na bala e passam pano para todas as falas agressivas do miliciano que ocupa a cadeira de presidente e agora vem falar que repudiam agressão a jornalistas? sei sei sei...... Notinha de repudio, né? Já sabem até que não adianta nada.', 'authorDisplayName': 'Marilis Fernandez', 'authorProfileImageUrl': 'https://yt3.ggpht.com/ytc/AGIKgqNj3Rjj_juUIwqcUvR8gLS0jBb2-5YY0fSDkA=s48-c-k-c0x00ffffff-no-rj', 'authorChannelUrl': 'http://www.youtube.com/channel/UC_WAEJ-Ov4tupSKzZbhk0hA', 'authorChannelId': {'value': 'UC_WAEJ-Ov4tupSKzZbhk0hA'}, 'canRate': True, 'viewerRating': 'none', 'likeCount': 0, 'publishedAt': '2022-10-23T22:41:56Z', 'updatedAt': '2022-10-23T22:41:56Z'}}, 'canReply': True, 'totalReplyCount': 0, 'isPublic': True}",,UC_WAEJ-Ov4tupSKzZbhk0hA,2022-10-23T22:41:56Z,"Você alimentam o discurso do enfrentamento e de resolver as coisas na bala e passam pano para todas as falas agressivas do miliciano que ocupa a cadeira de presidente e agora vem falar que repudiam agressão a jornalistas? sei sei sei...... Notinha de repudio, né? Já sabem até que não adianta nada.",QURTSl9pMTNIdmpJRGJwYWhCc3JVSWh0VDVWRjl5VjlSeHZZZlktVXZMcDk4eTlVR2JxR091RGxUNjVjSFpITWg2Ym1DNHItQTVSWDNBVQ==,2023-06-08 14:52:41.811151
youtube#commentThread,vFZXTKXijTTz_YxEXXqY_pYewuk,UgzDrm83TkeOjtiKI2B4AaABAg,"{'videoId': 'zEfTDpfyt1o', 'topLevelComment': {'kind': 'youtube#comment', 'etag': 'eWtCazHHQiccfg_b38EzDElshJ8', 'id': 'UgzDrm83TkeOjtiKI2B4AaABAg', 'snippet': {'videoId': 'zEfTDpfyt1o', 'textDisplay': 'E o MST também tem que responder por seus atos. Isso ninguém repudia.', 'textOriginal': 'E o MST também tem que responder por seus atos. Isso ninguém repudia.', 'authorDisplayName': 'MCPorterVlogs', 'authorProfileImageUrl': 'https://yt3.ggpht.com/D5g5jdzry9FXS3pVwEDIuoS0p8VeAGTyAJVmq7zqxE1ZLS0Kkn8iao4H-Fumys87tAF1bE0H_A=s48-c-k-c0x00ffffff-no-rj', 'authorChannelUrl': 'http://www.youtube.com/channel/UCyJtq0QaCnuPeiHa1e9LPJg', 'authorChannelId': {'value': 'UCyJtq0QaCnuPeiHa1e9LPJg'}, 'canRate': True, 'viewerRating': 'none', 'likeCount': 0, 'publishedAt': '2022-10-23T22:41:55Z', 'updatedAt': '2022-10-23T22:41:55Z'}}, 'canReply': True, 'totalReplyCount': 0, 'isPublic': True}",,UCyJtq0QaCnuPeiHa1e9LPJg,2022-10-23T22:41:55Z,E o MST também tem que responder por seus atos. Isso ninguém repudia.,QURTSl9pMTNIdmpJRGJwYWhCc3JVSWh0VDVWRjl5VjlSeHZZZlktVXZMcDk4eTlVR2JxR091RGxUNjVjSFpITWg2Ym1DNHItQTVSWDNBVQ==,2023-06-08 14:52:41.811151
youtube#commentThread,Rv9LME9P2hcj3qTQhw1KGaKUXio,UgzdTVdpQBR5WX6Ik0F4AaABAg,"{'videoId': 'zEfTDpfyt1o', 'topLevelComment': {'kind': 'youtube#comment', 'etag': 'OeCahh469m-VcW30tMP4ZMqCtMo', 'id': 'UgzdTVdpQBR5WX6Ik0F4AaABAg', 'snippet': {'videoId': 'zEfTDpfyt1o', 'textDisplay': 'Sao tempos difíceis e os poderes contribuem que isso fique mais difícil ainda.', 'textOriginal': 'Sao tempos difíceis e os poderes contribuem que isso fique mais difícil ainda.', 'authorDisplayName': 'thalio leonardo', 'authorProfileImageUrl': 'https://yt3.ggpht.com/ytc/AGIKgqP9QxMcoeL88q_lViI2FtcpTcIgUNy_Q58WVCbtBQ=s48-c-k-c0x00ffffff-no-rj', 'authorChannelUrl': 'http://www.youtube.com/channel/UCqKzovBUq9RYBSdqPc8mPiw', 'authorChannelId': {'value': 'UCqKzovBUq9RYBSdqPc8mPiw'}, 'canRate': True, 'viewerRating': 'none', 'likeCount': 0, 'publishedAt': '2022-10-23T22:41:55Z', 'updatedAt': '2022-10-23T22:41:55Z'}}, 'canReply': True, 'totalReplyCount': 0, 'isPublic': True}",,UCqKzovBUq9RYBSdqPc8mPiw,2022-10-23T22:41:55Z,Sao tempos difíceis e os poderes contribuem que isso fique mais difícil ainda.,QURTSl9pMTNIdmpJRGJwYWhCc3JVSWh0VDVWRjl5VjlSeHZZZlktVXZMcDk4eTlVR2JxR091RGxUNjVjSFpITWg2Ym1DNHItQTVSWDNBVQ==,2023-06-08 14:52:41.811151
youtube#commentThread,JMhcpL_HkSS_5w0m2-5XGvmnEGc,UgwnGKtMzWiTFxAmG6Z4AaABAg,"{'videoId': 'zEfTDpfyt1o', 'topLevelComment': {'kind': 'youtube#comment', 'etag': 'MYx2Bqkw_skVCEI6SSfDfjYZOe8', 'id': 'UgwnGKtMzWiTFxAmG6Z4AaABAg', 'snippet': {'videoId': 'zEfTDpfyt1o', 'textDisplay': 'Repúdio alguém agredir alguém .Roberto Jeferson deveria ficar calado ele queria prejudicar o nosso presidente .que é inocente', 'textOriginal': 'Repúdio alguém agredir alguém .Roberto Jeferson deveria ficar calado ele queria prejudicar o nosso presidente .que é inocente', 'authorDisplayName': 'Raquel Alves de souza', 'authorProfileImageUrl': 'https://yt3.ggpht.com/ytc/AGIKgqN4aINlGnoRURlDp4UExqQNndDejCoqhgw8yg=s48-c-k-c0x00ffffff-no-rj', 'authorChannelUrl': 'http://www.youtube.com/channel/UCX3crxLLtcgGYwcBhfqy_PQ', 'authorChannelId': {'value': 'UCX3crxLLtcgGYwcBhfqy_PQ'}, 'canRate': True, 'viewerRating': 'none', 'likeCount': 0, 'publishedAt': '2022-10-23T22:41:54Z', 'updatedAt': '2022-10-23T22:41:54Z'}}, 'canReply': True, 'totalReplyCount': 0, 'isPublic': True}",,UCX3crxLLtcgGYwcBhfqy_PQ,2022-10-23T22:41:54Z,Repúdio alguém agredir alguém .Roberto Jeferson deveria ficar calado ele queria prejudicar o nosso presidente .que é inocente,QURTSl9pMTNIdmpJRGJwYWhCc3JVSWh0VDVWRjl5VjlSeHZZZlktVXZMcDk4eTlVR2JxR091RGxUNjVjSFpITWg2Ym1DNHItQTVSWDNBVQ==,2023-06-08 14:52:41.811151
youtube#commentThread,l5zg1_Pdd_7b8yEVPw7vSbF1jaY,Ugxa5KoCOKMgVgmHSP14AaABAg,"{'videoId': 'zEfTDpfyt1o', 'topLevelComment': {'kind': 'youtube#comment', 'etag': 'wOv7uesQzEKRQj55ceUN-GwbNh8', 'id': 'Ugxa5KoCOKMgVgmHSP14AaABAg', 'snippet': {'videoId': 'zEfTDpfyt1o', 'textDisplay': 'Mas nas imagens, pareceu mais um teatro do câmera!! Ele exagerou beeeemmmm!!! Apesar da agressão ser errado, o cara enfeitou bem!! Ele levou um empurrão!', 'textOriginal': 'Mas nas imagens, pareceu mais um teatro do câmera!! Ele exagerou beeeemmmm!!! Apesar da agressão ser errado, o cara enfeitou bem!! Ele levou um empurrão!', 'authorDisplayName': 'Neila Tannus', 'authorProfileImageUrl': 'https://yt3.ggpht.com/ytc/AGIKgqNlipRrqTNuuhbGdz_OWkV0cQlgAcO-irc=s48-c-k-c0x00ffffff-no-rj', 'authorChannelUrl': 'http://www.youtube.com/channel/UCBpA3yLfrlm7HjYvV0OYUWg', 'authorChannelId': {'value': 'UCBpA3yLfrlm7HjYvV0OYUWg'}, 'canRate': True, 'viewerRating': 'none', 'likeCount': 0, 'publishedAt': '2022-10-23T22:41:51Z', 'updatedAt': '2022-10-23T22:41:51Z'}}, 'canReply': True, 'totalReplyCount': 1, 'isPublic': True}","{'comments': [{'kind': 'youtube#comment', 'etag': 'S4GwCGHj2ELyOpsXPYVQ1tWy_Ig', 'id': 'Ugxa5KoCOKMgVgmHSP14AaABAg.9hYCPn-Ts-n9hYCpk5OSQ4', 'snippet': {'videoId': 'zEfTDpfyt1o', 'textDisplay': 'Ele é um senhor com uma cirurgia na cabeça. Precisa de mais?', 'textOriginal': 'Ele é um senhor com uma cirurgia na cabeça. Precisa de mais?', 'parentId': 'Ugxa5KoCOKMgVgmHSP14AaABAg', 'authorDisplayName': 'Luis Fernando', 'authorProfileImageUrl': 'https://yt3.ggpht.com/ytc/AGIKgqMcv_ly4LupEH0dXMLaNnEs8mv8qCTiwNzVCw=s48-c-k-c0x00ffffff-no-rj', 'authorChannelUrl': 'http://www.youtube.com/channel/UC4IGLXaXUrFZCvH4pjWQ9Vw', 'authorChannelId': {'value': 'UC4IGLXaXUrFZCvH4pjWQ9Vw'}, 'canRate': True, 'viewerRating': 'none', 'likeCount': 0, 'publishedAt': '2022-10-23T22:45:32Z', 'updatedAt': '2022-10-23T22:45:32Z'}}]}",UCBpA3yLfrlm7HjYvV0OYUWg,2022-10-23T22:41:51Z,"Mas nas imagens, pareceu mais um teatro do câmera!! Ele exagerou beeeemmmm!!! Apesar da agressão ser errado, o cara enfeitou bem!! Ele levou um empurrão!",QURTSl9pMTNIdmpJRGJwYWhCc3JVSWh0VDVWRjl5VjlSeHZZZlktVXZMcDk4eTlVR2JxR091RGxUNjVjSFpITWg2Ym1DNHItQTVSWDNBVQ==,2023-06-08 14:52:41.811151
youtube#commentThread,x-rOUZDXEm4iUkYETm9UBlU4-Bs,Ugyp_Imh6ejv-QMkHgZ4AaABAg,"{'videoId': 'zEfTDpfyt1o', 'topLevelComment': {'kind': 'youtube#comment', 'etag': '6E82H1AYrgXo9OlTgdPAS99coco', 'id': 'Ugyp_Imh6ejv-QMkHgZ4AaABAg', 'snippet': {'videoId': 'zEfTDpfyt1o', 'textDisplay': 'Esses esquerdalhas irão usar isso contra o Presidente Bolsonaro!', 'textOriginal': 'Esses esquerdalhas irão usar isso contra o Presidente Bolsonaro!', 'authorDisplayName': 'José sousa', 'authorProfileImageUrl': 'https://yt3.ggpht.com/ytc/AGIKgqOqjh2S3VFjwONFSNU-ZNccziWPAGO79kciOEHA30o=s48-c-k-c0x00ffffff-no-rj', 'authorChannelUrl': 'http://www.youtube.com/channel/UCwm6esUCCs4LUf3uFYqyVBQ', 'authorChannelId': {'value': 'UCwm6esUCCs4LUf3uFYqyVBQ'}, 'canRate': True, 'viewerRating': 'none', 'likeCount': 0, 'publishedAt': '2022-10-23T22:41:49Z', 'updatedAt': '2022-10-23T22:41:49Z'}}, 'canReply': True, 'totalReplyCount': 0, 'isPublic': True}",,UCwm6esUCCs4LUf3uFYqyVBQ,2022-10-23T22:41:49Z,Esses esquerdalhas irão usar isso contra o Presidente Bolsonaro!,QURTSl9pMTNIdmpJRGJwYWhCc3JVSWh0VDVWRjl5VjlSeHZZZlktVXZMcDk4eTlVR2JxR091RGxUNjVjSFpITWg2Ym1DNHItQTVSWDNBVQ==,2023-06-08 14:52:41.811151
youtube#commentThread,Alp_lT25OgJmgkJdxlJwJYYuHQ4,UgxMknoLjB5PtqAprDx4AaABAg,"{'videoId': 'zEfTDpfyt1o', 'topLevelComment': {'kind': 'youtube#comment', 'etag': 'wncf96F616y6tn-kjaBhiY13ESE', 'id': 'UgxMknoLjB5PtqAprDx4AaABAg', 'snippet': {'videoId': 'zEfTDpfyt1o', 'textDisplay': 'Total repúdio a essa tão grave, covarde e absurda agressão contra esse cinegrafista que está apenas fazendo o seu trabalho. A mesma medida de repúdio também à atitude grosseira e mal educada do candidato que dá tapa no braço da sua apoiadora que se aproxima em busca de um abraço.', 'textOriginal': 'Total repúdio a essa tão grave, covarde e absurda agressão contra esse cinegrafista que está apenas fazendo o seu trabalho. A mesma medida de repúdio também à atitude grosseira e mal educada do candidato que dá tapa no braço da sua apoiadora que se aproxima em busca de um abraço.', 'authorDisplayName': 'Nonato Shaw', 'authorProfileImageUrl': 'https://yt3.ggpht.com/ytc/AGIKgqNIuSTZ7sZ5P0E2lDEz8c8J6Zrrv2F-YFkEcA=s48-c-k-c0x00ffffff-no-rj', 'authorChannelUrl': 'http://www.youtube.com/channel/UCAn1V2Dd5CBKPAGdEL8pWqA', 'authorChannelId': {'value': 'UCAn1V2Dd5CBKPAGdEL8pWqA'}, 'canRate': True, 'viewerRating': 'none', 'likeCount': 0, 'publishedAt': '2022-10-23T22:41:45Z', 'updatedAt': '2022-10-23T22:41:45Z'}}, 'canReply': True, 'totalReplyCount': 0, 'isPublic': True}",,UCAn1V2Dd5CBKPAGdEL8pWqA,2022-10-23T22:41:45Z,"Total repúdio a essa tão grave, covarde e absurda agressão contra esse cinegrafista que está apenas fazendo o seu trabalho. A mesma medida de repúdio também à atitude grosseira e mal educada do candidato que dá tapa no braço da sua apoiadora que se aproxima em busca de um abraço.",QURTSl9pMTNIdmpJRGJwYWhCc3JVSWh0VDVWRjl5VjlSeHZZZlktVXZMcDk4eTlVR2JxR091RGxUNjVjSFpITWg2Ym1DNHItQTVSWDNBVQ==,2023-06-08 14:52:41.811151
youtube#commentThread,Ud7pim0VKQ5xxAqx-uYpNj5Pqk8,UgwXRG5KtcO4qCBMuJB4AaABAg,"{'videoId': 'zEfTDpfyt1o', 'topLevelComment': {'kind': 'youtube#comment', 'etag': 'UBfCij-MdP_4e-Tx7Y-aWHEBTnI', 'id': 'UgwXRG5KtcO4qCBMuJB4AaABAg', 'snippet': {'videoId': 'zEfTDpfyt1o', 'textDisplay': 'Se jogou no chão', 'textOriginal': 'Se jogou no chão', 'authorDisplayName': 'Sergio Alexandre Calizotti', 'authorProfileImageUrl': 'https://yt3.ggpht.com/ytc/AGIKgqOqFoUt-ZTjktriBIg6PHnv02rWOaLygG8aggxt=s48-c-k-c0x00ffffff-no-rj', 'authorChannelUrl': 'http://www.youtube.com/channel/UCDzBjWA6A_tSVJ65_26WMaw', 'authorChannelId': {'value': 'UCDzBjWA6A_tSVJ65_26WMaw'}, 'canRate': True, 'viewerRating': 'none', 'likeCount': 0, 'publishedAt': '2022-10-23T22:41:39Z', 'updatedAt': '2022-10-23T22:41:39Z'}}, 'canReply': True, 'totalReplyCount': 0, 'isPublic': True}",,UCDzBjWA6A_tSVJ65_26WMaw,2022-10-23T22:41:39Z,Se jogou no chão,QURTSl9pMTNIdmpJRGJwYWhCc3JVSWh0VDVWRjl5VjlSeHZZZlktVXZMcDk4eTlVR2JxR091RGxUNjVjSFpITWg2Ym1DNHItQTVSWDNBVQ==,2023-06-08 14:52:41.811151
youtube#commentThread,VG6h1LNZMpaRxGKwUPP2KQtmqgg,UgxsOFw77ZcybbHNHPJ4AaABAg,"{'videoId': 'zEfTDpfyt1o', 'topLevelComment': {'kind': 'youtube#comment', 'etag': '9hvFbB6ybNniAra_HuAFOruyv6U', 'id': 'UgxsOFw77ZcybbHNHPJ4AaABAg', 'snippet': {'videoId': 'zEfTDpfyt1o', 'textDisplay': 'As formas armadas devem ser convocadas para guardar e garantir que as eleições democráticas ocorram', 'textOriginal': 'As formas armadas devem ser convocadas para guardar e garantir que as eleições democráticas ocorram', 'authorDisplayName': 'Ricardo Ferraz da cunha', 'authorProfileImageUrl': 'https://yt3.ggpht.com/ytc/AGIKgqNo7mhk8JBVBNp1k84SF4umQEFXZb5r9_7tXnn1dnDQAMr962GFF9W1hqeuKUt0=s48-c-k-c0x00ffffff-no-rj', 'authorChannelUrl': 'http://www.youtube.com/channel/UCinqSsWi4_FItJtlMlBqlkg', 'authorChannelId': {'value': 'UCinqSsWi4_FItJtlMlBqlkg'}, 'canRate': True, 'viewerRating': 'none', 'likeCount': 0, 'publishedAt': '2022-10-23T22:41:36Z', 'updatedAt': '2022-10-23T22:41:36Z'}}, 'canReply': True, 'totalReplyCount': 0, 'isPublic': True}",,UCinqSsWi4_FItJtlMlBqlkg,2022-10-23T22:41:36Z,As formas armadas devem ser convocadas para guardar e garantir que as eleições democráticas ocorram,QURTSl9pMTNIdmpJRGJwYWhCc3JVSWh0VDVWRjl5VjlSeHZZZlktVXZMcDk4eTlVR2JxR091RGxUNjVjSFpITWg2Ym1DNHItQTVSWDNBVQ==,2023-06-08 14:52:41.811151
youtube#commentThread,ugvbaib1O3Z9c6PwxRFEyqDt0HI,UgyNlgrG7l2yOpS4ZFx4AaABAg,"{'videoId': 'zEfTDpfyt1o', 'topLevelComment': {'kind': 'youtube#comment', 'etag': 'SdOQKKB-VyTd3vhxnGSdP6WQuck', 'id': 'UgyNlgrG7l2yOpS4ZFx4AaABAg', 'snippet': {'videoId': 'zEfTDpfyt1o', 'textDisplay': 'Vai responder por assassinato. Tentativa de homicídio contra dois policiais em trabalho. Essa gente escrota precisa voltar para os esgotos de onde nunca deveriam ter saídos.', 'textOriginal': 'Vai responder por assassinato. Tentativa de homicídio contra dois policiais em trabalho. Essa gente escrota precisa voltar para os esgotos de onde nunca deveriam ter saídos.', 'authorDisplayName': 'Marcello Matos', 'authorProfileImageUrl': 'https://yt3.ggpht.com/ytc/AGIKgqNekFFRqs2oXLyWV80A-NuUupUTbRK8w6JANl4z=s48-c-k-c0x00ffffff-no-rj', 'authorChannelUrl': 'http://www.youtube.com/channel/UCSeLAFw5wV61SdFhWUxFiwQ', 'authorChannelId': {'value': 'UCSeLAFw5wV61SdFhWUxFiwQ'}, 'canRate': True, 'viewerRating': 'none', 'likeCount': 0, 'publishedAt': '2022-10-23T22:41:36Z', 'updatedAt': '2022-10-23T22:41:36Z'}}, 'canReply': True, 'totalReplyCount': 0, 'isPublic': True}",,UCSeLAFw5wV61SdFhWUxFiwQ,2022-10-23T22:41:36Z,Vai responder por assassinato. Tentativa de homicídio contra dois policiais em trabalho. Essa gente escrota precisa voltar para os esgotos de onde nunca deveriam ter saídos.,QURTSl9pMTNIdmpJRGJwYWhCc3JVSWh0VDVWRjl5VjlSeHZZZlktVXZMcDk4eTlVR2JxR091RGxUNjVjSFpITWg2Ym1DNHItQTVSWDNBVQ==,2023-06-08 14:52:41.811151
youtube#commentThread,I2lT7Jg9JvZ6xpsK9N_UCgpGP-4,UgxkFf7hj5kOwKX4Egp4AaABAg,"{'videoId': 'zEfTDpfyt1o', 'topLevelComment': {'kind': 'youtube#comment', 'etag': 'OJ66Y_9QaFzIz0oZjzu_IzyaOp8', 'id': 'UgxkFf7hj5kOwKX4Egp4AaABAg', 'snippet': {'videoId': 'zEfTDpfyt1o', 'textDisplay': 'Ele ia causar  no dia da eleição. <br>Tudo junto com o sr Bolsonaro', 'textOriginal': 'Ele ia causar  no dia da eleição. \\nTudo junto com o sr Bolsonaro', 'authorDisplayName': 'Sandra Almeida', 'authorProfileImageUrl': 'https://yt3.ggpht.com/ytc/AGIKgqPVB_qlxF-wbZm3Tfx7bvuHLCU4YfwmtrXLZA=s48-c-k-c0x00ffffff-no-rj', 'authorChannelUrl': 'http://www.youtube.com/channel/UCJ6jTH4m4Xe-DgxeZof7m5g', 'authorChannelId': {'value': 'UCJ6jTH4m4Xe-DgxeZof7m5g'}, 'canRate': True, 'viewerRating': 'none', 'likeCount': 0, 'publishedAt': '2022-10-23T22:41:33Z', 'updatedAt': '2022-10-23T22:41:33Z'}}, 'canReply': True, 'totalReplyCount': 0, 'isPublic': True}",,UCJ6jTH4m4Xe-DgxeZof7m5g,2022-10-23T22:41:33Z,"Ele ia causar  no dia da eleição. 
Tudo junto com o sr Bolsonaro",QURTSl9pMTNIdmpJRGJwYWhCc3JVSWh0VDVWRjl5VjlSeHZZZlktVXZMcDk4eTlVR2JxR091RGxUNjVjSFpITWg2Ym1DNHItQTVSWDNBVQ==,2023-06-08 14:52:41.811151
youtube#commentThread,acRYRBK81P4O6Ns_MAFI_Yg4WMc,UgyNAMTMkbH1KRbiW0R4AaABAg,"{'videoId': 'zEfTDpfyt1o', 'topLevelComment': {'kind': 'youtube#comment', 'etag': 'Ru3iXRzaITvZmLuCny5PvTjd-c4', 'id': 'UgyNAMTMkbH1KRbiW0R4AaABAg', 'snippet': {'videoId': 'zEfTDpfyt1o', 'textDisplay': 'Parabéns pela seu comentário pelo seu colega,  mas agente sabe bem quem induzido este tipo de ódio ao jornalismo, até os jornalistas da TV Aparecida sofreu por estes mesmos fanáticos!', 'textOriginal': 'Parabéns pela seu comentário pelo seu colega,  mas agente sabe bem quem induzido este tipo de ódio ao jornalismo, até os jornalistas da TV Aparecida sofreu por estes mesmos fanáticos!', 'authorDisplayName': 'Alandelon Alves de Carvalho', 'authorProfileImageUrl': 'https://yt3.ggpht.com/ytc/AGIKgqPzC1n_T3CNStm4lgd20J6AGRd1R2SYd5fWZmX_=s48-c-k-c0x00ffffff-no-rj', 'authorChannelUrl': 'http://www.youtube.com/channel/UC7ir_Se5qt14NaGxsvwq8bA', 'authorChannelId': {'value': 'UC7ir_Se5qt14NaGxsvwq8bA'}, 'canRate': True, 'viewerRating': 'none', 'likeCount': 7, 'publishedAt': '2022-10-23T22:41:33Z', 'updatedAt': '2022-10-23T22:41:33Z'}}, 'canReply': True, 'totalReplyCount': 0, 'isPublic': True}",,UC7ir_Se5qt14NaGxsvwq8bA,2022-10-23T22:41:33Z,"Parabéns pela seu comentário pelo seu colega,  mas agente sabe bem quem induzido este tipo de ódio ao jornalismo, até os jornalistas da TV Aparecida sofreu por estes mesmos fanáticos!",QURTSl9pMTNIdmpJRGJwYWhCc3JVSWh0VDVWRjl5VjlSeHZZZlktVXZMcDk4eTlVR2JxR091RGxUNjVjSFpITWg2Ym1DNHItQTVSWDNBVQ==,2023-06-08 14:52:41.811151
youtube#commentThread,a6J_L7wva8t8VCpJVSI3Uqy1WPk,UgxL8PZ2BaZB9LTBZOV4AaABAg,"{'videoId': 'zEfTDpfyt1o', 'topLevelComment': {'kind': 'youtube#comment', 'etag': 'CU_hqHAkwTroog1rev6MP_6sfmU', 'id': 'UgxL8PZ2BaZB9LTBZOV4AaABAg', 'snippet': {'videoId': 'zEfTDpfyt1o', 'textDisplay': 'Culpa do CHEFÃO DO TRÁFICO XANDÃO IMORAIS ❗❗❗', 'textOriginal': 'Culpa do CHEFÃO DO TRÁFICO XANDÃO IMORAIS ❗❗❗', 'authorDisplayName': 'Laura', 'authorProfileImageUrl': 'https://yt3.ggpht.com/ytc/AGIKgqPENEsjy6ZZRIgv-jtH9as43JIfHlS3vIY4VPGGKmhaXHfEmO_t7eZld5SMNGSk=s48-c-k-c0x00ffffff-no-rj', 'authorChannelUrl': 'http://www.youtube.com/channel/UC6cV_KjVxIvUruPm52OcfAA', 'authorChannelId': {'value': 'UC6cV_KjVxIvUruPm52OcfAA'}, 'canRate': True, 'viewerRating': 'none', 'likeCount': 1, 'publishedAt': '2022-10-23T22:41:33Z', 'updatedAt': '2022-10-23T22:41:33Z'}}, 'canReply': True, 'totalReplyCount': 0, 'isPublic': True}",,UC6cV_KjVxIvUruPm52OcfAA,2022-10-23T22:41:33Z,Culpa do CHEFÃO DO TRÁFICO XANDÃO IMORAIS ❗❗❗,QURTSl9pMTNIdmpJRGJwYWhCc3JVSWh0VDVWRjl5VjlSeHZZZlktVXZMcDk4eTlVR2JxR091RGxUNjVjSFpITWg2Ym1DNHItQTVSWDNBVQ==,2023-06-08 14:52:41.811151
youtube#commentThread,FyPtabEJRupyFbwJ3hF4KgVb-DE,UgyLZ3QSHA6o4Ns_Qdt4AaABAg,"{'videoId': 'zEfTDpfyt1o', 'topLevelComment': {'kind': 'youtube#comment', 'etag': 'ABeD7MZJFtPc_lxguDElQGLpxHg', 'id': 'UgyLZ3QSHA6o4Ns_Qdt4AaABAg', 'snippet': {'videoId': 'zEfTDpfyt1o', 'textDisplay': 'Agrediram um cinegrafista da rede esgoto de televisão', 'textOriginal': 'Agrediram um cinegrafista da rede esgoto de televisão', 'authorDisplayName': 'César BR', 'authorProfileImageUrl': 'https://yt3.ggpht.com/ytc/AGIKgqPPrCGknUuGMQuKZMvddZ-Y-tN8RZ47pEoEiV0ZpPA=s48-c-k-c0x00ffffff-no-rj', 'authorChannelUrl': 'http://www.youtube.com/channel/UCwZt-Av0TMUvPDBowxWoM_A', 'authorChannelId': {'value': 'UCwZt-Av0TMUvPDBowxWoM_A'}, 'canRate': True, 'viewerRating': 'none', 'likeCount': 0, 'publishedAt': '2022-10-23T22:41:32Z', 'updatedAt': '2022-10-23T22:41:32Z'}}, 'canReply': True, 'totalReplyCount': 0, 'isPublic': True}",,UCwZt-Av0TMUvPDBowxWoM_A,2022-10-23T22:41:32Z,Agrediram um cinegrafista da rede esgoto de televisão,QURTSl9pMTNIdmpJRGJwYWhCc3JVSWh0VDVWRjl5VjlSeHZZZlktVXZMcDk4eTlVR2JxR091RGxUNjVjSFpITWg2Ym1DNHItQTVSWDNBVQ==,2023-06-08 14:52:41.811151
youtube#commentThread,18nsZqNz-27U2R5bWkbQ6z4K2j0,Ugx7ocDiZ11ACAtty-t4AaABAg,"{'videoId': 'zEfTDpfyt1o', 'topLevelComment': {'kind': 'youtube#comment', 'etag': 'ixpB_7dwjKcsI18z0NSUVIm9GYg', 'id': 'Ugx7ocDiZ11ACAtty-t4AaABAg', 'snippet': {'videoId': 'zEfTDpfyt1o', 'textDisplay': 'Que cena triste!! Espero que ele esteja bem. 🙏🏻🙏🏻🙏🏻🙏🏻', 'textOriginal': 'Que cena triste!! Espero que ele esteja bem. 🙏🏻🙏🏻🙏🏻🙏🏻', 'authorDisplayName': 'Rita morais', 'authorProfileImageUrl': 'https://yt3.ggpht.com/ytc/AGIKgqOON_YZvWQJMEOuaRVOoqi2bYsTeeanQQhV4yzB7w=s48-c-k-c0x00ffffff-no-rj', 'authorChannelUrl': 'http://www.youtube.com/channel/UCIEK_mUBknbD6wFbS-J0Cdw', 'authorChannelId': {'value': 'UCIEK_mUBknbD6wFbS-J0Cdw'}, 'canRate': True, 'viewerRating': 'none', 'likeCount': 55, 'publishedAt': '2022-10-23T22:41:29Z', 'updatedAt': '2022-10-23T22:41:29Z'}}, 'canReply': True, 'totalReplyCount': 1, 'isPublic': True}","{'comments': [{'kind': 'youtube#comment', 'etag': '24WCwvX2v_IPHdH8jjAOXC9Ur38', 'id': 'Ugx7ocDiZ11ACAtty-t4AaABAg.9hYCN7sdq1P9hYigBb2a5b', 'snippet': {'videoId': 'zEfTDpfyt1o', 'textDisplay': 'Bolsonarista né são normais fazer isso', 'textOriginal': 'Bolsonarista né são normais fazer isso', 'parentId': 'Ugx7ocDiZ11ACAtty-t4AaABAg', 'authorDisplayName': 'ckp', 'authorProfileImageUrl': 'https://yt3.ggpht.com/ytc/AGIKgqPdd6GLVlK2qZxasORvTe5C5kS1KbE-DvvHlhbeCv0IAjAnevDZJ-p1u8Kwi7vs=s48-c-k-c0x00ffffff-no-rj', 'authorChannelUrl': 'http://www.youtube.com/channel/UCARGrDmghe0Q0QTuVQo-XEg', 'authorChannelId': {'value': 'UCARGrDmghe0Q0QTuVQo-XEg'}, 'canRate': True, 'viewerRating': 'none', 'likeCount': 0, 'publishedAt': '2022-10-24T03:32:35Z', 'updatedAt': '2022-10-24T03:32:35Z'}}]}",UCIEK_mUBknbD6wFbS-J0Cdw,2022-10-23T22:41:29Z,Que cena triste!! Espero que ele esteja bem. 🙏🏻🙏🏻🙏🏻🙏🏻,QURTSl9pMTNIdmpJRGJwYWhCc3JVSWh0VDVWRjl5VjlSeHZZZlktVXZMcDk4eTlVR2JxR091RGxUNjVjSFpITWg2Ym1DNHItQTVSWDNBVQ==,2023-06-08 14:52:41.811151
youtube#commentThread,h3mxJgqZ_HuEujjEPC7BoRWicho,UgyNw5AFm_FaOLWAybB4AaABAg,"{'videoId': 'zEfTDpfyt1o', 'topLevelComment': {'kind': 'youtube#comment', 'etag': 'qFLx3YbccZxINKdtLdMnF5tH4CM', 'id': 'UgyNw5AFm_FaOLWAybB4AaABAg', 'snippet': {'videoId': 'zEfTDpfyt1o', 'textDisplay': 'Apoiadores de Bolsonaro. Tenha coragem de dizer', 'textOriginal': 'Apoiadores de Bolsonaro. Tenha coragem de dizer', 'authorDisplayName': 'Marcelo Taranto', 'authorProfileImageUrl': 'https://yt3.ggpht.com/2T1g79xPCvBt8bX3xSF5ldX41IYQ1E6QeXxEt-b-s8V6IUlo6TA-PJe2X3qqOIpx0W6iHiesQw=s48-c-k-c0x00ffffff-no-rj', 'authorChannelUrl': 'http://www.youtube.com/channel/UCDLgqMEoDE4TfFG7bAhqrpQ', 'authorChannelId': {'value': 'UCDLgqMEoDE4TfFG7bAhqrpQ'}, 'canRate': True, 'viewerRating': 'none', 'likeCount': 0, 'publishedAt': '2022-10-23T22:41:28Z', 'updatedAt': '2022-10-23T22:41:28Z'}}, 'canReply': True, 'totalReplyCount': 0, 'isPublic': True}",,UCDLgqMEoDE4TfFG7bAhqrpQ,2022-10-23T22:41:28Z,Apoiadores de Bolsonaro. Tenha coragem de dizer,QURTSl9pMTNIdmpJRGJwYWhCc3JVSWh0VDVWRjl5VjlSeHZZZlktVXZMcDk4eTlVR2JxR091RGxUNjVjSFpITWg2Ym1DNHItQTVSWDNBVQ==,2023-06-08 14:52:41.811151
youtube#commentThread,tNl-D80fFGAdyzEgOWpj4MDejXg,Ugw4PExjWT4SNpq5-hF4AaABAg,"{'videoId': 'zEfTDpfyt1o', 'topLevelComment': {'kind': 'youtube#comment', 'etag': '-_Uc5AVWIU83aRKD_mHsq9BEFlk', 'id': 'Ugw4PExjWT4SNpq5-hF4AaABAg', 'snippet': {'videoId': 'zEfTDpfyt1o', 'textDisplay': 'Foram vocês que criaram e alimentam este monstro chamado BOLSONARO GENOCIDA.', 'textOriginal': 'Foram vocês que criaram e alimentam este monstro chamado BOLSONARO GENOCIDA.', 'authorDisplayName': 'Roberto Barreto', 'authorProfileImageUrl': 'https://yt3.ggpht.com/ytc/AGIKgqO6LbpI765WWrzt5j1-mF9xnLXy1wOKTSERndAsVAHHJyLlU3aUg1fnL-AqjeOq=s48-c-k-c0x00ffffff-no-rj', 'authorChannelUrl': 'http://www.youtube.com/channel/UCgswh3g-WsyyWF46W6R-TFA', 'authorChannelId': {'value': 'UCgswh3g-WsyyWF46W6R-TFA'}, 'canRate': True, 'viewerRating': 'none', 'likeCount': 0, 'publishedAt': '2022-10-23T22:41:27Z', 'updatedAt': '2022-10-23T22:41:27Z'}}, 'canReply': True, 'totalReplyCount': 0, 'isPublic': True}",,UCgswh3g-WsyyWF46W6R-TFA,2022-10-23T22:41:27Z,Foram vocês que criaram e alimentam este monstro chamado BOLSONARO GENOCIDA.,QURTSl9pMTNIdmpJRGJwYWhCc3JVSWh0VDVWRjl5VjlSeHZZZlktVXZMcDk4eTlVR2JxR091RGxUNjVjSFpITWg2Ym1DNHItQTVSWDNBVQ==,2023-06-08 14:52:41.811151
youtube#commentThread,jDx-tE21cxE3y1QHu0NUHyzt49I,Ugy4ANHESHxMV67BAFB4AaABAg,"{'videoId': 'zEfTDpfyt1o', 'topLevelComment': {'kind': 'youtube#comment', 'etag': 'kdU11dgv0dg2BDm8Y_TcgKzcenc', 'id': 'Ugy4ANHESHxMV67BAFB4AaABAg', 'snippet': {'videoId': 'zEfTDpfyt1o', 'textDisplay': 'Quem atira na policia é bandido', 'textOriginal': 'Quem atira na policia é bandido', 'authorDisplayName': 'Wanderson Sampaio', 'authorProfileImageUrl': 'https://yt3.ggpht.com/gB_uMRbUjj6efhXz3CBENOc1VuOrbcJzxGAjZXYfAqC5Uz9vw5sXuwy9bJdRR8uW-aGFJ0Wjug=s48-c-k-c0x00ffffff-no-rj', 'authorChannelUrl': 'http://www.youtube.com/channel/UCPs7yFbk8-6xBNo4XnhXHvA', 'authorChannelId': {'value': 'UCPs7yFbk8-6xBNo4XnhXHvA'}, 'canRate': True, 'viewerRating': 'none', 'likeCount': 0, 'publishedAt': '2022-10-23T22:41:27Z', 'updatedAt': '2022-10-23T22:41:27Z'}}, 'canReply': True, 'totalReplyCount': 0, 'isPublic': True}",,UCPs7yFbk8-6xBNo4XnhXHvA,2022-10-23T22:41:27Z,Quem atira na policia é bandido,QURTSl9pMTNIdmpJRGJwYWhCc3JVSWh0VDVWRjl5VjlSeHZZZlktVXZMcDk4eTlVR2JxR091RGxUNjVjSFpITWg2Ym1DNHItQTVSWDNBVQ==,2023-06-08 14:52:41.811151
youtube#commentThread,yMpxHd5t0md_akagb_bop817JDY,Ugy5Yzzlw_X-Y8MozmB4AaABAg,"{'videoId': 'zEfTDpfyt1o', 'topLevelComment': {'kind': 'youtube#comment', 'etag': 'wX7nnsEyIFL8aSSJH_2BRg8KHqY', 'id': 'Ugy5Yzzlw_X-Y8MozmB4AaABAg', 'snippet': {'videoId': 'zEfTDpfyt1o', 'textDisplay': 'Os apoiadores do Bolsonaro estão se revelando', 'textOriginal': 'Os apoiadores do Bolsonaro estão se revelando', 'authorDisplayName': 'Maria Marly Sabino', 'authorProfileImageUrl': 'https://yt3.ggpht.com/ytc/AGIKgqPBV4i9mx7pEhsxBh02egX09U3zt0MN09SUZA=s48-c-k-c0x00ffffff-no-rj', 'authorChannelUrl': 'http://www.youtube.com/channel/UCkcjQdSAFPvwxUlB10Ojhjw', 'authorChannelId': {'value': 'UCkcjQdSAFPvwxUlB10Ojhjw'}, 'canRate': True, 'viewerRating': 'none', 'likeCount': 0, 'publishedAt': '2022-10-23T22:41:25Z', 'updatedAt': '2022-10-23T22:41:25Z'}}, 'canReply': True, 'totalReplyCount': 0, 'isPublic': True}",,UCkcjQdSAFPvwxUlB10Ojhjw,2022-10-23T22:41:25Z,Os apoiadores do Bolsonaro estão se revelando,QURTSl9pMTNIdmpJRGJwYWhCc3JVSWh0VDVWRjl5VjlSeHZZZlktVXZMcDk4eTlVR2JxR091RGxUNjVjSFpITWg2Ym1DNHItQTVSWDNBVQ==,2023-06-08 14:52:41.811151
youtube#commentThread,JMEP7XkUKZTP6UMWOo54kvQxozE,Ugzp_UUuSuBLYR-5Ku94AaABAg,"{'videoId': 'zEfTDpfyt1o', 'topLevelComment': {'kind': 'youtube#comment', 'etag': 'g7MZHaFcYwvrG0gGSE73ll1hN60', 'id': 'Ugzp_UUuSuBLYR-5Ku94AaABAg', 'snippet': {'videoId': 'zEfTDpfyt1o', 'textDisplay': 'Somos patriotas, não bandidos!<br>Não interessa qual emissora a quem ele pertence! Isso é injustificável!!', 'textOriginal': 'Somos patriotas, não bandidos!\\nNão interessa qual emissora a quem ele pertence! Isso é injustificável!!', 'authorDisplayName': 'Fernando Dominguez', 'authorProfileImageUrl': 'https://yt3.ggpht.com/ytc/AGIKgqMwsBRX_pJ8xM2S4XSsDLebr2GdpXq2mB3aCUBRKg=s48-c-k-c0x00ffffff-no-rj', 'authorChannelUrl': 'http://www.youtube.com/channel/UCRuNUxfBYp4IFYBQ7YSFa7Q', 'authorChannelId': {'value': 'UCRuNUxfBYp4IFYBQ7YSFa7Q'}, 'canRate': True, 'viewerRating': 'none', 'likeCount': 126, 'publishedAt': '2022-10-23T22:41:25Z', 'updatedAt': '2022-10-23T22:41:25Z'}}, 'canReply': True, 'totalReplyCount': 28, 'isPublic': True}","{'comments': [{'kind': 'youtube#comment', 'etag': 'j39oBhR7Ix-05MehwSQyv1Lx5y0', 'id': 'Ugzp_UUuSuBLYR-5Ku94AaABAg.9hYCMaMArNr9hl_TZ3r_hf', 'snippet': {'videoId': 'zEfTDpfyt1o', 'textDisplay': '@Mario Massao IMAGINA quantas morte vão ser imcomendada se esse MILICIANO BOZONARO ficar mais 4 anos ???? Agora e matar e apagar o vídeo igual o TARCÍSIO ordenou em São Paulo .... Ele já deixou claro que a PM de são Paulo não vai mais ter câmera pra gravar as operações e patrulhas ... Removeram o corpo do rapaz da cena do crime e agora estão fazendo uma operação apagar provas e daqui uns dias começa a queima de arquivos ... O cinegrafista que gravou tudo pediu demissão da jovem PUN e tá com medo do pessoal do Tarcísio matar ele a a mulher dele que vai ganhar nenê  mês que vem .... A família do rapaz que o pessoal do Tarcísio matou está comendo de ser morta também', 'textOriginal': '@Mario Massao IMAGINA quantas morte vão ser imcomendada se esse MILICIANO BOZONARO ficar mais 4 anos ???? Agora e matar e apagar o vídeo igual o TARCÍSIO ordenou em São Paulo .... Ele já deixou claro que a PM de são Paulo não vai mais ter câmera pra gravar as operações e patrulhas ... Removeram o corpo do rapaz da cena do crime e agora estão fazendo uma operação apagar provas e daqui uns dias começa a queima de arquivos ... O cinegrafista que gravou tudo pediu demissão da jovem PUN e tá com medo do pessoal do Tarcísio matar ele a a mulher dele que vai ganhar nenê  mês que vem .... A família do rapaz que o pessoal do Tarcísio matou está comendo de ser morta também', 'parentId': 'Ugzp_UUuSuBLYR-5Ku94AaABAg', 'authorDisplayName': 'luiz mello', 'authorProfileImageUrl': 'https://yt3.ggpht.com/ytc/AGIKgqM2hh67XeEhuc2eb90wQuZNRPnmXzS1URISz19M=s48-c-k-c0x00ffffff-no-rj', 'authorChannelUrl': 'http://www.youtube.com/channel/UCjNF9YFP_tY5lTVk1leykgg', 'authorChannelId': {'value': 'UCjNF9YFP_tY5lTVk1leykgg'}, 'canRate': True, 'viewerRating': 'none', 'likeCount': 0, 'publishedAt': '2022-10-29T12:41:27Z', 'updatedAt': '2022-10-29T12:41:27Z'}}, {'kind': 'youtube#comment', 'etag': 'EmLTctIsw4UMmXNdN-XLpZ-zmXg', 'id': 'Ugzp_UUuSuBLYR-5Ku94AaABAg.9hYCMaMArNr9hlZM0FECSM', 'snippet': {'videoId': 'zEfTDpfyt1o', 'textDisplay': '@Diego Morais IMAGINA quantas morte vão ser imcomendada se esse MILICIANO BOZONARO ficar mais 4 anos ???? Agora e matar e apagar o vídeo igual o TARCÍSIO ordenou em São Paulo .... Ele já deixou claro que a PM de são Paulo não vai mais ter câmera pra gravar as operações e patrulhas ... Removeram o corpo do rapaz da cena do crime e agora estão fazendo uma operação apagar provas e daqui uns dias começa a queima de arquivos ... O cinegrafista que gravou tudo pediu demissão da jovem PUN e tá com medo do pessoal do Tarcísio matar ele a a mulher dele que vai ganhar nenê  mês que vem .... A família do rapaz que o pessoal do Tarcísio matou está comendo de ser mostra também', 'textOriginal': '@Diego Morais IMAGINA quantas morte vão ser imcomendada se esse MILICIANO BOZONARO ficar mais 4 anos ???? Agora e matar e apagar o vídeo igual o TARCÍSIO ordenou em São Paulo .... Ele já deixou claro que a PM de são Paulo não vai mais ter câmera pra gravar as operações e patrulhas ... Removeram o corpo do rapaz da cena do crime e agora estão fazendo uma operação apagar provas e daqui uns dias começa a queima de arquivos ... O cinegrafista que gravou tudo pediu demissão da jovem PUN e tá com medo do pessoal do Tarcísio matar ele a a mulher dele que vai ganhar nenê  mês que vem .... A família do rapaz que o pessoal do Tarcísio matou está comendo de ser mostra também', 'parentId': 'Ugzp_UUuSuBLYR-5Ku94AaABAg', 'authorDisplayName': 'luiz mello', 'authorProfileImageUrl': 'https://yt3.ggpht.com/ytc/AGIKgqM2hh67XeEhuc2eb90wQuZNRPnmXzS1URISz19M=s48-c-k-c0x00ffffff-no-rj', 'authorChannelUrl': 'http://www.youtube.com/channel/UCjNF9YFP_tY5lTVk1leykgg', 'authorChannelId': {'value': 'UCjNF9YFP_tY5lTVk1leykgg'}, 'canRate': True, 'viewerRating': 'none', 'likeCount': 0, 'publishedAt': '2022-10-29T12:31:41Z', 'updatedAt': '2022-10-29T12:31:41Z'}}, {'kind': 'youtube#comment', 'etag': 'UWvD5huTfAo9MagndLzmWiqRDuI', 'id': 'Ugzp_UUuSuBLYR-5Ku94AaABAg.9hYCMaMArNr9hlZKjoTaVM', 'snippet': {'videoId': 'zEfTDpfyt1o', 'textDisplay': '@Marcia Lai Pereira IMAGINA quantas morte vão ser imcomendada se esse MILICIANO BOZONARO ficar mais 4 anos ???? Agora e matar e apagar o vídeo igual o TARCÍSIO ordenou em São Paulo .... Ele já deixou claro que a PM de são Paulo não vai mais ter câmera pra gravar as operações e patrulhas ... Removeram o corpo do rapaz da cena do crime e agora estão fazendo uma operação apagar provas e daqui uns dias começa a queima de arquivos ... O cinegrafista que gravou tudo pediu demissão da jovem PUN e tá com medo do pessoal do Tarcísio matar ele a a mulher dele que vai ganhar nenê  mês que vem .... A família do rapaz que o pessoal do Tarcísio matou está comendo de ser mostra também', 'textOriginal': '@Marcia Lai Pereira IMAGINA quantas morte vão ser imcomendada se esse MILICIANO BOZONARO ficar mais 4 anos ???? Agora e matar e apagar o vídeo igual o TARCÍSIO ordenou em São Paulo .... Ele já deixou claro que a PM de são Paulo não vai mais ter câmera pra gravar as operações e patrulhas ... Removeram o corpo do rapaz da cena do crime e agora estão fazendo uma operação apagar provas e daqui uns dias começa a queima de arquivos ... O cinegrafista que gravou tudo pediu demissão da jovem PUN e tá com medo do pessoal do Tarcísio matar ele a a mulher dele que vai ganhar nenê  mês que vem .... A família do rapaz que o pessoal do Tarcísio matou está comendo de ser mostra também', 'parentId': 'Ugzp_UUuSuBLYR-5Ku94AaABAg', 'authorDisplayName': 'luiz mello', 'authorProfileImageUrl': 'https://yt3.ggpht.com/ytc/AGIKgqM2hh67XeEhuc2eb90wQuZNRPnmXzS1URISz19M=s48-c-k-c0x00ffffff-no-rj', 'authorChannelUrl': 'http://www.youtube.com/channel/UCjNF9YFP_tY5lTVk1leykgg', 'authorChannelId': {'value': 'UCjNF9YFP_tY5lTVk1leykgg'}, 'canRate': True, 'viewerRating': 'none', 'likeCount': 0, 'publishedAt': '2022-10-29T12:31:30Z', 'updatedAt': '2022-10-29T12:31:30Z'}}, {'kind': 'youtube#comment', 'etag': 'tJmRSU7SUorlW-9DyGJE6nBLtzQ', 'id': 'Ugzp_UUuSuBLYR-5Ku94AaABAg.9hYCMaMArNr9hlZGEJIxPW', 'snippet': {'videoId': 'zEfTDpfyt1o', 'textDisplay': '@Mônica Rodamilans IMAGINA quantas morte vão ser imcomendada se esse MILICIANO BOZONARO ficar mais 4 anos ???? Agora e matar e apagar o vídeo igual o TARCÍSIO ordenou em São Paulo .... Ele já deixou claro que a PM de são Paulo não vai mais ter câmera pra gravar as operações e patrulhas ... Removeram o corpo do rapaz da cena do crime e agora estão fazendo uma operação apagar provas e daqui uns dias começa a queima de arquivos ... O cinegrafista que gravou tudo pediu demissão da jovem PUN e tá com medo do pessoal do Tarcísio matar ele a a mulher dele que vai ganhar nenê  mês que vem .... A família do rapaz que o pessoal do Tarcísio matou está comendo de ser mostra também', 'textOriginal': '@Mônica Rodamilans IMAGINA quantas morte vão ser imcomendada se esse MILICIANO BOZONARO ficar mais 4 anos ???? Agora e matar e apagar o vídeo igual o TARCÍSIO ordenou em São Paulo .... Ele já deixou claro que a PM de são Paulo não vai mais ter câmera pra gravar as operações e patrulhas ... Removeram o corpo do rapaz da cena do crime e agora estão fazendo uma operação apagar provas e daqui uns dias começa a queima de arquivos ... O cinegrafista que gravou tudo pediu demissão da jovem PUN e tá com medo do pessoal do Tarcísio matar ele a a mulher dele que vai ganhar nenê  mês que vem .... A família do rapaz que o pessoal do Tarcísio matou está comendo de ser mostra também', 'parentId': 'Ugzp_UUuSuBLYR-5Ku94AaABAg', 'authorDisplayName': 'luiz mello', 'authorProfileImageUrl': 'https://yt3.ggpht.com/ytc/AGIKgqM2hh67XeEhuc2eb90wQuZNRPnmXzS1URISz19M=s48-c-k-c0x00ffffff-no-rj', 'authorChannelUrl': 'http://www.youtube.com/channel/UCjNF9YFP_tY5lTVk1leykgg', 'authorChannelId': {'value': 'UCjNF9YFP_tY5lTVk1leykgg'}, 'canRate': True, 'viewerRating': 'none', 'likeCount': 0, 'publishedAt': '2022-10-29T12:30:53Z', 'updatedAt': '2022-10-29T12:30:53Z'}}, {'kind': 'youtube#comment', 'etag': 'u_LSiK2GNjZ-O0UXK3ZM6v5mw8o', 'id': 'Ugzp_UUuSuBLYR-5Ku94AaABAg.9hYCMaMArNr9hlZF9wTnY-', 'snippet': {'videoId': 'zEfTDpfyt1o', 'textDisplay': 'IMAGINA quantas morte vão ser imcomendada se esse MILICIANO BOZONARO ficar mais 4 anos ???? Agora e matar e apagar o vídeo igual o TARCÍSIO ordenou em São Paulo .... Ele já deixou claro que a PM de são Paulo não vai mais ter câmera pra gravar as operações e patrulhas ... Removeram o corpo do rapaz da cena do crime e agora estão fazendo uma operação apagar provas e daqui uns dias começa a queima de arquivos ... O cinegrafista que gravou tudo pediu demissão da jovem PUN e tá com medo do pessoal do Tarcísio matar ele a a mulher dele que vai ganhar nenê  mês que vem .... A família do rapaz que o pessoal do Tarcísio matou está comendo de ser mostra também', 'textOriginal': 'IMAGINA quantas morte vão ser imcomendada se esse MILICIANO BOZONARO ficar mais 4 anos ???? Agora e matar e apagar o vídeo igual o TARCÍSIO ordenou em São Paulo .... Ele já deixou claro que a PM de são Paulo não vai mais ter câmera pra gravar as operações e patrulhas ... Removeram o corpo do rapaz da cena do crime e agora estão fazendo uma operação apagar provas e daqui uns dias começa a queima de arquivos ... O cinegrafista que gravou tudo pediu demissão da jovem PUN e tá com medo do pessoal do Tarcísio matar ele a a mulher dele que vai ganhar nenê  mês que vem .... A família do rapaz que o pessoal do Tarcísio matou está comendo de ser mostra também', 'parentId': 'Ugzp_UUuSuBLYR-5Ku94AaABAg', 'authorDisplayName': 'luiz mello', 'authorProfileImageUrl': 'https://yt3.ggpht.com/ytc/AGIKgqM2hh67XeEhuc2eb90wQuZNRPnmXzS1URISz19M=s48-c-k-c0x00ffffff-no-rj', 'authorChannelUrl': 'http://www.youtube.com/channel/UCjNF9YFP_tY5lTVk1leykgg', 'authorChannelId': {'value': 'UCjNF9YFP_tY5lTVk1leykgg'}, 'canRate': True, 'viewerRating': 'none', 'likeCount': 0, 'publishedAt': '2022-10-29T12:30:45Z', 'updatedAt': '2022-10-29T12:30:45Z'}}]}",UCRuNUxfBYp4IFYBQ7YSFa7Q,2022-10-23T22:41:25Z,"Somos patriotas, não bandidos!
Não interessa qual emissora a quem ele pertence! Isso é injustificável!!",QURTSl9pMTNIdmpJRGJwYWhCc3JVSWh0VDVWRjl5VjlSeHZZZlktVXZMcDk4eTlVR2JxR091RGxUNjVjSFpITWg2Ym1DNHItQTVSWDNBVQ==,2023-06-08 14:52:41.811151
youtube#commentThread,6izgDuhYm72R4pYP0TTnnVjO86Q,UgyxvWsue3x84XEHRSV4AaABAg,"{'videoId': 'zEfTDpfyt1o', 'topLevelComment': {'kind': 'youtube#comment', 'etag': 'g0UadLmi4Ef7gQU_zu2ENzbkByU', 'id': 'UgyxvWsue3x84XEHRSV4AaABAg', 'snippet': {'videoId': 'zEfTDpfyt1o', 'textDisplay': 'Tudo que está acontecendo só tem um culpado, e todos sabemos quem é.', 'textOriginal': 'Tudo que está acontecendo só tem um culpado, e todos sabemos quem é.', 'authorDisplayName': 'levi gama rufino', 'authorProfileImageUrl': 'https://yt3.ggpht.com/ytc/AGIKgqPiKv9J5isRcDsiT0yfRKkRZydRlqEAlYeKF4tb=s48-c-k-c0x00ffffff-no-rj', 'authorChannelUrl': 'http://www.youtube.com/channel/UC7JoH3Q-iC92Usiyr9cIq-g', 'authorChannelId': {'value': 'UC7JoH3Q-iC92Usiyr9cIq-g'}, 'canRate': True, 'viewerRating': 'none', 'likeCount': 11, 'publishedAt': '2022-10-23T22:41:24Z', 'updatedAt': '2022-10-23T22:41:24Z'}}, 'canReply': True, 'totalReplyCount': 5, 'isPublic': True}","{'comments': [{'kind': 'youtube#comment', 'etag': 'LdDEJq-nlYw6K9XJuVf1X9ioW7M', 'id': 'UgyxvWsue3x84XEHRSV4AaABAg.9hYCMWngjdB9hblBw_Zo-2', 'snippet': {'videoId': 'zEfTDpfyt1o', 'textDisplay': 'Bozo', 'textOriginal': 'Bozo', 'parentId': 'UgyxvWsue3x84XEHRSV4AaABAg', 'authorDisplayName': 'carl oak', 'authorProfileImageUrl': 'https://yt3.ggpht.com/ytc/AGIKgqOgyGFBaBgRxLCi25T5HltutMWfv2X8CiQ3QdamWg=s48-c-k-c0x00ffffff-no-rj', 'authorChannelUrl': 'http://www.youtube.com/channel/UCh8WO2RCnHYgV3tw44GpDZA', 'authorChannelId': {'value': 'UCh8WO2RCnHYgV3tw44GpDZA'}, 'canRate': True, 'viewerRating': 'none', 'likeCount': 0, 'publishedAt': '2022-10-25T17:11:30Z', 'updatedAt': '2022-10-25T17:11:30Z'}}, {'kind': 'youtube#comment', 'etag': '0KKj5BYtsLNxkC4nOOxJHjixyfg', 'id': 'UgyxvWsue3x84XEHRSV4AaABAg.9hYCMWngjdB9hYdiTEcU6e', 'snippet': {'videoId': 'zEfTDpfyt1o', 'textDisplay': 'Bozo', 'textOriginal': 'Bozo', 'parentId': 'UgyxvWsue3x84XEHRSV4AaABAg', 'authorDisplayName': 'Edna Jaquelina', 'authorProfileImageUrl': 'https://yt3.ggpht.com/ytc/AGIKgqNHYVGz77tGgjCw3rhKMcOKArICnkJyXU60_Q=s48-c-k-c0x00ffffff-no-rj', 'authorChannelUrl': 'http://www.youtube.com/channel/UCzrJ5c6sKQ8cvSFlx1BdzeQ', 'authorChannelId': {'value': 'UCzrJ5c6sKQ8cvSFlx1BdzeQ'}, 'canRate': True, 'viewerRating': 'none', 'likeCount': 3, 'publishedAt': '2022-10-24T02:49:12Z', 'updatedAt': '2022-10-24T02:49:12Z'}}, {'kind': 'youtube#comment', 'etag': 'UbXF2QI5hKofByE40SkJ2bWbGm8', 'id': 'UgyxvWsue3x84XEHRSV4AaABAg.9hYCMWngjdB9hY_7jHEUkM', 'snippet': {'videoId': 'zEfTDpfyt1o', 'textDisplay': 'Bozo!', 'textOriginal': 'Bozo!', 'parentId': 'UgyxvWsue3x84XEHRSV4AaABAg', 'authorDisplayName': 'Trader Favelado', 'authorProfileImageUrl': 'https://yt3.ggpht.com/NHZpq6t2CH-c_B8T7yhK_lMFMl-bz0Dl5aqtzgXTOsyTK24vuXsYxcYkNuJZrzdUD3ZySpt-AQ=s48-c-k-c0x00ffffff-no-rj', 'authorChannelUrl': 'http://www.youtube.com/channel/UCrpT6DhsPW-zCgWOGSwz7pA', 'authorChannelId': {'value': 'UCrpT6DhsPW-zCgWOGSwz7pA'}, 'canRate': True, 'viewerRating': 'none', 'likeCount': 3, 'publishedAt': '2022-10-24T02:09:06Z', 'updatedAt': '2022-10-24T02:09:06Z'}}, {'kind': 'youtube#comment', 'etag': 'o9riHagRGL8hhk5MVCgrUj3qj4w', 'id': 'UgyxvWsue3x84XEHRSV4AaABAg.9hYCMWngjdB9hYTdBq79v2', 'snippet': {'videoId': 'zEfTDpfyt1o', 'textDisplay': 'O Consórcio,  que pegou  alguns dementes para fazer o serviço sujo com a ajuda do Senado...', 'textOriginal': 'O Consórcio,  que pegou  alguns dementes para fazer o serviço sujo com a ajuda do Senado...', 'parentId': 'UgyxvWsue3x84XEHRSV4AaABAg', 'authorDisplayName': 'Tiburcio Nascimento', 'authorProfileImageUrl': 'https://yt3.ggpht.com/ytc/AGIKgqPYJ16XbloZp1nRif2q9UiINjE9b3aLcJFllVpYZmGF8L32gAvFuJ_fm0H5T6oa=s48-c-k-c0x00ffffff-no-rj', 'authorChannelUrl': 'http://www.youtube.com/channel/UCOpVT2WBtvOTmNgRgNreY3Q', 'authorChannelId': {'value': 'UCOpVT2WBtvOTmNgRgNreY3Q'}, 'canRate': True, 'viewerRating': 'none', 'likeCount': 0, 'publishedAt': '2022-10-24T01:12:22Z', 'updatedAt': '2022-10-24T01:12:22Z'}}, {'kind': 'youtube#comment', 'etag': 'Y0afyGEeVjtwK_39OVAuh19F5eI', 'id': 'UgyxvWsue3x84XEHRSV4AaABAg.9hYCMWngjdB9hYGGr2UI2E', 'snippet': {'videoId': 'zEfTDpfyt1o', 'textDisplay': 'Lula', 'textOriginal': 'Lula', 'parentId': 'UgyxvWsue3x84XEHRSV4AaABAg', 'authorDisplayName': 'Agleves Matos', 'authorProfileImageUrl': 'https://yt3.ggpht.com/ytc/AGIKgqPNfFsLLRrhpolQodnGw4dMVRl9lyOyzEZ9KP6aibw=s48-c-k-c0x00ffffff-no-rj', 'authorChannelUrl': 'http://www.youtube.com/channel/UCj_RhItDja1qU-Fhk8_UHzw', 'authorChannelId': {'value': 'UCj_RhItDja1qU-Fhk8_UHzw'}, 'canRate': True, 'viewerRating': 'none', 'likeCount': 1, 'publishedAt': '2022-10-23T23:15:35Z', 'updatedAt': '2022-10-23T23:15:35Z'}}]}",UC7JoH3Q-iC92Usiyr9cIq-g,2022-10-23T22:41:24Z,"Tudo que está acontecendo só tem um culpado, e todos sabemos quem é.",QURTSl9pMTNIdmpJRGJwYWhCc3JVSWh0VDVWRjl5VjlSeHZZZlktVXZMcDk4eTlVR2JxR091RGxUNjVjSFpITWg2Ym1DNHItQTVSWDNBVQ==,2023-06-08 14:52:41.811151
youtube#commentThread,Khy0yh84s3z_H_Bg153EaQIoBSU,Ugw4YJv_6GfZURSO12Z4AaABAg,"{'videoId': 'zEfTDpfyt1o', 'topLevelComment': {'kind': 'youtube#comment', 'etag': 'uwcCut1UG0wbmkteHQb8sZvUX90', 'id': 'Ugw4YJv_6GfZURSO12Z4AaABAg', 'snippet': {'videoId': 'zEfTDpfyt1o', 'textDisplay': 'o brasil vai ficar perigoso depois do dia 31 de outubro. não vai aceitar a derrota', 'textOriginal': 'o brasil vai ficar perigoso depois do dia 31 de outubro. não vai aceitar a derrota', 'authorDisplayName': 'marcos dos santos', 'authorProfileImageUrl': 'https://yt3.ggpht.com/ytc/AGIKgqN4b9HqRZYi_m94Xgf8PcyrA8pRyA3XJcquthkT=s48-c-k-c0x00ffffff-no-rj', 'authorChannelUrl': 'http://www.youtube.com/channel/UCTBtWOhsUY5Y1kN-L5t2jyw', 'authorChannelId': {'value': 'UCTBtWOhsUY5Y1kN-L5t2jyw'}, 'canRate': True, 'viewerRating': 'none', 'likeCount': 0, 'publishedAt': '2022-10-23T22:41:23Z', 'updatedAt': '2022-10-23T22:41:23Z'}}, 'canReply': True, 'totalReplyCount': 0, 'isPublic': True}",,UCTBtWOhsUY5Y1kN-L5t2jyw,2022-10-23T22:41:23Z,o brasil vai ficar perigoso depois do dia 31 de outubro. não vai aceitar a derrota,QURTSl9pMTNIdmpJRGJwYWhCc3JVSWh0VDVWRjl5VjlSeHZZZlktVXZMcDk4eTlVR2JxR091RGxUNjVjSFpITWg2Ym1DNHItQTVSWDNBVQ==,2023-06-08 14:52:41.811151
youtube#commentThread,XBvDMOKwURlSPPBiQgXs6lnhuTg,Ugy_1vj11tjrrAsRCGZ4AaABAg,"{'videoId': 'zEfTDpfyt1o', 'topLevelComment': {'kind': 'youtube#comment', 'etag': 'ahUrCio3pz5A69BwsklZoKCiHxA', 'id': 'Ugy_1vj11tjrrAsRCGZ4AaABAg', 'snippet': {'videoId': 'zEfTDpfyt1o', 'textDisplay': 'Tem que investigar', 'textOriginal': 'Tem que investigar', 'authorDisplayName': 'Jose Roberto Dos santos', 'authorProfileImageUrl': 'https://yt3.ggpht.com/ytc/AGIKgqMEa_CJnDeIuqYeV69w5ffGcyvZaFgl2A3WYlKbnfs=s48-c-k-c0x00ffffff-no-rj', 'authorChannelUrl': 'http://www.youtube.com/channel/UCefm_Om62dQ1RRO-E9AIplA', 'authorChannelId': {'value': 'UCefm_Om62dQ1RRO-E9AIplA'}, 'canRate': True, 'viewerRating': 'none', 'likeCount': 0, 'publishedAt': '2022-10-23T22:41:21Z', 'updatedAt': '2022-10-23T22:41:21Z'}}, 'canReply': True, 'totalReplyCount': 0, 'isPublic': True}",,UCefm_Om62dQ1RRO-E9AIplA,2022-10-23T22:41:21Z,Tem que investigar,QURTSl9pMTNIdmpJRGJwYWhCc3JVSWh0VDVWRjl5VjlSeHZZZlktVXZMcDk4eTlVR2JxR091RGxUNjVjSFpITWg2Ym1DNHItQTVSWDNBVQ==,2023-06-08 14:52:41.811151
youtube#commentThread,z63aZo5N84TxG5Q78W1ZLQTAPhQ,UgwU3dv56ZEiKG-9yXd4AaABAg,"{'videoId': 'zEfTDpfyt1o', 'topLevelComment': {'kind': 'youtube#comment', 'etag': 'xIGwIErpcPco2VD-m-k6qrKbwdo', 'id': 'UgwU3dv56ZEiKG-9yXd4AaABAg', 'snippet': {'videoId': 'zEfTDpfyt1o', 'textDisplay': 'E  vejo  outra  situação    quem  bateu  se  indiguinou   porquê   sabe  que  a  globo  uria   tripudiar   em  cima  do   roberto   jefersom   entendam  isso.         Agora   agressão    não    concordo.', 'textOriginal': 'E  vejo  outra  situação    quem  bateu  se  indiguinou   porquê   sabe  que  a  globo  uria   tripudiar   em  cima  do   roberto   jefersom   entendam  isso.         Agora   agressão    não    concordo.', 'authorDisplayName': 'Solange De Fatima', 'authorProfileImageUrl': 'https://yt3.ggpht.com/ytc/AGIKgqPXf9B4lHggswdUgaNIrGMXJrHq9NdbZFp76Q=s48-c-k-c0x00ffffff-no-rj', 'authorChannelUrl': 'http://www.youtube.com/channel/UCOjdy-xvdgOdrjiflVqEdbA', 'authorChannelId': {'value': 'UCOjdy-xvdgOdrjiflVqEdbA'}, 'canRate': True, 'viewerRating': 'none', 'likeCount': 0, 'publishedAt': '2022-10-23T22:41:20Z', 'updatedAt': '2022-10-23T22:41:20Z'}}, 'canReply': True, 'totalReplyCount': 0, 'isPublic': True}",,UCOjdy-xvdgOdrjiflVqEdbA,2022-10-23T22:41:20Z,E  vejo  outra  situação    quem  bateu  se  indiguinou   porquê   sabe  que  a  globo  uria   tripudiar   em  cima  do   roberto   jefersom   entendam  isso.         Agora   agressão    não    concordo.,QURTSl9pMTNIdmpJRGJwYWhCc3JVSWh0VDVWRjl5VjlSeHZZZlktVXZMcDk4eTlVR2JxR091RGxUNjVjSFpITWg2Ym1DNHItQTVSWDNBVQ==,2023-06-08 14:52:41.811151
youtube#commentThread,pQdZszKF4DoYP8kElnv0fasw9JA,Ugwp5-qV30RcaUfrLl14AaABAg,"{'videoId': 'zEfTDpfyt1o', 'topLevelComment': {'kind': 'youtube#comment', 'etag': 'YWOvLTuT3gjXQk9qSCygcRD0q18', 'id': 'Ugwp5-qV30RcaUfrLl14AaABAg', 'snippet': {'videoId': 'zEfTDpfyt1o', 'textDisplay': 'Essa agressão é a liberdade de expressão 🤔. Que os bolssonarista querem...<br>E esculhambar os outros, sem serem esculhambados.<br>E isso.', 'textOriginal': 'Essa agressão é a liberdade de expressão 🤔. Que os bolssonarista querem...\\nE esculhambar os outros, sem serem esculhambados.\\nE isso.', 'authorDisplayName': 'fernando baccari baccari', 'authorProfileImageUrl': 'https://yt3.ggpht.com/ytc/AGIKgqNvd1Qdxurz_b5Dj4mHqtKlUh0aCMw_FZKOLQ=s48-c-k-c0x00ffffff-no-rj', 'authorChannelUrl': 'http://www.youtube.com/channel/UClcemANV73W2ao3vAW3sjgA', 'authorChannelId': {'value': 'UClcemANV73W2ao3vAW3sjgA'}, 'canRate': True, 'viewerRating': 'none', 'likeCount': 0, 'publishedAt': '2022-10-23T22:41:15Z', 'updatedAt': '2022-10-23T22:41:15Z'}}, 'canReply': True, 'totalReplyCount': 0, 'isPublic': True}",,UClcemANV73W2ao3vAW3sjgA,2022-10-23T22:41:15Z,"Essa agressão é a liberdade de expressão 🤔. Que os bolssonarista querem...
E esculhambar os outros, sem serem esculhambados.
E isso.",QURTSl9pMTNIdmpJRGJwYWhCc3JVSWh0VDVWRjl5VjlSeHZZZlktVXZMcDk4eTlVR2JxR091RGxUNjVjSFpITWg2Ym1DNHItQTVSWDNBVQ==,2023-06-08 14:52:41.811151
youtube#commentThread,9Uab3NLZjsBIF5BAjEIiv45a1L4,UgzjWIJBAIXlvOaoUtp4AaABAg,"{'videoId': 'zEfTDpfyt1o', 'topLevelComment': {'kind': 'youtube#comment', 'etag': 'u89yqPVrCd4pyDjA4tCBfrjF4Ig', 'id': 'UgzjWIJBAIXlvOaoUtp4AaABAg', 'snippet': {'videoId': 'zEfTDpfyt1o', 'textDisplay': 'Misericórdia. As pessoas estão perdendo o senso. Agressão não leva a nada e só piora a situação', 'textOriginal': 'Misericórdia. As pessoas estão perdendo o senso. Agressão não leva a nada e só piora a situação', 'authorDisplayName': 'Normali Nascimento', 'authorProfileImageUrl': 'https://yt3.ggpht.com/ytc/AGIKgqNkFy8z2A5ue16ptWZ6T_kkwFMUsB5loeLt-w=s48-c-k-c0x00ffffff-no-rj', 'authorChannelUrl': 'http://www.youtube.com/channel/UC7JDvyCUowNtFBSKYiI40DQ', 'authorChannelId': {'value': 'UC7JDvyCUowNtFBSKYiI40DQ'}, 'canRate': True, 'viewerRating': 'none', 'likeCount': 94, 'publishedAt': '2022-10-23T22:41:10Z', 'updatedAt': '2022-10-23T22:41:10Z'}}, 'canReply': True, 'totalReplyCount': 7, 'isPublic': True}","{'comments': [{'kind': 'youtube#comment', 'etag': '6N4Rds4U7kAKKRaR-uZ2LTRk9DQ', 'id': 'UgzjWIJBAIXlvOaoUtp4AaABAg.9hYCKncaaqK9h_YUomUH-2', 'snippet': {'videoId': 'zEfTDpfyt1o', 'textDisplay': '@Tiburcio Nascimento Isto mesmo, vai você fazer a mesma coisa pra ver se não sai no caixão. Só besta para abraçar.', 'textOriginal': '@Tiburcio Nascimento Isto mesmo, vai você fazer a mesma coisa pra ver se não sai no caixão. Só besta para abraçar.', 'parentId': 'UgzjWIJBAIXlvOaoUtp4AaABAg', 'authorDisplayName': 'Sofia Helena Gomes', 'authorProfileImageUrl': 'https://yt3.ggpht.com/ytc/AGIKgqOjcD7OYVV3ib30lemo9p1oHrIniK3RXCriVg=s48-c-k-c0x00ffffff-no-rj', 'authorChannelUrl': 'http://www.youtube.com/channel/UCZpfAoxQ0K0cZ6tVju-y5Lg', 'authorChannelId': {'value': 'UCZpfAoxQ0K0cZ6tVju-y5Lg'}, 'canRate': True, 'viewerRating': 'none', 'likeCount': 0, 'publishedAt': '2022-10-24T20:33:15Z', 'updatedAt': '2022-10-24T20:33:15Z'}}, {'kind': 'youtube#comment', 'etag': '4iMLLn6YCfsb33ERvE_f6IP25gU', 'id': 'UgzjWIJBAIXlvOaoUtp4AaABAg.9hYCKncaaqK9h_YLSZjNbS', 'snippet': {'videoId': 'zEfTDpfyt1o', 'textDisplay': 'Porque misericórdia foi o Preside te quem começou, Roberto Jefferson e si certo e fiel como foi com Fernando Collor de Mello, ele foi o único que ficou ao lado de Fernando Collor', 'textOriginal': 'Porque misericórdia foi o Preside te quem começou, Roberto Jefferson e si certo e fiel como foi com Fernando Collor de Mello, ele foi o único que ficou ao lado de Fernando Collor', 'parentId': 'UgzjWIJBAIXlvOaoUtp4AaABAg', 'authorDisplayName': 'Sofia Helena Gomes', 'authorProfileImageUrl': 'https://yt3.ggpht.com/ytc/AGIKgqOjcD7OYVV3ib30lemo9p1oHrIniK3RXCriVg=s48-c-k-c0x00ffffff-no-rj', 'authorChannelUrl': 'http://www.youtube.com/channel/UCZpfAoxQ0K0cZ6tVju-y5Lg', 'authorChannelId': {'value': 'UCZpfAoxQ0K0cZ6tVju-y5Lg'}, 'canRate': True, 'viewerRating': 'none', 'likeCount': 0, 'publishedAt': '2022-10-24T20:31:59Z', 'updatedAt': '2022-10-24T20:31:59Z'}}, {'kind': 'youtube#comment', 'etag': 'Y8zaGNfrGOGQRHniIeeXHSno1VQ', 'id': 'UgzjWIJBAIXlvOaoUtp4AaABAg.9hYCKncaaqK9hZbLi-HYhx', 'snippet': {'videoId': 'zEfTDpfyt1o', 'textDisplay': '@Rogerio Tumelero 🤔😂😂😂😂', 'textOriginal': '@Rogerio Tumelero 🤔😂😂😂😂', 'parentId': 'UgzjWIJBAIXlvOaoUtp4AaABAg', 'authorDisplayName': 'solange rosa', 'authorProfileImageUrl': 'https://yt3.ggpht.com/ytc/AGIKgqMuxryoWdKbNyqDaPg1KsA7uFVbxBzVyOKZz2hX=s48-c-k-c0x00ffffff-no-rj', 'authorChannelUrl': 'http://www.youtube.com/channel/UCQ-QDrRdYId4s7JLfpcEuFQ', 'authorChannelId': {'value': 'UCQ-QDrRdYId4s7JLfpcEuFQ'}, 'canRate': True, 'viewerRating': 'none', 'likeCount': 0, 'publishedAt': '2022-10-24T11:47:43Z', 'updatedAt': '2022-10-24T11:47:43Z'}}, {'kind': 'youtube#comment', 'etag': 'fk0SmIy0qPCP5SFJQIfsjq-BToo', 'id': 'UgzjWIJBAIXlvOaoUtp4AaABAg.9hYCKncaaqK9hYw779FEZY', 'snippet': {'videoId': 'zEfTDpfyt1o', 'textDisplay': '@solange rosa sexo nada mais', 'textOriginal': '@solange rosa sexo nada mais', 'parentId': 'UgzjWIJBAIXlvOaoUtp4AaABAg', 'authorDisplayName': 'Rogerio Tumelero', 'authorProfileImageUrl': 'https://yt3.ggpht.com/ytc/AGIKgqNxSS5sRRS0JTlGFkuHxl-KCfS8ZoYhILcm1XSi=s48-c-k-c0x00ffffff-no-rj', 'authorChannelUrl': 'http://www.youtube.com/channel/UCocVtTc9_HA3LjLGmcAIRvA', 'authorChannelId': {'value': 'UCocVtTc9_HA3LjLGmcAIRvA'}, 'canRate': True, 'viewerRating': 'none', 'likeCount': 0, 'publishedAt': '2022-10-24T05:29:59Z', 'updatedAt': '2022-10-24T05:29:59Z'}}, {'kind': 'youtube#comment', 'etag': 'yjWGmdUj4D0-tIPmL0z7W6sxdXk', 'id': 'UgzjWIJBAIXlvOaoUtp4AaABAg.9hYCKncaaqK9hYeZvS5FKq', 'snippet': {'videoId': 'zEfTDpfyt1o', 'textDisplay': 'MAS VC ESTÁ  ESQUECENDO DA TORTURA DE DANIEL SILVEIRA... OSWALDO  EUSTÁQUIO... ROBERTO JEFFERSON...  SARA WINTER... BÁRBARA  E TANTOS OUTROS... QUEM TORTURA É  A ESQUERDA BANDIDA...', 'textOriginal': 'MAS VC ESTÁ  ESQUECENDO DA TORTURA DE DANIEL SILVEIRA... OSWALDO  EUSTÁQUIO... ROBERTO JEFFERSON...  SARA WINTER... BÁRBARA  E TANTOS OUTROS... QUEM TORTURA É  A ESQUERDA BANDIDA...', 'parentId': 'UgzjWIJBAIXlvOaoUtp4AaABAg', 'authorDisplayName': 'Esther Hirt', 'authorProfileImageUrl': 'https://yt3.ggpht.com/ytc/AGIKgqPXx_n7DJm7JbXH4kl5xW0wplFxWCaY0En9aA=s48-c-k-c0x00ffffff-no-rj', 'authorChannelUrl': 'http://www.youtube.com/channel/UCBwWLGeK4JM-rkPKDAjPsZQ', 'authorChannelId': {'value': 'UCBwWLGeK4JM-rkPKDAjPsZQ'}, 'canRate': True, 'viewerRating': 'none', 'likeCount': 0, 'publishedAt': '2022-10-24T02:56:38Z', 'updatedAt': '2022-10-24T02:56:38Z'}}]}",UC7JDvyCUowNtFBSKYiI40DQ,2022-10-23T22:41:10Z,Misericórdia. As pessoas estão perdendo o senso. Agressão não leva a nada e só piora a situação,QURTSl9pMTNIdmpJRGJwYWhCc3JVSWh0VDVWRjl5VjlSeHZZZlktVXZMcDk4eTlVR2JxR091RGxUNjVjSFpITWg2Ym1DNHItQTVSWDNBVQ==,2023-06-08 14:52:41.811151
youtube#commentThread,6s78hOcpWDr5TnCg68UU5i5cMGY,Ugz4Q44WZIuoVAXCSIZ4AaABAg,"{'videoId': 'zEfTDpfyt1o', 'topLevelComment': {'kind': 'youtube#comment', 'etag': 'Erv42Fk5HDPtUrGizT2fKS-zDFI', 'id': 'Ugz4Q44WZIuoVAXCSIZ4AaABAg', 'snippet': {'videoId': 'zEfTDpfyt1o', 'textDisplay': 'Quebrou a unha e está no hospital fazendo uma bateria de exames.', 'textOriginal': 'Quebrou a unha e está no hospital fazendo uma bateria de exames.', 'authorDisplayName': 'Marcelo Mapurunga', 'authorProfileImageUrl': 'https://yt3.ggpht.com/ytc/AGIKgqOzgUsc2jW-ASDDr3OJZcAiR18w2-Zj3KJe7cJc=s48-c-k-c0x00ffffff-no-rj', 'authorChannelUrl': 'http://www.youtube.com/channel/UCCJwdddNGha32xEmvAdKH1A', 'authorChannelId': {'value': 'UCCJwdddNGha32xEmvAdKH1A'}, 'canRate': True, 'viewerRating': 'none', 'likeCount': 0, 'publishedAt': '2022-10-23T22:41:07Z', 'updatedAt': '2022-10-23T22:41:07Z'}}, 'canReply': True, 'totalReplyCount': 0, 'isPublic': True}",,UCCJwdddNGha32xEmvAdKH1A,2022-10-23T22:41:07Z,Quebrou a unha e está no hospital fazendo uma bateria de exames.,QURTSl9pMTNIdmpJRGJwYWhCc3JVSWh0VDVWRjl5VjlSeHZZZlktVXZMcDk4eTlVR2JxR091RGxUNjVjSFpITWg2Ym1DNHItQTVSWDNBVQ==,2023-06-08 14:52:41.811151
youtube#commentThread,G_CunnkqJsQ9b5BbK5l56Q8cCXo,UgweKtELcbqFrqarjwZ4AaABAg,"{'videoId': 'zEfTDpfyt1o', 'topLevelComment': {'kind': 'youtube#comment', 'etag': 'JHQxbA1HPx-Uhks7Tp6AeX3vZc4', 'id': 'UgweKtELcbqFrqarjwZ4AaABAg', 'snippet': {'videoId': 'zEfTDpfyt1o', 'textDisplay': 'Não é apoiadores de ninguém  e um bandido!!!', 'textOriginal': 'Não é apoiadores de ninguém  e um bandido!!!', 'authorDisplayName': 'Jose Do Bone', 'authorProfileImageUrl': 'https://yt3.ggpht.com/ytc/AGIKgqN-hiWxI1V1fBcPkcqaxeyFn3PFKlPtZBBluA=s48-c-k-c0x00ffffff-no-rj', 'authorChannelUrl': 'http://www.youtube.com/channel/UCauUc55CW94ZkmFlLnyzhyw', 'authorChannelId': {'value': 'UCauUc55CW94ZkmFlLnyzhyw'}, 'canRate': True, 'viewerRating': 'none', 'likeCount': 0, 'publishedAt': '2022-10-23T22:41:01Z', 'updatedAt': '2022-10-23T22:41:01Z'}}, 'canReply': True, 'totalReplyCount': 0, 'isPublic': True}",,UCauUc55CW94ZkmFlLnyzhyw,2022-10-23T22:41:01Z,Não é apoiadores de ninguém  e um bandido!!!,QURTSl9pMTNIdmpJRGJwYWhCc3JVSWh0VDVWRjl5VjlSeHZZZlktVXZMcDk4eTlVR2JxR091RGxUNjVjSFpITWg2Ym1DNHItQTVSWDNBVQ==,2023-06-08 14:52:41.811151
youtube#commentThread,iEAgHJ6pZzQQXLiB_T06KmzgMWI,UgwkCVvPLKsyd039ZzB4AaABAg,"{'videoId': 'zEfTDpfyt1o', 'topLevelComment': {'kind': 'youtube#comment', 'etag': 'Wgxlb7PVFGU29NrY1h8mxBSxaZY', 'id': 'UgwkCVvPLKsyd039ZzB4AaABAg', 'snippet': {'videoId': 'zEfTDpfyt1o', 'textDisplay': 'Parabéns 👏👏👏👏👍😘💖', 'textOriginal': 'Parabéns 👏👏👏👏👍😘💖', 'authorDisplayName': 'Irani Cotrim Martins', 'authorProfileImageUrl': 'https://yt3.ggpht.com/ytc/AGIKgqMnaH3L0l82GJ3di8NWLfyqcJ8bEo8vSAcs2g=s48-c-k-c0x00ffffff-no-rj', 'authorChannelUrl': 'http://www.youtube.com/channel/UCN7d7uNYT8pj8ZyNZjc_13Q', 'authorChannelId': {'value': 'UCN7d7uNYT8pj8ZyNZjc_13Q'}, 'canRate': True, 'viewerRating': 'none', 'likeCount': 0, 'publishedAt': '2022-10-23T22:40:56Z', 'updatedAt': '2022-10-23T22:40:56Z'}}, 'canReply': True, 'totalReplyCount': 0, 'isPublic': True}",,UCN7d7uNYT8pj8ZyNZjc_13Q,2022-10-23T22:40:56Z,Parabéns 👏👏👏👏👍😘💖,QURTSl9pMTNIdmpJRGJwYWhCc3JVSWh0VDVWRjl5VjlSeHZZZlktVXZMcDk4eTlVR2JxR091RGxUNjVjSFpITWg2Ym1DNHItQTVSWDNBVQ==,2023-06-08 14:52:41.811151
youtube#commentThread,IZcy8elrtAgwh0lzfb2gRcItk5A,UgynJbKA6UQ445jW5v54AaABAg,"{'videoId': 'zEfTDpfyt1o', 'topLevelComment': {'kind': 'youtube#comment', 'etag': 'vu5114ZWo10VV7H86xUlBsLOT1A', 'id': 'UgynJbKA6UQ445jW5v54AaABAg', 'snippet': {'videoId': 'zEfTDpfyt1o', 'textDisplay': 'Hoje a máscara do bolsonaro caiu de vez, segundo turno vai ser histórico, Lula com 70% agora', 'textOriginal': 'Hoje a máscara do bolsonaro caiu de vez, segundo turno vai ser histórico, Lula com 70% agora', 'authorDisplayName': 'Sonho Brasileiro', 'authorProfileImageUrl': 'https://yt3.ggpht.com/1g7Rhbbeip31wP0KdvZjWooo45qWcRKF4TPBQP3GNLXm6kmFiyAHRdcUtRiqgoF86qN6CKAR9NE=s48-c-k-c0x00ffffff-no-rj', 'authorChannelUrl': 'http://www.youtube.com/channel/UC32DQWyndH9R4mQ6Rrdr1Xw', 'authorChannelId': {'value': 'UC32DQWyndH9R4mQ6Rrdr1Xw'}, 'canRate': True, 'viewerRating': 'none', 'likeCount': 0, 'publishedAt': '2022-10-23T22:40:54Z', 'updatedAt': '2022-10-23T22:40:54Z'}}, 'canReply': True, 'totalReplyCount': 0, 'isPublic': True}",,UC32DQWyndH9R4mQ6Rrdr1Xw,2022-10-23T22:40:54Z,"Hoje a máscara do bolsonaro caiu de vez, segundo turno vai ser histórico, Lula com 70% agora",QURTSl9pMTNIdmpJRGJwYWhCc3JVSWh0VDVWRjl5VjlSeHZZZlktVXZMcDk4eTlVR2JxR091RGxUNjVjSFpITWg2Ym1DNHItQTVSWDNBVQ==,2023-06-08 14:52:41.811151
youtube#commentThread,8DB5JMcT7Ij-qErc6DmH6hfnZcU,UgxAB4_xs_NJhg_NG5V4AaABAg,"{'videoId': 'zEfTDpfyt1o', 'topLevelComment': {'kind': 'youtube#comment', 'etag': 'cYMh93lHduHyko87XqAfukgSr3g', 'id': 'UgxAB4_xs_NJhg_NG5V4AaABAg', 'snippet': {'videoId': 'zEfTDpfyt1o', 'textDisplay': 'Defende bandido Jefferson só para bolsonarista mesmo. Bando de arruaceiros.', 'textOriginal': 'Defende bandido Jefferson só para bolsonarista mesmo. Bando de arruaceiros.', 'authorDisplayName': 'Nelson Machado Junior', 'authorProfileImageUrl': 'https://yt3.ggpht.com/ytc/AGIKgqNIS21CdydetkJKG_YRAuJod2Y8UzbjjviLt5VkDadF2qOF6AwMENu75SAdbV5_=s48-c-k-c0x00ffffff-no-rj', 'authorChannelUrl': 'http://www.youtube.com/channel/UCw1OeGXf1q4G9LF3r8iI1yg', 'authorChannelId': {'value': 'UCw1OeGXf1q4G9LF3r8iI1yg'}, 'canRate': True, 'viewerRating': 'none', 'likeCount': 0, 'publishedAt': '2022-10-23T22:40:53Z', 'updatedAt': '2022-10-23T22:40:53Z'}}, 'canReply': True, 'totalReplyCount': 0, 'isPublic': True}",,UCw1OeGXf1q4G9LF3r8iI1yg,2022-10-23T22:40:53Z,Defende bandido Jefferson só para bolsonarista mesmo. Bando de arruaceiros.,QURTSl9pMTNIdmpJRGJwYWhCc3JVSWh0VDVWRjl5VjlSeHZZZlktVXZMcDk4eTlVR2JxR091RGxUNjVjSFpITWg2Ym1DNHItQTVSWDNBVQ==,2023-06-08 14:52:41.811151
youtube#commentThread,1yQDXKmEiU8pCAMMz-RLAoeLTjQ,UgzzeUtSVapwJaIJ4ul4AaABAg,"{'videoId': 'zEfTDpfyt1o', 'topLevelComment': {'kind': 'youtube#comment', 'etag': 'Hlmsd0uB_s0V0PK3mZ8K_7VGBAs', 'id': 'UgzzeUtSVapwJaIJ4ul4AaABAg', 'snippet': {'videoId': 'zEfTDpfyt1o', 'textDisplay': 'Infelizmente a globo não traduz a realidade dos fatos, e esse material que o profissional estava colhendo, provavelmente seria usado para atacar a verdade, o povo cansou da globo..', 'textOriginal': 'Infelizmente a globo não traduz a realidade dos fatos, e esse material que o profissional estava colhendo, provavelmente seria usado para atacar a verdade, o povo cansou da globo..', 'authorDisplayName': 'Adilmar Fernandes', 'authorProfileImageUrl': 'https://yt3.ggpht.com/ytc/AGIKgqOgdRGNXO49yr8M3--Mjc9gfyFKVbeWa7S3qg=s48-c-k-c0x00ffffff-no-rj', 'authorChannelUrl': 'http://www.youtube.com/channel/UCxrC_HbZuDwo5ZNaZ0Db83A', 'authorChannelId': {'value': 'UCxrC_HbZuDwo5ZNaZ0Db83A'}, 'canRate': True, 'viewerRating': 'none', 'likeCount': 1, 'publishedAt': '2022-10-23T22:40:53Z', 'updatedAt': '2022-10-23T22:40:53Z'}}, 'canReply': True, 'totalReplyCount': 0, 'isPublic': True}",,UCxrC_HbZuDwo5ZNaZ0Db83A,2022-10-23T22:40:53Z,"Infelizmente a globo não traduz a realidade dos fatos, e esse material que o profissional estava colhendo, provavelmente seria usado para atacar a verdade, o povo cansou da globo..",QURTSl9pMTNIdmpJRGJwYWhCc3JVSWh0VDVWRjl5VjlSeHZZZlktVXZMcDk4eTlVR2JxR091RGxUNjVjSFpITWg2Ym1DNHItQTVSWDNBVQ==,2023-06-08 14:52:41.811151
youtube#commentThread,n-Pm2YN56XtrqKFFYpaaVY_FaZk,UgzTGGjMjKiJD6ljtop4AaABAg,"{'videoId': 'zEfTDpfyt1o', 'topLevelComment': {'kind': 'youtube#comment', 'etag': 'N4qhM6BMB0TWk4jjMtz-K1JHN70', 'id': 'UgzTGGjMjKiJD6ljtop4AaABAg', 'snippet': {'videoId': 'zEfTDpfyt1o', 'textDisplay': 'Os valores dos idólatras vão de encontro ao que eles acreditam ou apoiam, ou seja, são valores flexíveis. Se alguém da oposição age como o Jefferson, não haveria nenhum comentário da direita protegendo o sujeito. Vaiiii, Brasilll!', 'textOriginal': 'Os valores dos idólatras vão de encontro ao que eles acreditam ou apoiam, ou seja, são valores flexíveis. Se alguém da oposição age como o Jefferson, não haveria nenhum comentário da direita protegendo o sujeito. Vaiiii, Brasilll!', 'authorDisplayName': 'Ricardo', 'authorProfileImageUrl': 'https://yt3.ggpht.com/ytc/AGIKgqPx-S4l1k_st73kPaheByWN8gD4E_f0pg83XmNakYup7KprRz8hunAgYf7cMHOH=s48-c-k-c0x00ffffff-no-rj', 'authorChannelUrl': 'http://www.youtube.com/channel/UCJDeJNBpo7M-ne8o2bzxsgQ', 'authorChannelId': {'value': 'UCJDeJNBpo7M-ne8o2bzxsgQ'}, 'canRate': True, 'viewerRating': 'none', 'likeCount': 0, 'publishedAt': '2022-10-23T22:40:52Z', 'updatedAt': '2022-10-23T22:51:55Z'}}, 'canReply': True, 'totalReplyCount': 0, 'isPublic': True}",,UCJDeJNBpo7M-ne8o2bzxsgQ,2022-10-23T22:40:52Z,"Os valores dos idólatras vão de encontro ao que eles acreditam ou apoiam, ou seja, são valores flexíveis. Se alguém da oposição age como o Jefferson, não haveria nenhum comentário da direita protegendo o sujeito. Vaiiii, Brasilll!",QURTSl9pMTNIdmpJRGJwYWhCc3JVSWh0VDVWRjl5VjlSeHZZZlktVXZMcDk4eTlVR2JxR091RGxUNjVjSFpITWg2Ym1DNHItQTVSWDNBVQ==,2023-06-08 14:52:41.811151
youtube#commentThread,qMRksWkGH3GzeYKSFs8QBAyMqNo,Ugxo3KNLyyqABqxp6g94AaABAg,"{'videoId': 'zEfTDpfyt1o', 'topLevelComment': {'kind': 'youtube#comment', 'etag': '2zxAYzNng0kF9s2pV3tBLkK_TsM', 'id': 'Ugxo3KNLyyqABqxp6g94AaABAg', 'snippet': {'videoId': 'zEfTDpfyt1o', 'textDisplay': 'Deus de forças e abençoe o Bob Jefferson!', 'textOriginal': 'Deus de forças e abençoe o Bob Jefferson!', 'authorDisplayName': 'Maria da Glória Rodrigues Bastos', 'authorProfileImageUrl': 'https://yt3.ggpht.com/ytc/AGIKgqMGQ_iHu5LPRhpuMF4qIo4R5ZlkP_mxoIVNMA=s48-c-k-c0x00ffffff-no-rj', 'authorChannelUrl': 'http://www.youtube.com/channel/UChF4AiqNwJrgjxINXj0vwtA', 'authorChannelId': {'value': 'UChF4AiqNwJrgjxINXj0vwtA'}, 'canRate': True, 'viewerRating': 'none', 'likeCount': 8, 'publishedAt': '2022-10-23T22:40:48Z', 'updatedAt': '2022-10-23T22:40:48Z'}}, 'canReply': True, 'totalReplyCount': 2, 'isPublic': True}","{'comments': [{'kind': 'youtube#comment', 'etag': 'sbt5rUmH-r_Lp8x4axwNWEpUzSg', 'id': 'Ugxo3KNLyyqABqxp6g94AaABAg.9hYCI7VEybO9hYU9lSGrA7', 'snippet': {'videoId': 'zEfTDpfyt1o', 'textDisplay': '@Kerlen Cabrera O teu dia vai chegar , ele tentou te avisar...lembra disso..', 'textOriginal': '@Kerlen Cabrera O teu dia vai chegar , ele tentou te avisar...lembra disso..', 'parentId': 'Ugxo3KNLyyqABqxp6g94AaABAg', 'authorDisplayName': 'Tiburcio Nascimento', 'authorProfileImageUrl': 'https://yt3.ggpht.com/ytc/AGIKgqPYJ16XbloZp1nRif2q9UiINjE9b3aLcJFllVpYZmGF8L32gAvFuJ_fm0H5T6oa=s48-c-k-c0x00ffffff-no-rj', 'authorChannelUrl': 'http://www.youtube.com/channel/UCOpVT2WBtvOTmNgRgNreY3Q', 'authorChannelId': {'value': 'UCOpVT2WBtvOTmNgRgNreY3Q'}, 'canRate': True, 'viewerRating': 'none', 'likeCount': 0, 'publishedAt': '2022-10-24T01:16:57Z', 'updatedAt': '2022-10-24T01:16:57Z'}}, {'kind': 'youtube#comment', 'etag': 'MLouIh4yTNIgZqfK6P9m7Qk3RD4', 'id': 'Ugxo3KNLyyqABqxp6g94AaABAg.9hYCI7VEybO9hYCbv5McLR', 'snippet': {'videoId': 'zEfTDpfyt1o', 'textDisplay': 'Abençoe c grade', 'textOriginal': 'Abençoe c grade', 'parentId': 'Ugxo3KNLyyqABqxp6g94AaABAg', 'authorDisplayName': 'Kerlen Cabrera', 'authorProfileImageUrl': 'https://yt3.ggpht.com/CvgAxrQ9DGO580YKuiWe6VoV7y5QcfPP7mgTV9Wj_tSex8xLcqPD_89-WgWTrLHBl0n7IOHrAFU=s48-c-k-c0x00ffffff-no-rj', 'authorChannelUrl': 'http://www.youtube.com/channel/UCIj7PLnBOZGD6VDZnq0dutQ', 'authorChannelId': {'value': 'UCIj7PLnBOZGD6VDZnq0dutQ'}, 'canRate': True, 'viewerRating': 'none', 'likeCount': 2, 'publishedAt': '2022-10-23T22:43:38Z', 'updatedAt': '2022-10-23T22:43:38Z'}}]}",UChF4AiqNwJrgjxINXj0vwtA,2022-10-23T22:40:48Z,Deus de forças e abençoe o Bob Jefferson!,QURTSl9pMTNIdmpJRGJwYWhCc3JVSWh0VDVWRjl5VjlSeHZZZlktVXZMcDk4eTlVR2JxR091RGxUNjVjSFpITWg2Ym1DNHItQTVSWDNBVQ==,2023-06-08 14:52:41.811151
youtube#commentThread,NfQr1JnhfKALI-5K7dFwY56hFvE,UgxYnQ1R-Yhdtaqh1rF4AaABAg,"{'videoId': 'zEfTDpfyt1o', 'topLevelComment': {'kind': 'youtube#comment', 'etag': 'bAqOVcfhJ9nI7l3UoC4Y7gd7m20', 'id': 'UgxYnQ1R-Yhdtaqh1rF4AaABAg', 'snippet': {'videoId': 'zEfTDpfyt1o', 'textDisplay': 'N pode agredir.... por isso venha lula rapido', 'textOriginal': 'N pode agredir.... por isso venha lula rapido', 'authorDisplayName': 'lupita444', 'authorProfileImageUrl': 'https://yt3.ggpht.com/ytc/AGIKgqNXQZBFdXwF-pzQbbtunitdgtPmKs6HDLYbduVoRDIipjAIlePk6TZh04LQOnav=s48-c-k-c0x00ffffff-no-rj', 'authorChannelUrl': 'http://www.youtube.com/channel/UCAN7rKk1yBsMprvBKG-k4mg', 'authorChannelId': {'value': 'UCAN7rKk1yBsMprvBKG-k4mg'}, 'canRate': True, 'viewerRating': 'none', 'likeCount': 0, 'publishedAt': '2022-10-23T22:40:43Z', 'updatedAt': '2022-10-23T22:40:43Z'}}, 'canReply': True, 'totalReplyCount': 0, 'isPublic': True}",,UCAN7rKk1yBsMprvBKG-k4mg,2022-10-23T22:40:43Z,N pode agredir.... por isso venha lula rapido,QURTSl9pMTNIdmpJRGJwYWhCc3JVSWh0VDVWRjl5VjlSeHZZZlktVXZMcDk4eTlVR2JxR091RGxUNjVjSFpITWg2Ym1DNHItQTVSWDNBVQ==,2023-06-08 14:52:41.811151
youtube#commentThread,awy7bS46HVNRHacwuQTuovuelQs,UgyBVobMszaOBS6MuEN4AaABAg,"{'videoId': 'zEfTDpfyt1o', 'topLevelComment': {'kind': 'youtube#comment', 'etag': '_4J4R0idIlx8IEbVzKrHn2MH4zg', 'id': 'UgyBVobMszaOBS6MuEN4AaABAg', 'snippet': {'videoId': 'zEfTDpfyt1o', 'textDisplay': 'E a censura prévia imposta por Alexandre de Moraes à JP e à liberdade de expressão de muitos, você também condena com veemência? A globolixo passa a mão na cabeça dos togados ditadores e agora reclama da revolta do povo. A coisa vai ficar pior se não houver cumprimento da constituição, vocês verão.', 'textOriginal': 'E a censura prévia imposta por Alexandre de Moraes à JP e à liberdade de expressão de muitos, você também condena com veemência? A globolixo passa a mão na cabeça dos togados ditadores e agora reclama da revolta do povo. A coisa vai ficar pior se não houver cumprimento da constituição, vocês verão.', 'authorDisplayName': 'Pedro de Alcantara', 'authorProfileImageUrl': 'https://yt3.ggpht.com/ytc/AGIKgqMJO4kL1ugUnZhg-p-FXMCbmZ2e9m6OZEkEwA=s48-c-k-c0x00ffffff-no-rj', 'authorChannelUrl': 'http://www.youtube.com/channel/UCsuDzhIDsFtf1iloEKKjHgw', 'authorChannelId': {'value': 'UCsuDzhIDsFtf1iloEKKjHgw'}, 'canRate': True, 'viewerRating': 'none', 'likeCount': 0, 'publishedAt': '2022-10-23T22:40:43Z', 'updatedAt': '2022-10-23T22:40:43Z'}}, 'canReply': True, 'totalReplyCount': 0, 'isPublic': True}",,UCsuDzhIDsFtf1iloEKKjHgw,2022-10-23T22:40:43Z,"E a censura prévia imposta por Alexandre de Moraes à JP e à liberdade de expressão de muitos, você também condena com veemência? A globolixo passa a mão na cabeça dos togados ditadores e agora reclama da revolta do povo. A coisa vai ficar pior se não houver cumprimento da constituição, vocês verão.",QURTSl9pMTNIdmpJRGJwYWhCc3JVSWh0VDVWRjl5VjlSeHZZZlktVXZMcDk4eTlVR2JxR091RGxUNjVjSFpITWg2Ym1DNHItQTVSWDNBVQ==,2023-06-08 14:52:41.811151
youtube#commentThread,VpT0WDV-hsaW1NKjjRbE-W3WyuI,UgxPSLfFKIx2-ofXdXB4AaABAg,"{'videoId': 'zEfTDpfyt1o', 'topLevelComment': {'kind': 'youtube#comment', 'etag': 'xxjDtUDPP04LhY0E1sOkYaTceBA', 'id': 'UgxPSLfFKIx2-ofXdXB4AaABAg', 'snippet': {'videoId': 'zEfTDpfyt1o', 'textDisplay': 'E por isso aí que os canalhas estão lutando ditadura', 'textOriginal': 'E por isso aí que os canalhas estão lutando ditadura', 'authorDisplayName': 'Maria Gomes', 'authorProfileImageUrl': 'https://yt3.ggpht.com/ytc/AGIKgqMT_aC3gAIZXZ2md9bvW0e8Gjd59GdNebcolxF7iA=s48-c-k-c0x00ffffff-no-rj', 'authorChannelUrl': 'http://www.youtube.com/channel/UCqJiLAujygbWRux7UpTHt1Q', 'authorChannelId': {'value': 'UCqJiLAujygbWRux7UpTHt1Q'}, 'canRate': True, 'viewerRating': 'none', 'likeCount': 0, 'publishedAt': '2022-10-23T22:40:38Z', 'updatedAt': '2022-10-23T22:40:38Z'}}, 'canReply': True, 'totalReplyCount': 0, 'isPublic': True}",,UCqJiLAujygbWRux7UpTHt1Q,2022-10-23T22:40:38Z,E por isso aí que os canalhas estão lutando ditadura,QURTSl9pMTNIdmpJRGJwYWhCc3JVSWh0VDVWRjl5VjlSeHZZZlktVXZMcDk4eTlVR2JxR091RGxUNjVjSFpITWg2Ym1DNHItQTVSWDNBVQ==,2023-06-08 14:52:41.811151
youtube#commentThread,E9vpdEghaPT9ILw_KAgK94FM_uk,UgyJ2JdjrwyMQUrPjtZ4AaABAg,"{'videoId': 'zEfTDpfyt1o', 'topLevelComment': {'kind': 'youtube#comment', 'etag': 'omm39nrSZetOx-xZerOIV0FBsCk', 'id': 'UgyJ2JdjrwyMQUrPjtZ4AaABAg', 'snippet': {'videoId': 'zEfTDpfyt1o', 'textDisplay': 'Fez muito bem Ordem judicial Inconstitucional. Delegados da PF devem subordinação a ordem Constitucional. Fale aí Ministro da Justiça.', 'textOriginal': 'Fez muito bem Ordem judicial Inconstitucional. Delegados da PF devem subordinação a ordem Constitucional. Fale aí Ministro da Justiça.', 'authorDisplayName': 'ronaldo de macedo', 'authorProfileImageUrl': 'https://yt3.ggpht.com/ytc/AGIKgqMwCgFwdzzQR28JDKvF1c8QkSfeA_XviEB5nQ=s48-c-k-c0x00ffffff-no-rj', 'authorChannelUrl': 'http://www.youtube.com/channel/UClBmidIpVdrMOzpdOpD4guw', 'authorChannelId': {'value': 'UClBmidIpVdrMOzpdOpD4guw'}, 'canRate': True, 'viewerRating': 'none', 'likeCount': 0, 'publishedAt': '2022-10-23T22:40:37Z', 'updatedAt': '2022-10-23T22:40:37Z'}}, 'canReply': True, 'totalReplyCount': 0, 'isPublic': True}",,UClBmidIpVdrMOzpdOpD4guw,2022-10-23T22:40:37Z,Fez muito bem Ordem judicial Inconstitucional. Delegados da PF devem subordinação a ordem Constitucional. Fale aí Ministro da Justiça.,QURTSl9pMTNIdmpJRGJwYWhCc3JVSWh0VDVWRjl5VjlSeHZZZlktVXZMcDk4eTlVR2JxR091RGxUNjVjSFpITWg2Ym1DNHItQTVSWDNBVQ==,2023-06-08 14:52:41.811151
youtube#commentThread,n_UpFPa17bOC8_3L9eFkQzmvXGo,Ugydmn03RmhXIlRcToV4AaABAg,"{'videoId': 'zEfTDpfyt1o', 'topLevelComment': {'kind': 'youtube#comment', 'etag': 'piLhu5Togw8_PRGb_BNCpESu7XE', 'id': 'Ugydmn03RmhXIlRcToV4AaABAg', 'snippet': {'videoId': 'zEfTDpfyt1o', 'textDisplay': 'procurem ver o que está acontecendo nos outros países de esquerda... é o que está por vir infelizmente', 'textOriginal': 'procurem ver o que está acontecendo nos outros países de esquerda... é o que está por vir infelizmente', 'authorDisplayName': 'Marcelo Taxi', 'authorProfileImageUrl': 'https://yt3.ggpht.com/ytc/AGIKgqM9OSEfe19PWqI3dYxyR1zHjB_HGm7h6PnG-vpugQ=s48-c-k-c0x00ffffff-no-rj', 'authorChannelUrl': 'http://www.youtube.com/channel/UCRXDdu8_FfqwyST56vH89HQ', 'authorChannelId': {'value': 'UCRXDdu8_FfqwyST56vH89HQ'}, 'canRate': True, 'viewerRating': 'none', 'likeCount': 0, 'publishedAt': '2022-10-23T22:40:31Z', 'updatedAt': '2022-10-23T22:40:31Z'}}, 'canReply': True, 'totalReplyCount': 0, 'isPublic': True}",,UCRXDdu8_FfqwyST56vH89HQ,2022-10-23T22:40:31Z,procurem ver o que está acontecendo nos outros países de esquerda... é o que está por vir infelizmente,QURTSl9pMTNIdmpJRGJwYWhCc3JVSWh0VDVWRjl5VjlSeHZZZlktVXZMcDk4eTlVR2JxR091RGxUNjVjSFpITWg2Ym1DNHItQTVSWDNBVQ==,2023-06-08 14:52:41.811151
youtube#commentThread,2d6Kyy4hKBQhS5aw2VrmxRbed3M,UgzqLwUnfV6KuHw4XcV4AaABAg,"{'videoId': 'zEfTDpfyt1o', 'topLevelComment': {'kind': 'youtube#comment', 'etag': 'gcDEWPAR5kFLFbs77o15DzYiue0', 'id': 'UgzqLwUnfV6KuHw4XcV4AaABAg', 'snippet': {'videoId': 'zEfTDpfyt1o', 'textDisplay': 'Aí não pode vamos ter paciência', 'textOriginal': 'Aí não pode vamos ter paciência', 'authorDisplayName': 'Cicero Romulo', 'authorProfileImageUrl': 'https://yt3.ggpht.com/ytc/AGIKgqPfDDJk1O5EsLZkoXFag5m34_jsEhISHbmBqvkl4KB-RZ_XWeH5xqhmNBjqFvNT=s48-c-k-c0x00ffffff-no-rj', 'authorChannelUrl': 'http://www.youtube.com/channel/UC1suNhQ4fJbhmwOCKv3fiJg', 'authorChannelId': {'value': 'UC1suNhQ4fJbhmwOCKv3fiJg'}, 'canRate': True, 'viewerRating': 'none', 'likeCount': 0, 'publishedAt': '2022-10-23T22:40:29Z', 'updatedAt': '2022-10-23T22:40:29Z'}}, 'canReply': True, 'totalReplyCount': 0, 'isPublic': True}",,UC1suNhQ4fJbhmwOCKv3fiJg,2022-10-23T22:40:29Z,Aí não pode vamos ter paciência,QURTSl9pMTNIdmpJRGJwYWhCc3JVSWh0VDVWRjl5VjlSeHZZZlktVXZMcDk4eTlVR2JxR091RGxUNjVjSFpITWg2Ym1DNHItQTVSWDNBVQ==,2023-06-08 14:52:41.811151
youtube#commentThread,LdLD54vwVxPFkWCzUeGRznlYB10,Ugyo9d-2atPawN3DSNB4AaABAg,"{'videoId': 'zEfTDpfyt1o', 'topLevelComment': {'kind': 'youtube#comment', 'etag': 'P5UuAqa_KUQ7uHqlNAIPbpMD5Os', 'id': 'Ugyo9d-2atPawN3DSNB4AaABAg', 'snippet': {'videoId': 'zEfTDpfyt1o', 'textDisplay': 'Muito chato as pessoas ficarem fazendo esse tipo de agressão, temos que dar exemplo pra esse gente que querem sensurar', 'textOriginal': 'Muito chato as pessoas ficarem fazendo esse tipo de agressão, temos que dar exemplo pra esse gente que querem sensurar', 'authorDisplayName': 'Francisca Brito', 'authorProfileImageUrl': 'https://yt3.ggpht.com/ytc/AGIKgqOaOzJD9nXYvSW7Zu1Ok-b-ofj8h8RIfPe9sg=s48-c-k-c0x00ffffff-no-rj', 'authorChannelUrl': 'http://www.youtube.com/channel/UCD6cadM4R4d0qOYtGiLSwdw', 'authorChannelId': {'value': 'UCD6cadM4R4d0qOYtGiLSwdw'}, 'canRate': True, 'viewerRating': 'none', 'likeCount': 3, 'publishedAt': '2022-10-23T22:40:24Z', 'updatedAt': '2022-10-23T22:40:24Z'}}, 'canReply': True, 'totalReplyCount': 1, 'isPublic': True}","{'comments': [{'kind': 'youtube#comment', 'etag': 'S7jlZWBoTj1oDA47bWK9cZPnebs', 'id': 'Ugyo9d-2atPawN3DSNB4AaABAg.9hYCFCzfEtJ9hYWyz2ZRk7', 'snippet': {'videoId': 'zEfTDpfyt1o', 'textDisplay': 'O exemplo foi dado....TOLERÂNCIA TEM LIMITE...', 'textOriginal': 'O exemplo foi dado....TOLERÂNCIA TEM LIMITE...', 'parentId': 'Ugyo9d-2atPawN3DSNB4AaABAg', 'authorDisplayName': 'Tiburcio Nascimento', 'authorProfileImageUrl': 'https://yt3.ggpht.com/ytc/AGIKgqPYJ16XbloZp1nRif2q9UiINjE9b3aLcJFllVpYZmGF8L32gAvFuJ_fm0H5T6oa=s48-c-k-c0x00ffffff-no-rj', 'authorChannelUrl': 'http://www.youtube.com/channel/UCOpVT2WBtvOTmNgRgNreY3Q', 'authorChannelId': {'value': 'UCOpVT2WBtvOTmNgRgNreY3Q'}, 'canRate': True, 'viewerRating': 'none', 'likeCount': 0, 'publishedAt': '2022-10-24T01:41:33Z', 'updatedAt': '2022-10-24T01:41:33Z'}}]}",UCD6cadM4R4d0qOYtGiLSwdw,2022-10-23T22:40:24Z,"Muito chato as pessoas ficarem fazendo esse tipo de agressão, temos que dar exemplo pra esse gente que querem sensurar",QURTSl9pMTNIdmpJRGJwYWhCc3JVSWh0VDVWRjl5VjlSeHZZZlktVXZMcDk4eTlVR2JxR091RGxUNjVjSFpITWg2Ym1DNHItQTVSWDNBVQ==,2023-06-08 14:52:41.811151
youtube#commentThread,hlln-34-XGR_pWqAj97tu6GhWpc,UgyCkvlePAIb8uZPW7V4AaABAg,"{'videoId': 'zEfTDpfyt1o', 'topLevelComment': {'kind': 'youtube#comment', 'etag': 'Ifw2HVfyfAbWoMDllZ5S8TuM5qw', 'id': 'UgyCkvlePAIb8uZPW7V4AaABAg', 'snippet': {'videoId': 'zEfTDpfyt1o', 'textDisplay': 'Olha só quem repudia à violência contra jornalistas kkkk à  joven pan kkkkkk', 'textOriginal': 'Olha só quem repudia à violência contra jornalistas kkkk à  joven pan kkkkkk', 'authorDisplayName': 'O BRASIL RESISTENTE, HOJE E SEMPRE!', 'authorProfileImageUrl': 'https://yt3.ggpht.com/7hdmil4jMceJa9mFHV1qOivKlILOY1ByaGK2UxTSj2u7QJaXG1OfuGmEWnihygPYpszQ4bZp=s48-c-k-c0x00ffffff-no-rj', 'authorChannelUrl': 'http://www.youtube.com/channel/UCtQmsuW5PL9RhKLMI_aDMAw', 'authorChannelId': {'value': 'UCtQmsuW5PL9RhKLMI_aDMAw'}, 'canRate': True, 'viewerRating': 'none', 'likeCount': 0, 'publishedAt': '2022-10-23T22:40:24Z', 'updatedAt': '2022-10-23T22:40:24Z'}}, 'canReply': True, 'totalReplyCount': 0, 'isPublic': True}",,UCtQmsuW5PL9RhKLMI_aDMAw,2022-10-23T22:40:24Z,Olha só quem repudia à violência contra jornalistas kkkk à  joven pan kkkkkk,QURTSl9pMTNIdmpJRGJwYWhCc3JVSWh0VDVWRjl5VjlSeHZZZlktVXZMcDk4eTlVR2JxR091RGxUNjVjSFpITWg2Ym1DNHItQTVSWDNBVQ==,2023-06-08 14:52:41.811151
youtube#commentThread,WSja6SFZoJ1J_g5tt_v7YWuKVMI,UgznW4j_bt9NZYBG-0p4AaABAg,"{'videoId': 'zEfTDpfyt1o', 'topLevelComment': {'kind': 'youtube#comment', 'etag': 'uQnznBM0CdVgupx_YXXv2f9WJ-c', 'id': 'UgznW4j_bt9NZYBG-0p4AaABAg', 'snippet': {'videoId': 'zEfTDpfyt1o', 'textDisplay': 'Grandes coisas!  A GLOBOLIXO agride todos os dias, o povo brasileiro!  Não vejo vocês reclamando!', 'textOriginal': 'Grandes coisas!  A GLOBOLIXO agride todos os dias, o povo brasileiro!  Não vejo vocês reclamando!', 'authorDisplayName': 'Maria da Glória Rodrigues Bastos', 'authorProfileImageUrl': 'https://yt3.ggpht.com/ytc/AGIKgqMGQ_iHu5LPRhpuMF4qIo4R5ZlkP_mxoIVNMA=s48-c-k-c0x00ffffff-no-rj', 'authorChannelUrl': 'http://www.youtube.com/channel/UChF4AiqNwJrgjxINXj0vwtA', 'authorChannelId': {'value': 'UChF4AiqNwJrgjxINXj0vwtA'}, 'canRate': True, 'viewerRating': 'none', 'likeCount': 0, 'publishedAt': '2022-10-23T22:40:21Z', 'updatedAt': '2022-10-23T22:40:21Z'}}, 'canReply': True, 'totalReplyCount': 0, 'isPublic': True}",,UChF4AiqNwJrgjxINXj0vwtA,2022-10-23T22:40:21Z,"Grandes coisas!  A GLOBOLIXO agride todos os dias, o povo brasileiro!  Não vejo vocês reclamando!",QURTSl9pMTNIdmpJRGJwYWhCc3JVSWh0VDVWRjl5VjlSeHZZZlktVXZMcDk4eTlVR2JxR091RGxUNjVjSFpITWg2Ym1DNHItQTVSWDNBVQ==,2023-06-08 14:52:41.811151
youtube#commentThread,ObhdFUhf7OjdFyAhs8vT6fL2gtA,UgzbOpkfLStOANtbcrZ4AaABAg,"{'videoId': 'zEfTDpfyt1o', 'topLevelComment': {'kind': 'youtube#comment', 'etag': 'TbQwQ55Kf5IyUTlAQgGs9CIHKP0', 'id': 'UgzbOpkfLStOANtbcrZ4AaABAg', 'snippet': {'videoId': 'zEfTDpfyt1o', 'textDisplay': 'Por acaso a Globolixo defendeu a jovem pan???Eu nao vi em lugar algum.', 'textOriginal': 'Por acaso a Globolixo defendeu a jovem pan???Eu nao vi em lugar algum.', 'authorDisplayName': 'Daut Galvão de França', 'authorProfileImageUrl': 'https://yt3.ggpht.com/ytc/AGIKgqNfpain8gBSl-2JGrk0v9Fdk6oi54kbX6NnZw=s48-c-k-c0x00ffffff-no-rj', 'authorChannelUrl': 'http://www.youtube.com/channel/UClbsYYnq1j2A1tMyJ9xtjlA', 'authorChannelId': {'value': 'UClbsYYnq1j2A1tMyJ9xtjlA'}, 'canRate': True, 'viewerRating': 'none', 'likeCount': 0, 'publishedAt': '2022-10-23T22:40:17Z', 'updatedAt': '2022-10-23T22:40:17Z'}}, 'canReply': True, 'totalReplyCount': 0, 'isPublic': True}",,UClbsYYnq1j2A1tMyJ9xtjlA,2022-10-23T22:40:17Z,Por acaso a Globolixo defendeu a jovem pan???Eu nao vi em lugar algum.,QURTSl9pMTNIdmpJRGJwYWhCc3JVSWh0VDVWRjl5VjlSeHZZZlktVXZMcDk4eTlVR2JxR091RGxUNjVjSFpITWg2Ym1DNHItQTVSWDNBVQ==,2023-06-08 14:52:41.811151
youtube#commentThread,7Cmip_Db97h2Mcj1OlzjdUc9s-s,UgzSNEBsAng3ii_MQiB4AaABAg,"{'videoId': 'zEfTDpfyt1o', 'topLevelComment': {'kind': 'youtube#comment', 'etag': 'DrIbdDCF2SDPdjWbpa6vf7lHHvk', 'id': 'UgzSNEBsAng3ii_MQiB4AaABAg', 'snippet': {'videoId': 'zEfTDpfyt1o', 'textDisplay': 'Que todos paguem pelos crimes cometidos. Os agentes estavam cumprindo uma ordem, mesmo que seja uma ordem inconstitucional. A imprensa estava cumprindo o dever de reportar um acontecimento. O Roberto Jefferson perdeu o direito ao cometer tal ato, e o apoiador cometeu um crime de agressão.', 'textOriginal': 'Que todos paguem pelos crimes cometidos. Os agentes estavam cumprindo uma ordem, mesmo que seja uma ordem inconstitucional. A imprensa estava cumprindo o dever de reportar um acontecimento. O Roberto Jefferson perdeu o direito ao cometer tal ato, e o apoiador cometeu um crime de agressão.', 'authorDisplayName': 'Hélder Warney', 'authorProfileImageUrl': 'https://yt3.ggpht.com/ytc/AGIKgqNSDHdwaN2k7OfzQF4UzvkG0bak9oE-sQVQgHms=s48-c-k-c0x00ffffff-no-rj', 'authorChannelUrl': 'http://www.youtube.com/channel/UCYLP6DB897lWtpRFlk2Kf0Q', 'authorChannelId': {'value': 'UCYLP6DB897lWtpRFlk2Kf0Q'}, 'canRate': True, 'viewerRating': 'none', 'likeCount': 0, 'publishedAt': '2022-10-23T22:40:12Z', 'updatedAt': '2022-10-23T22:40:12Z'}}, 'canReply': True, 'totalReplyCount': 0, 'isPublic': True}",,UCYLP6DB897lWtpRFlk2Kf0Q,2022-10-23T22:40:12Z,"Que todos paguem pelos crimes cometidos. Os agentes estavam cumprindo uma ordem, mesmo que seja uma ordem inconstitucional. A imprensa estava cumprindo o dever de reportar um acontecimento. O Roberto Jefferson perdeu o direito ao cometer tal ato, e o apoiador cometeu um crime de agressão.",QURTSl9pMTNIdmpJRGJwYWhCc3JVSWh0VDVWRjl5VjlSeHZZZlktVXZMcDk4eTlVR2JxR091RGxUNjVjSFpITWg2Ym1DNHItQTVSWDNBVQ==,2023-06-08 14:52:41.811151
youtube#commentThread,q3lGtLATYIXC08Z4_iC5orAqAV8,UgyEzt-iSzTDMNqN8KV4AaABAg,"{'videoId': 'zEfTDpfyt1o', 'topLevelComment': {'kind': 'youtube#comment', 'etag': 'dZey0URGpzq2wCApy_ayK5ykQeQ', 'id': 'UgyEzt-iSzTDMNqN8KV4AaABAg', 'snippet': {'videoId': 'zEfTDpfyt1o', 'textDisplay': 'Ze maria eles nos agridem todos os dias,hj foi um acaso.', 'textOriginal': 'Ze maria eles nos agridem todos os dias,hj foi um acaso.', 'authorDisplayName': 'Almir Assunção', 'authorProfileImageUrl': 'https://yt3.ggpht.com/ytc/AGIKgqP8I-nNfcgzYX73zEIdp3brBomnnwlg1jVqGg=s48-c-k-c0x00ffffff-no-rj', 'authorChannelUrl': 'http://www.youtube.com/channel/UCEFe1r3Wm2573DHKUED3HJg', 'authorChannelId': {'value': 'UCEFe1r3Wm2573DHKUED3HJg'}, 'canRate': True, 'viewerRating': 'none', 'likeCount': 0, 'publishedAt': '2022-10-23T22:40:10Z', 'updatedAt': '2022-10-23T22:40:10Z'}}, 'canReply': True, 'totalReplyCount': 0, 'isPublic': True}",,UCEFe1r3Wm2573DHKUED3HJg,2022-10-23T22:40:10Z,"Ze maria eles nos agridem todos os dias,hj foi um acaso.",QURTSl9pMTNIdmpJRGJwYWhCc3JVSWh0VDVWRjl5VjlSeHZZZlktVXZMcDk4eTlVR2JxR091RGxUNjVjSFpITWg2Ym1DNHItQTVSWDNBVQ==,2023-06-08 14:52:41.811151
youtube#commentThread,E74m582kLCwQxjmmunevrOrAwTA,Ugw6WHGDyhlh9GT7ao54AaABAg,"{'videoId': 'zEfTDpfyt1o', 'topLevelComment': {'kind': 'youtube#comment', 'etag': 'GS3Ilv4o4DpnRrLX5LStZPLl8-E', 'id': 'Ugw6WHGDyhlh9GT7ao54AaABAg', 'snippet': {'videoId': 'zEfTDpfyt1o', 'textDisplay': 'Vcs são um dos culpados por defenderem esse presidente que fomenta o ódio nos seguidores doentes mentais', 'textOriginal': 'Vcs são um dos culpados por defenderem esse presidente que fomenta o ódio nos seguidores doentes mentais', 'authorDisplayName': 'Paulo Roberto', 'authorProfileImageUrl': 'https://yt3.ggpht.com/6dNogYWQ91eiYW6GjfIK2vjQEqH7J-y6qqSNkt1fmkUi0jWafJpne3uNgCx_s2FFvhFxIVKuDg=s48-c-k-c0x00ffffff-no-rj', 'authorChannelUrl': 'http://www.youtube.com/channel/UCYUrEpA9W6akGxAnoOD6vRg', 'authorChannelId': {'value': 'UCYUrEpA9W6akGxAnoOD6vRg'}, 'canRate': True, 'viewerRating': 'none', 'likeCount': 0, 'publishedAt': '2022-10-23T22:40:08Z', 'updatedAt': '2022-10-23T22:40:08Z'}}, 'canReply': True, 'totalReplyCount': 0, 'isPublic': True}",,UCYUrEpA9W6akGxAnoOD6vRg,2022-10-23T22:40:08Z,Vcs são um dos culpados por defenderem esse presidente que fomenta o ódio nos seguidores doentes mentais,QURTSl9pMTNIdmpJRGJwYWhCc3JVSWh0VDVWRjl5VjlSeHZZZlktVXZMcDk4eTlVR2JxR091RGxUNjVjSFpITWg2Ym1DNHItQTVSWDNBVQ==,2023-06-08 14:52:41.811151
youtube#commentThread,KDpqLZvv-UELtj5do8pJAKTjFFk,UgwDf66CYGd4-nYuQaZ4AaABAg,"{'videoId': 'zEfTDpfyt1o', 'topLevelComment': {'kind': 'youtube#comment', 'etag': 'Xz9l1K0o1pKzcJiIBeWfor5qwE4', 'id': 'UgwDf66CYGd4-nYuQaZ4AaABAg', 'snippet': {'videoId': 'zEfTDpfyt1o', 'textDisplay': 'O Xandao  deveria ir, prender,esse covarde verdugo  mas manda a polícia.. vai lá, não  tem coragem   covarde !', 'textOriginal': 'O Xandao  deveria ir, prender,esse covarde verdugo  mas manda a polícia.. vai lá, não  tem coragem   covarde !', 'authorDisplayName': 'Carmensita Leopoldina', 'authorProfileImageUrl': 'https://yt3.ggpht.com/ytc/AGIKgqM3q_vVF-XvDUZP9UaQdqlPtVscNethGX660A=s48-c-k-c0x00ffffff-no-rj', 'authorChannelUrl': 'http://www.youtube.com/channel/UCLP_ohP8DNWx2ko6gB0oPvg', 'authorChannelId': {'value': 'UCLP_ohP8DNWx2ko6gB0oPvg'}, 'canRate': True, 'viewerRating': 'none', 'likeCount': 0, 'publishedAt': '2022-10-23T22:40:05Z', 'updatedAt': '2022-10-23T22:40:05Z'}}, 'canReply': True, 'totalReplyCount': 0, 'isPublic': True}",,UCLP_ohP8DNWx2ko6gB0oPvg,2022-10-23T22:40:05Z,"O Xandao  deveria ir, prender,esse covarde verdugo  mas manda a polícia.. vai lá, não  tem coragem   covarde !",QURTSl9pMTNIdmpJRGJwYWhCc3JVSWh0VDVWRjl5VjlSeHZZZlktVXZMcDk4eTlVR2JxR091RGxUNjVjSFpITWg2Ym1DNHItQTVSWDNBVQ==,2023-06-08 14:52:41.811151
youtube#commentThread,AAybzL6x6g9mDwehdLGS9o9sgoc,UgztShMuPM3vclJHsgB4AaABAg,"{'videoId': 'zEfTDpfyt1o', 'topLevelComment': {'kind': 'youtube#comment', 'etag': 'MwzClanEHaCLy8q9DcRBwdFcLE8', 'id': 'UgztShMuPM3vclJHsgB4AaABAg', 'snippet': {'videoId': 'zEfTDpfyt1o', 'textDisplay': 'Ninguém mais pode falar o que quiser, ou expressar as suas opniões, isso é um absurdo! <br>E se o Lula ladrão ganhar vai ficar pior', 'textOriginal': 'Ninguém mais pode falar o que quiser, ou expressar as suas opniões, isso é um absurdo! \\nE se o Lula ladrão ganhar vai ficar pior', 'authorDisplayName': 'Roberto M.S', 'authorProfileImageUrl': 'https://yt3.ggpht.com/ytc/AGIKgqNSdc1_VMCfEqjTmwvHSHtNdWunALGChpG2kwAeDg=s48-c-k-c0x00ffffff-no-rj', 'authorChannelUrl': 'http://www.youtube.com/channel/UCUt8SlFpYzYVZDRHBKx4wZA', 'authorChannelId': {'value': 'UCUt8SlFpYzYVZDRHBKx4wZA'}, 'canRate': True, 'viewerRating': 'none', 'likeCount': 0, 'publishedAt': '2022-10-23T22:40:05Z', 'updatedAt': '2022-10-23T22:40:05Z'}}, 'canReply': True, 'totalReplyCount': 0, 'isPublic': True}",,UCUt8SlFpYzYVZDRHBKx4wZA,2022-10-23T22:40:05Z,"Ninguém mais pode falar o que quiser, ou expressar as suas opniões, isso é um absurdo! 
E se o Lula ladrão ganhar vai ficar pior",QURTSl9pMTNIdmpJRGJwYWhCc3JVSWh0VDVWRjl5VjlSeHZZZlktVXZMcDk4eTlVR2JxR091RGxUNjVjSFpITWg2Ym1DNHItQTVSWDNBVQ==,2023-06-08 14:52:41.811151
youtube#commentThread,KfDd4maDnvP8uOi04VVf6eVG2Bk,Ugx7rrr1klCqXWW8qOd4AaABAg,"{'videoId': 'zEfTDpfyt1o', 'topLevelComment': {'kind': 'youtube#comment', 'etag': '4wUPUg_OkWE3L4iSRn0v7BsJras', 'id': 'Ugx7rrr1klCqXWW8qOd4AaABAg', 'snippet': {'videoId': 'zEfTDpfyt1o', 'textDisplay': 'Só identificar o cara de verde que empurrou o cinegrafista , registras BO e fazer ele sofrer as consequencias da justiça', 'textOriginal': 'Só identificar o cara de verde que empurrou o cinegrafista , registras BO e fazer ele sofrer as consequencias da justiça', 'authorDisplayName': 'MBV', 'authorProfileImageUrl': 'https://yt3.ggpht.com/ytc/AGIKgqMpLg75pUd_Q5KIdkMelhBooHBChBt-8-GxlQ=s48-c-k-c0x00ffffff-no-rj', 'authorChannelUrl': 'http://www.youtube.com/channel/UCNyDEh-00tY-9Db_1ZW7lnQ', 'authorChannelId': {'value': 'UCNyDEh-00tY-9Db_1ZW7lnQ'}, 'canRate': True, 'viewerRating': 'none', 'likeCount': 0, 'publishedAt': '2022-10-23T22:40:04Z', 'updatedAt': '2022-10-23T22:40:04Z'}}, 'canReply': True, 'totalReplyCount': 0, 'isPublic': True}",,UCNyDEh-00tY-9Db_1ZW7lnQ,2022-10-23T22:40:04Z,"Só identificar o cara de verde que empurrou o cinegrafista , registras BO e fazer ele sofrer as consequencias da justiça",QURTSl9pMTNIdmpJRGJwYWhCc3JVSWh0VDVWRjl5VjlSeHZZZlktVXZMcDk4eTlVR2JxR091RGxUNjVjSFpITWg2Ym1DNHItQTVSWDNBVQ==,2023-06-08 14:52:41.811151
youtube#commentThread,JokO5eTbNcwSeVQHXLHS0EQTQhM,Ugxsv9dY-DvbI-cvI254AaABAg,"{'videoId': 'zEfTDpfyt1o', 'topLevelComment': {'kind': 'youtube#comment', 'etag': 'HqCk_ZkDYg5o6ANc5SF4B8r_WgU', 'id': 'Ugxsv9dY-DvbI-cvI254AaABAg', 'snippet': {'videoId': 'zEfTDpfyt1o', 'textDisplay': 'o bandido faz a cagada e a culpa é dos outros, o Brasil realmente é um país de loucos.', 'textOriginal': 'o bandido faz a cagada e a culpa é dos outros, o Brasil realmente é um país de loucos.', 'authorDisplayName': 'Sami Oliveira', 'authorProfileImageUrl': 'https://yt3.ggpht.com/ytc/AGIKgqM1EIsPOslLmaGLFGOr91SPO1xySMitDbtX1HEw=s48-c-k-c0x00ffffff-no-rj', 'authorChannelUrl': 'http://www.youtube.com/channel/UC3KgBmaxJP3Yht-GDCoJ__g', 'authorChannelId': {'value': 'UC3KgBmaxJP3Yht-GDCoJ__g'}, 'canRate': True, 'viewerRating': 'none', 'likeCount': 0, 'publishedAt': '2022-10-23T22:40:03Z', 'updatedAt': '2022-10-23T22:40:41Z'}}, 'canReply': True, 'totalReplyCount': 0, 'isPublic': True}",,UC3KgBmaxJP3Yht-GDCoJ__g,2022-10-23T22:40:03Z,"o bandido faz a cagada e a culpa é dos outros, o Brasil realmente é um país de loucos.",QURTSl9pMTNIdmpJRGJwYWhCc3JVSWh0VDVWRjl5VjlSeHZZZlktVXZMcDk4eTlVR2JxR091RGxUNjVjSFpITWg2Ym1DNHItQTVSWDNBVQ==,2023-06-08 14:52:41.811151
youtube#commentThread,yrtZb5tFxxv2pTaFfcIsC88RoNE,UgxPhRIcyIM52AaPuk94AaABAg,"{'videoId': 'zEfTDpfyt1o', 'topLevelComment': {'kind': 'youtube#comment', 'etag': 'HoCUK8-kcgcZNt0nVitMZDSh9Nc', 'id': 'UgxPhRIcyIM52AaPuk94AaABAg', 'snippet': {'videoId': 'zEfTDpfyt1o', 'textDisplay': 'Não somente os repórteres sao agredidos, mas qualquer&quot;  cidadão &quot; que se opõe a ideias bolsonaristas,é isso que esta acontecendo  ,infelizmente .', 'textOriginal': 'Não somente os repórteres sao agredidos, mas qualquer""  cidadão "" que se opõe a ideias bolsonaristas,é isso que esta acontecendo  ,infelizmente .', 'authorDisplayName': 'Marisa Da Costa', 'authorProfileImageUrl': 'https://yt3.ggpht.com/ytc/AGIKgqPmc3RPzhIc3lm_Qvs2-Qps5iW-c29YilvIayW-KQ=s48-c-k-c0x00ffffff-no-rj', 'authorChannelUrl': 'http://www.youtube.com/channel/UCBM090c1oVTiZqb6GIE3C8Q', 'authorChannelId': {'value': 'UCBM090c1oVTiZqb6GIE3C8Q'}, 'canRate': True, 'viewerRating': 'none', 'likeCount': 0, 'publishedAt': '2022-10-23T22:40:03Z', 'updatedAt': '2022-10-23T22:40:03Z'}}, 'canReply': True, 'totalReplyCount': 0, 'isPublic': True}",,UCBM090c1oVTiZqb6GIE3C8Q,2022-10-23T22:40:03Z,"Não somente os repórteres sao agredidos, mas qualquer""  cidadão "" que se opõe a ideias bolsonaristas,é isso que esta acontecendo  ,infelizmente .",QURTSl9pMTNIdmpJRGJwYWhCc3JVSWh0VDVWRjl5VjlSeHZZZlktVXZMcDk4eTlVR2JxR091RGxUNjVjSFpITWg2Ym1DNHItQTVSWDNBVQ==,2023-06-08 14:52:41.811151
youtube#commentThread,-ujRitQwBM7GDlJAaJTRzIffh_w,UgxHaxFR7aTbzmr-Uox4AaABAg,"{'videoId': 'zEfTDpfyt1o', 'topLevelComment': {'kind': 'youtube#comment', 'etag': 'TrFrVift1Yf_w81Rd7pBIXNQpos', 'id': 'UgxHaxFR7aTbzmr-Uox4AaABAg', 'snippet': {'videoId': 'zEfTDpfyt1o', 'textDisplay': 'Amo a JP pela sua seriedade e compromisso com a verdade. Excelentissimo ministro olha o tumulto que o senhor esta fazendo. Onde esta seu notorio saber juridico', 'textOriginal': 'Amo a JP pela sua seriedade e compromisso com a verdade. Excelentissimo ministro olha o tumulto que o senhor esta fazendo. Onde esta seu notorio saber juridico', 'authorDisplayName': 'Nilson Benicio', 'authorProfileImageUrl': 'https://yt3.ggpht.com/ytc/AGIKgqPuBcbR9n0Aj_QA_pYBe4aVyCpbhAVcWC-cSw=s48-c-k-c0x00ffffff-no-rj', 'authorChannelUrl': 'http://www.youtube.com/channel/UCOFkBEwlRn4h3BBx8L_0dtA', 'authorChannelId': {'value': 'UCOFkBEwlRn4h3BBx8L_0dtA'}, 'canRate': True, 'viewerRating': 'none', 'likeCount': 2, 'publishedAt': '2022-10-23T22:39:56Z', 'updatedAt': '2022-10-23T22:39:56Z'}}, 'canReply': True, 'totalReplyCount': 0, 'isPublic': True}",,UCOFkBEwlRn4h3BBx8L_0dtA,2022-10-23T22:39:56Z,Amo a JP pela sua seriedade e compromisso com a verdade. Excelentissimo ministro olha o tumulto que o senhor esta fazendo. Onde esta seu notorio saber juridico,QURTSl9pMTNIdmpJRGJwYWhCc3JVSWh0VDVWRjl5VjlSeHZZZlktVXZMcDk4eTlVR2JxR091RGxUNjVjSFpITWg2Ym1DNHItQTVSWDNBVQ==,2023-06-08 14:52:41.811151
youtube#commentThread,3mPlpvuRj_PyrFWMv2T9rZK5OOY,Ugx8d5Ql9OH1XXyL98l4AaABAg,"{'videoId': 'zEfTDpfyt1o', 'topLevelComment': {'kind': 'youtube#comment', 'etag': 'U9LW6nDfQ8yP1xseAcpmgRwuUlk', 'id': 'Ugx8d5Ql9OH1XXyL98l4AaABAg', 'snippet': {'videoId': 'zEfTDpfyt1o', 'textDisplay': 'JP, MUDE O TEXTO DE CHAMADA PARA &quot; APENAS UM ÚNICO AGRESSOR &quot;.<br>QUEM DEU/TEM GARANTIA DE QUE SEJA UM APOIADOR DO BOB JEFF ?', 'textOriginal': 'JP, MUDE O TEXTO DE CHAMADA PARA "" APENAS UM ÚNICO AGRESSOR "".\\nQUEM DEU/TEM GARANTIA DE QUE SEJA UM APOIADOR DO BOB JEFF ?', 'authorDisplayName': 'Serok #50', 'authorProfileImageUrl': 'https://yt3.ggpht.com/ytc/AGIKgqPf1UERnL0vLo3NnRF9xrglOC7L7P6jT_m04Q=s48-c-k-c0x00ffffff-no-rj', 'authorChannelUrl': 'http://www.youtube.com/channel/UCj0P3EQ5IyQZcDUxnEj4vTw', 'authorChannelId': {'value': 'UCj0P3EQ5IyQZcDUxnEj4vTw'}, 'canRate': True, 'viewerRating': 'none', 'likeCount': 0, 'publishedAt': '2022-10-23T22:39:53Z', 'updatedAt': '2022-10-23T22:46:16Z'}}, 'canReply': True, 'totalReplyCount': 0, 'isPublic': True}",,UCj0P3EQ5IyQZcDUxnEj4vTw,2022-10-23T22:39:53Z,"JP, MUDE O TEXTO DE CHAMADA PARA "" APENAS UM ÚNICO AGRESSOR "".
QUEM DEU/TEM GARANTIA DE QUE SEJA UM APOIADOR DO BOB JEFF ?",QURTSl9pMTNIdmpJRGJwYWhCc3JVSWh0VDVWRjl5VjlSeHZZZlktVXZMcDk4eTlVR2JxR091RGxUNjVjSFpITWg2Ym1DNHItQTVSWDNBVQ==,2023-06-08 14:52:41.811151
youtube#commentThread,f5R3Lq_T2PmpDPm8N-OHRKlzjTs,UgwXEhr3xE6lgiAVi4d4AaABAg,"{'videoId': 'zEfTDpfyt1o', 'topLevelComment': {'kind': 'youtube#comment', 'etag': 'U5_CzUdLRGW3OETlRutrOeZRrGo', 'id': 'UgwXEhr3xE6lgiAVi4d4AaABAg', 'snippet': {'videoId': 'zEfTDpfyt1o', 'textDisplay': 'Eu acho que aí teve uma grande armação dá jovem pan 🤔🤔', 'textOriginal': 'Eu acho que aí teve uma grande armação dá jovem pan 🤔🤔', 'authorDisplayName': 'Edvaldo Dias', 'authorProfileImageUrl': 'https://yt3.ggpht.com/OTT977JRD4l9DNerxjF8YGLN94AgeE-Uam3GAYBli39YR2XOG9iKmUojHcTS9sll7qIwcgfiZyM=s48-c-k-c0x00ffffff-no-rj', 'authorChannelUrl': 'http://www.youtube.com/channel/UC7N7A4WnhbBSyBc1iU8dtGQ', 'authorChannelId': {'value': 'UC7N7A4WnhbBSyBc1iU8dtGQ'}, 'canRate': True, 'viewerRating': 'none', 'likeCount': 0, 'publishedAt': '2022-10-23T22:39:48Z', 'updatedAt': '2022-10-23T22:39:48Z'}}, 'canReply': True, 'totalReplyCount': 0, 'isPublic': True}",,UC7N7A4WnhbBSyBc1iU8dtGQ,2022-10-23T22:39:48Z,Eu acho que aí teve uma grande armação dá jovem pan 🤔🤔,QURTSl9pMTNIdmpJRGJwYWhCc3JVSWh0VDVWRjl5VjlSeHZZZlktVXZMcDk4eTlVR2JxR091RGxUNjVjSFpITWg2Ym1DNHItQTVSWDNBVQ==,2023-06-08 14:52:41.811151
youtube#commentThread,wuSigC_FphNRMQHz0h3HyISeId8,UgwmG1SSCUxHvdvNMS54AaABAg,"{'videoId': 'zEfTDpfyt1o', 'topLevelComment': {'kind': 'youtube#comment', 'etag': 'Jr94MtgV0W4wncXjdneLu_3a0KQ', 'id': 'UgwmG1SSCUxHvdvNMS54AaABAg', 'snippet': {'videoId': 'zEfTDpfyt1o', 'textDisplay': 'O cidadão que  agrediu o cenografista deve responder pelo seu ato de irresponsabilidade, <br>Investigar também se ele é mesmo de direita.', 'textOriginal': 'O cidadão que  agrediu o cenografista deve responder pelo seu ato de irresponsabilidade, \\nInvestigar também se ele é mesmo de direita.', 'authorDisplayName': 'José Nerinho', 'authorProfileImageUrl': 'https://yt3.ggpht.com/ytc/AGIKgqMR8msF_BAQ2bluAWgI0RnO84cWkmkSNhyeqQ=s48-c-k-c0x00ffffff-no-rj', 'authorChannelUrl': 'http://www.youtube.com/channel/UC0nYjaRNvn2hRQhr78EwUYA', 'authorChannelId': {'value': 'UC0nYjaRNvn2hRQhr78EwUYA'}, 'canRate': True, 'viewerRating': 'none', 'likeCount': 0, 'publishedAt': '2022-10-23T22:39:47Z', 'updatedAt': '2022-10-23T22:39:47Z'}}, 'canReply': True, 'totalReplyCount': 0, 'isPublic': True}",,UC0nYjaRNvn2hRQhr78EwUYA,2022-10-23T22:39:47Z,"O cidadão que  agrediu o cenografista deve responder pelo seu ato de irresponsabilidade, 
Investigar também se ele é mesmo de direita.",QURTSl9pMTNIdmpJRGJwYWhCc3JVSWh0VDVWRjl5VjlSeHZZZlktVXZMcDk4eTlVR2JxR091RGxUNjVjSFpITWg2Ym1DNHItQTVSWDNBVQ==,2023-06-08 14:52:41.811151
youtube#commentThread,KCFX6uDW1RpRv3wBXaWx7g5JS64,UgyX23KKAnmwWrdwlVZ4AaABAg,"{'videoId': 'zEfTDpfyt1o', 'topLevelComment': {'kind': 'youtube#comment', 'etag': 'HFXZCsRB41BQaWpQdalQwIRWrVM', 'id': 'UgyX23KKAnmwWrdwlVZ4AaABAg', 'snippet': {'videoId': 'zEfTDpfyt1o', 'textDisplay': 'O homem psicologicamente está esgotado, já é um idoso, prisão sem necessidade, acho que só bastava um processo nele pagava  uma muta, agora o PT pode chegar Bolsonaro e nada acontece até de canibal chamaram Bolsonaro e nada foi feito, Niguem pode tocar em ninguém da esquerda', 'textOriginal': 'O homem psicologicamente está esgotado, já é um idoso, prisão sem necessidade, acho que só bastava um processo nele pagava  uma muta, agora o PT pode chegar Bolsonaro e nada acontece até de canibal chamaram Bolsonaro e nada foi feito, Niguem pode tocar em ninguém da esquerda', 'authorDisplayName': 'Marileide Alves', 'authorProfileImageUrl': 'https://yt3.ggpht.com/ytc/AGIKgqN7cTpovaiOhApu09K8tim76frf3F2LXdCmYQ=s48-c-k-c0x00ffffff-no-rj', 'authorChannelUrl': 'http://www.youtube.com/channel/UCUCjJ0J5pC9hvdbxtNz2nwA', 'authorChannelId': {'value': 'UCUCjJ0J5pC9hvdbxtNz2nwA'}, 'canRate': True, 'viewerRating': 'none', 'likeCount': 0, 'publishedAt': '2022-10-23T22:39:44Z', 'updatedAt': '2022-10-23T22:39:44Z'}}, 'canReply': True, 'totalReplyCount': 0, 'isPublic': True}",,UCUCjJ0J5pC9hvdbxtNz2nwA,2022-10-23T22:39:44Z,"O homem psicologicamente está esgotado, já é um idoso, prisão sem necessidade, acho que só bastava um processo nele pagava  uma muta, agora o PT pode chegar Bolsonaro e nada acontece até de canibal chamaram Bolsonaro e nada foi feito, Niguem pode tocar em ninguém da esquerda",QURTSl9pMTNIdmpJRGJwYWhCc3JVSWh0VDVWRjl5VjlSeHZZZlktVXZMcDk4eTlVR2JxR091RGxUNjVjSFpITWg2Ym1DNHItQTVSWDNBVQ==,2023-06-08 14:52:41.811151
youtube#commentThread,8Xz9wk2t-w7eX0n_4DKuHRdBgBM,UgxhHCQgzvKHVqfbZCt4AaABAg,"{'videoId': 'zEfTDpfyt1o', 'topLevelComment': {'kind': 'youtube#comment', 'etag': '8z9WPSsZdQdmroy6IUhHsuXx96o', 'id': 'UgxhHCQgzvKHVqfbZCt4AaABAg', 'snippet': {'videoId': 'zEfTDpfyt1o', 'textDisplay': 'e o fim mesmo.', 'textOriginal': 'e o fim mesmo.', 'authorDisplayName': 'Genivaldo Cícero', 'authorProfileImageUrl': 'https://yt3.ggpht.com/ytc/AGIKgqP8mGKRBcpwHRDMnHoa25fw5Y1nArZijPAgCqOj_A=s48-c-k-c0x00ffffff-no-rj', 'authorChannelUrl': 'http://www.youtube.com/channel/UC0navdEHuQKb80Gx0UdSnZw', 'authorChannelId': {'value': 'UC0navdEHuQKb80Gx0UdSnZw'}, 'canRate': True, 'viewerRating': 'none', 'likeCount': 0, 'publishedAt': '2022-10-23T22:39:41Z', 'updatedAt': '2022-10-23T22:39:41Z'}}, 'canReply': True, 'totalReplyCount': 0, 'isPublic': True}",,UC0navdEHuQKb80Gx0UdSnZw,2022-10-23T22:39:41Z,e o fim mesmo.,QURTSl9pMTNIdmpJRGJwYWhCc3JVSWh0VDVWRjl5VjlSeHZZZlktVXZMcDk4eTlVR2JxR091RGxUNjVjSFpITWg2Ym1DNHItQTVSWDNBVQ==,2023-06-08 14:52:41.811151
youtube#commentThread,tgobxXgzU9ZRQNPXgyErQmip5FI,Ugz7M8vJGAwlonivb6N4AaABAg,"{'videoId': 'zEfTDpfyt1o', 'topLevelComment': {'kind': 'youtube#comment', 'etag': 'iYMoER2j_49giZBz6alnLLtALWo', 'id': 'Ugz7M8vJGAwlonivb6N4AaABAg', 'snippet': {'videoId': 'zEfTDpfyt1o', 'textDisplay': 'Com certeza é alguém do pt no meio dos apoiadores de Roberto Jeferson, (isso tá estranho)', 'textOriginal': 'Com certeza é alguém do pt no meio dos apoiadores de Roberto Jeferson, (isso tá estranho)', 'authorDisplayName': 'Ylanit', 'authorProfileImageUrl': 'https://yt3.ggpht.com/q0bR_BpQTiltBHcXAJB6D862VAO3bMjyi5Kxa9PkbQQYpFXsnwvaM6pRRs7TOK0bDfpP7IEybA=s48-c-k-c0x00ffffff-no-rj', 'authorChannelUrl': 'http://www.youtube.com/channel/UC_qhvt5RQQiLhrSU08kmQew', 'authorChannelId': {'value': 'UC_qhvt5RQQiLhrSU08kmQew'}, 'canRate': True, 'viewerRating': 'none', 'likeCount': 0, 'publishedAt': '2022-10-23T22:39:41Z', 'updatedAt': '2022-10-23T22:39:41Z'}}, 'canReply': True, 'totalReplyCount': 0, 'isPublic': True}",,UC_qhvt5RQQiLhrSU08kmQew,2022-10-23T22:39:41Z,"Com certeza é alguém do pt no meio dos apoiadores de Roberto Jeferson, (isso tá estranho)",QURTSl9pMTNIdmpJRGJwYWhCc3JVSWh0VDVWRjl5VjlSeHZZZlktVXZMcDk4eTlVR2JxR091RGxUNjVjSFpITWg2Ym1DNHItQTVSWDNBVQ==,2023-06-08 14:52:41.811151
youtube#commentThread,i7sEaLUxZWGRBrhJlPFpy4ZIDp4,UgyVPmEAF9T2855igVR4AaABAg,"{'videoId': 'zEfTDpfyt1o', 'topLevelComment': {'kind': 'youtube#comment', 'etag': 'X0W8tJ_jxC8gYtyKj6anxqkFNK0', 'id': 'UgyVPmEAF9T2855igVR4AaABAg', 'snippet': {'videoId': 'zEfTDpfyt1o', 'textDisplay': 'Não pode ter violência concordo !....Mas até agora o pessoal da direita conservadora só está tomando porrada do pessoal da esquerda , estão apanhando igual á mulher de malandro ,até quando isso ?.....<br><br><br>Então o negócio é levar pau e ficar de boca fechada diante de uma policia que cumpre ordens inconstitucionais ??????', 'textOriginal': 'Não pode ter violência concordo !....Mas até agora o pessoal da direita conservadora só está tomando porrada do pessoal da esquerda , estão apanhando igual á mulher de malandro ,até quando isso ?.....\\n\\n\\nEntão o negócio é levar pau e ficar de boca fechada diante de uma policia que cumpre ordens inconstitucionais ??????', 'authorDisplayName': 'Luiz Fernando Nunes Antunes', 'authorProfileImageUrl': 'https://yt3.ggpht.com/ytc/AGIKgqOlIMXV_kACXk7v7DBo0QQJ3Y04gKe36WZtAnICNQ=s48-c-k-c0x00ffffff-no-rj', 'authorChannelUrl': 'http://www.youtube.com/channel/UCDcHb-ybEPp-9n-wnXIu2Jw', 'authorChannelId': {'value': 'UCDcHb-ybEPp-9n-wnXIu2Jw'}, 'canRate': True, 'viewerRating': 'none', 'likeCount': 0, 'publishedAt': '2022-10-23T22:39:36Z', 'updatedAt': '2022-10-23T22:39:36Z'}}, 'canReply': True, 'totalReplyCount': 0, 'isPublic': True}",,UCDcHb-ybEPp-9n-wnXIu2Jw,2022-10-23T22:39:36Z,"Não pode ter violência concordo !....Mas até agora o pessoal da direita conservadora só está tomando porrada do pessoal da esquerda , estão apanhando igual á mulher de malandro ,até quando isso ?.....


Então o negócio é levar pau e ficar de boca fechada diante de uma policia que cumpre ordens inconstitucionais ??????",QURTSl9pMTNIdmpJRGJwYWhCc3JVSWh0VDVWRjl5VjlSeHZZZlktVXZMcDk4eTlVR2JxR091RGxUNjVjSFpITWg2Ym1DNHItQTVSWDNBVQ==,2023-06-08 14:52:41.811151
youtube#commentThread,DAEkWBUtwRQvYd7_RHBs_DwVrVQ,UgwNVBvRICZpW5g7FE14AaABAg,"{'videoId': 'zEfTDpfyt1o', 'topLevelComment': {'kind': 'youtube#comment', 'etag': 'MLXBrG5wMTKOuR-D_WtoOF2i7pg', 'id': 'UgwNVBvRICZpW5g7FE14AaABAg', 'snippet': {'videoId': 'zEfTDpfyt1o', 'textDisplay': 'Bolsonarentos são todos covardes e satânicos', 'textOriginal': 'Bolsonarentos são todos covardes e satânicos', 'authorDisplayName': 'Regis Marcos', 'authorProfileImageUrl': 'https://yt3.ggpht.com/ytc/AGIKgqPgvjylh44pAzPHWoyhf2M3PJPm95rjnRGIxQ=s48-c-k-c0x00ffffff-no-rj', 'authorChannelUrl': 'http://www.youtube.com/channel/UCAthvu-IfSng-XJGDQSSpbg', 'authorChannelId': {'value': 'UCAthvu-IfSng-XJGDQSSpbg'}, 'canRate': True, 'viewerRating': 'none', 'likeCount': 0, 'publishedAt': '2022-10-23T22:39:32Z', 'updatedAt': '2022-10-23T22:39:32Z'}}, 'canReply': True, 'totalReplyCount': 0, 'isPublic': True}",,UCAthvu-IfSng-XJGDQSSpbg,2022-10-23T22:39:32Z,Bolsonarentos são todos covardes e satânicos,QURTSl9pMTNIdmpJRGJwYWhCc3JVSWh0VDVWRjl5VjlSeHZZZlktVXZMcDk4eTlVR2JxR091RGxUNjVjSFpITWg2Ym1DNHItQTVSWDNBVQ==,2023-06-08 14:52:41.811151
youtube#commentThread,yZSzgi-X-H3cEOXrRnAFBNHyTO4,Ugxvce66XbCQtTOPmAF4AaABAg,"{'videoId': 'zEfTDpfyt1o', 'topLevelComment': {'kind': 'youtube#comment', 'etag': '5lZo_f0Z7DuzYDwKmsfY8S-CzyI', 'id': 'Ugxvce66XbCQtTOPmAF4AaABAg', 'snippet': {'videoId': 'zEfTDpfyt1o', 'textDisplay': 'Ese e o Brasil do.bolsonaro que apoia bandido fora bolsonario e.todos.bandido', 'textOriginal': 'Ese e o Brasil do.bolsonaro que apoia bandido fora bolsonario e.todos.bandido', 'authorDisplayName': 'Silviano', 'authorProfileImageUrl': 'https://yt3.ggpht.com/ytc/AGIKgqMkfSXiNcYjmqNWoWNwa1Ms-MYdpPad9aaQ2oQq3659h9KEoPFkAGVLvIx_c1Ok=s48-c-k-c0x00ffffff-no-rj', 'authorChannelUrl': 'http://www.youtube.com/channel/UCvUgjXcC41A7z-2iMRwo7yg', 'authorChannelId': {'value': 'UCvUgjXcC41A7z-2iMRwo7yg'}, 'canRate': True, 'viewerRating': 'none', 'likeCount': 0, 'publishedAt': '2022-10-23T22:39:32Z', 'updatedAt': '2022-10-23T22:39:32Z'}}, 'canReply': True, 'totalReplyCount': 0, 'isPublic': True}",,UCvUgjXcC41A7z-2iMRwo7yg,2022-10-23T22:39:32Z,Ese e o Brasil do.bolsonaro que apoia bandido fora bolsonario e.todos.bandido,QURTSl9pMTNIdmpJRGJwYWhCc3JVSWh0VDVWRjl5VjlSeHZZZlktVXZMcDk4eTlVR2JxR091RGxUNjVjSFpITWg2Ym1DNHItQTVSWDNBVQ==,2023-06-08 14:52:41.811151
youtube#commentThread,XlPqfC3SVyvpzpcU_E0fufOtGNU,UgzSZAmO28SIDwgphzp4AaABAg,"{'videoId': 'zEfTDpfyt1o', 'topLevelComment': {'kind': 'youtube#comment', 'etag': 'e9CVSELI1w2E5O9xfxYZr3rE5xQ', 'id': 'UgzSZAmO28SIDwgphzp4AaABAg', 'snippet': {'videoId': 'zEfTDpfyt1o', 'textDisplay': 'Bandidos do Bozo!', 'textOriginal': 'Bandidos do Bozo!', 'authorDisplayName': 'FABRÍCIO LIMA', 'authorProfileImageUrl': 'https://yt3.ggpht.com/ytc/AGIKgqMiYDlB3aJQOrA41U7hQTZYahA19-DBQvLP9yk2Ew=s48-c-k-c0x00ffffff-no-rj', 'authorChannelUrl': 'http://www.youtube.com/channel/UC-1WAG_xmNu_Wlwv-GpZ0Wg', 'authorChannelId': {'value': 'UC-1WAG_xmNu_Wlwv-GpZ0Wg'}, 'canRate': True, 'viewerRating': 'none', 'likeCount': 0, 'publishedAt': '2022-10-23T22:39:31Z', 'updatedAt': '2022-10-23T22:39:31Z'}}, 'canReply': True, 'totalReplyCount': 0, 'isPublic': True}",,UC-1WAG_xmNu_Wlwv-GpZ0Wg,2022-10-23T22:39:31Z,Bandidos do Bozo!,QURTSl9pMTNIdmpJRGJwYWhCc3JVSWh0VDVWRjl5VjlSeHZZZlktVXZMcDk4eTlVR2JxR091RGxUNjVjSFpITWg2Ym1DNHItQTVSWDNBVQ==,2023-06-08 14:52:41.811151
youtube#commentThread,p5LgXJ_v_jEHzM492skZYowKRTs,UgwLVRdCvXBpiOJDMot4AaABAg,"{'videoId': 'zEfTDpfyt1o', 'topLevelComment': {'kind': 'youtube#comment', 'etag': 'RfvDtVTeDeS1EFRThsVy1BMsDTI', 'id': 'UgwLVRdCvXBpiOJDMot4AaABAg', 'snippet': {'videoId': 'zEfTDpfyt1o', 'textDisplay': 'Burros esta agressão é um prato cheio para a oposição!!', 'textOriginal': 'Burros esta agressão é um prato cheio para a oposição!!', 'authorDisplayName': 'Carlos godoy silva Silva', 'authorProfileImageUrl': 'https://yt3.ggpht.com/ytc/AGIKgqPF9mL5zkxSpdzD9DqyfISvIC5u8bANNN14DPS1SA=s48-c-k-c0x00ffffff-no-rj', 'authorChannelUrl': 'http://www.youtube.com/channel/UCtEtzmLIjiSMI8GStcrxT0g', 'authorChannelId': {'value': 'UCtEtzmLIjiSMI8GStcrxT0g'}, 'canRate': True, 'viewerRating': 'none', 'likeCount': 0, 'publishedAt': '2022-10-23T22:39:30Z', 'updatedAt': '2022-10-23T22:39:30Z'}}, 'canReply': True, 'totalReplyCount': 0, 'isPublic': True}",,UCtEtzmLIjiSMI8GStcrxT0g,2022-10-23T22:39:30Z,Burros esta agressão é um prato cheio para a oposição!!,QURTSl9pMTNIdmpJRGJwYWhCc3JVSWh0VDVWRjl5VjlSeHZZZlktVXZMcDk4eTlVR2JxR091RGxUNjVjSFpITWg2Ym1DNHItQTVSWDNBVQ==,2023-06-08 14:52:41.811151
youtube#commentThread,sQSgzpBKRCs2_60eaBlxu3HDkAk,UgybP_Z_D43Mg1yFaLh4AaABAg,"{'videoId': 'zEfTDpfyt1o', 'topLevelComment': {'kind': 'youtube#comment', 'etag': 'QdfRnhCaO1FEXR-vD0dSwUjcu2c', 'id': 'UgybP_Z_D43Mg1yFaLh4AaABAg', 'snippet': {'videoId': 'zEfTDpfyt1o', 'textDisplay': 'A reação do Roberto Jeferson não é aceitável,mas é perfeitamente compreensível porque não é de hoje que ele e outros está sendo violentamente judiado por os piores fora das leis porque eles são os guardiões da própria,ou deveria ser.', 'textOriginal': 'A reação do Roberto Jeferson não é aceitável,mas é perfeitamente compreensível porque não é de hoje que ele e outros está sendo violentamente judiado por os piores fora das leis porque eles são os guardiões da própria,ou deveria ser.', 'authorDisplayName': 'telma maria', 'authorProfileImageUrl': 'https://yt3.ggpht.com/ytc/AGIKgqNO49aqjnn2FsV7TcQr6kovWjhC7VAWDn2WRQ=s48-c-k-c0x00ffffff-no-rj', 'authorChannelUrl': 'http://www.youtube.com/channel/UCswrCbQE0obUs2_2MkYGi-g', 'authorChannelId': {'value': 'UCswrCbQE0obUs2_2MkYGi-g'}, 'canRate': True, 'viewerRating': 'none', 'likeCount': 7, 'publishedAt': '2022-10-23T22:39:28Z', 'updatedAt': '2022-10-23T22:39:28Z'}}, 'canReply': True, 'totalReplyCount': 1, 'isPublic': True}","{'comments': [{'kind': 'youtube#comment', 'etag': 'NyA4O1tblZE3yFZXER-aR_-BVHo', 'id': 'UgybP_Z_D43Mg1yFaLh4AaABAg.9hYC8OARJPk9hYWrT24z58', 'snippet': {'videoId': 'zEfTDpfyt1o', 'textDisplay': 'Assalto ao domingo meio dia, eu furava eles...jagunços do títere...com mandado sem respaldo constitucional...fazendo bico....com a farda da PF para impressionar..', 'textOriginal': 'Assalto ao domingo meio dia, eu furava eles...jagunços do títere...com mandado sem respaldo constitucional...fazendo bico....com a farda da PF para impressionar..', 'parentId': 'UgybP_Z_D43Mg1yFaLh4AaABAg', 'authorDisplayName': 'Tiburcio Nascimento', 'authorProfileImageUrl': 'https://yt3.ggpht.com/ytc/AGIKgqPYJ16XbloZp1nRif2q9UiINjE9b3aLcJFllVpYZmGF8L32gAvFuJ_fm0H5T6oa=s48-c-k-c0x00ffffff-no-rj', 'authorChannelUrl': 'http://www.youtube.com/channel/UCOpVT2WBtvOTmNgRgNreY3Q', 'authorChannelId': {'value': 'UCOpVT2WBtvOTmNgRgNreY3Q'}, 'canRate': True, 'viewerRating': 'none', 'likeCount': 0, 'publishedAt': '2022-10-24T01:40:32Z', 'updatedAt': '2022-10-24T01:40:32Z'}}]}",UCswrCbQE0obUs2_2MkYGi-g,2022-10-23T22:39:28Z,"A reação do Roberto Jeferson não é aceitável,mas é perfeitamente compreensível porque não é de hoje que ele e outros está sendo violentamente judiado por os piores fora das leis porque eles são os guardiões da própria,ou deveria ser.",QURTSl9pMTNIdmpJRGJwYWhCc3JVSWh0VDVWRjl5VjlSeHZZZlktVXZMcDk4eTlVR2JxR091RGxUNjVjSFpITWg2Ym1DNHItQTVSWDNBVQ==,2023-06-08 14:52:41.811151
youtube#commentThread,SmpTjzhhW4iTHPL7DaqFqhaEDKM,UgwPOOLoJu61kFXh58N4AaABAg,"{'videoId': 'zEfTDpfyt1o', 'topLevelComment': {'kind': 'youtube#comment', 'etag': '7_8Y1nrYL9Gmf4UArYJU0lcndxg', 'id': 'UgwPOOLoJu61kFXh58N4AaABAg', 'snippet': {'videoId': 'zEfTDpfyt1o', 'textDisplay': 'UM cara fez isso...', 'textOriginal': 'UM cara fez isso...', 'authorDisplayName': 'Vera Leite Fagundes', 'authorProfileImageUrl': 'https://yt3.ggpht.com/ytc/AGIKgqNlhrSszPfAc3zOkgsZFNdfge6lIZtZCaI5GQ=s48-c-k-c0x00ffffff-no-rj', 'authorChannelUrl': 'http://www.youtube.com/channel/UCKxSGh3Md6aexeEnZiVlnoQ', 'authorChannelId': {'value': 'UCKxSGh3Md6aexeEnZiVlnoQ'}, 'canRate': True, 'viewerRating': 'none', 'likeCount': 0, 'publishedAt': '2022-10-23T22:39:26Z', 'updatedAt': '2022-10-23T22:39:26Z'}}, 'canReply': True, 'totalReplyCount': 0, 'isPublic': True}",,UCKxSGh3Md6aexeEnZiVlnoQ,2022-10-23T22:39:26Z,UM cara fez isso...,QURTSl9pMTNIdmpJRGJwYWhCc3JVSWh0VDVWRjl5VjlSeHZZZlktVXZMcDk4eTlVR2JxR091RGxUNjVjSFpITWg2Ym1DNHItQTVSWDNBVQ==,2023-06-08 14:52:41.811151
youtube#commentThread,1DXxN6hr2soZcqQcYJdD5C9VJdw,Ugy_5GtPZ176_ncq8KZ4AaABAg,"{'videoId': 'zEfTDpfyt1o', 'topLevelComment': {'kind': 'youtube#comment', 'etag': '15TdVgczdZKTBauYS230UbHB6Qk', 'id': 'Ugy_5GtPZ176_ncq8KZ4AaABAg', 'snippet': {'videoId': 'zEfTDpfyt1o', 'textDisplay': 'Isso é novidade, será que esses mesmos apoiadores é apoiadores de quem mais?', 'textOriginal': 'Isso é novidade, será que esses mesmos apoiadores é apoiadores de quem mais?', 'authorDisplayName': 'Alandelon Alves de Carvalho', 'authorProfileImageUrl': 'https://yt3.ggpht.com/ytc/AGIKgqPzC1n_T3CNStm4lgd20J6AGRd1R2SYd5fWZmX_=s48-c-k-c0x00ffffff-no-rj', 'authorChannelUrl': 'http://www.youtube.com/channel/UC7ir_Se5qt14NaGxsvwq8bA', 'authorChannelId': {'value': 'UC7ir_Se5qt14NaGxsvwq8bA'}, 'canRate': True, 'viewerRating': 'none', 'likeCount': 0, 'publishedAt': '2022-10-23T22:39:23Z', 'updatedAt': '2022-10-23T22:39:23Z'}}, 'canReply': True, 'totalReplyCount': 0, 'isPublic': True}",,UC7ir_Se5qt14NaGxsvwq8bA,2022-10-23T22:39:23Z,"Isso é novidade, será que esses mesmos apoiadores é apoiadores de quem mais?",QURTSl9pMTNIdmpJRGJwYWhCc3JVSWh0VDVWRjl5VjlSeHZZZlktVXZMcDk4eTlVR2JxR091RGxUNjVjSFpITWg2Ym1DNHItQTVSWDNBVQ==,2023-06-08 14:52:41.811151
youtube#commentThread,WiR-ijgAo_xTzo0KK0xnjjxXnso,UgyxQrwDZd09yUDetwh4AaABAg,"{'videoId': 'zEfTDpfyt1o', 'topLevelComment': {'kind': 'youtube#comment', 'etag': 'VvDKD06myhrTZ4KP0Vjh-2UFQyA', 'id': 'UgyxQrwDZd09yUDetwh4AaABAg', 'snippet': {'videoId': 'zEfTDpfyt1o', 'textDisplay': 'A Rede Globo vem patrocinando, estimulando essa violência, os seus âncoras tendenciosos , mentem, inventam narrativas, a população já percebeu, mas seus profissionais, suas equipes não devem serem agredidos, são trabalhadores como nós , vamos protegê-los ! Bolsonaro 22 reeleito!', 'textOriginal': 'A Rede Globo vem patrocinando, estimulando essa violência, os seus âncoras tendenciosos , mentem, inventam narrativas, a população já percebeu, mas seus profissionais, suas equipes não devem serem agredidos, são trabalhadores como nós , vamos protegê-los ! Bolsonaro 22 reeleito!', 'authorDisplayName': 'pedro marques', 'authorProfileImageUrl': 'https://yt3.ggpht.com/ytc/AGIKgqNNQ5LguOD5rkCYEnY9hGuUKF3lc995_rHQdw=s48-c-k-c0x00ffffff-no-rj', 'authorChannelUrl': 'http://www.youtube.com/channel/UCrHGdyAHIsIm6dP7WkNi6Xg', 'authorChannelId': {'value': 'UCrHGdyAHIsIm6dP7WkNi6Xg'}, 'canRate': True, 'viewerRating': 'none', 'likeCount': 0, 'publishedAt': '2022-10-23T22:39:22Z', 'updatedAt': '2022-10-23T22:39:22Z'}}, 'canReply': True, 'totalReplyCount': 0, 'isPublic': True}",,UCrHGdyAHIsIm6dP7WkNi6Xg,2022-10-23T22:39:22Z,"A Rede Globo vem patrocinando, estimulando essa violência, os seus âncoras tendenciosos , mentem, inventam narrativas, a população já percebeu, mas seus profissionais, suas equipes não devem serem agredidos, são trabalhadores como nós , vamos protegê-los ! Bolsonaro 22 reeleito!",QURTSl9pMTNIdmpJRGJwYWhCc3JVSWh0VDVWRjl5VjlSeHZZZlktVXZMcDk4eTlVR2JxR091RGxUNjVjSFpITWg2Ym1DNHItQTVSWDNBVQ==,2023-06-08 14:52:41.811151
youtube#commentThread,wtp9lFEkKoXA-jxEPF-XRq7NNW4,Ugz5z4vIg8trRfRqYkx4AaABAg,"{'videoId': 'zEfTDpfyt1o', 'topLevelComment': {'kind': 'youtube#comment', 'etag': '65YVa8huO2XwLkzFQjcUgywn3KA', 'id': 'Ugz5z4vIg8trRfRqYkx4AaABAg', 'snippet': {'videoId': 'zEfTDpfyt1o', 'textDisplay': 'A ditadura tá rolando solta e ninguém fala disso bando de covarde', 'textOriginal': 'A ditadura tá rolando solta e ninguém fala disso bando de covarde', 'authorDisplayName': 'Maria Gomes', 'authorProfileImageUrl': 'https://yt3.ggpht.com/ytc/AGIKgqMT_aC3gAIZXZ2md9bvW0e8Gjd59GdNebcolxF7iA=s48-c-k-c0x00ffffff-no-rj', 'authorChannelUrl': 'http://www.youtube.com/channel/UCqJiLAujygbWRux7UpTHt1Q', 'authorChannelId': {'value': 'UCqJiLAujygbWRux7UpTHt1Q'}, 'canRate': True, 'viewerRating': 'none', 'likeCount': 0, 'publishedAt': '2022-10-23T22:39:22Z', 'updatedAt': '2022-10-23T22:39:22Z'}}, 'canReply': True, 'totalReplyCount': 0, 'isPublic': True}",,UCqJiLAujygbWRux7UpTHt1Q,2022-10-23T22:39:22Z,A ditadura tá rolando solta e ninguém fala disso bando de covarde,QURTSl9pMTNIdmpJRGJwYWhCc3JVSWh0VDVWRjl5VjlSeHZZZlktVXZMcDk4eTlVR2JxR091RGxUNjVjSFpITWg2Ym1DNHItQTVSWDNBVQ==,2023-06-08 14:52:41.811151
youtube#commentThread,B70S0jDc37lu1K76_Ii5x7L_UQQ,UgxqDUbja1GzT1SLOet4AaABAg,"{'videoId': 'zEfTDpfyt1o', 'topLevelComment': {'kind': 'youtube#comment', 'etag': 'w7EMOX7edEhyozOdG8-98oQQUKU', 'id': 'UgxqDUbja1GzT1SLOet4AaABAg', 'snippet': {'videoId': 'zEfTDpfyt1o', 'textDisplay': 'A impressa trabalha p ditadura', 'textOriginal': 'A impressa trabalha p ditadura', 'authorDisplayName': 'Zilmar Abreu Rocha Leite Netto', 'authorProfileImageUrl': 'https://yt3.ggpht.com/ytc/AGIKgqN8e0tuMk2hSBDjyTX49a3viTpcGvXLsthbvQ=s48-c-k-c0x00ffffff-no-rj', 'authorChannelUrl': 'http://www.youtube.com/channel/UCQMHga_2I-LyBeSAFXS5EuQ', 'authorChannelId': {'value': 'UCQMHga_2I-LyBeSAFXS5EuQ'}, 'canRate': True, 'viewerRating': 'none', 'likeCount': 0, 'publishedAt': '2022-10-23T22:39:22Z', 'updatedAt': '2022-10-23T22:39:22Z'}}, 'canReply': True, 'totalReplyCount': 0, 'isPublic': True}",,UCQMHga_2I-LyBeSAFXS5EuQ,2022-10-23T22:39:22Z,A impressa trabalha p ditadura,QURTSl9pMTNIdmpJRGJwYWhCc3JVSWh0VDVWRjl5VjlSeHZZZlktVXZMcDk4eTlVR2JxR091RGxUNjVjSFpITWg2Ym1DNHItQTVSWDNBVQ==,2023-06-08 14:52:41.811151
youtube#commentThread,F5Zm2rgrS2BltQzsBn8iVj0nbEA,UgwYrKjO9YIqiIQEvzh4AaABAg,"{'videoId': 'zEfTDpfyt1o', 'topLevelComment': {'kind': 'youtube#comment', 'etag': 'FMmRMAZB3xXkO5A-QC8mVQ_rsKw', 'id': 'UgwYrKjO9YIqiIQEvzh4AaABAg', 'snippet': {'videoId': 'zEfTDpfyt1o', 'textDisplay': 'Esse Roberto Jeferson é apoiador de quem', 'textOriginal': 'Esse Roberto Jeferson é apoiador de quem', 'authorDisplayName': 'Francieli Vieira', 'authorProfileImageUrl': 'https://yt3.ggpht.com/ytc/AGIKgqM3I2ff6USnjOk2LoiX_Scz6Ar2nMe0Y3UA_w=s48-c-k-c0x00ffffff-no-rj', 'authorChannelUrl': 'http://www.youtube.com/channel/UCXiF-jf7LvIlkfOU8lqo7BA', 'authorChannelId': {'value': 'UCXiF-jf7LvIlkfOU8lqo7BA'}, 'canRate': True, 'viewerRating': 'none', 'likeCount': 0, 'publishedAt': '2022-10-23T22:39:19Z', 'updatedAt': '2022-10-23T22:39:19Z'}}, 'canReply': True, 'totalReplyCount': 0, 'isPublic': True}",,UCXiF-jf7LvIlkfOU8lqo7BA,2022-10-23T22:39:19Z,Esse Roberto Jeferson é apoiador de quem,QURTSl9pMTNIdmpJRGJwYWhCc3JVSWh0VDVWRjl5VjlSeHZZZlktVXZMcDk4eTlVR2JxR091RGxUNjVjSFpITWg2Ym1DNHItQTVSWDNBVQ==,2023-06-08 14:52:41.811151
youtube#commentThread,bwOCLccW9uy5ZIXMJkujpV5fVJk,UgzcjGQM9L3elxquAbx4AaABAg,"{'videoId': 'zEfTDpfyt1o', 'topLevelComment': {'kind': 'youtube#comment', 'etag': 'hPNmKXRPt5-wgVx9eu2HPgg5sCo', 'id': 'UgzcjGQM9L3elxquAbx4AaABAg', 'snippet': {'videoId': 'zEfTDpfyt1o', 'textDisplay': 'QUEM É O MAIOR AGRESSOR DA IMPRENSA NESSE PAIS, O SAFADO DO BOLSONARO', 'textOriginal': 'QUEM É O MAIOR AGRESSOR DA IMPRENSA NESSE PAIS, O SAFADO DO BOLSONARO', 'authorDisplayName': 'Romulo Pereira', 'authorProfileImageUrl': 'https://yt3.ggpht.com/ytc/AGIKgqNC5TUuV2hWZ1SPjIUk_NOM8-wtcWmmR8aFvQ=s48-c-k-c0x00ffffff-no-rj', 'authorChannelUrl': 'http://www.youtube.com/channel/UChvGHU2ChfzelQVs3D7Kj1w', 'authorChannelId': {'value': 'UChvGHU2ChfzelQVs3D7Kj1w'}, 'canRate': True, 'viewerRating': 'none', 'likeCount': 0, 'publishedAt': '2022-10-23T22:39:18Z', 'updatedAt': '2022-10-23T22:39:18Z'}}, 'canReply': True, 'totalReplyCount': 0, 'isPublic': True}",,UChvGHU2ChfzelQVs3D7Kj1w,2022-10-23T22:39:18Z,"QUEM É O MAIOR AGRESSOR DA IMPRENSA NESSE PAIS, O SAFADO DO BOLSONARO",QURTSl9pMTNIdmpJRGJwYWhCc3JVSWh0VDVWRjl5VjlSeHZZZlktVXZMcDk4eTlVR2JxR091RGxUNjVjSFpITWg2Ym1DNHItQTVSWDNBVQ==,2023-06-08 14:52:41.811151
youtube#commentThread,Jh3ZMfjo8gKyp0nmt_DLXb0bErs,UgwOGEzWbK7xAspqfed4AaABAg,"{'videoId': 'zEfTDpfyt1o', 'topLevelComment': {'kind': 'youtube#comment', 'etag': 'zQuiKcUVdIbq6ccsqWzOiEEu7Z4', 'id': 'UgwOGEzWbK7xAspqfed4AaABAg', 'snippet': {'videoId': 'zEfTDpfyt1o', 'textDisplay': 'O Xandao pegou a fraqueza de Bolsonaro do congresso e das FFAA que nada fazem pra coibir os desmandos do STF, tal o resultado', 'textOriginal': 'O Xandao pegou a fraqueza de Bolsonaro do congresso e das FFAA que nada fazem pra coibir os desmandos do STF, tal o resultado', 'authorDisplayName': 'Jocelio De lara', 'authorProfileImageUrl': 'https://yt3.ggpht.com/ytc/AGIKgqMFMxWAzhxuHQVACgIm6r7B0COzoDCMbWjwsw=s48-c-k-c0x00ffffff-no-rj', 'authorChannelUrl': 'http://www.youtube.com/channel/UCm1tA62mHATrP5c30U1FyNw', 'authorChannelId': {'value': 'UCm1tA62mHATrP5c30U1FyNw'}, 'canRate': True, 'viewerRating': 'none', 'likeCount': 1, 'publishedAt': '2022-10-23T22:39:18Z', 'updatedAt': '2022-10-23T22:39:18Z'}}, 'canReply': True, 'totalReplyCount': 0, 'isPublic': True}",,UCm1tA62mHATrP5c30U1FyNw,2022-10-23T22:39:18Z,"O Xandao pegou a fraqueza de Bolsonaro do congresso e das FFAA que nada fazem pra coibir os desmandos do STF, tal o resultado",QURTSl9pMTNIdmpJRGJwYWhCc3JVSWh0VDVWRjl5VjlSeHZZZlktVXZMcDk4eTlVR2JxR091RGxUNjVjSFpITWg2Ym1DNHItQTVSWDNBVQ==,2023-06-08 14:52:41.811151
youtube#commentThread,oSumtA1-k-TbP1dftdV7RE9wZEk,UgxRt4g2LR79xBBKR-R4AaABAg,"{'videoId': 'zEfTDpfyt1o', 'topLevelComment': {'kind': 'youtube#comment', 'etag': 'au3r2b4gB_cZayqLFM6b9Gv6-o8', 'id': 'UgxRt4g2LR79xBBKR-R4AaABAg', 'snippet': {'videoId': 'zEfTDpfyt1o', 'textDisplay': 'As pessoas já estão por aqui!  Isso não vai acabar bem. Vcs mesmo levaram as coisas a essa situação.', 'textOriginal': 'As pessoas já estão por aqui!  Isso não vai acabar bem. Vcs mesmo levaram as coisas a essa situação.', 'authorDisplayName': 'Liah Magal Bellydancer', 'authorProfileImageUrl': 'https://yt3.ggpht.com/5DDRysOLLjjOXRL1oUEtHs9HXkVVYm2hs-ihLgZq_k0-lEipZeq2KYUju7uFmspmfO7Vh1Efew=s48-c-k-c0x00ffffff-no-rj', 'authorChannelUrl': 'http://www.youtube.com/channel/UC0DMxjkpXyqcfBb4I6cxvvA', 'authorChannelId': {'value': 'UC0DMxjkpXyqcfBb4I6cxvvA'}, 'canRate': True, 'viewerRating': 'none', 'likeCount': 0, 'publishedAt': '2022-10-23T22:39:15Z', 'updatedAt': '2022-10-23T22:39:15Z'}}, 'canReply': True, 'totalReplyCount': 0, 'isPublic': True}",,UC0DMxjkpXyqcfBb4I6cxvvA,2022-10-23T22:39:15Z,As pessoas já estão por aqui!  Isso não vai acabar bem. Vcs mesmo levaram as coisas a essa situação.,QURTSl9pMTNIdmpJRGJwYWhCc3JVSWh0VDVWRjl5VjlSeHZZZlktVXZMcDk4eTlVR2JxR091RGxUNjVjSFpITWg2Ym1DNHItQTVSWDNBVQ==,2023-06-08 14:52:41.811151
youtube#commentThread,aXSeY7vMQB4Hi32COu9mmRwsF-c,UgxYc8LuAOVL_PBtMqB4AaABAg,"{'videoId': 'zEfTDpfyt1o', 'topLevelComment': {'kind': 'youtube#comment', 'etag': 'pZ12kseLpuVnKX4oevX6WfpvOnQ', 'id': 'UgxYc8LuAOVL_PBtMqB4AaABAg', 'snippet': {'videoId': 'zEfTDpfyt1o', 'textDisplay': 'o problema vem da globo 📺🗞 que perdeu a credibilidade com notícias manipuladas e com essa coisa de sempre defender bandidos 😡', 'textOriginal': 'o problema vem da globo 📺🗞 que perdeu a credibilidade com notícias manipuladas e com essa coisa de sempre defender bandidos 😡', 'authorDisplayName': 'Marcelo Taxi', 'authorProfileImageUrl': 'https://yt3.ggpht.com/ytc/AGIKgqM9OSEfe19PWqI3dYxyR1zHjB_HGm7h6PnG-vpugQ=s48-c-k-c0x00ffffff-no-rj', 'authorChannelUrl': 'http://www.youtube.com/channel/UCRXDdu8_FfqwyST56vH89HQ', 'authorChannelId': {'value': 'UCRXDdu8_FfqwyST56vH89HQ'}, 'canRate': True, 'viewerRating': 'none', 'likeCount': 0, 'publishedAt': '2022-10-23T22:39:15Z', 'updatedAt': '2022-10-23T22:39:15Z'}}, 'canReply': True, 'totalReplyCount': 0, 'isPublic': True}",,UCRXDdu8_FfqwyST56vH89HQ,2022-10-23T22:39:15Z,o problema vem da globo 📺🗞 que perdeu a credibilidade com notícias manipuladas e com essa coisa de sempre defender bandidos 😡,QURTSl9pMTNIdmpJRGJwYWhCc3JVSWh0VDVWRjl5VjlSeHZZZlktVXZMcDk4eTlVR2JxR091RGxUNjVjSFpITWg2Ym1DNHItQTVSWDNBVQ==,2023-06-08 14:52:41.811151
youtube#commentThread,uugX9uj3UfYRq5iMayv-LTZWhuc,UgwHIHnsakcLwXvFNMR4AaABAg,"{'videoId': 'zEfTDpfyt1o', 'topLevelComment': {'kind': 'youtube#comment', 'etag': 'M8cO40ZgUi8sNmz3-tNg8G3-SN8', 'id': 'UgwHIHnsakcLwXvFNMR4AaABAg', 'snippet': {'videoId': 'zEfTDpfyt1o', 'textDisplay': 'Isso não justifica a prisão arbitrária do Bob jefferson', 'textOriginal': 'Isso não justifica a prisão arbitrária do Bob jefferson', 'authorDisplayName': 'Ricardo Ferraz da cunha', 'authorProfileImageUrl': 'https://yt3.ggpht.com/ytc/AGIKgqNo7mhk8JBVBNp1k84SF4umQEFXZb5r9_7tXnn1dnDQAMr962GFF9W1hqeuKUt0=s48-c-k-c0x00ffffff-no-rj', 'authorChannelUrl': 'http://www.youtube.com/channel/UCinqSsWi4_FItJtlMlBqlkg', 'authorChannelId': {'value': 'UCinqSsWi4_FItJtlMlBqlkg'}, 'canRate': True, 'viewerRating': 'none', 'likeCount': 4, 'publishedAt': '2022-10-23T22:39:15Z', 'updatedAt': '2022-10-23T22:39:15Z'}}, 'canReply': True, 'totalReplyCount': 1, 'isPublic': True}","{'comments': [{'kind': 'youtube#comment', 'etag': 'LJtDYyfagi-JDo-Wmo-1IO2Hjus', 'id': 'UgwHIHnsakcLwXvFNMR4AaABAg.9hYC6hnFMK_9hYeNVCMy0-', 'snippet': {'videoId': 'zEfTDpfyt1o', 'textDisplay': 'Porque fala o que a máfia não quer ouvir...a verdade..', 'textOriginal': 'Porque fala o que a máfia não quer ouvir...a verdade..', 'parentId': 'UgwHIHnsakcLwXvFNMR4AaABAg', 'authorDisplayName': 'Tiburcio Nascimento', 'authorProfileImageUrl': 'https://yt3.ggpht.com/ytc/AGIKgqPYJ16XbloZp1nRif2q9UiINjE9b3aLcJFllVpYZmGF8L32gAvFuJ_fm0H5T6oa=s48-c-k-c0x00ffffff-no-rj', 'authorChannelUrl': 'http://www.youtube.com/channel/UCOpVT2WBtvOTmNgRgNreY3Q', 'authorChannelId': {'value': 'UCOpVT2WBtvOTmNgRgNreY3Q'}, 'canRate': True, 'viewerRating': 'none', 'likeCount': 1, 'publishedAt': '2022-10-24T02:54:56Z', 'updatedAt': '2022-10-24T02:54:56Z'}}]}",UCinqSsWi4_FItJtlMlBqlkg,2022-10-23T22:39:15Z,Isso não justifica a prisão arbitrária do Bob jefferson,QURTSl9pMTNIdmpJRGJwYWhCc3JVSWh0VDVWRjl5VjlSeHZZZlktVXZMcDk4eTlVR2JxR091RGxUNjVjSFpITWg2Ym1DNHItQTVSWDNBVQ==,2023-06-08 14:52:41.811151
youtube#commentThread,ZSLA31WwP8TiG5R-rTSmsf0Nhbw,UgyevFWxbIGhXFhFDcF4AaABAg,"{'videoId': 'zEfTDpfyt1o', 'topLevelComment': {'kind': 'youtube#comment', 'etag': 'Y1F-kf1C_RYbJ4GY-LqBs003t7M', 'id': 'UgyevFWxbIGhXFhFDcF4AaABAg', 'snippet': {'videoId': 'zEfTDpfyt1o', 'textDisplay': 'Eles gostam da censura, normal.<br>A globolixo colhendo o que  planta.', 'textOriginal': 'Eles gostam da censura, normal.\\nA globolixo colhendo o que  planta.', 'authorDisplayName': 'Feliz', 'authorProfileImageUrl': 'https://yt3.ggpht.com/dVb7C7loz_ztBXHkI5-bjwrDYnRw0xMa52q25v__YYjP_kFFEL89RQ41DWGCg9FeS--Swzgk=s48-c-k-c0x00ffffff-no-rj', 'authorChannelUrl': 'http://www.youtube.com/channel/UCF-Xy1MG5Dny1eUWllUt8yw', 'authorChannelId': {'value': 'UCF-Xy1MG5Dny1eUWllUt8yw'}, 'canRate': True, 'viewerRating': 'none', 'likeCount': 0, 'publishedAt': '2022-10-23T22:39:12Z', 'updatedAt': '2022-10-23T22:40:34Z'}}, 'canReply': True, 'totalReplyCount': 0, 'isPublic': True}",,UCF-Xy1MG5Dny1eUWllUt8yw,2022-10-23T22:39:12Z,"Eles gostam da censura, normal.
A globolixo colhendo o que  planta.",QURTSl9pMTNIdmpJRGJwYWhCc3JVSWh0VDVWRjl5VjlSeHZZZlktVXZMcDk4eTlVR2JxR091RGxUNjVjSFpITWg2Ym1DNHItQTVSWDNBVQ==,2023-06-08 14:52:41.811151
youtube#commentThread,XcLylptbUll939SbOJZR40gTwUc,Ugz6GwOXnQdKZHOo5MJ4AaABAg,"{'videoId': 'zEfTDpfyt1o', 'topLevelComment': {'kind': 'youtube#comment', 'etag': 'Jo7X3KS5j2ioGdYRxtZa_4eVALA', 'id': 'Ugz6GwOXnQdKZHOo5MJ4AaABAg', 'snippet': {'videoId': 'zEfTDpfyt1o', 'textDisplay': 'Isso que aconteceu e culpa da própria globo,que está cancelada pelo povo.', 'textOriginal': 'Isso que aconteceu e culpa da própria globo,que está cancelada pelo povo.', 'authorDisplayName': 'Fabio Santos Cruz', 'authorProfileImageUrl': 'https://yt3.ggpht.com/ytc/AGIKgqOvTnGtaRxiJlXB7yBdPb4treHclP_jkoChYQ=s48-c-k-c0x00ffffff-no-rj', 'authorChannelUrl': 'http://www.youtube.com/channel/UCwqSX6niwgvvwXUFrFL8Obw', 'authorChannelId': {'value': 'UCwqSX6niwgvvwXUFrFL8Obw'}, 'canRate': True, 'viewerRating': 'none', 'likeCount': 0, 'publishedAt': '2022-10-23T22:39:12Z', 'updatedAt': '2022-10-23T22:39:12Z'}}, 'canReply': True, 'totalReplyCount': 0, 'isPublic': True}",,UCwqSX6niwgvvwXUFrFL8Obw,2022-10-23T22:39:12Z,"Isso que aconteceu e culpa da própria globo,que está cancelada pelo povo.",QURTSl9pMTNIdmpJRGJwYWhCc3JVSWh0VDVWRjl5VjlSeHZZZlktVXZMcDk4eTlVR2JxR091RGxUNjVjSFpITWg2Ym1DNHItQTVSWDNBVQ==,2023-06-08 14:52:41.811151
youtube#commentThread,mU9PqLwF6TRLDVBoDgicjwTK4ow,UgwjQd3Abt6C-EGwWrF4AaABAg,"{'videoId': 'zEfTDpfyt1o', 'topLevelComment': {'kind': 'youtube#comment', 'etag': 'wy4-tY8ng2GLoJOxmRArV5C6WbY', 'id': 'UgwjQd3Abt6C-EGwWrF4AaABAg', 'snippet': {'videoId': 'zEfTDpfyt1o', 'textDisplay': 'MUITO TRISTE ESSES BOLSONARISTAS SÃO UNS LOUCOS! DOENTES NÃO RESPEITA NINGUEM! PARA ELES TUDO É NA BASE DA VIOLÊNCIA DA AGRESSÃO! MEU DEUS TENHA MISERICORDIA DE NÓS!', 'textOriginal': 'MUITO TRISTE ESSES BOLSONARISTAS SÃO UNS LOUCOS! DOENTES NÃO RESPEITA NINGUEM! PARA ELES TUDO É NA BASE DA VIOLÊNCIA DA AGRESSÃO! MEU DEUS TENHA MISERICORDIA DE NÓS!', 'authorDisplayName': 'Eliza Azevedo', 'authorProfileImageUrl': 'https://yt3.ggpht.com/JzAzyl6ufD4HjdeKBzfW4WqpRezOEGFUZi0wgWfPBaQAgPRTTsuOrn57HOKe2NSDHHRF3hZSSQ=s48-c-k-c0x00ffffff-no-rj', 'authorChannelUrl': 'http://www.youtube.com/channel/UClRhSUvBNgkTdFcuFO4EYXw', 'authorChannelId': {'value': 'UClRhSUvBNgkTdFcuFO4EYXw'}, 'canRate': True, 'viewerRating': 'none', 'likeCount': 0, 'publishedAt': '2022-10-23T22:39:11Z', 'updatedAt': '2022-10-23T22:39:11Z'}}, 'canReply': True, 'totalReplyCount': 0, 'isPublic': True}",,UClRhSUvBNgkTdFcuFO4EYXw,2022-10-23T22:39:11Z,MUITO TRISTE ESSES BOLSONARISTAS SÃO UNS LOUCOS! DOENTES NÃO RESPEITA NINGUEM! PARA ELES TUDO É NA BASE DA VIOLÊNCIA DA AGRESSÃO! MEU DEUS TENHA MISERICORDIA DE NÓS!,QURTSl9pMTNIdmpJRGJwYWhCc3JVSWh0VDVWRjl5VjlSeHZZZlktVXZMcDk4eTlVR2JxR091RGxUNjVjSFpITWg2Ym1DNHItQTVSWDNBVQ==,2023-06-08 14:52:41.811151
youtube#commentThread,1hpOAz4Lx-P8XQhLUwWp5cBoDE4,UgxbPkCzBftwY0KnUDl4AaABAg,"{'videoId': 'zEfTDpfyt1o', 'topLevelComment': {'kind': 'youtube#comment', 'etag': 'z-Mj84I6IK19oazOP0myGxu0O2w', 'id': 'UgxbPkCzBftwY0KnUDl4AaABAg', 'snippet': {'videoId': 'zEfTDpfyt1o', 'textDisplay': '- Isso é triste demais, esse agressor deve ser punido severamente, que a polícia o identifique, e prenda o quanto antes.', 'textOriginal': '- Isso é triste demais, esse agressor deve ser punido severamente, que a polícia o identifique, e prenda o quanto antes.', 'authorDisplayName': 'adailton888', 'authorProfileImageUrl': 'https://yt3.ggpht.com/ytc/AGIKgqPK6zLVuOYOrkJBVbhG2jPgdBryO6ciag1u0A=s48-c-k-c0x00ffffff-no-rj', 'authorChannelUrl': 'http://www.youtube.com/channel/UCfkvzLOPTkbJzu5dHvWN7vg', 'authorChannelId': {'value': 'UCfkvzLOPTkbJzu5dHvWN7vg'}, 'canRate': True, 'viewerRating': 'none', 'likeCount': 0, 'publishedAt': '2022-10-23T22:39:11Z', 'updatedAt': '2022-10-23T22:39:11Z'}}, 'canReply': True, 'totalReplyCount': 0, 'isPublic': True}",,UCfkvzLOPTkbJzu5dHvWN7vg,2022-10-23T22:39:11Z,"- Isso é triste demais, esse agressor deve ser punido severamente, que a polícia o identifique, e prenda o quanto antes.",QURTSl9pMTNIdmpJRGJwYWhCc3JVSWh0VDVWRjl5VjlSeHZZZlktVXZMcDk4eTlVR2JxR091RGxUNjVjSFpITWg2Ym1DNHItQTVSWDNBVQ==,2023-06-08 14:52:41.811151
youtube#commentThread,vYbsObE_ctltQQB84kGBfz1RNQo,UgyftZMtTupSG84cyNt4AaABAg,"{'videoId': 'zEfTDpfyt1o', 'topLevelComment': {'kind': 'youtube#comment', 'etag': 'wsx2Qztv2IsBkBc3blnIDbE3-vg', 'id': 'UgyftZMtTupSG84cyNt4AaABAg', 'snippet': {'videoId': 'zEfTDpfyt1o', 'textDisplay': 'Direita brasileira só tem covarde. Começando pelo Presidente. Povo vai morrer e ninguém faz nada!', 'textOriginal': 'Direita brasileira só tem covarde. Começando pelo Presidente. Povo vai morrer e ninguém faz nada!', 'authorDisplayName': 'FayeD', 'authorProfileImageUrl': 'https://yt3.ggpht.com/z01saZ-EZM9NEs8ngwL6QAwEDzl7e7ER2OXdLSkGm9MFhJ0mgvYE_A6oLKW2SMNHp7dQL0C9PA=s48-c-k-c0x00ffffff-no-rj', 'authorChannelUrl': 'http://www.youtube.com/channel/UCQT0wVMG1dZpNc-l-fhFsGw', 'authorChannelId': {'value': 'UCQT0wVMG1dZpNc-l-fhFsGw'}, 'canRate': True, 'viewerRating': 'none', 'likeCount': 0, 'publishedAt': '2022-10-23T22:39:07Z', 'updatedAt': '2022-10-23T22:39:07Z'}}, 'canReply': True, 'totalReplyCount': 0, 'isPublic': True}",,UCQT0wVMG1dZpNc-l-fhFsGw,2022-10-23T22:39:07Z,Direita brasileira só tem covarde. Começando pelo Presidente. Povo vai morrer e ninguém faz nada!,QURTSl9pMTNIdmpJRGJwYWhCc3JVSWh0VDVWRjl5VjlSeHZZZlktVXZMcDk4eTlVR2JxR091RGxUNjVjSFpITWg2Ym1DNHItQTVSWDNBVQ==,2023-06-08 14:52:41.811151
youtube#commentThread,kTu4d5hMWt1GPGO_wg3OgIOmw-k,UgwBizTRWjmfImVGSyF4AaABAg,"{'videoId': 'zEfTDpfyt1o', 'topLevelComment': {'kind': 'youtube#comment', 'etag': 'wNwfamFwqZNXlIV7d1EoMf8jlZ0', 'id': 'UgwBizTRWjmfImVGSyF4AaABAg', 'snippet': {'videoId': 'zEfTDpfyt1o', 'textDisplay': 'Os brasileiros não aguentam mais tanta injustiça, estão inda a loucura, agredindo pessoas que estão trabalhando, defendendo seu ganha pão', 'textOriginal': 'Os brasileiros não aguentam mais tanta injustiça, estão inda a loucura, agredindo pessoas que estão trabalhando, defendendo seu ganha pão', 'authorDisplayName': 'Raimundo Mesquita', 'authorProfileImageUrl': 'https://yt3.ggpht.com/ytc/AGIKgqOMpoHuoZ_16xP7iaPBn8gGIKhjWH2aN2Txrg=s48-c-k-c0x00ffffff-no-rj', 'authorChannelUrl': 'http://www.youtube.com/channel/UCaEwV5x9BJUbIz8c9DIDaiA', 'authorChannelId': {'value': 'UCaEwV5x9BJUbIz8c9DIDaiA'}, 'canRate': True, 'viewerRating': 'none', 'likeCount': 0, 'publishedAt': '2022-10-23T22:39:05Z', 'updatedAt': '2022-10-23T22:39:05Z'}}, 'canReply': True, 'totalReplyCount': 0, 'isPublic': True}",,UCaEwV5x9BJUbIz8c9DIDaiA,2022-10-23T22:39:05Z,"Os brasileiros não aguentam mais tanta injustiça, estão inda a loucura, agredindo pessoas que estão trabalhando, defendendo seu ganha pão",QURTSl9pMTNIdmpJRGJwYWhCc3JVSWh0VDVWRjl5VjlSeHZZZlktVXZMcDk4eTlVR2JxR091RGxUNjVjSFpITWg2Ym1DNHItQTVSWDNBVQ==,2023-06-08 14:52:41.811151
youtube#commentThread,kERjqRRsUR6hlDgLzzP1k1PvSFQ,Ugw6ow0CQHcwd5pTEkR4AaABAg,"{'videoId': 'zEfTDpfyt1o', 'topLevelComment': {'kind': 'youtube#comment', 'etag': 'S11QR-kC5A0byGNh1WscSYRC2B4', 'id': 'Ugw6ow0CQHcwd5pTEkR4AaABAg', 'snippet': {'videoId': 'zEfTDpfyt1o', 'textDisplay': 'Voces vivem falando qui tem a imprença podre, talvez esse seja da imprença podre', 'textOriginal': 'Voces vivem falando qui tem a imprença podre, talvez esse seja da imprença podre', 'authorDisplayName': 'Higo Carvalho', 'authorProfileImageUrl': 'https://yt3.ggpht.com/ytc/AGIKgqNs2T9GGTf1Zy3LZwlOEtZ-IV9q2DMNbH5qxw=s48-c-k-c0x00ffffff-no-rj', 'authorChannelUrl': 'http://www.youtube.com/channel/UCgkKq7PKXzhRZidK4b7AQ7A', 'authorChannelId': {'value': 'UCgkKq7PKXzhRZidK4b7AQ7A'}, 'canRate': True, 'viewerRating': 'none', 'likeCount': 0, 'publishedAt': '2022-10-23T22:39:04Z', 'updatedAt': '2022-10-23T22:39:04Z'}}, 'canReply': True, 'totalReplyCount': 0, 'isPublic': True}",,UCgkKq7PKXzhRZidK4b7AQ7A,2022-10-23T22:39:04Z,"Voces vivem falando qui tem a imprença podre, talvez esse seja da imprença podre",QURTSl9pMTNIdmpJRGJwYWhCc3JVSWh0VDVWRjl5VjlSeHZZZlktVXZMcDk4eTlVR2JxR091RGxUNjVjSFpITWg2Ym1DNHItQTVSWDNBVQ==,2023-06-08 14:52:41.811151
youtube#commentThread,QfG-9g6zaW7gEnzoi9AekcIQuNM,UgxVFNWihHXW1wVUg4B4AaABAg,"{'videoId': 'zEfTDpfyt1o', 'topLevelComment': {'kind': 'youtube#comment', 'etag': 'iplVWmYJTPUQGDZO1_kZRdGeRZM', 'id': 'UgxVFNWihHXW1wVUg4B4AaABAg', 'snippet': {'videoId': 'zEfTDpfyt1o', 'textDisplay': 'o bolsonarismo e o cancer do brasil', 'textOriginal': 'o bolsonarismo e o cancer do brasil', 'authorDisplayName': 'Carlos Oliveira', 'authorProfileImageUrl': 'https://yt3.ggpht.com/ytc/AGIKgqN_pfhqfh0dWIyEeCkohoNMC3M0y-lYla4m5nSDdw=s48-c-k-c0x00ffffff-no-rj', 'authorChannelUrl': 'http://www.youtube.com/channel/UCqsJBMwkfOH4DjJZ7FOJL7w', 'authorChannelId': {'value': 'UCqsJBMwkfOH4DjJZ7FOJL7w'}, 'canRate': True, 'viewerRating': 'none', 'likeCount': 1, 'publishedAt': '2022-10-23T22:39:04Z', 'updatedAt': '2022-10-23T22:39:04Z'}}, 'canReply': True, 'totalReplyCount': 0, 'isPublic': True}",,UCqsJBMwkfOH4DjJZ7FOJL7w,2022-10-23T22:39:04Z,o bolsonarismo e o cancer do brasil,QURTSl9pMTNIdmpJRGJwYWhCc3JVSWh0VDVWRjl5VjlSeHZZZlktVXZMcDk4eTlVR2JxR091RGxUNjVjSFpITWg2Ym1DNHItQTVSWDNBVQ==,2023-06-08 14:52:41.811151
youtube#commentThread,EQ3HqSNB9j2IOSNi1V-1iGt2vuo,Ugxk1-8yioVWsgfdMUJ4AaABAg,"{'videoId': 'zEfTDpfyt1o', 'topLevelComment': {'kind': 'youtube#comment', 'etag': 'DKfJ4azgG1uZ1SPX4OygDZJTzr4', 'id': 'Ugxk1-8yioVWsgfdMUJ4AaABAg', 'snippet': {'videoId': 'zEfTDpfyt1o', 'textDisplay': 'O ministro fez pior com toda a imprensa e vcs ficam só com essa palavrinha &quot;repúdio repúdio&quot; , lembrando que, por conta da imprensa estilo a GLOBO 🗑️ vcs estão sendo impedidos de atuar como uma verdadeira imprensa.', 'textOriginal': 'O ministro fez pior com toda a imprensa e vcs ficam só com essa palavrinha ""repúdio repúdio"" , lembrando que, por conta da imprensa estilo a GLOBO 🗑️ vcs estão sendo impedidos de atuar como uma verdadeira imprensa.', 'authorDisplayName': 'Rose Mary azevedo', 'authorProfileImageUrl': 'https://yt3.ggpht.com/ytc/AGIKgqOaDgay1AugXV11CXt774XyFllmehAl4A_Qtg=s48-c-k-c0x00ffffff-no-rj', 'authorChannelUrl': 'http://www.youtube.com/channel/UCy0Xx0jTa6uHJGYFrzGAqqg', 'authorChannelId': {'value': 'UCy0Xx0jTa6uHJGYFrzGAqqg'}, 'canRate': True, 'viewerRating': 'none', 'likeCount': 0, 'publishedAt': '2022-10-23T22:39:02Z', 'updatedAt': '2022-10-23T22:39:02Z'}}, 'canReply': True, 'totalReplyCount': 0, 'isPublic': True}",,UCy0Xx0jTa6uHJGYFrzGAqqg,2022-10-23T22:39:02Z,"O ministro fez pior com toda a imprensa e vcs ficam só com essa palavrinha ""repúdio repúdio"" , lembrando que, por conta da imprensa estilo a GLOBO 🗑️ vcs estão sendo impedidos de atuar como uma verdadeira imprensa.",QURTSl9pMTNIdmpJRGJwYWhCc3JVSWh0VDVWRjl5VjlSeHZZZlktVXZMcDk4eTlVR2JxR091RGxUNjVjSFpITWg2Ym1DNHItQTVSWDNBVQ==,2023-06-08 14:52:41.811151
youtube#commentThread,RUJ2bB3JXrn5hb1t4SnCr9Kj_p4,Ugx4Uno6mlWQxSbQMh94AaABAg,"{'videoId': 'zEfTDpfyt1o', 'topLevelComment': {'kind': 'youtube#comment', 'etag': 'w9pZFjiyVZLai3MH4XCVKX2YuWE', 'id': 'Ugx4Uno6mlWQxSbQMh94AaABAg', 'snippet': {'videoId': 'zEfTDpfyt1o', 'textDisplay': 'Bolsonaro reeleito', 'textOriginal': 'Bolsonaro reeleito', 'authorDisplayName': 'Izilda Monteiro', 'authorProfileImageUrl': 'https://yt3.ggpht.com/ytc/AGIKgqMPikN9M-2WblsIO2dTsUZU4iceb2BenjyckobjLg=s48-c-k-c0x00ffffff-no-rj', 'authorChannelUrl': 'http://www.youtube.com/channel/UC6Obv1uEZ2lNHQhPkVJH71w', 'authorChannelId': {'value': 'UC6Obv1uEZ2lNHQhPkVJH71w'}, 'canRate': True, 'viewerRating': 'none', 'likeCount': 0, 'publishedAt': '2022-10-23T22:39:02Z', 'updatedAt': '2022-10-23T22:39:02Z'}}, 'canReply': True, 'totalReplyCount': 0, 'isPublic': True}",,UC6Obv1uEZ2lNHQhPkVJH71w,2022-10-23T22:39:02Z,Bolsonaro reeleito,QURTSl9pMTNIdmpJRGJwYWhCc3JVSWh0VDVWRjl5VjlSeHZZZlktVXZMcDk4eTlVR2JxR091RGxUNjVjSFpITWg2Ym1DNHItQTVSWDNBVQ==,2023-06-08 14:52:41.811151
youtube#commentThread,2KCJ8mEyOL_C89kzv8yGvaE5s4A,Ugz3OzKPKMF_4Et3KNx4AaABAg,"{'videoId': 'zEfTDpfyt1o', 'topLevelComment': {'kind': 'youtube#comment', 'etag': 'SQeT1dAkD2C5TDt1Pyaag4kr11E', 'id': 'Ugz3OzKPKMF_4Et3KNx4AaABAg', 'snippet': {'videoId': 'zEfTDpfyt1o', 'textDisplay': 'PROVAVELMENTE SAO ESSES TIPOS Q GOSTAM DE PROMOVER VIOLÊNCIA.', 'textOriginal': 'PROVAVELMENTE SAO ESSES TIPOS Q GOSTAM DE PROMOVER VIOLÊNCIA.', 'authorDisplayName': 'NORDESTINA', 'authorProfileImageUrl': 'https://yt3.ggpht.com/Dup-MusqUmB_DryaD7VMfqdWHp0ZY895uBvYAFEEIYQz1gmdYvW2U0nppyOut2dUKrh2ggL1=s48-c-k-c0x00ffffff-no-rj', 'authorChannelUrl': 'http://www.youtube.com/channel/UCXcEBsc03KwOmhb7onG1G4w', 'authorChannelId': {'value': 'UCXcEBsc03KwOmhb7onG1G4w'}, 'canRate': True, 'viewerRating': 'none', 'likeCount': 0, 'publishedAt': '2022-10-23T22:38:59Z', 'updatedAt': '2022-10-23T22:38:59Z'}}, 'canReply': True, 'totalReplyCount': 0, 'isPublic': True}",,UCXcEBsc03KwOmhb7onG1G4w,2022-10-23T22:38:59Z,PROVAVELMENTE SAO ESSES TIPOS Q GOSTAM DE PROMOVER VIOLÊNCIA.,QURTSl9pMTNIdmpJRGJwYWhCc3JVSWh0VDVWRjl5VjlSeHZZZlktVXZMcDk4eTlVR2JxR091RGxUNjVjSFpITWg2Ym1DNHItQTVSWDNBVQ==,2023-06-08 14:52:41.811151
youtube#commentThread,nD5a2CqGySUkE2QLJrY1lGInIvI,UgwD760zJ2TJuCSlqyF4AaABAg,"{'videoId': 'zEfTDpfyt1o', 'topLevelComment': {'kind': 'youtube#comment', 'etag': 'UolkQkTYdGlnoVLwxOfGnAc21ns', 'id': 'UgwD760zJ2TJuCSlqyF4AaABAg', 'snippet': {'videoId': 'zEfTDpfyt1o', 'textDisplay': 'Tadinho trabalhando né fazendo o papel dele', 'textOriginal': 'Tadinho trabalhando né fazendo o papel dele', 'authorDisplayName': 'Vilma Couto', 'authorProfileImageUrl': 'https://yt3.ggpht.com/ytc/AGIKgqNKOpg5MVDi7XTAHoUvTiUd9k9N5KJZV7QYAg=s48-c-k-c0x00ffffff-no-rj', 'authorChannelUrl': 'http://www.youtube.com/channel/UC9CfJhTyDIBAISF-gNx6uxQ', 'authorChannelId': {'value': 'UC9CfJhTyDIBAISF-gNx6uxQ'}, 'canRate': True, 'viewerRating': 'none', 'likeCount': 0, 'publishedAt': '2022-10-23T22:38:58Z', 'updatedAt': '2022-10-23T22:38:58Z'}}, 'canReply': True, 'totalReplyCount': 0, 'isPublic': True}",,UC9CfJhTyDIBAISF-gNx6uxQ,2022-10-23T22:38:58Z,Tadinho trabalhando né fazendo o papel dele,QURTSl9pMTNIdmpJRGJwYWhCc3JVSWh0VDVWRjl5VjlSeHZZZlktVXZMcDk4eTlVR2JxR091RGxUNjVjSFpITWg2Ym1DNHItQTVSWDNBVQ==,2023-06-08 14:52:41.811151
youtube#commentThread,q3makM05NjCoR8-Cbq6dCttF-ko,Ugy3doyffYeK8N5oY_d4AaABAg,"{'videoId': 'zEfTDpfyt1o', 'topLevelComment': {'kind': 'youtube#comment', 'etag': 'VWdv_JixVYYZhPakoNkjoNz0r20', 'id': 'Ugy3doyffYeK8N5oY_d4AaABAg', 'snippet': {'videoId': 'zEfTDpfyt1o', 'textDisplay': 'concordo e também,repúdio essa ação, deste sujeito desconhecido e que não justifica,ser reconhecido como&quot;apoiador de Roberto Jefferson&quot;.<br>Hoje vocês estão falando de censura,por ser da rede Globo? e o resto de nós,que fomos cerceados?<br>Como,em Aparecida,que um grupo,que não representa o eleitorado de bolsonaro e o mesmo foi acusado,associado aos vândalos.<br>E chamar,excelentíssima ex-presidenta,a ANTA.<br>Falem da censura encima do atual presidente e seus apoiadores,hipócritas,isso é o que vocês são!!@', 'textOriginal': 'concordo e também,repúdio essa ação, deste sujeito desconhecido e que não justifica,ser reconhecido como""apoiador de Roberto Jefferson"".\\nHoje vocês estão falando de censura,por ser da rede Globo? e o resto de nós,que fomos cerceados?\\nComo,em Aparecida,que um grupo,que não representa o eleitorado de bolsonaro e o mesmo foi acusado,associado aos vândalos.\\nE chamar,excelentíssima ex-presidenta,a ANTA.\\nFalem da censura encima do atual presidente e seus apoiadores,hipócritas,isso é o que vocês são!!@', 'authorDisplayName': 'Soraia Lopes Lacerda', 'authorProfileImageUrl': 'https://yt3.ggpht.com/ytc/AGIKgqO2AUSux9bGo3F7nD7BUVuwB-UluCDqtJnqq8f-mZ4=s48-c-k-c0x00ffffff-no-rj', 'authorChannelUrl': 'http://www.youtube.com/channel/UC8_0G4rY50YZzQPksEy2zSA', 'authorChannelId': {'value': 'UC8_0G4rY50YZzQPksEy2zSA'}, 'canRate': True, 'viewerRating': 'none', 'likeCount': 0, 'publishedAt': '2022-10-23T22:38:56Z', 'updatedAt': '2022-10-23T22:38:56Z'}}, 'canReply': True, 'totalReplyCount': 0, 'isPublic': True}",,UC8_0G4rY50YZzQPksEy2zSA,2022-10-23T22:38:56Z,"concordo e também,repúdio essa ação, deste sujeito desconhecido e que não justifica,ser reconhecido como""apoiador de Roberto Jefferson"".
Hoje vocês estão falando de censura,por ser da rede Globo? e o resto de nós,que fomos cerceados?
Como,em Aparecida,que um grupo,que não representa o eleitorado de bolsonaro e o mesmo foi acusado,associado aos vândalos.
E chamar,excelentíssima ex-presidenta,a ANTA.
Falem da censura encima do atual presidente e seus apoiadores,hipócritas,isso é o que vocês são!!@",QURTSl9pMTNIdmpJRGJwYWhCc3JVSWh0VDVWRjl5VjlSeHZZZlktVXZMcDk4eTlVR2JxR091RGxUNjVjSFpITWg2Ym1DNHItQTVSWDNBVQ==,2023-06-08 14:52:41.811151
youtube#commentThread,P7aNUA62PsebFMYvlF0Pfze_oOM,Ugxin4b0zpyOKVgYlU54AaABAg,"{'videoId': 'zEfTDpfyt1o', 'topLevelComment': {'kind': 'youtube#comment', 'etag': 'E7npNm0osKrX-nJiFuzEfRbj_cw', 'id': 'Ugxin4b0zpyOKVgYlU54AaABAg', 'snippet': {'videoId': 'zEfTDpfyt1o', 'textDisplay': 'a que ponto chegamos, o que vejo de gente aqui defendendo bandido.', 'textOriginal': 'a que ponto chegamos, o que vejo de gente aqui defendendo bandido.', 'authorDisplayName': 'marcos dos santos', 'authorProfileImageUrl': 'https://yt3.ggpht.com/ytc/AGIKgqN4b9HqRZYi_m94Xgf8PcyrA8pRyA3XJcquthkT=s48-c-k-c0x00ffffff-no-rj', 'authorChannelUrl': 'http://www.youtube.com/channel/UCTBtWOhsUY5Y1kN-L5t2jyw', 'authorChannelId': {'value': 'UCTBtWOhsUY5Y1kN-L5t2jyw'}, 'canRate': True, 'viewerRating': 'none', 'likeCount': 0, 'publishedAt': '2022-10-23T22:38:53Z', 'updatedAt': '2022-10-23T22:38:53Z'}}, 'canReply': True, 'totalReplyCount': 0, 'isPublic': True}",,UCTBtWOhsUY5Y1kN-L5t2jyw,2022-10-23T22:38:53Z,"a que ponto chegamos, o que vejo de gente aqui defendendo bandido.",QURTSl9pMTNIdmpJRGJwYWhCc3JVSWh0VDVWRjl5VjlSeHZZZlktVXZMcDk4eTlVR2JxR091RGxUNjVjSFpITWg2Ym1DNHItQTVSWDNBVQ==,2023-06-08 14:52:41.811151
youtube#commentThread,oSxMf9xvFX6HTyBJ-WGOE9wIxS4,UgyVuFg-s7KjYRnAWdB4AaABAg,"{'videoId': 'zEfTDpfyt1o', 'topLevelComment': {'kind': 'youtube#comment', 'etag': '-OEXdcBFHG6SA5VxlsCM3VLWLKA', 'id': 'UgyVuFg-s7KjYRnAWdB4AaABAg', 'snippet': {'videoId': 'zEfTDpfyt1o', 'textDisplay': 'Apoiadores de BOLSONARO e Roberto Jefferson', 'textOriginal': 'Apoiadores de BOLSONARO e Roberto Jefferson', 'authorDisplayName': 'MarleneDietrich100', 'authorProfileImageUrl': 'https://yt3.ggpht.com/ytc/AGIKgqOPj0YtVe4YWKWgUMt5myceFOsVX0_O-YNm2w=s48-c-k-c0x00ffffff-no-rj', 'authorChannelUrl': 'http://www.youtube.com/channel/UCe598Ca4oZa8m_O_x9fxZPQ', 'authorChannelId': {'value': 'UCe598Ca4oZa8m_O_x9fxZPQ'}, 'canRate': True, 'viewerRating': 'none', 'likeCount': 0, 'publishedAt': '2022-10-23T22:38:53Z', 'updatedAt': '2022-10-23T22:38:53Z'}}, 'canReply': True, 'totalReplyCount': 0, 'isPublic': True}",,UCe598Ca4oZa8m_O_x9fxZPQ,2022-10-23T22:38:53Z,Apoiadores de BOLSONARO e Roberto Jefferson,QURTSl9pMTNIdmpJRGJwYWhCc3JVSWh0VDVWRjl5VjlSeHZZZlktVXZMcDk4eTlVR2JxR091RGxUNjVjSFpITWg2Ym1DNHItQTVSWDNBVQ==,2023-06-08 14:52:41.811151
youtube#commentThread,Z15AlqkiKUZGv5pvkw5g14qdqRc,UgykmUMYI1j55yKRQx14AaABAg,"{'videoId': 'zEfTDpfyt1o', 'topLevelComment': {'kind': 'youtube#comment', 'etag': 'zXzl3onYEsS4dM-Lwixipp_GB-M', 'id': 'UgykmUMYI1j55yKRQx14AaABAg', 'snippet': {'videoId': 'zEfTDpfyt1o', 'textDisplay': 'a partir de amanhã ninguém pode ser preso devido às eleições.<br>me causa estranheza que mandem prender Roberto Jeferson justamente hoje em um domingo e as vésperas de que amanhã ninguém poderá ser preso.<br>acredito que essa prisão seria causar  temor, terror e medo ,mais tumulto a eleição de nosso presidente Bolsonaro', 'textOriginal': 'a partir de amanhã ninguém pode ser preso devido às eleições.\\nme causa estranheza que mandem prender Roberto Jeferson justamente hoje em um domingo e as vésperas de que amanhã ninguém poderá ser preso.\\nacredito que essa prisão seria causar  temor, terror e medo ,mais tumulto a eleição de nosso presidente Bolsonaro', 'authorDisplayName': 'Marcia Sousa', 'authorProfileImageUrl': 'https://yt3.ggpht.com/ytc/AGIKgqNAVXN8AcWyl5VQ-U596nZQFIbWgLVQdCfE1Q=s48-c-k-c0x00ffffff-no-rj', 'authorChannelUrl': 'http://www.youtube.com/channel/UCp_8vuVOnShj-P0_7FlfD5A', 'authorChannelId': {'value': 'UCp_8vuVOnShj-P0_7FlfD5A'}, 'canRate': True, 'viewerRating': 'none', 'likeCount': 1, 'publishedAt': '2022-10-23T22:38:50Z', 'updatedAt': '2022-10-23T22:38:50Z'}}, 'canReply': True, 'totalReplyCount': 0, 'isPublic': True}",,UCp_8vuVOnShj-P0_7FlfD5A,2022-10-23T22:38:50Z,"a partir de amanhã ninguém pode ser preso devido às eleições.
me causa estranheza que mandem prender Roberto Jeferson justamente hoje em um domingo e as vésperas de que amanhã ninguém poderá ser preso.
acredito que essa prisão seria causar  temor, terror e medo ,mais tumulto a eleição de nosso presidente Bolsonaro",QURTSl9pMTNIdmpJRGJwYWhCc3JVSWh0VDVWRjl5VjlSeHZZZlktVXZMcDk4eTlVR2JxR091RGxUNjVjSFpITWg2Ym1DNHItQTVSWDNBVQ==,2023-06-08 14:52:41.811151
youtube#commentThread,IIC0IKAf_r_x4e91WTKAOo3C3OY,Ugzh_xwfM2-pe81Jb8x4AaABAg,"{'videoId': 'zEfTDpfyt1o', 'topLevelComment': {'kind': 'youtube#comment', 'etag': '5H9HToI_AKQ7B9Dbl8U352dhBcs', 'id': 'Ugzh_xwfM2-pe81Jb8x4AaABAg', 'snippet': {'videoId': 'zEfTDpfyt1o', 'textDisplay': 'A culpa é do Genocida Ladrão do Canibal.', 'textOriginal': 'A culpa é do Genocida Ladrão do Canibal.', 'authorDisplayName': 'CHOCOLATE GAME', 'authorProfileImageUrl': 'https://yt3.ggpht.com/enESm38PtZpE0BRWewwWkR1vrWplyiXmrve4UavZYdsURN7gH_tzsBNJgmbNI0wrligkHMLR=s48-c-k-c0x00ffffff-no-rj', 'authorChannelUrl': 'http://www.youtube.com/channel/UCWB4w2pJURHwkJ23oojvEUQ', 'authorChannelId': {'value': 'UCWB4w2pJURHwkJ23oojvEUQ'}, 'canRate': True, 'viewerRating': 'none', 'likeCount': 1, 'publishedAt': '2022-10-23T22:38:49Z', 'updatedAt': '2022-10-23T22:38:49Z'}}, 'canReply': True, 'totalReplyCount': 0, 'isPublic': True}",,UCWB4w2pJURHwkJ23oojvEUQ,2022-10-23T22:38:49Z,A culpa é do Genocida Ladrão do Canibal.,QURTSl9pMTNIdmpJRGJwYWhCc3JVSWh0VDVWRjl5VjlSeHZZZlktVXZMcDk4eTlVR2JxR091RGxUNjVjSFpITWg2Ym1DNHItQTVSWDNBVQ==,2023-06-08 14:52:41.811151
youtube#commentThread,0bwd_0zdwW8rjEfc9D25xxQm9j8,Ugx96ctiLrdCjgpikbN4AaABAg,"{'videoId': 'zEfTDpfyt1o', 'topLevelComment': {'kind': 'youtube#comment', 'etag': 'Mp0LZ8Yl5-dhsEEto6imgtLDyMo', 'id': 'Ugx96ctiLrdCjgpikbN4AaABAg', 'snippet': {'videoId': 'zEfTDpfyt1o', 'textDisplay': 'Vcs ainda estão no ar? Xandão tá fraquejando!', 'textOriginal': 'Vcs ainda estão no ar? Xandão tá fraquejando!', 'authorDisplayName': 'Olavo Severo de Oliveira', 'authorProfileImageUrl': 'https://yt3.ggpht.com/ytc/AGIKgqPajqPipDA3EhaKf3N_y34v2fOdUoDKd51FlWQvLVcpnr2DWO5JAXg-kk3PHaIn=s48-c-k-c0x00ffffff-no-rj', 'authorChannelUrl': 'http://www.youtube.com/channel/UCLIyj5Bqwx5AC4NG8GuTD-w', 'authorChannelId': {'value': 'UCLIyj5Bqwx5AC4NG8GuTD-w'}, 'canRate': True, 'viewerRating': 'none', 'likeCount': 0, 'publishedAt': '2022-10-23T22:38:42Z', 'updatedAt': '2022-10-23T22:38:42Z'}}, 'canReply': True, 'totalReplyCount': 0, 'isPublic': True}",,UCLIyj5Bqwx5AC4NG8GuTD-w,2022-10-23T22:38:42Z,Vcs ainda estão no ar? Xandão tá fraquejando!,QURTSl9pMTNIdmpJRGJwYWhCc3JVSWh0VDVWRjl5VjlSeHZZZlktVXZMcDk4eTlVR2JxR091RGxUNjVjSFpITWg2Ym1DNHItQTVSWDNBVQ==,2023-06-08 14:52:41.811151
youtube#commentThread,ug_utO-3LbIwLkys5FdLz3FoE68,Ugzzd3lcYYXqYQTqGDF4AaABAg,"{'videoId': 'zEfTDpfyt1o', 'topLevelComment': {'kind': 'youtube#comment', 'etag': 'tCQsqRwtsw8fcONTK57OdnMu7Yo', 'id': 'Ugzzd3lcYYXqYQTqGDF4AaABAg', 'snippet': {'videoId': 'zEfTDpfyt1o', 'textDisplay': '&quot;Arma d fogo é a garantia q o cidadão pode dar à sua família e, qm sabe, garantir sua liberdade no futuro&quot;.<br>&quot;Povo armado jamais será escravizado&quot;.<br>&quot;Ordem absurda não se cumpre&quot;.<br>Roberto Jefferson aprendeu bem.', 'textOriginal': '""Arma d fogo é a garantia q o cidadão pode dar à sua família e, qm sabe, garantir sua liberdade no futuro"".\\n""Povo armado jamais será escravizado"".\\n""Ordem absurda não se cumpre"".\\nRoberto Jefferson aprendeu bem.', 'authorDisplayName': 'Leonardo Bueno', 'authorProfileImageUrl': 'https://yt3.ggpht.com/ytc/AGIKgqMImom2nj2t2g-obnfFQTS6DinDblUk-tpnOw=s48-c-k-c0x00ffffff-no-rj', 'authorChannelUrl': 'http://www.youtube.com/channel/UCg2OUImfzVJBcSK6skPAUNA', 'authorChannelId': {'value': 'UCg2OUImfzVJBcSK6skPAUNA'}, 'canRate': True, 'viewerRating': 'none', 'likeCount': 0, 'publishedAt': '2022-10-23T22:38:41Z', 'updatedAt': '2022-10-23T22:38:41Z'}}, 'canReply': True, 'totalReplyCount': 0, 'isPublic': True}",,UCg2OUImfzVJBcSK6skPAUNA,2022-10-23T22:38:41Z,"""Arma d fogo é a garantia q o cidadão pode dar à sua família e, qm sabe, garantir sua liberdade no futuro"".
""Povo armado jamais será escravizado"".
""Ordem absurda não se cumpre"".
Roberto Jefferson aprendeu bem.",QURTSl9pMTNIdmpJRGJwYWhCc3JVSWh0VDVWRjl5VjlSeHZZZlktVXZMcDk4eTlVR2JxR091RGxUNjVjSFpITWg2Ym1DNHItQTVSWDNBVQ==,2023-06-08 14:52:41.811151
youtube#commentThread,tsCn6Doq4hLuPKdsRkyW-S-bHKI,UgxLC0lNxXQ_c-AFBsN4AaABAg,"{'videoId': 'zEfTDpfyt1o', 'topLevelComment': {'kind': 'youtube#comment', 'etag': 'c7MURsrhhAEbHAmrXNiF1runpyw', 'id': 'UgxLC0lNxXQ_c-AFBsN4AaABAg', 'snippet': {'videoId': 'zEfTDpfyt1o', 'textDisplay': 'INFELIZMENTE SOU ELEITOR, MAS VOTAR É O ATO MAIS RIDÍCULO DE UM CIDADÃO !', 'textOriginal': 'INFELIZMENTE SOU ELEITOR, MAS VOTAR É O ATO MAIS RIDÍCULO DE UM CIDADÃO !', 'authorDisplayName': 'pauloinacio oliveira', 'authorProfileImageUrl': 'https://yt3.ggpht.com/LtePJVdI9Q9KGKTJ1yFwFf28y5jjtcIOvZ4rsRUFL0AXpGD7OvEaLCTYM35Iij00kAD_sQxBsoU=s48-c-k-c0x00ffffff-no-rj', 'authorChannelUrl': 'http://www.youtube.com/channel/UCHpMzmQRxReozCVrrPGAHZQ', 'authorChannelId': {'value': 'UCHpMzmQRxReozCVrrPGAHZQ'}, 'canRate': True, 'viewerRating': 'none', 'likeCount': 0, 'publishedAt': '2022-10-23T22:38:41Z', 'updatedAt': '2022-10-23T22:38:41Z'}}, 'canReply': True, 'totalReplyCount': 0, 'isPublic': True}",,UCHpMzmQRxReozCVrrPGAHZQ,2022-10-23T22:38:41Z,"INFELIZMENTE SOU ELEITOR, MAS VOTAR É O ATO MAIS RIDÍCULO DE UM CIDADÃO !",QURTSl9pMTNIdmpJRGJwYWhCc3JVSWh0VDVWRjl5VjlSeHZZZlktVXZMcDk4eTlVR2JxR091RGxUNjVjSFpITWg2Ym1DNHItQTVSWDNBVQ==,2023-06-08 14:52:41.811151
youtube#commentThread,XgY47HSd6LOmQeNQAp4_iMMWnfU,Ugz254stbHqNnDDV4vB4AaABAg,"{'videoId': 'zEfTDpfyt1o', 'topLevelComment': {'kind': 'youtube#comment', 'etag': 'YdMQiVboN3poCkI6aXiLdOFh-fA', 'id': 'Ugz254stbHqNnDDV4vB4AaABAg', 'snippet': {'videoId': 'zEfTDpfyt1o', 'textDisplay': 'A JP REPUDIOU AS FALAS DO JANONES CONTRA O PRESIDENTE DA REPÚBLICA????? NAO ME LEMBRO.', 'textOriginal': 'A JP REPUDIOU AS FALAS DO JANONES CONTRA O PRESIDENTE DA REPÚBLICA????? NAO ME LEMBRO.', 'authorDisplayName': 'BRASIL', 'authorProfileImageUrl': 'https://yt3.ggpht.com/NywNJjvblU5IuJlYAsordVRInSV5ZXE8sxMwTpWpMJuFEJ88JLnev6un42X1VW3GJwsniWTI=s48-c-k-c0x00ffffff-no-rj', 'authorChannelUrl': 'http://www.youtube.com/channel/UChh-R4-UyLT6VdlzQyk0opQ', 'authorChannelId': {'value': 'UChh-R4-UyLT6VdlzQyk0opQ'}, 'canRate': True, 'viewerRating': 'none', 'likeCount': 0, 'publishedAt': '2022-10-23T22:38:39Z', 'updatedAt': '2022-10-23T22:38:52Z'}}, 'canReply': True, 'totalReplyCount': 0, 'isPublic': True}",,UChh-R4-UyLT6VdlzQyk0opQ,2022-10-23T22:38:39Z,A JP REPUDIOU AS FALAS DO JANONES CONTRA O PRESIDENTE DA REPÚBLICA????? NAO ME LEMBRO.,QURTSl9pMTNIdmpJRGJwYWhCc3JVSWh0VDVWRjl5VjlSeHZZZlktVXZMcDk4eTlVR2JxR091RGxUNjVjSFpITWg2Ym1DNHItQTVSWDNBVQ==,2023-06-08 14:52:41.811151
youtube#commentThread,NZCxXbCm6-BNXYBMIrKp-QXj2nw,UgxmNHmV_0v_PrDEdCR4AaABAg,"{'videoId': 'zEfTDpfyt1o', 'topLevelComment': {'kind': 'youtube#comment', 'etag': 'MZ-ULdvxr81tQwhtTYlNu8XENns', 'id': 'UgxmNHmV_0v_PrDEdCR4AaABAg', 'snippet': {'videoId': 'zEfTDpfyt1o', 'textDisplay': 'Gente vamos orar o inferno está em furia.', 'textOriginal': 'Gente vamos orar o inferno está em furia.', 'authorDisplayName': 'Josenilton Silva', 'authorProfileImageUrl': 'https://yt3.ggpht.com/ytc/AGIKgqMXzPZ1rHJ65gCoPUhkczEeOHI-foEjCHnvpbIAoyLcVS16lHZLU8tqT9M54VTo=s48-c-k-c0x00ffffff-no-rj', 'authorChannelUrl': 'http://www.youtube.com/channel/UCRU1Bwwh6V2oYQN3M_57PXA', 'authorChannelId': {'value': 'UCRU1Bwwh6V2oYQN3M_57PXA'}, 'canRate': True, 'viewerRating': 'none', 'likeCount': 0, 'publishedAt': '2022-10-23T22:38:39Z', 'updatedAt': '2022-10-23T22:38:39Z'}}, 'canReply': True, 'totalReplyCount': 0, 'isPublic': True}",,UCRU1Bwwh6V2oYQN3M_57PXA,2022-10-23T22:38:39Z,Gente vamos orar o inferno está em furia.,QURTSl9pMTNIdmpJRGJwYWhCc3JVSWh0VDVWRjl5VjlSeHZZZlktVXZMcDk4eTlVR2JxR091RGxUNjVjSFpITWg2Ym1DNHItQTVSWDNBVQ==,2023-06-08 14:52:41.811151
youtube#commentThread,4ux0-pjxC19LiaJcWi5DidGTRcQ,Ugwy_7uLLBt_IcLMlpJ4AaABAg,"{'videoId': 'zEfTDpfyt1o', 'topLevelComment': {'kind': 'youtube#comment', 'etag': 'ZuwcEUkX6UnFImGSmyeVWYtkYgY', 'id': 'Ugwy_7uLLBt_IcLMlpJ4AaABAg', 'snippet': {'videoId': 'zEfTDpfyt1o', 'textDisplay': 'Esse cara tem que ser indentificado e preso chega de violência em que o Brasil está virando meu deus', 'textOriginal': 'Esse cara tem que ser indentificado e preso chega de violência em que o Brasil está virando meu deus', 'authorDisplayName': 'DIOGO NORDESTINO🌵🌵', 'authorProfileImageUrl': 'https://yt3.ggpht.com/xbPoR6qLUWwsf6NBxmoKf0Ma_X0IjdC_tkGZqb-JdEVKifO26pMgYVUthnD0DdH2TvFdnGBL7Z8=s48-c-k-c0x00ffffff-no-rj', 'authorChannelUrl': 'http://www.youtube.com/channel/UCAWBBHVhuXgDYpF9x22kDTg', 'authorChannelId': {'value': 'UCAWBBHVhuXgDYpF9x22kDTg'}, 'canRate': True, 'viewerRating': 'none', 'likeCount': 3, 'publishedAt': '2022-10-23T22:38:39Z', 'updatedAt': '2022-10-23T22:38:39Z'}}, 'canReply': True, 'totalReplyCount': 1, 'isPublic': True}","{'comments': [{'kind': 'youtube#comment', 'etag': 'WK9r9oJXQCbysm5Ex1yjyA2L0lI', 'id': 'Ugwy_7uLLBt_IcLMlpJ4AaABAg.9hYC2IO0gTI9hYf6hX3PkW', 'snippet': {'videoId': 'zEfTDpfyt1o', 'textDisplay': 'Identificado??? Todos o conhecem e falam dele o dia todo...', 'textOriginal': 'Identificado??? Todos o conhecem e falam dele o dia todo...', 'parentId': 'Ugwy_7uLLBt_IcLMlpJ4AaABAg', 'authorDisplayName': 'Tiburcio Nascimento', 'authorProfileImageUrl': 'https://yt3.ggpht.com/ytc/AGIKgqPYJ16XbloZp1nRif2q9UiINjE9b3aLcJFllVpYZmGF8L32gAvFuJ_fm0H5T6oa=s48-c-k-c0x00ffffff-no-rj', 'authorChannelUrl': 'http://www.youtube.com/channel/UCOpVT2WBtvOTmNgRgNreY3Q', 'authorChannelId': {'value': 'UCOpVT2WBtvOTmNgRgNreY3Q'}, 'canRate': True, 'viewerRating': 'none', 'likeCount': 1, 'publishedAt': '2022-10-24T03:01:23Z', 'updatedAt': '2022-10-24T03:01:23Z'}}]}",UCAWBBHVhuXgDYpF9x22kDTg,2022-10-23T22:38:39Z,Esse cara tem que ser indentificado e preso chega de violência em que o Brasil está virando meu deus,QURTSl9pMTNIdmpJRGJwYWhCc3JVSWh0VDVWRjl5VjlSeHZZZlktVXZMcDk4eTlVR2JxR091RGxUNjVjSFpITWg2Ym1DNHItQTVSWDNBVQ==,2023-06-08 14:52:41.811151
youtube#commentThread,qAOu1ViwCv6NeiZN80CNx0tS_D8,Ugxmmk6ylDW1VRc4NUN4AaABAg,"{'videoId': 'zEfTDpfyt1o', 'topLevelComment': {'kind': 'youtube#comment', 'etag': '19dC3JD2L4GOlKG1DtG-32rIBwg', 'id': 'Ugxmmk6ylDW1VRc4NUN4AaABAg', 'snippet': {'videoId': 'zEfTDpfyt1o', 'textDisplay': 'Meu Deus, tenha misericórdia do teu  povo!!!!!🙏🙏🙏🙏🙏🇧🇷🇧🇷🇧🇷🇧🇷🇧🇷🇧🇷', 'textOriginal': 'Meu Deus, tenha misericórdia do teu  povo!!!!!🙏🙏🙏🙏🙏🇧🇷🇧🇷🇧🇷🇧🇷🇧🇷🇧🇷', 'authorDisplayName': 'Denise Martins', 'authorProfileImageUrl': 'https://yt3.ggpht.com/ytc/AGIKgqPMSw1Zf8Qtx2MGJ9xpu5yW-6YOoeNgVDY0MbkSbwg=s48-c-k-c0x00ffffff-no-rj', 'authorChannelUrl': 'http://www.youtube.com/channel/UCIsRz-KULcDHyC1cihdM1zQ', 'authorChannelId': {'value': 'UCIsRz-KULcDHyC1cihdM1zQ'}, 'canRate': True, 'viewerRating': 'none', 'likeCount': 10, 'publishedAt': '2022-10-23T22:38:38Z', 'updatedAt': '2022-10-23T22:40:14Z'}}, 'canReply': True, 'totalReplyCount': 0, 'isPublic': True}",,UCIsRz-KULcDHyC1cihdM1zQ,2022-10-23T22:38:38Z,"Meu Deus, tenha misericórdia do teu  povo!!!!!🙏🙏🙏🙏🙏🇧🇷🇧🇷🇧🇷🇧🇷🇧🇷🇧🇷",QURTSl9pMnlDcl93LVdleVZVQ29LSW83TEtSUkNfSkhNRXZXR2RaY3FIMTcydmpUaHBmT0stNnI0SkdGV0szOVNOeDRyUlZibzNBR1pZcw==,2023-06-08 14:52:42.801064
youtube#commentThread,Cnzwxi65u8jPqkWrIASr8lNd1BM,UgyS7GxAS829np2Iw954AaABAg,"{'videoId': 'zEfTDpfyt1o', 'topLevelComment': {'kind': 'youtube#comment', 'etag': 'e59g6Meqh-8tbXCRaV4zamx02EQ', 'id': 'UgyS7GxAS829np2Iw954AaABAg', 'snippet': {'videoId': 'zEfTDpfyt1o', 'textDisplay': 'Começou a baixaria dos Bandidos', 'textOriginal': 'Começou a baixaria dos Bandidos', 'authorDisplayName': 'Luiza Gomes', 'authorProfileImageUrl': 'https://yt3.ggpht.com/ytc/AGIKgqPjW2tVjQPH_f5GSPH9dI2g71opwURIafn7QQ=s48-c-k-c0x00ffffff-no-rj', 'authorChannelUrl': 'http://www.youtube.com/channel/UC1jToTn4caoCapb5ewSDbKA', 'authorChannelId': {'value': 'UC1jToTn4caoCapb5ewSDbKA'}, 'canRate': True, 'viewerRating': 'none', 'likeCount': 1, 'publishedAt': '2022-10-23T22:38:30Z', 'updatedAt': '2022-10-23T22:38:30Z'}}, 'canReply': True, 'totalReplyCount': 0, 'isPublic': True}",,UC1jToTn4caoCapb5ewSDbKA,2022-10-23T22:38:30Z,Começou a baixaria dos Bandidos,QURTSl9pMnlDcl93LVdleVZVQ29LSW83TEtSUkNfSkhNRXZXR2RaY3FIMTcydmpUaHBmT0stNnI0SkdGV0szOVNOeDRyUlZibzNBR1pZcw==,2023-06-08 14:52:42.801064
youtube#commentThread,FNQi80AwIi7YsNIzyZB-51bMC4I,UgyzV5ySn9zPBTy4iLZ4AaABAg,"{'videoId': 'zEfTDpfyt1o', 'topLevelComment': {'kind': 'youtube#comment', 'etag': 'EmjaSCHftB_FAAwozQcWsJ9OHqw', 'id': 'UgyzV5ySn9zPBTy4iLZ4AaABAg', 'snippet': {'videoId': 'zEfTDpfyt1o', 'textDisplay': 'A culpa é do Genocida Ladrão do Canibal.', 'textOriginal': 'A culpa é do Genocida Ladrão do Canibal.', 'authorDisplayName': 'CHOCOLATE GAME', 'authorProfileImageUrl': 'https://yt3.ggpht.com/enESm38PtZpE0BRWewwWkR1vrWplyiXmrve4UavZYdsURN7gH_tzsBNJgmbNI0wrligkHMLR=s48-c-k-c0x00ffffff-no-rj', 'authorChannelUrl': 'http://www.youtube.com/channel/UCWB4w2pJURHwkJ23oojvEUQ', 'authorChannelId': {'value': 'UCWB4w2pJURHwkJ23oojvEUQ'}, 'canRate': True, 'viewerRating': 'none', 'likeCount': 1, 'publishedAt': '2022-10-23T22:38:26Z', 'updatedAt': '2022-10-23T22:38:26Z'}}, 'canReply': True, 'totalReplyCount': 0, 'isPublic': True}",,UCWB4w2pJURHwkJ23oojvEUQ,2022-10-23T22:38:26Z,A culpa é do Genocida Ladrão do Canibal.,QURTSl9pMnlDcl93LVdleVZVQ29LSW83TEtSUkNfSkhNRXZXR2RaY3FIMTcydmpUaHBmT0stNnI0SkdGV0szOVNOeDRyUlZibzNBR1pZcw==,2023-06-08 14:52:42.801064
youtube#commentThread,5WrqJCNSK8L4NAGi63bTVxxiM0I,UgxQHlAx_dTvWVLBWh94AaABAg,"{'videoId': 'zEfTDpfyt1o', 'topLevelComment': {'kind': 'youtube#comment', 'etag': 'L27CAfV6QqdkvICRFwUWYsTYQu8', 'id': 'UgxQHlAx_dTvWVLBWh94AaABAg', 'snippet': {'videoId': 'zEfTDpfyt1o', 'textDisplay': 'Concordo com o comentarista', 'textOriginal': 'Concordo com o comentarista', 'authorDisplayName': 'silvana silva', 'authorProfileImageUrl': 'https://yt3.ggpht.com/ytc/AGIKgqOs0pMFA30LH_cRDCTpYa-MStShbcgLV4eTow=s48-c-k-c0x00ffffff-no-rj', 'authorChannelUrl': 'http://www.youtube.com/channel/UCFjiOfzMO0O-rzDtIBZSwNQ', 'authorChannelId': {'value': 'UCFjiOfzMO0O-rzDtIBZSwNQ'}, 'canRate': True, 'viewerRating': 'none', 'likeCount': 0, 'publishedAt': '2022-10-23T22:38:24Z', 'updatedAt': '2022-10-23T22:38:24Z'}}, 'canReply': True, 'totalReplyCount': 0, 'isPublic': True}",,UCFjiOfzMO0O-rzDtIBZSwNQ,2022-10-23T22:38:24Z,Concordo com o comentarista,QURTSl9pMnlDcl93LVdleVZVQ29LSW83TEtSUkNfSkhNRXZXR2RaY3FIMTcydmpUaHBmT0stNnI0SkdGV0szOVNOeDRyUlZibzNBR1pZcw==,2023-06-08 14:52:42.801064
youtube#commentThread,dtwhsV_9V6AnX3LFJJ4rytBRSTg,UgxZzzAGDRizkPi6KL54AaABAg,"{'videoId': 'zEfTDpfyt1o', 'topLevelComment': {'kind': 'youtube#comment', 'etag': '8H7h4NmCrleosu_rKB1t21suROk', 'id': 'UgxZzzAGDRizkPi6KL54AaABAg', 'snippet': {'videoId': 'zEfTDpfyt1o', 'textDisplay': 'Mais se fosse a turma do pt q tivesse agredido os jornalistas da jovem Pam ou quer jornalistas da direita ninguém ia se manifestar', 'textOriginal': 'Mais se fosse a turma do pt q tivesse agredido os jornalistas da jovem Pam ou quer jornalistas da direita ninguém ia se manifestar', 'authorDisplayName': 'Lázaro Silva', 'authorProfileImageUrl': 'https://yt3.ggpht.com/ytc/AGIKgqPiGfiGWs-vX2kjubZTO_T1OLBLAG7qdPCIk8rcDA=s48-c-k-c0x00ffffff-no-rj', 'authorChannelUrl': 'http://www.youtube.com/channel/UCR6Z2SbEhZ-ACdTavj2cB8Q', 'authorChannelId': {'value': 'UCR6Z2SbEhZ-ACdTavj2cB8Q'}, 'canRate': True, 'viewerRating': 'none', 'likeCount': 0, 'publishedAt': '2022-10-23T22:38:23Z', 'updatedAt': '2022-10-23T22:38:23Z'}}, 'canReply': True, 'totalReplyCount': 0, 'isPublic': True}",,UCR6Z2SbEhZ-ACdTavj2cB8Q,2022-10-23T22:38:23Z,Mais se fosse a turma do pt q tivesse agredido os jornalistas da jovem Pam ou quer jornalistas da direita ninguém ia se manifestar,QURTSl9pMnlDcl93LVdleVZVQ29LSW83TEtSUkNfSkhNRXZXR2RaY3FIMTcydmpUaHBmT0stNnI0SkdGV0szOVNOeDRyUlZibzNBR1pZcw==,2023-06-08 14:52:42.801064
youtube#commentThread,scVP4QOmsamDsPEdJJ1JQHLtzCE,UgxGQO3D5DuDRcP6G-p4AaABAg,"{'videoId': 'zEfTDpfyt1o', 'topLevelComment': {'kind': 'youtube#comment', 'etag': 'yAKdCe0tlvVwlOmQUTb1t9VY93Y', 'id': 'UgxGQO3D5DuDRcP6G-p4AaABAg', 'snippet': {'videoId': 'zEfTDpfyt1o', 'textDisplay': 'Agredir um trabalhador em exercício de sua profissão é inadmissível...... A que ponto chegamos com esse fanatismo político!!! Triste!!!', 'textOriginal': 'Agredir um trabalhador em exercício de sua profissão é inadmissível...... A que ponto chegamos com esse fanatismo político!!! Triste!!!', 'authorDisplayName': 'Célio Júnior', 'authorProfileImageUrl': 'https://yt3.ggpht.com/WcBOO_ozDmF8CgSVjSfEn7G3mvupm1CkAQRGzzC4KudzCBSeQbTiN6MtciMenxxEnKga1N0Z=s48-c-k-c0x00ffffff-no-rj', 'authorChannelUrl': 'http://www.youtube.com/channel/UClcYaypzBXQkKZkRRH2OvEw', 'authorChannelId': {'value': 'UClcYaypzBXQkKZkRRH2OvEw'}, 'canRate': True, 'viewerRating': 'none', 'likeCount': 0, 'publishedAt': '2022-10-23T22:38:23Z', 'updatedAt': '2022-10-23T22:38:23Z'}}, 'canReply': True, 'totalReplyCount': 0, 'isPublic': True}",,UClcYaypzBXQkKZkRRH2OvEw,2022-10-23T22:38:23Z,Agredir um trabalhador em exercício de sua profissão é inadmissível...... A que ponto chegamos com esse fanatismo político!!! Triste!!!,QURTSl9pMnlDcl93LVdleVZVQ29LSW83TEtSUkNfSkhNRXZXR2RaY3FIMTcydmpUaHBmT0stNnI0SkdGV0szOVNOeDRyUlZibzNBR1pZcw==,2023-06-08 14:52:42.801064
youtube#commentThread,Cdxu8eqCPV0C9dnL7bJbVlx3fao,UgwT4bfXDvd76pCNQDJ4AaABAg,"{'videoId': 'zEfTDpfyt1o', 'topLevelComment': {'kind': 'youtube#comment', 'etag': '6-wqFY6B26HjOZ7Fznki3FwjE-E', 'id': 'UgwT4bfXDvd76pCNQDJ4AaABAg', 'snippet': {'videoId': 'zEfTDpfyt1o', 'textDisplay': 'Tem que prender o culpado', 'textOriginal': 'Tem que prender o culpado', 'authorDisplayName': 'Vilma Couto', 'authorProfileImageUrl': 'https://yt3.ggpht.com/ytc/AGIKgqNKOpg5MVDi7XTAHoUvTiUd9k9N5KJZV7QYAg=s48-c-k-c0x00ffffff-no-rj', 'authorChannelUrl': 'http://www.youtube.com/channel/UC9CfJhTyDIBAISF-gNx6uxQ', 'authorChannelId': {'value': 'UC9CfJhTyDIBAISF-gNx6uxQ'}, 'canRate': True, 'viewerRating': 'none', 'likeCount': 0, 'publishedAt': '2022-10-23T22:38:19Z', 'updatedAt': '2022-10-23T22:38:19Z'}}, 'canReply': True, 'totalReplyCount': 0, 'isPublic': True}",,UC9CfJhTyDIBAISF-gNx6uxQ,2022-10-23T22:38:19Z,Tem que prender o culpado,QURTSl9pMnlDcl93LVdleVZVQ29LSW83TEtSUkNfSkhNRXZXR2RaY3FIMTcydmpUaHBmT0stNnI0SkdGV0szOVNOeDRyUlZibzNBR1pZcw==,2023-06-08 14:52:42.801064
youtube#commentThread,4JuHhncvpbv6xsTqYcGism1GBBY,UgxYqAfTJRJnb-Pam4Z4AaABAg,"{'videoId': 'zEfTDpfyt1o', 'topLevelComment': {'kind': 'youtube#comment', 'etag': 'vhao-wP_gIs52Aow3ybUtWlYtjM', 'id': 'UgxYqAfTJRJnb-Pam4Z4AaABAg', 'snippet': {'videoId': 'zEfTDpfyt1o', 'textDisplay': 'O título desse vídeo está errado. Não é &quot;apoiador de Roberto&quot;. O correto é &quot;apoiador de Jair&quot;. Mas essa JP é 100% bozo e é porta voz extra oficial desse sujeito.', 'textOriginal': 'O título desse vídeo está errado. Não é ""apoiador de Roberto"". O correto é ""apoiador de Jair"". Mas essa JP é 100% bozo e é porta voz extra oficial desse sujeito.', 'authorDisplayName': 'Ademir 22', 'authorProfileImageUrl': 'https://yt3.ggpht.com/ytc/AGIKgqOW4tpILAppXWVwC06YzIpowL_ZAMxHyQOs=s48-c-k-c0x00ffffff-no-rj', 'authorChannelUrl': 'http://www.youtube.com/channel/UCp52ZiiK_hl0a_yG4tgyV8A', 'authorChannelId': {'value': 'UCp52ZiiK_hl0a_yG4tgyV8A'}, 'canRate': True, 'viewerRating': 'none', 'likeCount': 0, 'publishedAt': '2022-10-23T22:38:16Z', 'updatedAt': '2022-10-23T22:38:16Z'}}, 'canReply': True, 'totalReplyCount': 0, 'isPublic': True}",,UCp52ZiiK_hl0a_yG4tgyV8A,2022-10-23T22:38:16Z,"O título desse vídeo está errado. Não é ""apoiador de Roberto"". O correto é ""apoiador de Jair"". Mas essa JP é 100% bozo e é porta voz extra oficial desse sujeito.",QURTSl9pMnlDcl93LVdleVZVQ29LSW83TEtSUkNfSkhNRXZXR2RaY3FIMTcydmpUaHBmT0stNnI0SkdGV0szOVNOeDRyUlZibzNBR1pZcw==,2023-06-08 14:52:42.801064
youtube#commentThread,xueyDzt_behscmiIU-p5l5HhTFc,Ugz-JGOVNuXMOB2RCuZ4AaABAg,"{'videoId': 'zEfTDpfyt1o', 'topLevelComment': {'kind': 'youtube#comment', 'etag': 'F4OF92BswkwNgygc2Iz5pYRUYYM', 'id': 'Ugz-JGOVNuXMOB2RCuZ4AaABAg', 'snippet': {'videoId': 'zEfTDpfyt1o', 'textDisplay': 'EU FALEI:<br>ELES CRIARAM UM CLIMA, PROPÍCIO A UMA GUERRA CÍVIL.<br>MISERÁVEIS DE TOGA.', 'textOriginal': 'EU FALEI:\\nELES CRIARAM UM CLIMA, PROPÍCIO A UMA GUERRA CÍVIL.\\nMISERÁVEIS DE TOGA.', 'authorDisplayName': 'Paulo Ferreira', 'authorProfileImageUrl': 'https://yt3.ggpht.com/ytc/AGIKgqM_efmQW0ZN3zQ9Vi-QhwEz5mKiteojtR5BTA=s48-c-k-c0x00ffffff-no-rj', 'authorChannelUrl': 'http://www.youtube.com/channel/UCRLQrtYv2e7kBtmkZDirAlQ', 'authorChannelId': {'value': 'UCRLQrtYv2e7kBtmkZDirAlQ'}, 'canRate': True, 'viewerRating': 'none', 'likeCount': 0, 'publishedAt': '2022-10-23T22:38:14Z', 'updatedAt': '2022-10-23T22:38:14Z'}}, 'canReply': True, 'totalReplyCount': 0, 'isPublic': True}",,UCRLQrtYv2e7kBtmkZDirAlQ,2022-10-23T22:38:14Z,"EU FALEI:
ELES CRIARAM UM CLIMA, PROPÍCIO A UMA GUERRA CÍVIL.
MISERÁVEIS DE TOGA.",QURTSl9pMnlDcl93LVdleVZVQ29LSW83TEtSUkNfSkhNRXZXR2RaY3FIMTcydmpUaHBmT0stNnI0SkdGV0szOVNOeDRyUlZibzNBR1pZcw==,2023-06-08 14:52:42.801064
youtube#commentThread,EbTqgDscI_H5f48Fxo5g7dortGE,Ugz4V-d2kw2Al6vZiYF4AaABAg,"{'videoId': 'zEfTDpfyt1o', 'topLevelComment': {'kind': 'youtube#comment', 'etag': 'vdaJ44TzKCaj_vbz8dwi2Dk7ygM', 'id': 'Ugz4V-d2kw2Al6vZiYF4AaABAg', 'snippet': {'videoId': 'zEfTDpfyt1o', 'textDisplay': 'E pra ver os seguidores do mito agredindo um trabalhador isso e uma vergonha a polícia tem gue deser e a madeira nesses vândalos gue não respeita ninguém vão apoiar pegar este agressores e leva junto com o chefe dele gue está dentro de casa', 'textOriginal': 'E pra ver os seguidores do mito agredindo um trabalhador isso e uma vergonha a polícia tem gue deser e a madeira nesses vândalos gue não respeita ninguém vão apoiar pegar este agressores e leva junto com o chefe dele gue está dentro de casa', 'authorDisplayName': 'Lairto Colombo', 'authorProfileImageUrl': 'https://yt3.ggpht.com/ytc/AGIKgqNCx9SnKmVx4_HsuUrOv25OJkRQnPmOjvDgdA=s48-c-k-c0x00ffffff-no-rj', 'authorChannelUrl': 'http://www.youtube.com/channel/UCu25jIoZKjQseNrboVLGYrw', 'authorChannelId': {'value': 'UCu25jIoZKjQseNrboVLGYrw'}, 'canRate': True, 'viewerRating': 'none', 'likeCount': 0, 'publishedAt': '2022-10-23T22:38:13Z', 'updatedAt': '2022-10-23T22:38:13Z'}}, 'canReply': True, 'totalReplyCount': 0, 'isPublic': True}",,UCu25jIoZKjQseNrboVLGYrw,2022-10-23T22:38:13Z,E pra ver os seguidores do mito agredindo um trabalhador isso e uma vergonha a polícia tem gue deser e a madeira nesses vândalos gue não respeita ninguém vão apoiar pegar este agressores e leva junto com o chefe dele gue está dentro de casa,QURTSl9pMnlDcl93LVdleVZVQ29LSW83TEtSUkNfSkhNRXZXR2RaY3FIMTcydmpUaHBmT0stNnI0SkdGV0szOVNOeDRyUlZibzNBR1pZcw==,2023-06-08 14:52:42.801064
youtube#commentThread,3hbiHgeO2J36Wrv1Cz4HbbS1WDo,UgxGYsBcOs_AIXJYyS94AaABAg,"{'videoId': 'zEfTDpfyt1o', 'topLevelComment': {'kind': 'youtube#comment', 'etag': 'jqmw7eHMIQZAyW7hT16JL2WNb7I', 'id': 'UgxGYsBcOs_AIXJYyS94AaABAg', 'snippet': {'videoId': 'zEfTDpfyt1o', 'textDisplay': 'Nem sabia que ainda tinha jornalismo na Globo...mas ok', 'textOriginal': 'Nem sabia que ainda tinha jornalismo na Globo...mas ok', 'authorDisplayName': 'Marcos Ferraz', 'authorProfileImageUrl': 'https://yt3.ggpht.com/mtmY-CJLDOfdUE9DRZHmCQQfcc_ejjlvsLIc8QbAFs_tZvTELzha0ZQ6urrh_uhiprNi85AVYXU=s48-c-k-c0x00ffffff-no-rj', 'authorChannelUrl': 'http://www.youtube.com/channel/UC6b8zWLvbeidURu3nPUMX4Q', 'authorChannelId': {'value': 'UC6b8zWLvbeidURu3nPUMX4Q'}, 'canRate': True, 'viewerRating': 'none', 'likeCount': 0, 'publishedAt': '2022-10-23T22:38:12Z', 'updatedAt': '2022-10-23T22:38:12Z'}}, 'canReply': True, 'totalReplyCount': 0, 'isPublic': True}",,UC6b8zWLvbeidURu3nPUMX4Q,2022-10-23T22:38:12Z,Nem sabia que ainda tinha jornalismo na Globo...mas ok,QURTSl9pMnlDcl93LVdleVZVQ29LSW83TEtSUkNfSkhNRXZXR2RaY3FIMTcydmpUaHBmT0stNnI0SkdGV0szOVNOeDRyUlZibzNBR1pZcw==,2023-06-08 14:52:42.801064
youtube#commentThread,hel6cIs7FIqjCvWhT7791jBg6BU,Ugwvap7ez3EOxcMirwp4AaABAg,"{'videoId': 'zEfTDpfyt1o', 'topLevelComment': {'kind': 'youtube#comment', 'etag': 'VLX-N3lMDFIoxcSRKmivr1-0e_U', 'id': 'Ugwvap7ez3EOxcMirwp4AaABAg', 'snippet': {'videoId': 'zEfTDpfyt1o', 'textDisplay': 'Estamos enojados da imprensa que mente diuturnamente.', 'textOriginal': 'Estamos enojados da imprensa que mente diuturnamente.', 'authorDisplayName': 'Zilmar Abreu Rocha Leite Netto', 'authorProfileImageUrl': 'https://yt3.ggpht.com/ytc/AGIKgqN8e0tuMk2hSBDjyTX49a3viTpcGvXLsthbvQ=s48-c-k-c0x00ffffff-no-rj', 'authorChannelUrl': 'http://www.youtube.com/channel/UCQMHga_2I-LyBeSAFXS5EuQ', 'authorChannelId': {'value': 'UCQMHga_2I-LyBeSAFXS5EuQ'}, 'canRate': True, 'viewerRating': 'none', 'likeCount': 0, 'publishedAt': '2022-10-23T22:38:10Z', 'updatedAt': '2022-10-23T22:38:10Z'}}, 'canReply': True, 'totalReplyCount': 0, 'isPublic': True}",,UCQMHga_2I-LyBeSAFXS5EuQ,2022-10-23T22:38:10Z,Estamos enojados da imprensa que mente diuturnamente.,QURTSl9pMnlDcl93LVdleVZVQ29LSW83TEtSUkNfSkhNRXZXR2RaY3FIMTcydmpUaHBmT0stNnI0SkdGV0szOVNOeDRyUlZibzNBR1pZcw==,2023-06-08 14:52:42.801064
youtube#commentThread,bBXBJUxb2wevbMc6VBLoecV51X4,Ugyv2Y2x6ElUPyVEsa94AaABAg,"{'videoId': 'zEfTDpfyt1o', 'topLevelComment': {'kind': 'youtube#comment', 'etag': '2HnAB16Q2l42N8wIYsB4bZfrLJo', 'id': 'Ugyv2Y2x6ElUPyVEsa94AaABAg', 'snippet': {'videoId': 'zEfTDpfyt1o', 'textDisplay': 'Roberto Jefferson está fazendo teatro ! Já prestou atenção que quando a eleição do Bolsonaro está mais tranquila,ele faz alguma coisa para virar um caos!', 'textOriginal': 'Roberto Jefferson está fazendo teatro ! Já prestou atenção que quando a eleição do Bolsonaro está mais tranquila,ele faz alguma coisa para virar um caos!', 'authorDisplayName': 'Rosinaria Gomes Silva', 'authorProfileImageUrl': 'https://yt3.ggpht.com/ytc/AGIKgqPubbtQ6FfBJufnbwZsRveTIvbmMf6OVMomcw=s48-c-k-c0x00ffffff-no-rj', 'authorChannelUrl': 'http://www.youtube.com/channel/UCeO4SS2v9yqY3J5I3uWymAg', 'authorChannelId': {'value': 'UCeO4SS2v9yqY3J5I3uWymAg'}, 'canRate': True, 'viewerRating': 'none', 'likeCount': 0, 'publishedAt': '2022-10-23T22:38:09Z', 'updatedAt': '2022-10-23T22:38:09Z'}}, 'canReply': True, 'totalReplyCount': 0, 'isPublic': True}",,UCeO4SS2v9yqY3J5I3uWymAg,2022-10-23T22:38:09Z,"Roberto Jefferson está fazendo teatro ! Já prestou atenção que quando a eleição do Bolsonaro está mais tranquila,ele faz alguma coisa para virar um caos!",QURTSl9pMnlDcl93LVdleVZVQ29LSW83TEtSUkNfSkhNRXZXR2RaY3FIMTcydmpUaHBmT0stNnI0SkdGV0szOVNOeDRyUlZibzNBR1pZcw==,2023-06-08 14:52:42.801064
youtube#commentThread,YBai9OgXlcOvboKuEuxlwLdhkF4,UgxK6kIw15GFUX4OIIh4AaABAg,"{'videoId': 'zEfTDpfyt1o', 'topLevelComment': {'kind': 'youtube#comment', 'etag': 'lLH7p5bnpfWvucitsbae0hXCet4', 'id': 'UgxK6kIw15GFUX4OIIh4AaABAg', 'snippet': {'videoId': 'zEfTDpfyt1o', 'textDisplay': 'Tem q ser assim mesmo,nos de direita respeitamos esses malditos.portanto nao foi errado é so mi mi mi.', 'textOriginal': 'Tem q ser assim mesmo,nos de direita respeitamos esses malditos.portanto nao foi errado é so mi mi mi.', 'authorDisplayName': 'Almir Assunção', 'authorProfileImageUrl': 'https://yt3.ggpht.com/ytc/AGIKgqP8I-nNfcgzYX73zEIdp3brBomnnwlg1jVqGg=s48-c-k-c0x00ffffff-no-rj', 'authorChannelUrl': 'http://www.youtube.com/channel/UCEFe1r3Wm2573DHKUED3HJg', 'authorChannelId': {'value': 'UCEFe1r3Wm2573DHKUED3HJg'}, 'canRate': True, 'viewerRating': 'none', 'likeCount': 0, 'publishedAt': '2022-10-23T22:38:09Z', 'updatedAt': '2022-10-23T22:38:09Z'}}, 'canReply': True, 'totalReplyCount': 0, 'isPublic': True}",,UCEFe1r3Wm2573DHKUED3HJg,2022-10-23T22:38:09Z,"Tem q ser assim mesmo,nos de direita respeitamos esses malditos.portanto nao foi errado é so mi mi mi.",QURTSl9pMnlDcl93LVdleVZVQ29LSW83TEtSUkNfSkhNRXZXR2RaY3FIMTcydmpUaHBmT0stNnI0SkdGV0szOVNOeDRyUlZibzNBR1pZcw==,2023-06-08 14:52:42.801064
youtube#commentThread,vt_KaFHGeKmmJZI31tVfFAm8xL8,UgzRHkvS5Z8giw2OG6p4AaABAg,"{'videoId': 'zEfTDpfyt1o', 'topLevelComment': {'kind': 'youtube#comment', 'etag': 'ecWD6vR1LA5oOo66NkMtQkrfHOU', 'id': 'UgzRHkvS5Z8giw2OG6p4AaABAg', 'snippet': {'videoId': 'zEfTDpfyt1o', 'textDisplay': 'Isso q a esquerda  quer .tumulto', 'textOriginal': 'Isso q a esquerda  quer .tumulto', 'authorDisplayName': 'Simei Fernandes', 'authorProfileImageUrl': 'https://yt3.ggpht.com/ytc/AGIKgqMGLe06eg4Z1H6_cKhRzf63UMzQIbCLebLWG5v8dg7FbkXt30g_qFJHSosbMYJ1=s48-c-k-c0x00ffffff-no-rj', 'authorChannelUrl': 'http://www.youtube.com/channel/UCsae1DxWG-R51hE1eAvR9fw', 'authorChannelId': {'value': 'UCsae1DxWG-R51hE1eAvR9fw'}, 'canRate': True, 'viewerRating': 'none', 'likeCount': 0, 'publishedAt': '2022-10-23T22:38:05Z', 'updatedAt': '2022-10-23T22:38:05Z'}}, 'canReply': True, 'totalReplyCount': 0, 'isPublic': True}",,UCsae1DxWG-R51hE1eAvR9fw,2022-10-23T22:38:05Z,Isso q a esquerda  quer .tumulto,QURTSl9pMnlDcl93LVdleVZVQ29LSW83TEtSUkNfSkhNRXZXR2RaY3FIMTcydmpUaHBmT0stNnI0SkdGV0szOVNOeDRyUlZibzNBR1pZcw==,2023-06-08 14:52:42.801064
youtube#commentThread,DBb8daeNv99BRtntP4eKOSdE8UE,UgwBu-8FRMnLez07Cu54AaABAg,"{'videoId': 'zEfTDpfyt1o', 'topLevelComment': {'kind': 'youtube#comment', 'etag': '_HeRuNFk19geHAn2mOSmOyzWbbA', 'id': 'UgwBu-8FRMnLez07Cu54AaABAg', 'snippet': {'videoId': 'zEfTDpfyt1o', 'textDisplay': 'Repúdio a esta agressão e o nosso repúdio as atividades do STF', 'textOriginal': 'Repúdio a esta agressão e o nosso repúdio as atividades do STF', 'authorDisplayName': 'Onivaldo Lopes', 'authorProfileImageUrl': 'https://yt3.ggpht.com/ytc/AGIKgqNNCeF-hXey9UauNp0PggEj9R-_NLGBkCrVrQAJ1-UF7XMi7fse5hV9pGr28VmH=s48-c-k-c0x00ffffff-no-rj', 'authorChannelUrl': 'http://www.youtube.com/channel/UCtwdsVJwrQ8hcPDeNK7CWJw', 'authorChannelId': {'value': 'UCtwdsVJwrQ8hcPDeNK7CWJw'}, 'canRate': True, 'viewerRating': 'none', 'likeCount': 1, 'publishedAt': '2022-10-23T22:38:05Z', 'updatedAt': '2022-10-23T22:38:05Z'}}, 'canReply': True, 'totalReplyCount': 0, 'isPublic': True}",,UCtwdsVJwrQ8hcPDeNK7CWJw,2022-10-23T22:38:05Z,Repúdio a esta agressão e o nosso repúdio as atividades do STF,QURTSl9pMnlDcl93LVdleVZVQ29LSW83TEtSUkNfSkhNRXZXR2RaY3FIMTcydmpUaHBmT0stNnI0SkdGV0szOVNOeDRyUlZibzNBR1pZcw==,2023-06-08 14:52:42.801064
youtube#commentThread,rWCyezModaSs59bv_iJM_OXoRCg,UgxamUNJl0A0w1hO2XB4AaABAg,"{'videoId': 'zEfTDpfyt1o', 'topLevelComment': {'kind': 'youtube#comment', 'etag': 'z_vJOuKZVi0oKFitTbr2wvnJm30', 'id': 'UgxamUNJl0A0w1hO2XB4AaABAg', 'snippet': {'videoId': 'zEfTDpfyt1o', 'textDisplay': 'Se Bolsonaro tivesse tomado uma atitude e deposto esse tirano de toga,essas coisas loucas não estariam acontecendo', 'textOriginal': 'Se Bolsonaro tivesse tomado uma atitude e deposto esse tirano de toga,essas coisas loucas não estariam acontecendo', 'authorDisplayName': 'Jocelio De lara', 'authorProfileImageUrl': 'https://yt3.ggpht.com/ytc/AGIKgqMFMxWAzhxuHQVACgIm6r7B0COzoDCMbWjwsw=s48-c-k-c0x00ffffff-no-rj', 'authorChannelUrl': 'http://www.youtube.com/channel/UCm1tA62mHATrP5c30U1FyNw', 'authorChannelId': {'value': 'UCm1tA62mHATrP5c30U1FyNw'}, 'canRate': True, 'viewerRating': 'none', 'likeCount': 0, 'publishedAt': '2022-10-23T22:38:00Z', 'updatedAt': '2022-10-23T22:38:00Z'}}, 'canReply': True, 'totalReplyCount': 0, 'isPublic': True}",,UCm1tA62mHATrP5c30U1FyNw,2022-10-23T22:38:00Z,"Se Bolsonaro tivesse tomado uma atitude e deposto esse tirano de toga,essas coisas loucas não estariam acontecendo",QURTSl9pMnlDcl93LVdleVZVQ29LSW83TEtSUkNfSkhNRXZXR2RaY3FIMTcydmpUaHBmT0stNnI0SkdGV0szOVNOeDRyUlZibzNBR1pZcw==,2023-06-08 14:52:42.801064
youtube#commentThread,U1syhJBhfWqIQMkAY91VyneEL1c,Ugw3-iFWQ4kx2vMRr-d4AaABAg,"{'videoId': 'zEfTDpfyt1o', 'topLevelComment': {'kind': 'youtube#comment', 'etag': 'mUaJt0D_SlIVDH_nt9a-3RRhrKg', 'id': 'Ugw3-iFWQ4kx2vMRr-d4AaABAg', 'snippet': {'videoId': 'zEfTDpfyt1o', 'textDisplay': 'Fala para o STF tbm ler a constituição,oh apresentador.', 'textOriginal': 'Fala para o STF tbm ler a constituição,oh apresentador.', 'authorDisplayName': 'Mario Tsuyoshi Higashi', 'authorProfileImageUrl': 'https://yt3.ggpht.com/ytc/AGIKgqOhsLTfoeL_YlX83Y-pgmy6J8e5m_Lw89XIeS-9-mM=s48-c-k-c0x00ffffff-no-rj', 'authorChannelUrl': 'http://www.youtube.com/channel/UChyg21WAUjYef2cH9auMM7A', 'authorChannelId': {'value': 'UChyg21WAUjYef2cH9auMM7A'}, 'canRate': True, 'viewerRating': 'none', 'likeCount': 0, 'publishedAt': '2022-10-23T22:37:52Z', 'updatedAt': '2022-10-23T22:37:52Z'}}, 'canReply': True, 'totalReplyCount': 0, 'isPublic': True}",,UChyg21WAUjYef2cH9auMM7A,2022-10-23T22:37:52Z,"Fala para o STF tbm ler a constituição,oh apresentador.",QURTSl9pMnlDcl93LVdleVZVQ29LSW83TEtSUkNfSkhNRXZXR2RaY3FIMTcydmpUaHBmT0stNnI0SkdGV0szOVNOeDRyUlZibzNBR1pZcw==,2023-06-08 14:52:42.801064
youtube#commentThread,zr8cFJ_aa_4fJlNhkmrNrNnh9lI,UgzF8eMpJLdzk43dRVB4AaABAg,"{'videoId': 'zEfTDpfyt1o', 'topLevelComment': {'kind': 'youtube#comment', 'etag': 'uU2mWw6FuuCQTx7egZ1xgXBg6QA', 'id': 'UgzF8eMpJLdzk43dRVB4AaABAg', 'snippet': {'videoId': 'zEfTDpfyt1o', 'textDisplay': 'PARABENS A jEFFERSON!  CORAJOSO QUE NÃO SE CURVOU OS DÉSPOTAS DESTE PAIS!', 'textOriginal': 'PARABENS A jEFFERSON!  CORAJOSO QUE NÃO SE CURVOU OS DÉSPOTAS DESTE PAIS!', 'authorDisplayName': 'Cipher', 'authorProfileImageUrl': 'https://yt3.ggpht.com/ytc/AGIKgqOvNIHRbGUGfw8C21Gsd4o41EESfrgXYWVY6Q=s48-c-k-c0x00ffffff-no-rj', 'authorChannelUrl': 'http://www.youtube.com/channel/UCyklrEnkWN4bkkI8m8sltCw', 'authorChannelId': {'value': 'UCyklrEnkWN4bkkI8m8sltCw'}, 'canRate': True, 'viewerRating': 'none', 'likeCount': 2, 'publishedAt': '2022-10-23T22:37:49Z', 'updatedAt': '2022-10-23T22:37:49Z'}}, 'canReply': True, 'totalReplyCount': 1, 'isPublic': True}","{'comments': [{'kind': 'youtube#comment', 'etag': 'Zd4Va8dcQAH6UUGkYkhG3UiSdnU', 'id': 'UgzF8eMpJLdzk43dRVB4AaABAg.9hYBxFWayMl9hYkg5yLbIH', 'snippet': {'videoId': 'zEfTDpfyt1o', 'textDisplay': 'Pronto para morrer pela família dele..e pelas nossas...heróico e trágico...espero que não esteja só. Merece uma vigília de nossa parte,  como ja deram até para criminoso...', 'textOriginal': 'Pronto para morrer pela família dele..e pelas nossas...heróico e trágico...espero que não esteja só. Merece uma vigília de nossa parte,  como ja deram até para criminoso...', 'parentId': 'UgzF8eMpJLdzk43dRVB4AaABAg', 'authorDisplayName': 'Tiburcio Nascimento', 'authorProfileImageUrl': 'https://yt3.ggpht.com/ytc/AGIKgqPYJ16XbloZp1nRif2q9UiINjE9b3aLcJFllVpYZmGF8L32gAvFuJ_fm0H5T6oa=s48-c-k-c0x00ffffff-no-rj', 'authorChannelUrl': 'http://www.youtube.com/channel/UCOpVT2WBtvOTmNgRgNreY3Q', 'authorChannelId': {'value': 'UCOpVT2WBtvOTmNgRgNreY3Q'}, 'canRate': True, 'viewerRating': 'none', 'likeCount': 0, 'publishedAt': '2022-10-24T03:50:03Z', 'updatedAt': '2022-10-24T03:50:03Z'}}]}",UCyklrEnkWN4bkkI8m8sltCw,2022-10-23T22:37:49Z,PARABENS A jEFFERSON!  CORAJOSO QUE NÃO SE CURVOU OS DÉSPOTAS DESTE PAIS!,QURTSl9pMnlDcl93LVdleVZVQ29LSW83TEtSUkNfSkhNRXZXR2RaY3FIMTcydmpUaHBmT0stNnI0SkdGV0szOVNOeDRyUlZibzNBR1pZcw==,2023-06-08 14:52:42.801064
youtube#commentThread,umvMghTXib0zUBEbUvJ7QdVgd1s,UgwAPl9_O9phdkro2U14AaABAg,"{'videoId': 'zEfTDpfyt1o', 'topLevelComment': {'kind': 'youtube#comment', 'etag': '4OwwrNSM9KvOjUiT2VbAVvESy3A', 'id': 'UgwAPl9_O9phdkro2U14AaABAg', 'snippet': {'videoId': 'zEfTDpfyt1o', 'textDisplay': 'Junta arma, política, religião e tempera com ignorância que resultará nisso.', 'textOriginal': 'Junta arma, política, religião e tempera com ignorância que resultará nisso.', 'authorDisplayName': 'Diego Pais', 'authorProfileImageUrl': 'https://yt3.ggpht.com/ytc/AGIKgqPUWYGnry5SubPXODk0dzRqrAwUWWxhiIY-n2fbNA=s48-c-k-c0x00ffffff-no-rj', 'authorChannelUrl': 'http://www.youtube.com/channel/UCIxDFI31iLTiA4VwBpO0u6g', 'authorChannelId': {'value': 'UCIxDFI31iLTiA4VwBpO0u6g'}, 'canRate': True, 'viewerRating': 'none', 'likeCount': 0, 'publishedAt': '2022-10-23T22:37:47Z', 'updatedAt': '2022-10-23T22:37:47Z'}}, 'canReply': True, 'totalReplyCount': 0, 'isPublic': True}",,UCIxDFI31iLTiA4VwBpO0u6g,2022-10-23T22:37:47Z,"Junta arma, política, religião e tempera com ignorância que resultará nisso.",QURTSl9pMnlDcl93LVdleVZVQ29LSW83TEtSUkNfSkhNRXZXR2RaY3FIMTcydmpUaHBmT0stNnI0SkdGV0szOVNOeDRyUlZibzNBR1pZcw==,2023-06-08 14:52:42.801064
youtube#commentThread,X8w_To8YBtNko9VQRmKU_-MhYa8,UgxdyXMLfGA5tsU77yd4AaABAg,"{'videoId': 'zEfTDpfyt1o', 'topLevelComment': {'kind': 'youtube#comment', 'etag': 'ph_c4_dAsQicigJ5nLNgbut6dHk', 'id': 'UgxdyXMLfGA5tsU77yd4AaABAg', 'snippet': {'videoId': 'zEfTDpfyt1o', 'textDisplay': 'A globolixo coitadinha é tão boazinha.', 'textOriginal': 'A globolixo coitadinha é tão boazinha.', 'authorDisplayName': 'Stansom', 'authorProfileImageUrl': 'https://yt3.ggpht.com/ytc/AGIKgqMFNcZ_R4xIIJyjyzC6LEWI4J6uogWTzoK1oGim0ow8TvfK_yGYLfzdtyW7BYd6=s48-c-k-c0x00ffffff-no-rj', 'authorChannelUrl': 'http://www.youtube.com/channel/UC-ObNJVu-ZnvkQZMVRwuLtA', 'authorChannelId': {'value': 'UC-ObNJVu-ZnvkQZMVRwuLtA'}, 'canRate': True, 'viewerRating': 'none', 'likeCount': 1, 'publishedAt': '2022-10-23T22:37:45Z', 'updatedAt': '2022-10-23T22:37:45Z'}}, 'canReply': True, 'totalReplyCount': 0, 'isPublic': True}",,UC-ObNJVu-ZnvkQZMVRwuLtA,2022-10-23T22:37:45Z,A globolixo coitadinha é tão boazinha.,QURTSl9pMnlDcl93LVdleVZVQ29LSW83TEtSUkNfSkhNRXZXR2RaY3FIMTcydmpUaHBmT0stNnI0SkdGV0szOVNOeDRyUlZibzNBR1pZcw==,2023-06-08 14:52:42.801064
youtube#commentThread,R1AM6pWa_xHfOtXDPHHeC3cGLmA,UgwMiO54Rzymosri7eh4AaABAg,"{'videoId': 'zEfTDpfyt1o', 'topLevelComment': {'kind': 'youtube#comment', 'etag': 'yVqW0ybVJh1quT1Fw3L0Bja_pc0', 'id': 'UgwMiO54Rzymosri7eh4AaABAg', 'snippet': {'videoId': 'zEfTDpfyt1o', 'textDisplay': 'Calma gente não é hora de fazer justiça com as próprias mãos. Nosso foco é a reeleição de Bolsonaro. Bora trabalhar pelo Bolsonaro.', 'textOriginal': 'Calma gente não é hora de fazer justiça com as próprias mãos. Nosso foco é a reeleição de Bolsonaro. Bora trabalhar pelo Bolsonaro.', 'authorDisplayName': 'Maria Bernadete Siqueira de Castro', 'authorProfileImageUrl': 'https://yt3.ggpht.com/ytc/AGIKgqMpY6B3V5xvapRRItas4aCNbMJgFPZXsPJfjw=s48-c-k-c0x00ffffff-no-rj', 'authorChannelUrl': 'http://www.youtube.com/channel/UCI6StcV1ftkwoxMiNE5Oojg', 'authorChannelId': {'value': 'UCI6StcV1ftkwoxMiNE5Oojg'}, 'canRate': True, 'viewerRating': 'none', 'likeCount': 0, 'publishedAt': '2022-10-23T22:37:41Z', 'updatedAt': '2022-10-23T22:37:41Z'}}, 'canReply': True, 'totalReplyCount': 0, 'isPublic': True}",,UCI6StcV1ftkwoxMiNE5Oojg,2022-10-23T22:37:41Z,Calma gente não é hora de fazer justiça com as próprias mãos. Nosso foco é a reeleição de Bolsonaro. Bora trabalhar pelo Bolsonaro.,QURTSl9pMnlDcl93LVdleVZVQ29LSW83TEtSUkNfSkhNRXZXR2RaY3FIMTcydmpUaHBmT0stNnI0SkdGV0szOVNOeDRyUlZibzNBR1pZcw==,2023-06-08 14:52:42.801064
youtube#commentThread,oxKVOxQaEFudQhtoePD92TzrRSY,UgyuME_4j6mcEeARufF4AaABAg,"{'videoId': 'zEfTDpfyt1o', 'topLevelComment': {'kind': 'youtube#comment', 'etag': 'H8TVewx3eQWrFoHNDQ0BdOIMxOg', 'id': 'UgyuME_4j6mcEeARufF4AaABAg', 'snippet': {'videoId': 'zEfTDpfyt1o', 'textDisplay': 'O ataque ao cinegrafista me lembrou daquele atentado feito em São Paulo com uma bomba... A imprensa tem q ser livre e NÃO à censura!!', 'textOriginal': 'O ataque ao cinegrafista me lembrou daquele atentado feito em São Paulo com uma bomba... A imprensa tem q ser livre e NÃO à censura!!', 'authorDisplayName': 'Dr. Zarkov', 'authorProfileImageUrl': 'https://yt3.ggpht.com/lKkKDYYMp98AXN7DaCd-bDow1C3cGZiivBN3XXqHrzMmyFOul19PNTk6UVD_RBWwBcIzCwGvxA=s48-c-k-c0x00ffffff-no-rj', 'authorChannelUrl': 'http://www.youtube.com/channel/UCbHEGs7uk97C4idmh2MkDGQ', 'authorChannelId': {'value': 'UCbHEGs7uk97C4idmh2MkDGQ'}, 'canRate': True, 'viewerRating': 'none', 'likeCount': 3, 'publishedAt': '2022-10-23T22:37:37Z', 'updatedAt': '2022-10-23T22:37:37Z'}}, 'canReply': True, 'totalReplyCount': 0, 'isPublic': True}",,UCbHEGs7uk97C4idmh2MkDGQ,2022-10-23T22:37:37Z,O ataque ao cinegrafista me lembrou daquele atentado feito em São Paulo com uma bomba... A imprensa tem q ser livre e NÃO à censura!!,QURTSl9pMnlDcl93LVdleVZVQ29LSW83TEtSUkNfSkhNRXZXR2RaY3FIMTcydmpUaHBmT0stNnI0SkdGV0szOVNOeDRyUlZibzNBR1pZcw==,2023-06-08 14:52:42.801064
youtube#commentThread,OcRgZQex2qV4i6gL7lIQWCJlYZ8,UgznE50oGf5fSvXcBnd4AaABAg,"{'videoId': 'zEfTDpfyt1o', 'topLevelComment': {'kind': 'youtube#comment', 'etag': 'Dk762Nm6VemkgfGfFTuyLaPJx7g', 'id': 'UgznE50oGf5fSvXcBnd4AaABAg', 'snippet': {'videoId': 'zEfTDpfyt1o', 'textDisplay': 'Vaga bundo', 'textOriginal': 'Vaga bundo', 'authorDisplayName': 'F50 Mad Racer', 'authorProfileImageUrl': 'https://yt3.ggpht.com/GsmgIAN78tYVFrtLik-Ib0XqRY7ukB9aWZthl6mDiu3PlwgEaf_D9d75kDLa-4PFZ9AqmXBht6g=s48-c-k-c0x00ffffff-no-rj', 'authorChannelUrl': 'http://www.youtube.com/channel/UCtWRp7GPSbeUyctY6BmLD7Q', 'authorChannelId': {'value': 'UCtWRp7GPSbeUyctY6BmLD7Q'}, 'canRate': True, 'viewerRating': 'none', 'likeCount': 1, 'publishedAt': '2022-10-23T22:37:36Z', 'updatedAt': '2022-10-23T22:37:36Z'}}, 'canReply': True, 'totalReplyCount': 0, 'isPublic': True}",,UCtWRp7GPSbeUyctY6BmLD7Q,2022-10-23T22:37:36Z,Vaga bundo,QURTSl9pMnlDcl93LVdleVZVQ29LSW83TEtSUkNfSkhNRXZXR2RaY3FIMTcydmpUaHBmT0stNnI0SkdGV0szOVNOeDRyUlZibzNBR1pZcw==,2023-06-08 14:52:42.801064
youtube#commentThread,_utLxaRk5FFHYXYfRuUeEE9wUjU,Ugz54F5HbxbyHlt-5xV4AaABAg,"{'videoId': 'zEfTDpfyt1o', 'topLevelComment': {'kind': 'youtube#comment', 'etag': 'HkSADszHZWaWR-gxYT9nNhhLso8', 'id': 'Ugz54F5HbxbyHlt-5xV4AaABAg', 'snippet': {'videoId': 'zEfTDpfyt1o', 'textDisplay': 'DITADURA TEM COMO CONSEQUÊNCIA A REVOLTA EA INJUSTIÇA. SERÁ Q A JP VAI PRA CIMA DO MURO?', 'textOriginal': 'DITADURA TEM COMO CONSEQUÊNCIA A REVOLTA EA INJUSTIÇA. SERÁ Q A JP VAI PRA CIMA DO MURO?', 'authorDisplayName': 'BRASIL', 'authorProfileImageUrl': 'https://yt3.ggpht.com/NywNJjvblU5IuJlYAsordVRInSV5ZXE8sxMwTpWpMJuFEJ88JLnev6un42X1VW3GJwsniWTI=s48-c-k-c0x00ffffff-no-rj', 'authorChannelUrl': 'http://www.youtube.com/channel/UChh-R4-UyLT6VdlzQyk0opQ', 'authorChannelId': {'value': 'UChh-R4-UyLT6VdlzQyk0opQ'}, 'canRate': True, 'viewerRating': 'none', 'likeCount': 0, 'publishedAt': '2022-10-23T22:37:29Z', 'updatedAt': '2022-10-23T22:37:29Z'}}, 'canReply': True, 'totalReplyCount': 0, 'isPublic': True}",,UChh-R4-UyLT6VdlzQyk0opQ,2022-10-23T22:37:29Z,DITADURA TEM COMO CONSEQUÊNCIA A REVOLTA EA INJUSTIÇA. SERÁ Q A JP VAI PRA CIMA DO MURO?,QURTSl9pMnlDcl93LVdleVZVQ29LSW83TEtSUkNfSkhNRXZXR2RaY3FIMTcydmpUaHBmT0stNnI0SkdGV0szOVNOeDRyUlZibzNBR1pZcw==,2023-06-08 14:52:42.801064
youtube#commentThread,imr4xlRDPBsu6R5OVGibghyOVcs,UgywXy4a-6eoBBKrI-V4AaABAg,"{'videoId': 'zEfTDpfyt1o', 'topLevelComment': {'kind': 'youtube#comment', 'etag': 'co8Ys75N6EXiZpY67syl7LeHErw', 'id': 'UgywXy4a-6eoBBKrI-V4AaABAg', 'snippet': {'videoId': 'zEfTDpfyt1o', 'textDisplay': 'Tem que ser identificado e responder pelos atos irracionais', 'textOriginal': 'Tem que ser identificado e responder pelos atos irracionais', 'authorDisplayName': 'silvana silva', 'authorProfileImageUrl': 'https://yt3.ggpht.com/ytc/AGIKgqOs0pMFA30LH_cRDCTpYa-MStShbcgLV4eTow=s48-c-k-c0x00ffffff-no-rj', 'authorChannelUrl': 'http://www.youtube.com/channel/UCFjiOfzMO0O-rzDtIBZSwNQ', 'authorChannelId': {'value': 'UCFjiOfzMO0O-rzDtIBZSwNQ'}, 'canRate': True, 'viewerRating': 'none', 'likeCount': 2, 'publishedAt': '2022-10-23T22:37:29Z', 'updatedAt': '2022-10-23T22:37:29Z'}}, 'canReply': True, 'totalReplyCount': 2, 'isPublic': True}","{'comments': [{'kind': 'youtube#comment', 'etag': 'XMZoCch5x1NKN0SnRMc9Gg2XxfM', 'id': 'UgywXy4a-6eoBBKrI-V4AaABAg.9hYBumkw45Z9hZpavWYlqg', 'snippet': {'videoId': 'zEfTDpfyt1o', 'textDisplay': '@Tiburcio Nascimento se vc se refere aminha pessoa com ironia infantil por falar o óbvio , vc , tanto quanto o agressor precisam de psiquiatra.', 'textOriginal': '@Tiburcio Nascimento se vc se refere aminha pessoa com ironia infantil por falar o óbvio , vc , tanto quanto o agressor precisam de psiquiatra.', 'parentId': 'UgywXy4a-6eoBBKrI-V4AaABAg', 'authorDisplayName': 'silvana silva', 'authorProfileImageUrl': 'https://yt3.ggpht.com/ytc/AGIKgqOs0pMFA30LH_cRDCTpYa-MStShbcgLV4eTow=s48-c-k-c0x00ffffff-no-rj', 'authorChannelUrl': 'http://www.youtube.com/channel/UCFjiOfzMO0O-rzDtIBZSwNQ', 'authorChannelId': {'value': 'UCFjiOfzMO0O-rzDtIBZSwNQ'}, 'canRate': True, 'viewerRating': 'none', 'likeCount': 0, 'publishedAt': '2022-10-24T13:52:16Z', 'updatedAt': '2022-10-24T13:52:16Z'}}, {'kind': 'youtube#comment', 'etag': '_xsIxw1z7yVadq-1tBrbOcnyPh8', 'id': 'UgywXy4a-6eoBBKrI-V4AaABAg.9hYBumkw45Z9hYealkHQwu', 'snippet': {'videoId': 'zEfTDpfyt1o', 'textDisplay': 'Mais uma juiza tendenciosa...Vai para o STJ...é só ter padrinho...', 'textOriginal': 'Mais uma juiza tendenciosa...Vai para o STJ...é só ter padrinho...', 'parentId': 'UgywXy4a-6eoBBKrI-V4AaABAg', 'authorDisplayName': 'Tiburcio Nascimento', 'authorProfileImageUrl': 'https://yt3.ggpht.com/ytc/AGIKgqPYJ16XbloZp1nRif2q9UiINjE9b3aLcJFllVpYZmGF8L32gAvFuJ_fm0H5T6oa=s48-c-k-c0x00ffffff-no-rj', 'authorChannelUrl': 'http://www.youtube.com/channel/UCOpVT2WBtvOTmNgRgNreY3Q', 'authorChannelId': {'value': 'UCOpVT2WBtvOTmNgRgNreY3Q'}, 'canRate': True, 'viewerRating': 'none', 'likeCount': 0, 'publishedAt': '2022-10-24T02:56:53Z', 'updatedAt': '2022-10-24T02:56:53Z'}}]}",UCFjiOfzMO0O-rzDtIBZSwNQ,2022-10-23T22:37:29Z,Tem que ser identificado e responder pelos atos irracionais,QURTSl9pMnlDcl93LVdleVZVQ29LSW83TEtSUkNfSkhNRXZXR2RaY3FIMTcydmpUaHBmT0stNnI0SkdGV0szOVNOeDRyUlZibzNBR1pZcw==,2023-06-08 14:52:42.801064
youtube#commentThread,NYHsLo3mi4cPAZ_hqKjc10Osn8w,UgxX3XS2Njw3Yzs02kF4AaABAg,"{'videoId': 'zEfTDpfyt1o', 'topLevelComment': {'kind': 'youtube#comment', 'etag': '1gACK8hgCv6IQ6POiPEq8G3rhQo', 'id': 'UgxX3XS2Njw3Yzs02kF4AaABAg', 'snippet': {'videoId': 'zEfTDpfyt1o', 'textDisplay': 'Errado, uma única  pessoa fazer isso, podendo até  prejudicar outros. Também não teve culpa de no empurrar  e a câmara bater onde não devia.', 'textOriginal': 'Errado, uma única  pessoa fazer isso, podendo até  prejudicar outros. Também não teve culpa de no empurrar  e a câmara bater onde não devia.', 'authorDisplayName': 'Ângela Célia Cunha Quattrer', 'authorProfileImageUrl': 'https://yt3.ggpht.com/ytc/AGIKgqMAojN1oXibbPj6IqCWlwIsKm1CBTEBc6vUkdx7ew=s48-c-k-c0x00ffffff-no-rj', 'authorChannelUrl': 'http://www.youtube.com/channel/UCbVlbu16qk0mYp4zRKj2lnQ', 'authorChannelId': {'value': 'UCbVlbu16qk0mYp4zRKj2lnQ'}, 'canRate': True, 'viewerRating': 'none', 'likeCount': 0, 'publishedAt': '2022-10-23T22:37:28Z', 'updatedAt': '2022-10-23T22:37:51Z'}}, 'canReply': True, 'totalReplyCount': 0, 'isPublic': True}",,UCbVlbu16qk0mYp4zRKj2lnQ,2022-10-23T22:37:28Z,"Errado, uma única  pessoa fazer isso, podendo até  prejudicar outros. Também não teve culpa de no empurrar  e a câmara bater onde não devia.",QURTSl9pMnlDcl93LVdleVZVQ29LSW83TEtSUkNfSkhNRXZXR2RaY3FIMTcydmpUaHBmT0stNnI0SkdGV0szOVNOeDRyUlZibzNBR1pZcw==,2023-06-08 14:52:42.801064
youtube#commentThread,b4r335zz_Ke-YnlcHSKZCPvmRh4,UgyymlILbIoIyOeSzMB4AaABAg,"{'videoId': 'zEfTDpfyt1o', 'topLevelComment': {'kind': 'youtube#comment', 'etag': 'RyfnldVCv0qOQDHaI6nwcjE7KIA', 'id': 'UgyymlILbIoIyOeSzMB4AaABAg', 'snippet': {'videoId': 'zEfTDpfyt1o', 'textDisplay': 'Tô com tanta peninha desse  cinegrafista kkkkkkk', 'textOriginal': 'Tô com tanta peninha desse  cinegrafista kkkkkkk', 'authorDisplayName': 'Luis Roberto Fonseca', 'authorProfileImageUrl': 'https://yt3.ggpht.com/ytc/AGIKgqMTo_Auveo7uOb9QAtLD6hmgnMesAlqhxrFsXhRxA=s48-c-k-c0x00ffffff-no-rj', 'authorChannelUrl': 'http://www.youtube.com/channel/UCU5AWhXo2jfeR1GHSc6Z_0w', 'authorChannelId': {'value': 'UCU5AWhXo2jfeR1GHSc6Z_0w'}, 'canRate': True, 'viewerRating': 'none', 'likeCount': 0, 'publishedAt': '2022-10-23T22:37:28Z', 'updatedAt': '2022-10-23T22:37:28Z'}}, 'canReply': True, 'totalReplyCount': 0, 'isPublic': True}",,UCU5AWhXo2jfeR1GHSc6Z_0w,2022-10-23T22:37:28Z,Tô com tanta peninha desse  cinegrafista kkkkkkk,QURTSl9pMnlDcl93LVdleVZVQ29LSW83TEtSUkNfSkhNRXZXR2RaY3FIMTcydmpUaHBmT0stNnI0SkdGV0szOVNOeDRyUlZibzNBR1pZcw==,2023-06-08 14:52:42.801064
youtube#commentThread,ieMsa6ksh7eMSTAN_Uka088EOqA,UgxBmo9TP2ubyxIAmqd4AaABAg,"{'videoId': 'zEfTDpfyt1o', 'topLevelComment': {'kind': 'youtube#comment', 'etag': 'Pp2tBHK41F3ZSlzcVgT-hvI1bEk', 'id': 'UgxBmo9TP2ubyxIAmqd4AaABAg', 'snippet': {'videoId': 'zEfTDpfyt1o', 'textDisplay': 'apoiadores do Roberto Jefferson e do Bolsonaro, grande responsável pela onda de violência, incluindo essa radio q apoia esse GENOCIDA', 'textOriginal': 'apoiadores do Roberto Jefferson e do Bolsonaro, grande responsável pela onda de violência, incluindo essa radio q apoia esse GENOCIDA', 'authorDisplayName': 'Romulo Pereira', 'authorProfileImageUrl': 'https://yt3.ggpht.com/ytc/AGIKgqNC5TUuV2hWZ1SPjIUk_NOM8-wtcWmmR8aFvQ=s48-c-k-c0x00ffffff-no-rj', 'authorChannelUrl': 'http://www.youtube.com/channel/UChvGHU2ChfzelQVs3D7Kj1w', 'authorChannelId': {'value': 'UChvGHU2ChfzelQVs3D7Kj1w'}, 'canRate': True, 'viewerRating': 'none', 'likeCount': 0, 'publishedAt': '2022-10-23T22:37:27Z', 'updatedAt': '2022-10-23T22:37:27Z'}}, 'canReply': True, 'totalReplyCount': 0, 'isPublic': True}",,UChvGHU2ChfzelQVs3D7Kj1w,2022-10-23T22:37:27Z,"apoiadores do Roberto Jefferson e do Bolsonaro, grande responsável pela onda de violência, incluindo essa radio q apoia esse GENOCIDA",QURTSl9pMnlDcl93LVdleVZVQ29LSW83TEtSUkNfSkhNRXZXR2RaY3FIMTcydmpUaHBmT0stNnI0SkdGV0szOVNOeDRyUlZibzNBR1pZcw==,2023-06-08 14:52:42.801064
youtube#commentThread,ebEnE5CjSrosAUYGBcGP40ZTDqw,UgyqK64FT0j2ELrvJpt4AaABAg,"{'videoId': 'zEfTDpfyt1o', 'topLevelComment': {'kind': 'youtube#comment', 'etag': 'TNTyXlLpB8ksKxSnanU8X8lngsk', 'id': 'UgyqK64FT0j2ELrvJpt4AaABAg', 'snippet': {'videoId': 'zEfTDpfyt1o', 'textDisplay': 'Com certeza  ,mas quem incentiva a violência é  o próprio presidente da República  , por que a liberdade só vale quando é a seu favor  , tudo em nome de Deus..', 'textOriginal': 'Com certeza  ,mas quem incentiva a violência é  o próprio presidente da República  , por que a liberdade só vale quando é a seu favor  , tudo em nome de Deus..', 'authorDisplayName': 'Jose Do monte neto Jose Do Monte Neto', 'authorProfileImageUrl': 'https://yt3.ggpht.com/ytc/AGIKgqNuZWPvDOqTQ6rYcGaDPBI8QOu4eUFzLXyc8g=s48-c-k-c0x00ffffff-no-rj', 'authorChannelUrl': 'http://www.youtube.com/channel/UCC268B1EhmOlJFljne4b5Ww', 'authorChannelId': {'value': 'UCC268B1EhmOlJFljne4b5Ww'}, 'canRate': True, 'viewerRating': 'none', 'likeCount': 0, 'publishedAt': '2022-10-23T22:37:20Z', 'updatedAt': '2022-10-23T22:38:04Z'}}, 'canReply': True, 'totalReplyCount': 0, 'isPublic': True}",,UCC268B1EhmOlJFljne4b5Ww,2022-10-23T22:37:20Z,"Com certeza  ,mas quem incentiva a violência é  o próprio presidente da República  , por que a liberdade só vale quando é a seu favor  , tudo em nome de Deus..",QURTSl9pMnlDcl93LVdleVZVQ29LSW83TEtSUkNfSkhNRXZXR2RaY3FIMTcydmpUaHBmT0stNnI0SkdGV0szOVNOeDRyUlZibzNBR1pZcw==,2023-06-08 14:52:42.801064
youtube#commentThread,x0GmG6YxKytbp8NstoVG4CdBf3Q,Ugxmu8qh6-FJ6LKmEOR4AaABAg,"{'videoId': 'zEfTDpfyt1o', 'topLevelComment': {'kind': 'youtube#comment', 'etag': 'nvf0ylzeujUljQp8mPndrkjtgek', 'id': 'Ugxmu8qh6-FJ6LKmEOR4AaABAg', 'snippet': {'videoId': 'zEfTDpfyt1o', 'textDisplay': 'Preso em regime domiciliar, átira contra policiais federais que cumpriam mandado de busca e apreensão...<br>Aguardando a familcia cristã bozonarista defender que bandido bom é bandido morto.', 'textOriginal': 'Preso em regime domiciliar, átira contra policiais federais que cumpriam mandado de busca e apreensão...\\nAguardando a familcia cristã bozonarista defender que bandido bom é bandido morto.', 'authorDisplayName': 'CREMACS COLETIVO', 'authorProfileImageUrl': 'https://yt3.ggpht.com/F5UjBn4fgf2RD3cBeNO09JkonM0umBQj9ae9HgahRSMMFo6WgW_F8_nuiCBgm9VqNfTk9joA=s48-c-k-c0x00ffffff-no-rj', 'authorChannelUrl': 'http://www.youtube.com/channel/UCQUSEmwpsPz372VKK7Zm5_g', 'authorChannelId': {'value': 'UCQUSEmwpsPz372VKK7Zm5_g'}, 'canRate': True, 'viewerRating': 'none', 'likeCount': 0, 'publishedAt': '2022-10-23T22:37:19Z', 'updatedAt': '2022-10-23T22:37:19Z'}}, 'canReply': True, 'totalReplyCount': 0, 'isPublic': True}",,UCQUSEmwpsPz372VKK7Zm5_g,2022-10-23T22:37:19Z,"Preso em regime domiciliar, átira contra policiais federais que cumpriam mandado de busca e apreensão...
Aguardando a familcia cristã bozonarista defender que bandido bom é bandido morto.",QURTSl9pMnlDcl93LVdleVZVQ29LSW83TEtSUkNfSkhNRXZXR2RaY3FIMTcydmpUaHBmT0stNnI0SkdGV0szOVNOeDRyUlZibzNBR1pZcw==,2023-06-08 14:52:42.801064
youtube#commentThread,ZmaYiHi9RiyLpmOKWZ2GP5M8JTw,Ugzp2qt41VB28uDMbfd4AaABAg,"{'videoId': 'zEfTDpfyt1o', 'topLevelComment': {'kind': 'youtube#comment', 'etag': 'zaxP9sE128_PM8y6p1J8hWr4CS4', 'id': 'Ugzp2qt41VB28uDMbfd4AaABAg', 'snippet': {'videoId': 'zEfTDpfyt1o', 'textDisplay': 'O que o STF e senado tá fazendo ..<br>Gera está revolta , principalmente com a Globo , veja etc... <br>Tá desandando a ordem do país ...<br>Tá me lembrando como está ficando a Colômbia ....', 'textOriginal': 'O que o STF e senado tá fazendo ..\\nGera está revolta , principalmente com a Globo , veja etc... \\nTá desandando a ordem do país ...\\nTá me lembrando como está ficando a Colômbia ....', 'authorDisplayName': 'Julio Cesar', 'authorProfileImageUrl': 'https://yt3.ggpht.com/ytc/AGIKgqNfjOtrdW8gIyxR4WpUnyIINjmHbiJCqE5Q7CCYow=s48-c-k-c0x00ffffff-no-rj', 'authorChannelUrl': 'http://www.youtube.com/channel/UC08eVUS9idOAg7Tu83LbXZg', 'authorChannelId': {'value': 'UC08eVUS9idOAg7Tu83LbXZg'}, 'canRate': True, 'viewerRating': 'none', 'likeCount': 0, 'publishedAt': '2022-10-23T22:37:16Z', 'updatedAt': '2022-10-23T22:37:16Z'}}, 'canReply': True, 'totalReplyCount': 0, 'isPublic': True}",,UC08eVUS9idOAg7Tu83LbXZg,2022-10-23T22:37:16Z,"O que o STF e senado tá fazendo ..
Gera está revolta , principalmente com a Globo , veja etc... 
Tá desandando a ordem do país ...
Tá me lembrando como está ficando a Colômbia ....",QURTSl9pMnlDcl93LVdleVZVQ29LSW83TEtSUkNfSkhNRXZXR2RaY3FIMTcydmpUaHBmT0stNnI0SkdGV0szOVNOeDRyUlZibzNBR1pZcw==,2023-06-08 14:52:42.801064
youtube#commentThread,cu_SUf4PLbSEtGUS9SEw7SmPlEM,UgwIfix89QKxt8co3sZ4AaABAg,"{'videoId': 'zEfTDpfyt1o', 'topLevelComment': {'kind': 'youtube#comment', 'etag': 'XdoroHsXQHSTnUOvn0R06jD0ECM', 'id': 'UgwIfix89QKxt8co3sZ4AaABAg', 'snippet': {'videoId': 'zEfTDpfyt1o', 'textDisplay': 'Normalmente os violentos são o povo da esquerda!<br>Já fomos em várias manifestações da direita, e nunca vi qualquer confusão. Acho q tem armação.', 'textOriginal': 'Normalmente os violentos são o povo da esquerda!\\nJá fomos em várias manifestações da direita, e nunca vi qualquer confusão. Acho q tem armação.', 'authorDisplayName': 'nilza ferreira gorski Gorski', 'authorProfileImageUrl': 'https://yt3.ggpht.com/ytc/AGIKgqNeXAilviEsNR8Su7szCkkGjPp15PMj6f4z=s48-c-k-c0x00ffffff-no-rj', 'authorChannelUrl': 'http://www.youtube.com/channel/UCFsy1Ai84ibazWfxZ-hs9Rg', 'authorChannelId': {'value': 'UCFsy1Ai84ibazWfxZ-hs9Rg'}, 'canRate': True, 'viewerRating': 'none', 'likeCount': 0, 'publishedAt': '2022-10-23T22:37:14Z', 'updatedAt': '2022-10-23T22:37:14Z'}}, 'canReply': True, 'totalReplyCount': 0, 'isPublic': True}",,UCFsy1Ai84ibazWfxZ-hs9Rg,2022-10-23T22:37:14Z,"Normalmente os violentos são o povo da esquerda!
Já fomos em várias manifestações da direita, e nunca vi qualquer confusão. Acho q tem armação.",QURTSl9pMnlDcl93LVdleVZVQ29LSW83TEtSUkNfSkhNRXZXR2RaY3FIMTcydmpUaHBmT0stNnI0SkdGV0szOVNOeDRyUlZibzNBR1pZcw==,2023-06-08 14:52:42.801064
youtube#commentThread,1ukqV4xjZZEwzfPTg696LDreuyY,UgzQMBoB6zOGl357wbt4AaABAg,"{'videoId': 'zEfTDpfyt1o', 'topLevelComment': {'kind': 'youtube#comment', 'etag': 'wlSN_XnjXe4xUkMfb6kfxnQqSGo', 'id': 'UgzQMBoB6zOGl357wbt4AaABAg', 'snippet': {'videoId': 'zEfTDpfyt1o', 'textDisplay': 'Impressa há tempo que está a serviço da ditadura do judiciário.', 'textOriginal': 'Impressa há tempo que está a serviço da ditadura do judiciário.', 'authorDisplayName': 'Zilmar Abreu Rocha Leite Netto', 'authorProfileImageUrl': 'https://yt3.ggpht.com/ytc/AGIKgqN8e0tuMk2hSBDjyTX49a3viTpcGvXLsthbvQ=s48-c-k-c0x00ffffff-no-rj', 'authorChannelUrl': 'http://www.youtube.com/channel/UCQMHga_2I-LyBeSAFXS5EuQ', 'authorChannelId': {'value': 'UCQMHga_2I-LyBeSAFXS5EuQ'}, 'canRate': True, 'viewerRating': 'none', 'likeCount': 0, 'publishedAt': '2022-10-23T22:37:11Z', 'updatedAt': '2022-10-23T22:37:11Z'}}, 'canReply': True, 'totalReplyCount': 0, 'isPublic': True}",,UCQMHga_2I-LyBeSAFXS5EuQ,2022-10-23T22:37:11Z,Impressa há tempo que está a serviço da ditadura do judiciário.,QURTSl9pMnlDcl93LVdleVZVQ29LSW83TEtSUkNfSkhNRXZXR2RaY3FIMTcydmpUaHBmT0stNnI0SkdGV0szOVNOeDRyUlZibzNBR1pZcw==,2023-06-08 14:52:42.801064
youtube#commentThread,xONwftiTqvWIZ-4l7t0lmV5MmWI,UgyproFdKsm3E6hL7hl4AaABAg,"{'videoId': 'zEfTDpfyt1o', 'topLevelComment': {'kind': 'youtube#comment', 'etag': 'YniIG65RGxIj084Ba-m_RGyONI4', 'id': 'UgyproFdKsm3E6hL7hl4AaABAg', 'snippet': {'videoId': 'zEfTDpfyt1o', 'textDisplay': 'Quem apoia bolsonaro ja deveria essperapor isso, essa  a bandeira desse presidente, desde o começo!!!!sempre foi assim!!!!!', 'textOriginal': 'Quem apoia bolsonaro ja deveria essperapor isso, essa  a bandeira desse presidente, desde o começo!!!!sempre foi assim!!!!!', 'authorDisplayName': 'Marisa Da Costa', 'authorProfileImageUrl': 'https://yt3.ggpht.com/ytc/AGIKgqPmc3RPzhIc3lm_Qvs2-Qps5iW-c29YilvIayW-KQ=s48-c-k-c0x00ffffff-no-rj', 'authorChannelUrl': 'http://www.youtube.com/channel/UCBM090c1oVTiZqb6GIE3C8Q', 'authorChannelId': {'value': 'UCBM090c1oVTiZqb6GIE3C8Q'}, 'canRate': True, 'viewerRating': 'none', 'likeCount': 0, 'publishedAt': '2022-10-23T22:37:07Z', 'updatedAt': '2022-10-23T22:37:07Z'}}, 'canReply': True, 'totalReplyCount': 0, 'isPublic': True}",,UCBM090c1oVTiZqb6GIE3C8Q,2022-10-23T22:37:07Z,"Quem apoia bolsonaro ja deveria essperapor isso, essa  a bandeira desse presidente, desde o começo!!!!sempre foi assim!!!!!",QURTSl9pMnlDcl93LVdleVZVQ29LSW83TEtSUkNfSkhNRXZXR2RaY3FIMTcydmpUaHBmT0stNnI0SkdGV0szOVNOeDRyUlZibzNBR1pZcw==,2023-06-08 14:52:42.801064
youtube#commentThread,4tTFyHXnZ6Yuoy0XQYCwNE60S98,UgxjS_ORN9caNp30pXN4AaABAg,"{'videoId': 'zEfTDpfyt1o', 'topLevelComment': {'kind': 'youtube#comment', 'etag': 'iXez1ntQal3TOnPrHbCxZFzzqnA', 'id': 'UgxjS_ORN9caNp30pXN4AaABAg', 'snippet': {'videoId': 'zEfTDpfyt1o', 'textDisplay': 'Não adianta jovem CLÃ vocês estão chocando o ovo da serpente.', 'textOriginal': 'Não adianta jovem CLÃ vocês estão chocando o ovo da serpente.', 'authorDisplayName': 'silvestre coutinho', 'authorProfileImageUrl': 'https://yt3.ggpht.com/ytc/AGIKgqO_xy0D_2XbdDw6jSj25TZTF2I5RhH3p2CsmSqemtSV1HLsIey7JIlnux2ZOkbw=s48-c-k-c0x00ffffff-no-rj', 'authorChannelUrl': 'http://www.youtube.com/channel/UCyd95v-8uvE2WsEiYgFEQkg', 'authorChannelId': {'value': 'UCyd95v-8uvE2WsEiYgFEQkg'}, 'canRate': True, 'viewerRating': 'none', 'likeCount': 0, 'publishedAt': '2022-10-23T22:37:04Z', 'updatedAt': '2022-10-23T22:37:04Z'}}, 'canReply': True, 'totalReplyCount': 0, 'isPublic': True}",,UCyd95v-8uvE2WsEiYgFEQkg,2022-10-23T22:37:04Z,Não adianta jovem CLÃ vocês estão chocando o ovo da serpente.,QURTSl9pMnlDcl93LVdleVZVQ29LSW83TEtSUkNfSkhNRXZXR2RaY3FIMTcydmpUaHBmT0stNnI0SkdGV0szOVNOeDRyUlZibzNBR1pZcw==,2023-06-08 14:52:42.801064
youtube#commentThread,TKzArFeJy7KZ0FegcADOlg2nkxI,UgwBNf84gLS7XUV0_UB4AaABAg,"{'videoId': 'zEfTDpfyt1o', 'topLevelComment': {'kind': 'youtube#comment', 'etag': 'lBb0jBMAjuiTOeoNJTjxUTk2dhA', 'id': 'UgwBNf84gLS7XUV0_UB4AaABAg', 'snippet': {'videoId': 'zEfTDpfyt1o', 'textDisplay': 'Muito triste!!! Não gosto de violência, isso termina sendo negativo para nós, pq a esquerda cai em cima!!! Q Deus ajude o cinegrafista!😞', 'textOriginal': 'Muito triste!!! Não gosto de violência, isso termina sendo negativo para nós, pq a esquerda cai em cima!!! Q Deus ajude o cinegrafista!😞', 'authorDisplayName': 'Ania Costa', 'authorProfileImageUrl': 'https://yt3.ggpht.com/ytc/AGIKgqM3YI3sZlMvhYqZmUeRE63Tl1OtVq_IwzCc4g=s48-c-k-c0x00ffffff-no-rj', 'authorChannelUrl': 'http://www.youtube.com/channel/UC62AD21b7yCm-VYmgV2ZhVA', 'authorChannelId': {'value': 'UC62AD21b7yCm-VYmgV2ZhVA'}, 'canRate': True, 'viewerRating': 'none', 'likeCount': 0, 'publishedAt': '2022-10-23T22:37:03Z', 'updatedAt': '2022-10-23T22:37:03Z'}}, 'canReply': True, 'totalReplyCount': 0, 'isPublic': True}",,UC62AD21b7yCm-VYmgV2ZhVA,2022-10-23T22:37:03Z,"Muito triste!!! Não gosto de violência, isso termina sendo negativo para nós, pq a esquerda cai em cima!!! Q Deus ajude o cinegrafista!😞",QURTSl9pMnlDcl93LVdleVZVQ29LSW83TEtSUkNfSkhNRXZXR2RaY3FIMTcydmpUaHBmT0stNnI0SkdGV0szOVNOeDRyUlZibzNBR1pZcw==,2023-06-08 14:52:42.801064
youtube#commentThread,RmVU2AINw7LiOc4kWVnCK8ZK0Rs,Ugypp83Jgb9Exe-09UB4AaABAg,"{'videoId': 'zEfTDpfyt1o', 'topLevelComment': {'kind': 'youtube#comment', 'etag': 'Eppeon_LNoIaMEUpQVj4BrXlh6E', 'id': 'Ugypp83Jgb9Exe-09UB4AaABAg', 'snippet': {'videoId': 'zEfTDpfyt1o', 'textDisplay': 'Chega de bolsonaro pelo amor de deus', 'textOriginal': 'Chega de bolsonaro pelo amor de deus', 'authorDisplayName': 'Carlos Tomazin', 'authorProfileImageUrl': 'https://yt3.ggpht.com/ytc/AGIKgqOT4xeXUzZie3zjg6LJ-liXIC19BkxqPPrufLyj=s48-c-k-c0x00ffffff-no-rj', 'authorChannelUrl': 'http://www.youtube.com/channel/UCw_tWxPxBEFvOEclJIKCt_A', 'authorChannelId': {'value': 'UCw_tWxPxBEFvOEclJIKCt_A'}, 'canRate': True, 'viewerRating': 'none', 'likeCount': 0, 'publishedAt': '2022-10-23T22:37:02Z', 'updatedAt': '2022-10-23T22:37:02Z'}}, 'canReply': True, 'totalReplyCount': 0, 'isPublic': True}",,UCw_tWxPxBEFvOEclJIKCt_A,2022-10-23T22:37:02Z,Chega de bolsonaro pelo amor de deus,QURTSl9pMnlDcl93LVdleVZVQ29LSW83TEtSUkNfSkhNRXZXR2RaY3FIMTcydmpUaHBmT0stNnI0SkdGV0szOVNOeDRyUlZibzNBR1pZcw==,2023-06-08 14:52:42.801064
youtube#commentThread,6tUnfdigB_GizYrbWZzMCNx5kvA,UgxntyCjafeVtjpNUZB4AaABAg,"{'videoId': 'zEfTDpfyt1o', 'topLevelComment': {'kind': 'youtube#comment', 'etag': 'y6_VjeiLZXvjAVABw5M0eIwQoqg', 'id': 'UgxntyCjafeVtjpNUZB4AaABAg', 'snippet': {'videoId': 'zEfTDpfyt1o', 'textDisplay': 'Difícil defender algo ou alguém que esteja ligado com a Rede Globo!', 'textOriginal': 'Difícil defender algo ou alguém que esteja ligado com a Rede Globo!', 'authorDisplayName': 'RODRIGU3S', 'authorProfileImageUrl': 'https://yt3.ggpht.com/JVMFWm9cCkFkqXzIYQhRFDFIxIu2shTxOuaQTGl9hpWaklwyhkOarDcpILkfoVm_qVgIkpkfUA=s48-c-k-c0x00ffffff-no-rj', 'authorChannelUrl': 'http://www.youtube.com/channel/UCgCNv5oyGWBUIjNpZWqWVkg', 'authorChannelId': {'value': 'UCgCNv5oyGWBUIjNpZWqWVkg'}, 'canRate': True, 'viewerRating': 'none', 'likeCount': 1, 'publishedAt': '2022-10-23T22:36:58Z', 'updatedAt': '2022-10-23T22:36:58Z'}}, 'canReply': True, 'totalReplyCount': 1, 'isPublic': True}","{'comments': [{'kind': 'youtube#comment', 'etag': 'mwYNso5SJw4XvsdYEuCbeep4Wk4', 'id': 'UgxntyCjafeVtjpNUZB4AaABAg.9hYBr-Ix3ky9hYk0VlK6_f', 'snippet': {'videoId': 'zEfTDpfyt1o', 'textDisplay': 'Vamos mandar o Bonner absolver o Jefferson, ele agora está autorizado....VOCÊ NÃO DEVE NADA....', 'textOriginal': 'Vamos mandar o Bonner absolver o Jefferson, ele agora está autorizado....VOCÊ NÃO DEVE NADA....', 'parentId': 'UgxntyCjafeVtjpNUZB4AaABAg', 'authorDisplayName': 'Tiburcio Nascimento', 'authorProfileImageUrl': 'https://yt3.ggpht.com/ytc/AGIKgqPYJ16XbloZp1nRif2q9UiINjE9b3aLcJFllVpYZmGF8L32gAvFuJ_fm0H5T6oa=s48-c-k-c0x00ffffff-no-rj', 'authorChannelUrl': 'http://www.youtube.com/channel/UCOpVT2WBtvOTmNgRgNreY3Q', 'authorChannelId': {'value': 'UCOpVT2WBtvOTmNgRgNreY3Q'}, 'canRate': True, 'viewerRating': 'none', 'likeCount': 0, 'publishedAt': '2022-10-24T03:44:14Z', 'updatedAt': '2022-10-24T03:44:14Z'}}]}",UCgCNv5oyGWBUIjNpZWqWVkg,2022-10-23T22:36:58Z,Difícil defender algo ou alguém que esteja ligado com a Rede Globo!,QURTSl9pMnlDcl93LVdleVZVQ29LSW83TEtSUkNfSkhNRXZXR2RaY3FIMTcydmpUaHBmT0stNnI0SkdGV0szOVNOeDRyUlZibzNBR1pZcw==,2023-06-08 14:52:42.801064
youtube#commentThread,GquxQ5tDNt0Ijj9nyWI7Glfn72s,UgzZdL9B7B6u6-HY6XB4AaABAg,"{'videoId': 'zEfTDpfyt1o', 'topLevelComment': {'kind': 'youtube#comment', 'etag': 'oUHhbSrNfqyaEEK2vZCkJNBEPcg', 'id': 'UgzZdL9B7B6u6-HY6XB4AaABAg', 'snippet': {'videoId': 'zEfTDpfyt1o', 'textDisplay': 'Bolsonazistas vagabundos bandidos terrorista.', 'textOriginal': 'Bolsonazistas vagabundos bandidos terrorista.', 'authorDisplayName': 'Matheus', 'authorProfileImageUrl': 'https://yt3.ggpht.com/ytc/AGIKgqO2z6YeSbG3KFh3qjceW5SwmPO1vSVpji3zS2Jd=s48-c-k-c0x00ffffff-no-rj', 'authorChannelUrl': 'http://www.youtube.com/channel/UCnj5xKf0c7JF_9MygBV3fKg', 'authorChannelId': {'value': 'UCnj5xKf0c7JF_9MygBV3fKg'}, 'canRate': True, 'viewerRating': 'none', 'likeCount': 0, 'publishedAt': '2022-10-23T22:36:57Z', 'updatedAt': '2022-10-23T22:36:57Z'}}, 'canReply': True, 'totalReplyCount': 0, 'isPublic': True}",,UCnj5xKf0c7JF_9MygBV3fKg,2022-10-23T22:36:57Z,Bolsonazistas vagabundos bandidos terrorista.,QURTSl9pMnlDcl93LVdleVZVQ29LSW83TEtSUkNfSkhNRXZXR2RaY3FIMTcydmpUaHBmT0stNnI0SkdGV0szOVNOeDRyUlZibzNBR1pZcw==,2023-06-08 14:52:42.801064
youtube#commentThread,UcX49R_RD-4NIr58Louxmvj6xH8,UgzksHlqsj-ihy688ih4AaABAg,"{'videoId': 'zEfTDpfyt1o', 'topLevelComment': {'kind': 'youtube#comment', 'etag': 'EWd4QDDtbP22Hg-tBcjMw7Q7oFQ', 'id': 'UgzksHlqsj-ihy688ih4AaABAg', 'snippet': {'videoId': 'zEfTDpfyt1o', 'textDisplay': 'Covarde o rapaz de camisa verde agrediu e sai', 'textOriginal': 'Covarde o rapaz de camisa verde agrediu e sai', 'authorDisplayName': 'Everaldo Bjj', 'authorProfileImageUrl': 'https://yt3.ggpht.com/RKtcVqpN3qCjHeLeiBa_d66PSuzE6JAKzx3hHyYTOiiQH6YbkOJ16NTKHhDIH1vQLQ1rGgeJ7d0=s48-c-k-c0x00ffffff-no-rj', 'authorChannelUrl': 'http://www.youtube.com/channel/UCPZ3rkh3grzVoUQrEtp2sYw', 'authorChannelId': {'value': 'UCPZ3rkh3grzVoUQrEtp2sYw'}, 'canRate': True, 'viewerRating': 'none', 'likeCount': 0, 'publishedAt': '2022-10-23T22:36:54Z', 'updatedAt': '2022-10-23T22:36:54Z'}}, 'canReply': True, 'totalReplyCount': 0, 'isPublic': True}",,UCPZ3rkh3grzVoUQrEtp2sYw,2022-10-23T22:36:54Z,Covarde o rapaz de camisa verde agrediu e sai,QURTSl9pMnlDcl93LVdleVZVQ29LSW83TEtSUkNfSkhNRXZXR2RaY3FIMTcydmpUaHBmT0stNnI0SkdGV0szOVNOeDRyUlZibzNBR1pZcw==,2023-06-08 14:52:42.801064
youtube#commentThread,1t6w1qGbLp1JzOHbAvBhLePM7mM,Ugy__FeIccxtIemuyvl4AaABAg,"{'videoId': 'zEfTDpfyt1o', 'topLevelComment': {'kind': 'youtube#comment', 'etag': 'OLucitTd8El-Tm3c2BXbx7krccg', 'id': 'Ugy__FeIccxtIemuyvl4AaABAg', 'snippet': {'videoId': 'zEfTDpfyt1o', 'textDisplay': 'A REDE GLOBO É UM MAL MAIOR E DEVE SER EXTIRPADA DA AUDIÊNCIA FAMILIAR , MAS DE FORMA CERTA , CENSURAR NOS APLICATIVOS  E TV...ADEMAIS É SÓ NÃO ASSISTIR E NÃO AGREDIR... O MAL DA GLOBO SÃO OS CHEFÕES...', 'textOriginal': 'A REDE GLOBO É UM MAL MAIOR E DEVE SER EXTIRPADA DA AUDIÊNCIA FAMILIAR , MAS DE FORMA CERTA , CENSURAR NOS APLICATIVOS  E TV...ADEMAIS É SÓ NÃO ASSISTIR E NÃO AGREDIR... O MAL DA GLOBO SÃO OS CHEFÕES...', 'authorDisplayName': 'Rafael Martins', 'authorProfileImageUrl': 'https://yt3.ggpht.com/zADBu2M1sQeNYpMW1iTR82tutbUSXOKkqpiHwPOfzmyPZuWl0jkb7Ddx5qYqBkR-CAOQ5nSc=s48-c-k-c0x00ffffff-no-rj', 'authorChannelUrl': 'http://www.youtube.com/channel/UCZj_TtBbJ0raGy9bmSLS8Tw', 'authorChannelId': {'value': 'UCZj_TtBbJ0raGy9bmSLS8Tw'}, 'canRate': True, 'viewerRating': 'none', 'likeCount': 0, 'publishedAt': '2022-10-23T22:36:52Z', 'updatedAt': '2022-10-23T22:36:52Z'}}, 'canReply': True, 'totalReplyCount': 0, 'isPublic': True}",,UCZj_TtBbJ0raGy9bmSLS8Tw,2022-10-23T22:36:52Z,"A REDE GLOBO É UM MAL MAIOR E DEVE SER EXTIRPADA DA AUDIÊNCIA FAMILIAR , MAS DE FORMA CERTA , CENSURAR NOS APLICATIVOS  E TV...ADEMAIS É SÓ NÃO ASSISTIR E NÃO AGREDIR... O MAL DA GLOBO SÃO OS CHEFÕES...",QURTSl9pMnlDcl93LVdleVZVQ29LSW83TEtSUkNfSkhNRXZXR2RaY3FIMTcydmpUaHBmT0stNnI0SkdGV0szOVNOeDRyUlZibzNBR1pZcw==,2023-06-08 14:52:42.801064
youtube#commentThread,d6-YQ3T36tvKb6FCSr_uI7OOaA4,UgxuMYzqZhJtCASr-6p4AaABAg,"{'videoId': 'zEfTDpfyt1o', 'topLevelComment': {'kind': 'youtube#comment', 'etag': 'URcvQKjoKMU-QAbinqhKIQ9qXkk', 'id': 'UgxuMYzqZhJtCASr-6p4AaABAg', 'snippet': {'videoId': 'zEfTDpfyt1o', 'textDisplay': 'Isso aí só tem um errado a justiça não faz o trabalho dela certo a imprensa não pública o que é certo com medo da Justiça o Brasil Vira essa bagunça', 'textOriginal': 'Isso aí só tem um errado a justiça não faz o trabalho dela certo a imprensa não pública o que é certo com medo da Justiça o Brasil Vira essa bagunça', 'authorDisplayName': 'Antonio Manoel Da Silva Silva', 'authorProfileImageUrl': 'https://yt3.ggpht.com/ytc/AGIKgqPwBRmDy2M30-waT_C7Uuff6wx3lb3EmrWZWJCYQA=s48-c-k-c0x00ffffff-no-rj', 'authorChannelUrl': 'http://www.youtube.com/channel/UCr9zKawPaCQV5PDvXLNbzjw', 'authorChannelId': {'value': 'UCr9zKawPaCQV5PDvXLNbzjw'}, 'canRate': True, 'viewerRating': 'none', 'likeCount': 0, 'publishedAt': '2022-10-23T22:36:52Z', 'updatedAt': '2022-10-23T22:36:52Z'}}, 'canReply': True, 'totalReplyCount': 0, 'isPublic': True}",,UCr9zKawPaCQV5PDvXLNbzjw,2022-10-23T22:36:52Z,Isso aí só tem um errado a justiça não faz o trabalho dela certo a imprensa não pública o que é certo com medo da Justiça o Brasil Vira essa bagunça,QURTSl9pMnlDcl93LVdleVZVQ29LSW83TEtSUkNfSkhNRXZXR2RaY3FIMTcydmpUaHBmT0stNnI0SkdGV0szOVNOeDRyUlZibzNBR1pZcw==,2023-06-08 14:52:42.801064
youtube#commentThread,0J1T_lWdPZhp6W-0CMwvxagX5fg,Ugyts4_kiFvzc_2HeV94AaABAg,"{'videoId': 'zEfTDpfyt1o', 'topLevelComment': {'kind': 'youtube#comment', 'etag': '-XZCAimE_N4f1Iv5mavB8Somkh0', 'id': 'Ugyts4_kiFvzc_2HeV94AaABAg', 'snippet': {'videoId': 'zEfTDpfyt1o', 'textDisplay': 'Está complicado, esse ódio entre brasileiros . O repórter tbm é brasileiro.', 'textOriginal': 'Está complicado, esse ódio entre brasileiros . O repórter tbm é brasileiro.', 'authorDisplayName': 'Prof Leninha', 'authorProfileImageUrl': 'https://yt3.ggpht.com/FewyN53EVTUaZHqo7Fb4O5HihVyqo_rTeoYVGzxbke-_8O98QPNDRPoXd6h_sJQPASTDqzdYtA=s48-c-k-c0x00ffffff-no-rj', 'authorChannelUrl': 'http://www.youtube.com/channel/UC0V7gP9hSzn32MPbk-CSDdw', 'authorChannelId': {'value': 'UC0V7gP9hSzn32MPbk-CSDdw'}, 'canRate': True, 'viewerRating': 'none', 'likeCount': 0, 'publishedAt': '2022-10-23T22:36:51Z', 'updatedAt': '2022-10-23T22:36:51Z'}}, 'canReply': True, 'totalReplyCount': 0, 'isPublic': True}",,UC0V7gP9hSzn32MPbk-CSDdw,2022-10-23T22:36:51Z,"Está complicado, esse ódio entre brasileiros . O repórter tbm é brasileiro.",QURTSl9pMnlDcl93LVdleVZVQ29LSW83TEtSUkNfSkhNRXZXR2RaY3FIMTcydmpUaHBmT0stNnI0SkdGV0szOVNOeDRyUlZibzNBR1pZcw==,2023-06-08 14:52:42.801064
youtube#commentThread,awlQDKyS1hbtdAAiCGr2jeGKFi8,UgyWt2dopdVBrizi7mp4AaABAg,"{'videoId': 'zEfTDpfyt1o', 'topLevelComment': {'kind': 'youtube#comment', 'etag': '5eJkhQPlEbUuss7njNBE5xGazUg', 'id': 'UgyWt2dopdVBrizi7mp4AaABAg', 'snippet': {'videoId': 'zEfTDpfyt1o', 'textDisplay': 'Tudo isso está acontecendo por violência ditatorial do Moraes. Ele vem provocando os comandos ameaçadores<br>com prisões e etc…. é o que iremos ver daqui para frente.<br>É errado? Sim, e repúdio ao acontecimento que vemos? Claro que sim, e terá que responder pelo ato.', 'textOriginal': 'Tudo isso está acontecendo por violência ditatorial do Moraes. Ele vem provocando os comandos ameaçadores\\ncom prisões e etc…. é o que iremos ver daqui para frente.\\nÉ errado? Sim, e repúdio ao acontecimento que vemos? Claro que sim, e terá que responder pelo ato.', 'authorDisplayName': 'Anunciata lucas dutra', 'authorProfileImageUrl': 'https://yt3.ggpht.com/ytc/AGIKgqNgb2RGeSO1S7mdv-aDGOAyt1J_HdG6K2O-nDQyeA=s48-c-k-c0x00ffffff-no-rj', 'authorChannelUrl': 'http://www.youtube.com/channel/UCaDDPrvovpnMH_P2GF8zqNw', 'authorChannelId': {'value': 'UCaDDPrvovpnMH_P2GF8zqNw'}, 'canRate': True, 'viewerRating': 'none', 'likeCount': 0, 'publishedAt': '2022-10-23T22:36:47Z', 'updatedAt': '2022-10-23T22:36:47Z'}}, 'canReply': True, 'totalReplyCount': 0, 'isPublic': True}",,UCaDDPrvovpnMH_P2GF8zqNw,2022-10-23T22:36:47Z,"Tudo isso está acontecendo por violência ditatorial do Moraes. Ele vem provocando os comandos ameaçadores
com prisões e etc…. é o que iremos ver daqui para frente.
É errado? Sim, e repúdio ao acontecimento que vemos? Claro que sim, e terá que responder pelo ato.",QURTSl9pMnlDcl93LVdleVZVQ29LSW83TEtSUkNfSkhNRXZXR2RaY3FIMTcydmpUaHBmT0stNnI0SkdGV0szOVNOeDRyUlZibzNBR1pZcw==,2023-06-08 14:52:42.801064
youtube#commentThread,QFrZKuxTIiv2l0bSXvXM0PHbJxQ,UgydZQ9aytS43NPnCP14AaABAg,"{'videoId': 'zEfTDpfyt1o', 'topLevelComment': {'kind': 'youtube#comment', 'etag': '3QM7QlbeQw1B8s5q6SvihH6oQEQ', 'id': 'UgydZQ9aytS43NPnCP14AaABAg', 'snippet': {'videoId': 'zEfTDpfyt1o', 'textDisplay': 'So reduzir o video para a.25, que vera que ele caiu sem ser atingido, alias nem foi agredido o rapaz de verde so empurra a camera por duas vezes a camara cai e o Neymar se joga no chao simulando a agressão que não aconteceu, so podia ser da Globolixo mesmo .', 'textOriginal': 'So reduzir o video para a.25, que vera que ele caiu sem ser atingido, alias nem foi agredido o rapaz de verde so empurra a camera por duas vezes a camara cai e o Neymar se joga no chao simulando a agressão que não aconteceu, so podia ser da Globolixo mesmo .', 'authorDisplayName': 'P Costa', 'authorProfileImageUrl': 'https://yt3.ggpht.com/ytc/AGIKgqOtMA4mNFMnYWX6oznl0pnme4CTwTd8dSFMAXOpLg=s48-c-k-c0x00ffffff-no-rj', 'authorChannelUrl': 'http://www.youtube.com/channel/UC84d_pUlXyNJFTdbRGLijDA', 'authorChannelId': {'value': 'UC84d_pUlXyNJFTdbRGLijDA'}, 'canRate': True, 'viewerRating': 'none', 'likeCount': 0, 'publishedAt': '2022-10-23T22:36:47Z', 'updatedAt': '2022-10-23T22:36:47Z'}}, 'canReply': True, 'totalReplyCount': 0, 'isPublic': True}",,UC84d_pUlXyNJFTdbRGLijDA,2022-10-23T22:36:47Z,"So reduzir o video para a.25, que vera que ele caiu sem ser atingido, alias nem foi agredido o rapaz de verde so empurra a camera por duas vezes a camara cai e o Neymar se joga no chao simulando a agressão que não aconteceu, so podia ser da Globolixo mesmo .",QURTSl9pMnlDcl93LVdleVZVQ29LSW83TEtSUkNfSkhNRXZXR2RaY3FIMTcydmpUaHBmT0stNnI0SkdGV0szOVNOeDRyUlZibzNBR1pZcw==,2023-06-08 14:52:42.801064
youtube#commentThread,F1oSJOGRNk41IB8xISNR5EPE6HI,UgzuczMfpq6mzqrm2fR4AaABAg,"{'videoId': 'zEfTDpfyt1o', 'topLevelComment': {'kind': 'youtube#comment', 'etag': 'K0aswOBP5uZLihC7s-z9nFre-ZQ', 'id': 'UgzuczMfpq6mzqrm2fR4AaABAg', 'snippet': {'videoId': 'zEfTDpfyt1o', 'textDisplay': 'E a tendência é só piorar...', 'textOriginal': 'E a tendência é só piorar...', 'authorDisplayName': 'Andréa Oliveira', 'authorProfileImageUrl': 'https://yt3.ggpht.com/ytc/AGIKgqOjLi6jOJfkbVNzYfiBLTl-UMBfTEuNW6X6zIEwIxw=s48-c-k-c0x00ffffff-no-rj', 'authorChannelUrl': 'http://www.youtube.com/channel/UCqnd2-f-za_TkfcPoaZb-tg', 'authorChannelId': {'value': 'UCqnd2-f-za_TkfcPoaZb-tg'}, 'canRate': True, 'viewerRating': 'none', 'likeCount': 0, 'publishedAt': '2022-10-23T22:36:44Z', 'updatedAt': '2022-10-23T22:36:44Z'}}, 'canReply': True, 'totalReplyCount': 0, 'isPublic': True}",,UCqnd2-f-za_TkfcPoaZb-tg,2022-10-23T22:36:44Z,E a tendência é só piorar...,QURTSl9pMnlDcl93LVdleVZVQ29LSW83TEtSUkNfSkhNRXZXR2RaY3FIMTcydmpUaHBmT0stNnI0SkdGV0szOVNOeDRyUlZibzNBR1pZcw==,2023-06-08 14:52:42.801064
youtube#commentThread,jiB3F23jX8LgwoJcY5T_vqrU-o4,UgyvObrX5wK1YfJQo-14AaABAg,"{'videoId': 'zEfTDpfyt1o', 'topLevelComment': {'kind': 'youtube#comment', 'etag': 'WfQFRZDhQktFDO44enUrM87LYnM', 'id': 'UgyvObrX5wK1YfJQo-14AaABAg', 'snippet': {'videoId': 'zEfTDpfyt1o', 'textDisplay': 'Olha os meios não justifica o meio . Mas eu trabalhei em um evento grande no Rio de Janeiro.  Uma pessoa de um certo programa queria passar a onde não podia passar ele simplesmente mente nos xingou achando que ia perder a cabeça mas nosso encarregado já tinha falado eles vão provocar . E preciso ver o que realmente ouve pois o sinegragista geralmente não fala só filma ele só agrediu só o sinegrafista . O que realmente ouve .', 'textOriginal': 'Olha os meios não justifica o meio . Mas eu trabalhei em um evento grande no Rio de Janeiro.  Uma pessoa de um certo programa queria passar a onde não podia passar ele simplesmente mente nos xingou achando que ia perder a cabeça mas nosso encarregado já tinha falado eles vão provocar . E preciso ver o que realmente ouve pois o sinegragista geralmente não fala só filma ele só agrediu só o sinegrafista . O que realmente ouve .', 'authorDisplayName': 'cleber andrade', 'authorProfileImageUrl': 'https://yt3.ggpht.com/ytc/AGIKgqOsZPidOCizH9LxmYj19tCX6T-ADgWeEApXspvCzQ=s48-c-k-c0x00ffffff-no-rj', 'authorChannelUrl': 'http://www.youtube.com/channel/UClx11nvuDPMlb0QIxdYugxw', 'authorChannelId': {'value': 'UClx11nvuDPMlb0QIxdYugxw'}, 'canRate': True, 'viewerRating': 'none', 'likeCount': 0, 'publishedAt': '2022-10-23T22:36:43Z', 'updatedAt': '2022-10-23T22:36:43Z'}}, 'canReply': True, 'totalReplyCount': 0, 'isPublic': True}",,UClx11nvuDPMlb0QIxdYugxw,2022-10-23T22:36:43Z,Olha os meios não justifica o meio . Mas eu trabalhei em um evento grande no Rio de Janeiro.  Uma pessoa de um certo programa queria passar a onde não podia passar ele simplesmente mente nos xingou achando que ia perder a cabeça mas nosso encarregado já tinha falado eles vão provocar . E preciso ver o que realmente ouve pois o sinegragista geralmente não fala só filma ele só agrediu só o sinegrafista . O que realmente ouve .,QURTSl9pMnlDcl93LVdleVZVQ29LSW83TEtSUkNfSkhNRXZXR2RaY3FIMTcydmpUaHBmT0stNnI0SkdGV0szOVNOeDRyUlZibzNBR1pZcw==,2023-06-08 14:52:42.801064
youtube#commentThread,BYOmCkC55dHGVVWi9iQLQo-3QSY,UgyoLJxX7CaqQyE80fB4AaABAg,"{'videoId': 'zEfTDpfyt1o', 'topLevelComment': {'kind': 'youtube#comment', 'etag': 'v2_s7GiqhaRt1tEJlnmFGEzCiSg', 'id': 'UgyoLJxX7CaqQyE80fB4AaABAg', 'snippet': {'videoId': 'zEfTDpfyt1o', 'textDisplay': 'Bolsonaristas é a barbárie', 'textOriginal': 'Bolsonaristas é a barbárie', 'authorDisplayName': 'Rita Izabel', 'authorProfileImageUrl': 'https://yt3.ggpht.com/ytc/AGIKgqNo7mhk8JBVBNp1k84SF4umQEFXZb5r9_7tXnn1dnDQAMr962GFF9W1hqeuKUt0=s48-c-k-c0x00ffffff-no-rj', 'authorChannelUrl': 'http://www.youtube.com/channel/UCaUHEaD1Mo05ZS3UTuIeTIg', 'authorChannelId': {'value': 'UCaUHEaD1Mo05ZS3UTuIeTIg'}, 'canRate': True, 'viewerRating': 'none', 'likeCount': 0, 'publishedAt': '2022-10-23T22:36:43Z', 'updatedAt': '2022-10-23T22:36:43Z'}}, 'canReply': True, 'totalReplyCount': 0, 'isPublic': True}",,UCaUHEaD1Mo05ZS3UTuIeTIg,2022-10-23T22:36:43Z,Bolsonaristas é a barbárie,QURTSl9pMnlDcl93LVdleVZVQ29LSW83TEtSUkNfSkhNRXZXR2RaY3FIMTcydmpUaHBmT0stNnI0SkdGV0szOVNOeDRyUlZibzNBR1pZcw==,2023-06-08 14:52:42.801064
youtube#commentThread,Ta8Jzt1O_Eczy6TU3Ruyv4xI1hE,UgwxZthea3vyz905jAZ4AaABAg,"{'videoId': 'zEfTDpfyt1o', 'topLevelComment': {'kind': 'youtube#comment', 'etag': 'sm8NVxrfpZMQkjKQS2tdXjpdagQ', 'id': 'UgwxZthea3vyz905jAZ4AaABAg', 'snippet': {'videoId': 'zEfTDpfyt1o', 'textDisplay': 'A GLOBO DEVE SER FECHADA URGENTE,GLOBOLIXO', 'textOriginal': 'A GLOBO DEVE SER FECHADA URGENTE,GLOBOLIXO', 'authorDisplayName': 'Joannis Lykouropoulos', 'authorProfileImageUrl': 'https://yt3.ggpht.com/ytc/AGIKgqOrj2cZi4hs3PG-5t5iNThlgZTPd7J_BMe8Dw=s48-c-k-c0x00ffffff-no-rj', 'authorChannelUrl': 'http://www.youtube.com/channel/UCtfGVoh1jaba4GD71XgcCnA', 'authorChannelId': {'value': 'UCtfGVoh1jaba4GD71XgcCnA'}, 'canRate': True, 'viewerRating': 'none', 'likeCount': 0, 'publishedAt': '2022-10-23T22:36:42Z', 'updatedAt': '2022-10-23T22:36:42Z'}}, 'canReply': True, 'totalReplyCount': 0, 'isPublic': True}",,UCtfGVoh1jaba4GD71XgcCnA,2022-10-23T22:36:42Z,"A GLOBO DEVE SER FECHADA URGENTE,GLOBOLIXO",QURTSl9pMnlDcl93LVdleVZVQ29LSW83TEtSUkNfSkhNRXZXR2RaY3FIMTcydmpUaHBmT0stNnI0SkdGV0szOVNOeDRyUlZibzNBR1pZcw==,2023-06-08 14:52:42.801064
youtube#commentThread,aFEcp8ukXaYu1Dpk9gC_4ip99m4,UgzH9rAgjnOoUYVKrad4AaABAg,"{'videoId': 'zEfTDpfyt1o', 'topLevelComment': {'kind': 'youtube#comment', 'etag': 'adf7NDFbH-LgM8_LK3PIGb1Bi-4', 'id': 'UgzH9rAgjnOoUYVKrad4AaABAg', 'snippet': {'videoId': 'zEfTDpfyt1o', 'textDisplay': 'Para o Bolsonaro mudar o que ele causou na cabeça de seus seguidores vai ser dificil .', 'textOriginal': 'Para o Bolsonaro mudar o que ele causou na cabeça de seus seguidores vai ser dificil .', 'authorDisplayName': 'Cida Carvalho', 'authorProfileImageUrl': 'https://yt3.ggpht.com/ytc/AGIKgqP-_Ync_jPCbxAobReeP9sHgzoY6oVkOP0_sEj-=s48-c-k-c0x00ffffff-no-rj', 'authorChannelUrl': 'http://www.youtube.com/channel/UCK01cuy2wUlYFei8frhsSvw', 'authorChannelId': {'value': 'UCK01cuy2wUlYFei8frhsSvw'}, 'canRate': True, 'viewerRating': 'none', 'likeCount': 0, 'publishedAt': '2022-10-23T22:36:41Z', 'updatedAt': '2022-10-23T22:36:41Z'}}, 'canReply': True, 'totalReplyCount': 0, 'isPublic': True}",,UCK01cuy2wUlYFei8frhsSvw,2022-10-23T22:36:41Z,Para o Bolsonaro mudar o que ele causou na cabeça de seus seguidores vai ser dificil .,QURTSl9pMnlDcl93LVdleVZVQ29LSW83TEtSUkNfSkhNRXZXR2RaY3FIMTcydmpUaHBmT0stNnI0SkdGV0szOVNOeDRyUlZibzNBR1pZcw==,2023-06-08 14:52:42.801064
youtube#commentThread,ygX6ikljASXsc9H9xXc6Scubpeo,UgzwuGOnx7hAiSr4imZ4AaABAg,"{'videoId': 'zEfTDpfyt1o', 'topLevelComment': {'kind': 'youtube#comment', 'etag': 'T1oP3LlT2kDNzwkoPSpOlwm5N-8', 'id': 'UgzwuGOnx7hAiSr4imZ4AaABAg', 'snippet': {'videoId': 'zEfTDpfyt1o', 'textDisplay': 'Tudo isso podia ter evitado , com uma negociação da prisão. Mas era mais uma demonstração de força do ditador.', 'textOriginal': 'Tudo isso podia ter evitado , com uma negociação da prisão. Mas era mais uma demonstração de força do ditador.', 'authorDisplayName': 'francisco lima', 'authorProfileImageUrl': 'https://yt3.ggpht.com/ytc/AGIKgqOfpymus_ZzROzLnbzpnGjVotsvw_kV75MXrg=s48-c-k-c0x00ffffff-no-rj', 'authorChannelUrl': 'http://www.youtube.com/channel/UCaZ5Ghki5gyh-tAp9uqXRdg', 'authorChannelId': {'value': 'UCaZ5Ghki5gyh-tAp9uqXRdg'}, 'canRate': True, 'viewerRating': 'none', 'likeCount': 0, 'publishedAt': '2022-10-23T22:36:37Z', 'updatedAt': '2022-10-23T22:36:37Z'}}, 'canReply': True, 'totalReplyCount': 0, 'isPublic': True}",,UCaZ5Ghki5gyh-tAp9uqXRdg,2022-10-23T22:36:37Z,"Tudo isso podia ter evitado , com uma negociação da prisão. Mas era mais uma demonstração de força do ditador.",QURTSl9pMnlDcl93LVdleVZVQ29LSW83TEtSUkNfSkhNRXZXR2RaY3FIMTcydmpUaHBmT0stNnI0SkdGV0szOVNOeDRyUlZibzNBR1pZcw==,2023-06-08 14:52:42.801064
youtube#commentThread,JbJ86LqKwlY9SAgtrC6OgYNUO6c,UgxctddTKUY8gFARA5x4AaABAg,"{'videoId': 'zEfTDpfyt1o', 'topLevelComment': {'kind': 'youtube#comment', 'etag': '9Fr88-0IR8S8EUtdNiGpApN3u1A', 'id': 'UgxctddTKUY8gFARA5x4AaABAg', 'snippet': {'videoId': 'zEfTDpfyt1o', 'textDisplay': 'Esse é o resultado de um senado omisso,abusos de todos os lados,continua senado omisso!!!!!!', 'textOriginal': 'Esse é o resultado de um senado omisso,abusos de todos os lados,continua senado omisso!!!!!!', 'authorDisplayName': 'Eudsen Fernanda Coimbra', 'authorProfileImageUrl': 'https://yt3.ggpht.com/ytc/AGIKgqMx4NAXU-M7HciZeCai9FaPCywCry5fDHyvF6k7vB4QY2pQ_Pg1baavwqiL3iWA=s48-c-k-c0x00ffffff-no-rj', 'authorChannelUrl': 'http://www.youtube.com/channel/UCAON4LSRIm4t729MgeAcRCw', 'authorChannelId': {'value': 'UCAON4LSRIm4t729MgeAcRCw'}, 'canRate': True, 'viewerRating': 'none', 'likeCount': 0, 'publishedAt': '2022-10-23T22:36:36Z', 'updatedAt': '2022-10-23T22:36:36Z'}}, 'canReply': True, 'totalReplyCount': 0, 'isPublic': True}",,UCAON4LSRIm4t729MgeAcRCw,2022-10-23T22:36:36Z,"Esse é o resultado de um senado omisso,abusos de todos os lados,continua senado omisso!!!!!!",QURTSl9pMnlDcl93LVdleVZVQ29LSW83TEtSUkNfSkhNRXZXR2RaY3FIMTcydmpUaHBmT0stNnI0SkdGV0szOVNOeDRyUlZibzNBR1pZcw==,2023-06-08 14:52:42.801064
youtube#commentThread,GBxZKmMZrx2B6fEUPU8-JjbqEJw,UgxrknJCllTFB88jOFF4AaABAg,"{'videoId': 'zEfTDpfyt1o', 'topLevelComment': {'kind': 'youtube#comment', 'etag': '0HB51rUdjNFQbCTJRyLbwFrq4zc', 'id': 'UgxrknJCllTFB88jOFF4AaABAg', 'snippet': {'videoId': 'zEfTDpfyt1o', 'textDisplay': 'Normal. Esse é o padrão dos bozoasnos', 'textOriginal': 'Normal. Esse é o padrão dos bozoasnos', 'authorDisplayName': 'ЕЛ КОРДОБЭС ТОРЕРО', 'authorProfileImageUrl': 'https://yt3.ggpht.com/ytc/AGIKgqOPmDFvyjLSws2lvjvlgXQWGUseOcGuH_aMsA=s48-c-k-c0x00ffffff-no-rj', 'authorChannelUrl': 'http://www.youtube.com/channel/UCeoxEPpntDP4vImUoojYztw', 'authorChannelId': {'value': 'UCeoxEPpntDP4vImUoojYztw'}, 'canRate': True, 'viewerRating': 'none', 'likeCount': 1, 'publishedAt': '2022-10-23T22:36:35Z', 'updatedAt': '2022-10-23T22:36:35Z'}}, 'canReply': True, 'totalReplyCount': 0, 'isPublic': True}",,UCeoxEPpntDP4vImUoojYztw,2022-10-23T22:36:35Z,Normal. Esse é o padrão dos bozoasnos,QURTSl9pMnlDcl93LVdleVZVQ29LSW83TEtSUkNfSkhNRXZXR2RaY3FIMTcydmpUaHBmT0stNnI0SkdGV0szOVNOeDRyUlZibzNBR1pZcw==,2023-06-08 14:52:42.801064
youtube#commentThread,wb9VcEW7nEuu2F4zPeKLZJTX4JQ,Ugy5sCQv2lYY0OdOx1F4AaABAg,"{'videoId': 'zEfTDpfyt1o', 'topLevelComment': {'kind': 'youtube#comment', 'etag': '2bC6cmny96mVfkogLb--5Srq6EY', 'id': 'Ugy5sCQv2lYY0OdOx1F4AaABAg', 'snippet': {'videoId': 'zEfTDpfyt1o', 'textDisplay': 'Não justifica agredir a ninguém! As pessoas estão perdendo a noção. Muito triste 😔', 'textOriginal': 'Não justifica agredir a ninguém! As pessoas estão perdendo a noção. Muito triste 😔', 'authorDisplayName': 'Márcio Silva', 'authorProfileImageUrl': 'https://yt3.ggpht.com/ytc/AGIKgqOKeXKfl6EJuDKTmet_p2vTQeeHUmXgUZBSTg=s48-c-k-c0x00ffffff-no-rj', 'authorChannelUrl': 'http://www.youtube.com/channel/UCzAEZQtw3HLkq4MAlBnKZNA', 'authorChannelId': {'value': 'UCzAEZQtw3HLkq4MAlBnKZNA'}, 'canRate': True, 'viewerRating': 'none', 'likeCount': 149, 'publishedAt': '2022-10-23T22:36:32Z', 'updatedAt': '2022-10-23T22:36:32Z'}}, 'canReply': True, 'totalReplyCount': 37, 'isPublic': True}","{'comments': [{'kind': 'youtube#comment', 'etag': 'ehb1kdWFapmperEYK_9ZHRKXvKY', 'id': 'Ugy5sCQv2lYY0OdOx1F4AaABAg.9hYBnuGDDi29h_XC49XsUf', 'snippet': {'videoId': 'zEfTDpfyt1o', 'textDisplay': '@Marcia Lai Pereira Mas já não sei em quem acreditar :(', 'textOriginal': '@Marcia Lai Pereira Mas já não sei em quem acreditar :(', 'parentId': 'Ugy5sCQv2lYY0OdOx1F4AaABAg', 'authorDisplayName': 'DEIVID VERLIM', 'authorProfileImageUrl': 'https://yt3.ggpht.com/8rVY26w94j4zDLlPr44jtXiWXTM7gkXaFpRT66ROsPvCYSNYMaYV5-cxdJm62r2Rm5c7QQPPfw=s48-c-k-c0x00ffffff-no-rj', 'authorChannelUrl': 'http://www.youtube.com/channel/UCIqxNGNLGXiZ-zk6aTGlboA', 'authorChannelId': {'value': 'UCIqxNGNLGXiZ-zk6aTGlboA'}, 'canRate': True, 'viewerRating': 'none', 'likeCount': 0, 'publishedAt': '2022-10-24T20:21:57Z', 'updatedAt': '2022-10-24T20:21:57Z'}}, {'kind': 'youtube#comment', 'etag': 'Akhz9oGTq3FYH6JHZGYL9uunWQM', 'id': 'Ugy5sCQv2lYY0OdOx1F4AaABAg.9hYBnuGDDi29h_2l-XPn4S', 'snippet': {'videoId': 'zEfTDpfyt1o', 'textDisplay': '@Marcos  Lancelott<br>A ESQUERDA É  FORMADA POR IGNORANTES VAGABUNDOS E CRIMINOSOS...<br>BOLSONARO   22   22   22   22   22', 'textOriginal': '@Marcos  Lancelott\\nA ESQUERDA É  FORMADA POR IGNORANTES VAGABUNDOS E CRIMINOSOS...\\nBOLSONARO   22   22   22   22   22', 'parentId': 'Ugy5sCQv2lYY0OdOx1F4AaABAg', 'authorDisplayName': 'Esther Hirt', 'authorProfileImageUrl': 'https://yt3.ggpht.com/ytc/AGIKgqPXx_n7DJm7JbXH4kl5xW0wplFxWCaY0En9aA=s48-c-k-c0x00ffffff-no-rj', 'authorChannelUrl': 'http://www.youtube.com/channel/UCBwWLGeK4JM-rkPKDAjPsZQ', 'authorChannelId': {'value': 'UCBwWLGeK4JM-rkPKDAjPsZQ'}, 'canRate': True, 'viewerRating': 'none', 'likeCount': 0, 'publishedAt': '2022-10-24T15:55:59Z', 'updatedAt': '2022-10-24T15:55:59Z'}}, {'kind': 'youtube#comment', 'etag': 'Im8taA3PexWmCG9MVe4rHYecss4', 'id': 'Ugy5sCQv2lYY0OdOx1F4AaABAg.9hYBnuGDDi29h_1SEnMZqZ', 'snippet': {'videoId': 'zEfTDpfyt1o', 'textDisplay': '@solange rosa fez certo <br>Eu também era 22<br>Ainda bem que abrir os olhos a tempo', 'textOriginal': '@solange rosa fez certo \\nEu também era 22\\nAinda bem que abrir os olhos a tempo', 'parentId': 'Ugy5sCQv2lYY0OdOx1F4AaABAg', 'authorDisplayName': 'Eduardo dudu', 'authorProfileImageUrl': 'https://yt3.ggpht.com/ytc/AGIKgqMnS1uLN_BY7GPL3JypZgeQ-H_Kh5qCk8fZqvY9Pg=s48-c-k-c0x00ffffff-no-rj', 'authorChannelUrl': 'http://www.youtube.com/channel/UCwK_lCeOuJlEdtSOoB3d83Q', 'authorChannelId': {'value': 'UCwK_lCeOuJlEdtSOoB3d83Q'}, 'canRate': True, 'viewerRating': 'none', 'likeCount': 2, 'publishedAt': '2022-10-24T15:44:33Z', 'updatedAt': '2022-10-24T15:44:33Z'}}, {'kind': 'youtube#comment', 'etag': 'm1eplFurc93b07MZcHutho6kPTo', 'id': 'Ugy5sCQv2lYY0OdOx1F4AaABAg.9hYBnuGDDi29hZfkNODPpE', 'snippet': {'videoId': 'zEfTDpfyt1o', 'textDisplay': '@Marcia Lai Pereira não vou brincar com meu voto, já decidi.', 'textOriginal': '@Marcia Lai Pereira não vou brincar com meu voto, já decidi.', 'parentId': 'Ugy5sCQv2lYY0OdOx1F4AaABAg', 'authorDisplayName': 'solange rosa', 'authorProfileImageUrl': 'https://yt3.ggpht.com/ytc/AGIKgqMuxryoWdKbNyqDaPg1KsA7uFVbxBzVyOKZz2hX=s48-c-k-c0x00ffffff-no-rj', 'authorChannelUrl': 'http://www.youtube.com/channel/UCQ-QDrRdYId4s7JLfpcEuFQ', 'authorChannelId': {'value': 'UCQ-QDrRdYId4s7JLfpcEuFQ'}, 'canRate': True, 'viewerRating': 'none', 'likeCount': 2, 'publishedAt': '2022-10-24T12:26:11Z', 'updatedAt': '2022-10-24T12:26:11Z'}}, {'kind': 'youtube#comment', 'etag': '-lP4UXeQAbbNBvSYxgrNv7qp-A8', 'id': 'Ugy5sCQv2lYY0OdOx1F4AaABAg.9hYBnuGDDi29hZeJEPi2Kd', 'snippet': {'videoId': 'zEfTDpfyt1o', 'textDisplay': '@solange rosa Dia 30 de Outubro Não Brinque com o Seu Voto. <br>Dia 30 Não Vote num político Ladrão e Mentiroso que usa e manipula os pobres das favelas e do Nordeste e tem o apoio de Ditadores Comunistas e de Traficantes de Drogas do PCC e do Comando Vermelho.<br>Dia 30 Não Vote no candidato que tem apoio da maioria dos presidiários entre eles ladrões de celular,  estupradores, Pedofilos e assassinos.<br><br>Os Ditadores comunistas Daniel Ortega (Nicarágua), Miguel Diaz (Cuba) e Nicolás Maduro (Venezuela) são amigos e apoiadores de Lula.<br><br>Lula é Ladrão e Corrupto e está envolvido com o Tráfico de Drogas e Recebe apoio de Facções Criminosas de Tráfico de Drogas como o Comando Vermelho e o PCC.<br><br>Se você vota no candidato dos Traficantes, maconheiros, Pedofilos e dos Ladrões de Celular, então, Não reclame da violência e insegurança no seu bairro.<br><br>Você não acredita que o Lula vai acabar com o Brasil transformando o nosso país numa nação comunista venezuelana, então, pague pra ver sabendo que depois você vai pagar com o futuro de seus filhos e com a vida de seu cachorro.<br><br>A mentira do Lula que te prometeu carne todos os dias, vai cair por terra em poucos anos e quando você se der conta da burrice que fez, não vai adiantar protestar.<br><br>Você que ficou em casa e não foi votar também será culpado pelo caos que o Brasil vai se transformar, e depois não chore quando você perder todas as suas economias que estiverem depositados no banco, ou quando você perder seu segundo imóvel que está vazio para alugar, pois assim como na Argentina, o Governo socialista se apropriou do imóvel que estava vazio para doar a sem tetos ou para pessoas que estavam na fila da casa própria.<br><br>O Brasil hoje virou terra de refugiados da Argentina, Colômbia, Bolívia, Venezuela, Cuba, Angola, Haiti e países comunistas da África, e quando aqui no Brasil virar uma nova Venezuela, pra onde você irá fugir com a sua família?<br><br>DIA 30 DE OUTUBRO NÃO BRINQUE COM O SEU VOTO.<br>NÃO EXISTE DUAS OPÇÕES DE VOTO. SÓ EXISTE UMA ÚNICA OPÇÃO.<br>OU VOTAR EM BOLSONARO 22, OU ACABAR COM O FUTURO E A LIBERDADE DE SUA FAMILIA VOTANDO NUM LADRÃO COMUNISTA QUE ESTÁ SENDO APOIADO PELO CRIME ORGANIZADO E POR FACÇÕES DO TRAFICO DE DROGAS COMO PCC E COMANDO VERMELHO.', 'textOriginal': '@solange rosa Dia 30 de Outubro Não Brinque com o Seu Voto. \\nDia 30 Não Vote num político Ladrão e Mentiroso que usa e manipula os pobres das favelas e do Nordeste e tem o apoio de Ditadores Comunistas e de Traficantes de Drogas do PCC e do Comando Vermelho.\\nDia 30 Não Vote no candidato que tem apoio da maioria dos presidiários entre eles ladrões de celular,  estupradores, Pedofilos e assassinos.\\n\\nOs Ditadores comunistas Daniel Ortega (Nicarágua), Miguel Diaz (Cuba) e Nicolás Maduro (Venezuela) são amigos e apoiadores de Lula.\\n\\nLula é Ladrão e Corrupto e está envolvido com o Tráfico de Drogas e Recebe apoio de Facções Criminosas de Tráfico de Drogas como o Comando Vermelho e o PCC.\\n\\nSe você vota no candidato dos Traficantes, maconheiros, Pedofilos e dos Ladrões de Celular, então, Não reclame da violência e insegurança no seu bairro.\\n\\nVocê não acredita que o Lula vai acabar com o Brasil transformando o nosso país numa nação comunista venezuelana, então, pague pra ver sabendo que depois você vai pagar com o futuro de seus filhos e com a vida de seu cachorro.\\n\\nA mentira do Lula que te prometeu carne todos os dias, vai cair por terra em poucos anos e quando você se der conta da burrice que fez, não vai adiantar protestar.\\n\\nVocê que ficou em casa e não foi votar também será culpado pelo caos que o Brasil vai se transformar, e depois não chore quando você perder todas as suas economias que estiverem depositados no banco, ou quando você perder seu segundo imóvel que está vazio para alugar, pois assim como na Argentina, o Governo socialista se apropriou do imóvel que estava vazio para doar a sem tetos ou para pessoas que estavam na fila da casa própria.\\n\\nO Brasil hoje virou terra de refugiados da Argentina, Colômbia, Bolívia, Venezuela, Cuba, Angola, Haiti e países comunistas da África, e quando aqui no Brasil virar uma nova Venezuela, pra onde você irá fugir com a sua família?\\n\\nDIA 30 DE OUTUBRO NÃO BRINQUE COM O SEU VOTO.\\nNÃO EXISTE DUAS OPÇÕES DE VOTO. SÓ EXISTE UMA ÚNICA OPÇÃO.\\nOU VOTAR EM BOLSONARO 22, OU ACABAR COM O FUTURO E A LIBERDADE DE SUA FAMILIA VOTANDO NUM LADRÃO COMUNISTA QUE ESTÁ SENDO APOIADO PELO CRIME ORGANIZADO E POR FACÇÕES DO TRAFICO DE DROGAS COMO PCC E COMANDO VERMELHO.', 'parentId': 'Ugy5sCQv2lYY0OdOx1F4AaABAg', 'authorDisplayName': 'Marcia Lai Pereira', 'authorProfileImageUrl': 'https://yt3.ggpht.com/ytc/AGIKgqOVuD5NawXi01rBhvQdFrWCr7auXqbMfJyZTA=s48-c-k-c0x00ffffff-no-rj', 'authorChannelUrl': 'http://www.youtube.com/channel/UCaCTN5bdD2sTajsI9i7cR5g', 'authorChannelId': {'value': 'UCaCTN5bdD2sTajsI9i7cR5g'}, 'canRate': True, 'viewerRating': 'none', 'likeCount': 0, 'publishedAt': '2022-10-24T12:13:36Z', 'updatedAt': '2022-10-24T12:13:36Z'}}]}",UCzAEZQtw3HLkq4MAlBnKZNA,2022-10-23T22:36:32Z,Não justifica agredir a ninguém! As pessoas estão perdendo a noção. Muito triste 😔,QURTSl9pMnlDcl93LVdleVZVQ29LSW83TEtSUkNfSkhNRXZXR2RaY3FIMTcydmpUaHBmT0stNnI0SkdGV0szOVNOeDRyUlZibzNBR1pZcw==,2023-06-08 14:52:42.801064
youtube#commentThread,6Tz8Lj_ykaT5Mfcx8Le1v0Y6KmY,UgxCoHlpa0MSsO3pPa54AaABAg,"{'videoId': 'zEfTDpfyt1o', 'topLevelComment': {'kind': 'youtube#comment', 'etag': '6Fy_T609xJUljur48TktmtxS1yE', 'id': 'UgxCoHlpa0MSsO3pPa54AaABAg', 'snippet': {'videoId': 'zEfTDpfyt1o', 'textDisplay': 'É isto mesmo  este caos gerado pela justiça INJUSTA', 'textOriginal': 'É isto mesmo  este caos gerado pela justiça INJUSTA', 'authorDisplayName': 'Vilma Santos', 'authorProfileImageUrl': 'https://yt3.ggpht.com/ytc/AGIKgqNWxTXc1KIgFPujbejM6e-YQryBMgAEP1uYUw=s48-c-k-c0x00ffffff-no-rj', 'authorChannelUrl': 'http://www.youtube.com/channel/UCL59JqcefCvOXvYV19mr64g', 'authorChannelId': {'value': 'UCL59JqcefCvOXvYV19mr64g'}, 'canRate': True, 'viewerRating': 'none', 'likeCount': 14, 'publishedAt': '2022-10-23T22:36:32Z', 'updatedAt': '2022-10-23T22:36:32Z'}}, 'canReply': True, 'totalReplyCount': 0, 'isPublic': True}",,UCL59JqcefCvOXvYV19mr64g,2022-10-23T22:36:32Z,É isto mesmo  este caos gerado pela justiça INJUSTA,QURTSl9pMnlDcl93LVdleVZVQ29LSW83TEtSUkNfSkhNRXZXR2RaY3FIMTcydmpUaHBmT0stNnI0SkdGV0szOVNOeDRyUlZibzNBR1pZcw==,2023-06-08 14:52:42.801064
youtube#commentThread,XSz4bwO8KR55CNRk-WJJO9YAeSU,UgxOZgcRlYnHwG1OlIh4AaABAg,"{'videoId': 'zEfTDpfyt1o', 'topLevelComment': {'kind': 'youtube#comment', 'etag': 'Z7WkhihvqlssJ1wLGDjzF_Jcqx8', 'id': 'UgxOZgcRlYnHwG1OlIh4AaABAg', 'snippet': {'videoId': 'zEfTDpfyt1o', 'textDisplay': 'Da rede globo tem que apanhar mesmo só apoia o que não presta', 'textOriginal': 'Da rede globo tem que apanhar mesmo só apoia o que não presta', 'authorDisplayName': 'Jozicley Souza', 'authorProfileImageUrl': 'https://yt3.ggpht.com/ytc/AGIKgqP2EHLmrmzn2sWe1k4eSvg6Xfc_8Yqz9SkLvCr0-A=s48-c-k-c0x00ffffff-no-rj', 'authorChannelUrl': 'http://www.youtube.com/channel/UCuXOVY452sPbVG6PTToHYag', 'authorChannelId': {'value': 'UCuXOVY452sPbVG6PTToHYag'}, 'canRate': True, 'viewerRating': 'none', 'likeCount': 0, 'publishedAt': '2022-10-23T22:36:32Z', 'updatedAt': '2022-10-23T22:36:32Z'}}, 'canReply': True, 'totalReplyCount': 0, 'isPublic': True}",,UCuXOVY452sPbVG6PTToHYag,2022-10-23T22:36:32Z,Da rede globo tem que apanhar mesmo só apoia o que não presta,QURTSl9pMnlDcl93LVdleVZVQ29LSW83TEtSUkNfSkhNRXZXR2RaY3FIMTcydmpUaHBmT0stNnI0SkdGV0szOVNOeDRyUlZibzNBR1pZcw==,2023-06-08 14:52:42.801064
youtube#commentThread,nokRYM4AiYLQyJHPL0nF4OpsXB4,UgxNRmsoT9Q_43mhZ5F4AaABAg,"{'videoId': 'zEfTDpfyt1o', 'topLevelComment': {'kind': 'youtube#comment', 'etag': 'X3Q8UHTp1q39O2DEsFRnCX6zPkA', 'id': 'UgxNRmsoT9Q_43mhZ5F4AaABAg', 'snippet': {'videoId': 'zEfTDpfyt1o', 'textDisplay': 'O culpado nessa situação toda é o Alexandre de Moraes, que está espalhando a censura no país.', 'textOriginal': 'O culpado nessa situação toda é o Alexandre de Moraes, que está espalhando a censura no país.', 'authorDisplayName': 'Roberto M.S', 'authorProfileImageUrl': 'https://yt3.ggpht.com/ytc/AGIKgqNSdc1_VMCfEqjTmwvHSHtNdWunALGChpG2kwAeDg=s48-c-k-c0x00ffffff-no-rj', 'authorChannelUrl': 'http://www.youtube.com/channel/UCUt8SlFpYzYVZDRHBKx4wZA', 'authorChannelId': {'value': 'UCUt8SlFpYzYVZDRHBKx4wZA'}, 'canRate': True, 'viewerRating': 'none', 'likeCount': 0, 'publishedAt': '2022-10-23T22:36:32Z', 'updatedAt': '2022-10-23T22:36:32Z'}}, 'canReply': True, 'totalReplyCount': 0, 'isPublic': True}",,UCUt8SlFpYzYVZDRHBKx4wZA,2022-10-23T22:36:32Z,"O culpado nessa situação toda é o Alexandre de Moraes, que está espalhando a censura no país.",QURTSl9pMnlDcl93LVdleVZVQ29LSW83TEtSUkNfSkhNRXZXR2RaY3FIMTcydmpUaHBmT0stNnI0SkdGV0szOVNOeDRyUlZibzNBR1pZcw==,2023-06-08 14:52:42.801064
youtube#commentThread,BKPnp9-E09a5N2LA1IGz3pmF6i0,UgwtlHrTamh0vSQHgbZ4AaABAg,"{'videoId': 'zEfTDpfyt1o', 'topLevelComment': {'kind': 'youtube#comment', 'etag': 'GnBywpW22BHndAEqLvyJuGO_il4', 'id': 'UgwtlHrTamh0vSQHgbZ4AaABAg', 'snippet': {'videoId': 'zEfTDpfyt1o', 'textDisplay': 'e quando a imprensa subverte os fatos ?<br>devenos bater palmas?<br>kkkl<br>cada um com sua merenda a policia passa isso todo dia e a imprensa joga contra', 'textOriginal': 'e quando a imprensa subverte os fatos ?\\ndevenos bater palmas?\\nkkkl\\ncada um com sua merenda a policia passa isso todo dia e a imprensa joga contra', 'authorDisplayName': 'André Azevedo', 'authorProfileImageUrl': 'https://yt3.ggpht.com/ytc/AGIKgqPzXhyW48jLvF7mTFvfLvftI6qW9zSCPV4bjg=s48-c-k-c0x00ffffff-no-rj', 'authorChannelUrl': 'http://www.youtube.com/channel/UCqs3NFnyTZLhaGw-RYRJRQQ', 'authorChannelId': {'value': 'UCqs3NFnyTZLhaGw-RYRJRQQ'}, 'canRate': True, 'viewerRating': 'none', 'likeCount': 0, 'publishedAt': '2022-10-23T22:36:26Z', 'updatedAt': '2022-10-23T22:36:26Z'}}, 'canReply': True, 'totalReplyCount': 0, 'isPublic': True}",,UCqs3NFnyTZLhaGw-RYRJRQQ,2022-10-23T22:36:26Z,"e quando a imprensa subverte os fatos ?
devenos bater palmas?
kkkl
cada um com sua merenda a policia passa isso todo dia e a imprensa joga contra",QURTSl9pMnlDcl93LVdleVZVQ29LSW83TEtSUkNfSkhNRXZXR2RaY3FIMTcydmpUaHBmT0stNnI0SkdGV0szOVNOeDRyUlZibzNBR1pZcw==,2023-06-08 14:52:42.801064
youtube#commentThread,rnpGyUka-h4XIO125iB0OHyCnZk,UgzSh3OjYqnRrLEYq7h4AaABAg,"{'videoId': 'zEfTDpfyt1o', 'topLevelComment': {'kind': 'youtube#comment', 'etag': 'RfO3U3GqzPVskNDWvLvjJZE6GKw', 'id': 'UgzSh3OjYqnRrLEYq7h4AaABAg', 'snippet': {'videoId': 'zEfTDpfyt1o', 'textDisplay': 'Com violência não  chegaremos a lugar nenhum, seja de sensura, seja física, devemos respeitar o direito de ir e vir, não importa de qual é a emissora ela tem o mesmo direito de fazer a reportagem. <br>Podemos não assistir determinada emissora, mas não temos o direito de agredir ninguém.', 'textOriginal': 'Com violência não  chegaremos a lugar nenhum, seja de sensura, seja física, devemos respeitar o direito de ir e vir, não importa de qual é a emissora ela tem o mesmo direito de fazer a reportagem. \\nPodemos não assistir determinada emissora, mas não temos o direito de agredir ninguém.', 'authorDisplayName': 'José Nerinho', 'authorProfileImageUrl': 'https://yt3.ggpht.com/ytc/AGIKgqMR8msF_BAQ2bluAWgI0RnO84cWkmkSNhyeqQ=s48-c-k-c0x00ffffff-no-rj', 'authorChannelUrl': 'http://www.youtube.com/channel/UC0nYjaRNvn2hRQhr78EwUYA', 'authorChannelId': {'value': 'UC0nYjaRNvn2hRQhr78EwUYA'}, 'canRate': True, 'viewerRating': 'none', 'likeCount': 7, 'publishedAt': '2022-10-23T22:36:25Z', 'updatedAt': '2022-10-23T22:36:25Z'}}, 'canReply': True, 'totalReplyCount': 2, 'isPublic': True}","{'comments': [{'kind': 'youtube#comment', 'etag': 'cjuBE2OPeoKw2cEvYxM_gF77o9E', 'id': 'UgzSh3OjYqnRrLEYq7h4AaABAg.9hYBn0dd1469hYd5w_zABg', 'snippet': {'videoId': 'zEfTDpfyt1o', 'textDisplay': 'Com flores tambem ñ', 'textOriginal': 'Com flores tambem ñ', 'parentId': 'UgzSh3OjYqnRrLEYq7h4AaABAg', 'authorDisplayName': 'Genoveva Oliveira', 'authorProfileImageUrl': 'https://yt3.ggpht.com/ytc/AGIKgqMgjaULy_HZm3dG4dDqk2dd8hWsUqF2pF6hsg=s48-c-k-c0x00ffffff-no-rj', 'authorChannelUrl': 'http://www.youtube.com/channel/UC-AtNsZS26YXY-LH_RXokuQ', 'authorChannelId': {'value': 'UC-AtNsZS26YXY-LH_RXokuQ'}, 'canRate': True, 'viewerRating': 'none', 'likeCount': 0, 'publishedAt': '2022-10-24T02:43:48Z', 'updatedAt': '2022-10-24T02:43:48Z'}}, {'kind': 'youtube#comment', 'etag': 'kwqRVulST3jH5zwXDLQWaoH6BtM', 'id': 'UgzSh3OjYqnRrLEYq7h4AaABAg.9hYBn0dd1469hYSIaPzD6H', 'snippet': {'videoId': 'zEfTDpfyt1o', 'textDisplay': 'O cadafalso dá audiência...talvez recuperar , o que partiu para a mídia digital..agora amordaçada...', 'textOriginal': 'O cadafalso dá audiência...talvez recuperar , o que partiu para a mídia digital..agora amordaçada...', 'parentId': 'UgzSh3OjYqnRrLEYq7h4AaABAg', 'authorDisplayName': 'Tiburcio Nascimento', 'authorProfileImageUrl': 'https://yt3.ggpht.com/ytc/AGIKgqPYJ16XbloZp1nRif2q9UiINjE9b3aLcJFllVpYZmGF8L32gAvFuJ_fm0H5T6oa=s48-c-k-c0x00ffffff-no-rj', 'authorChannelUrl': 'http://www.youtube.com/channel/UCOpVT2WBtvOTmNgRgNreY3Q', 'authorChannelId': {'value': 'UCOpVT2WBtvOTmNgRgNreY3Q'}, 'canRate': True, 'viewerRating': 'none', 'likeCount': 0, 'publishedAt': '2022-10-24T01:00:41Z', 'updatedAt': '2022-10-24T01:00:41Z'}}]}",UC0nYjaRNvn2hRQhr78EwUYA,2022-10-23T22:36:25Z,"Com violência não  chegaremos a lugar nenhum, seja de sensura, seja física, devemos respeitar o direito de ir e vir, não importa de qual é a emissora ela tem o mesmo direito de fazer a reportagem. 
Podemos não assistir determinada emissora, mas não temos o direito de agredir ninguém.",QURTSl9pMnlDcl93LVdleVZVQ29LSW83TEtSUkNfSkhNRXZXR2RaY3FIMTcydmpUaHBmT0stNnI0SkdGV0szOVNOeDRyUlZibzNBR1pZcw==,2023-06-08 14:52:42.801064
youtube#commentThread,BersnsJhM8mUiVVCYk39UyRePts,UgxdIvJFDSd_v5DQhdx4AaABAg,"{'videoId': 'zEfTDpfyt1o', 'topLevelComment': {'kind': 'youtube#comment', 'etag': 'yy-PLfcJ575vNkDOsrkQpID2kLY', 'id': 'UgxdIvJFDSd_v5DQhdx4AaABAg', 'snippet': {'videoId': 'zEfTDpfyt1o', 'textDisplay': 'Verdade', 'textOriginal': 'Verdade', 'authorDisplayName': 'Ediniz Ferreira', 'authorProfileImageUrl': 'https://yt3.ggpht.com/ytc/AGIKgqMYmOiLdQXWYuXSct5wXmXvbrxY4oEV559Z=s48-c-k-c0x00ffffff-no-rj', 'authorChannelUrl': 'http://www.youtube.com/channel/UCSPFYWx6Ot73IJsf5EUKBDw', 'authorChannelId': {'value': 'UCSPFYWx6Ot73IJsf5EUKBDw'}, 'canRate': True, 'viewerRating': 'none', 'likeCount': 0, 'publishedAt': '2022-10-23T22:36:25Z', 'updatedAt': '2022-10-23T22:36:25Z'}}, 'canReply': True, 'totalReplyCount': 0, 'isPublic': True}",,UCSPFYWx6Ot73IJsf5EUKBDw,2022-10-23T22:36:25Z,Verdade,QURTSl9pMnlDcl93LVdleVZVQ29LSW83TEtSUkNfSkhNRXZXR2RaY3FIMTcydmpUaHBmT0stNnI0SkdGV0szOVNOeDRyUlZibzNBR1pZcw==,2023-06-08 14:52:42.801064
youtube#commentThread,NWOqPB3C9IY_8DgP8ezQzYRMoz8,UgxMV8G-V1iHlIuUUiR4AaABAg,"{'videoId': 'zEfTDpfyt1o', 'topLevelComment': {'kind': 'youtube#comment', 'etag': 'nDROpkc4-X_eszQTzThYVj1zBR4', 'id': 'UgxMV8G-V1iHlIuUUiR4AaABAg', 'snippet': {'videoId': 'zEfTDpfyt1o', 'textDisplay': '⚠⚠JOVEN PAN COMETEU CRIMES , FOI NOTIFICADA DESDE STEMBRO IGNORANDO TODAS⚠⚠️<br>⚠⚠Art 323 da lei 4737 com redação da lei 14192/21 art 45 da lei 9504/97 com redação da lei 13165/15⚠⚠️<br>PORTANTO CONTINUA MENTIR EM DIZER QUE FOI CENSURADA EM SEU SLOGAN.....⚠⚠️', 'textOriginal': '⚠⚠JOVEN PAN COMETEU CRIMES , FOI NOTIFICADA DESDE STEMBRO IGNORANDO TODAS⚠⚠️\\n⚠⚠Art 323 da lei 4737 com redação da lei 14192/21 art 45 da lei 9504/97 com redação da lei 13165/15⚠⚠️\\nPORTANTO CONTINUA MENTIR EM DIZER QUE FOI CENSURADA EM SEU SLOGAN.....⚠⚠️', 'authorDisplayName': 'Rinaldo Crippa', 'authorProfileImageUrl': 'https://yt3.ggpht.com/ytc/AGIKgqMIPdzp3nNfyhNKHyfLqaqWObBWrp3laRznQptwww=s48-c-k-c0x00ffffff-no-rj', 'authorChannelUrl': 'http://www.youtube.com/channel/UC8MNZvGwlAtCCF0TmN2A0dA', 'authorChannelId': {'value': 'UC8MNZvGwlAtCCF0TmN2A0dA'}, 'canRate': True, 'viewerRating': 'none', 'likeCount': 0, 'publishedAt': '2022-10-23T22:36:25Z', 'updatedAt': '2022-10-23T22:36:25Z'}}, 'canReply': True, 'totalReplyCount': 0, 'isPublic': True}",,UC8MNZvGwlAtCCF0TmN2A0dA,2022-10-23T22:36:25Z,"⚠⚠JOVEN PAN COMETEU CRIMES , FOI NOTIFICADA DESDE STEMBRO IGNORANDO TODAS⚠⚠️
⚠⚠Art 323 da lei 4737 com redação da lei 14192/21 art 45 da lei 9504/97 com redação da lei 13165/15⚠⚠️
PORTANTO CONTINUA MENTIR EM DIZER QUE FOI CENSURADA EM SEU SLOGAN.....⚠⚠️",QURTSl9pMnlDcl93LVdleVZVQ29LSW83TEtSUkNfSkhNRXZXR2RaY3FIMTcydmpUaHBmT0stNnI0SkdGV0szOVNOeDRyUlZibzNBR1pZcw==,2023-06-08 14:52:42.801064
youtube#commentThread,4bEIUV138xch4ZUYsmg5apZ4kcs,UgyBolhfe9jdTP9ryiB4AaABAg,"{'videoId': 'zEfTDpfyt1o', 'topLevelComment': {'kind': 'youtube#comment', 'etag': 'aYNQ9I_ZLMvkyFNqxKSj3dwPkJI', 'id': 'UgyBolhfe9jdTP9ryiB4AaABAg', 'snippet': {'videoId': 'zEfTDpfyt1o', 'textDisplay': 'QUEM CRIOU ESSA SITUAÇÃO FOI O STF.<br>DIGA-SE ALEXANDRE O GRANDE, INÚTIL.', 'textOriginal': 'QUEM CRIOU ESSA SITUAÇÃO FOI O STF.\\nDIGA-SE ALEXANDRE O GRANDE, INÚTIL.', 'authorDisplayName': 'Paulo Ferreira', 'authorProfileImageUrl': 'https://yt3.ggpht.com/ytc/AGIKgqM_efmQW0ZN3zQ9Vi-QhwEz5mKiteojtR5BTA=s48-c-k-c0x00ffffff-no-rj', 'authorChannelUrl': 'http://www.youtube.com/channel/UCRLQrtYv2e7kBtmkZDirAlQ', 'authorChannelId': {'value': 'UCRLQrtYv2e7kBtmkZDirAlQ'}, 'canRate': True, 'viewerRating': 'none', 'likeCount': 0, 'publishedAt': '2022-10-23T22:36:23Z', 'updatedAt': '2022-10-23T22:36:23Z'}}, 'canReply': True, 'totalReplyCount': 0, 'isPublic': True}",,UCRLQrtYv2e7kBtmkZDirAlQ,2022-10-23T22:36:23Z,"QUEM CRIOU ESSA SITUAÇÃO FOI O STF.
DIGA-SE ALEXANDRE O GRANDE, INÚTIL.",QURTSl9pMnlDcl93LVdleVZVQ29LSW83TEtSUkNfSkhNRXZXR2RaY3FIMTcydmpUaHBmT0stNnI0SkdGV0szOVNOeDRyUlZibzNBR1pZcw==,2023-06-08 14:52:42.801064
youtube#commentThread,h1urMdfWPoFB9tYXqeA02mNOEzA,Ugw5W4ZNXJs24yKAPF14AaABAg,"{'videoId': 'zEfTDpfyt1o', 'topLevelComment': {'kind': 'youtube#comment', 'etag': 'rHOOXm2Ejs4IlOqYv7eGPmMbZbY', 'id': 'Ugw5W4ZNXJs24yKAPF14AaABAg', 'snippet': {'videoId': 'zEfTDpfyt1o', 'textDisplay': 'Isso é feio', 'textOriginal': 'Isso é feio', 'authorDisplayName': 'Janne Barbosa', 'authorProfileImageUrl': 'https://yt3.ggpht.com/aRJTdx6nRpZ5gfOxtmG1q8EX-X_l6CwFfyfLTe4k0Kt2jiC-bHHxn2tgoZoDNZRN24bw717ahg=s48-c-k-c0x00ffffff-no-rj', 'authorChannelUrl': 'http://www.youtube.com/channel/UCwsrda_N9hCFfnZT1Qf2b8A', 'authorChannelId': {'value': 'UCwsrda_N9hCFfnZT1Qf2b8A'}, 'canRate': True, 'viewerRating': 'none', 'likeCount': 0, 'publishedAt': '2022-10-23T22:36:21Z', 'updatedAt': '2022-10-23T22:36:21Z'}}, 'canReply': True, 'totalReplyCount': 0, 'isPublic': True}",,UCwsrda_N9hCFfnZT1Qf2b8A,2022-10-23T22:36:21Z,Isso é feio,QURTSl9pMnlDcl93LVdleVZVQ29LSW83TEtSUkNfSkhNRXZXR2RaY3FIMTcydmpUaHBmT0stNnI0SkdGV0szOVNOeDRyUlZibzNBR1pZcw==,2023-06-08 14:52:42.801064
youtube#commentThread,oUDJomSu1MYrAKPVlY-o-93LN1A,UgxPptLtk4eD6qqMQER4AaABAg,"{'videoId': 'zEfTDpfyt1o', 'topLevelComment': {'kind': 'youtube#comment', 'etag': 'Cup96zDrs3Eez4iBjG-HTrChVdU', 'id': 'UgxPptLtk4eD6qqMQER4AaABAg', 'snippet': {'videoId': 'zEfTDpfyt1o', 'textDisplay': 'É importante acertar essa JUSTIÇA do BRASIL. Caso não acertem isso, as coisas ficarão piores.<br>SERÁ QUE A JOVEM PAN ESTÁ SE ESPELHANDO NAS DEMAIS TVs CATASTROFISTAS, divulgando títulos de manchetes FORTES e SEM COMPROVAÇÃO?(APOIADORES?)', 'textOriginal': 'É importante acertar essa JUSTIÇA do BRASIL. Caso não acertem isso, as coisas ficarão piores.\\nSERÁ QUE A JOVEM PAN ESTÁ SE ESPELHANDO NAS DEMAIS TVs CATASTROFISTAS, divulgando títulos de manchetes FORTES e SEM COMPROVAÇÃO?(APOIADORES?)', 'authorDisplayName': 'MARIOJACCOUD', 'authorProfileImageUrl': 'https://yt3.ggpht.com/ytc/AGIKgqOc9Nhg7ADAiBu8mmA30-PIbHCL7Ln6C-ihthBu9Q=s48-c-k-c0x00ffffff-no-rj', 'authorChannelUrl': 'http://www.youtube.com/channel/UCHW78bHoczCWdObWGSej2Xg', 'authorChannelId': {'value': 'UCHW78bHoczCWdObWGSej2Xg'}, 'canRate': True, 'viewerRating': 'none', 'likeCount': 0, 'publishedAt': '2022-10-23T22:36:18Z', 'updatedAt': '2022-10-23T22:37:17Z'}}, 'canReply': True, 'totalReplyCount': 0, 'isPublic': True}",,UCHW78bHoczCWdObWGSej2Xg,2022-10-23T22:36:18Z,"É importante acertar essa JUSTIÇA do BRASIL. Caso não acertem isso, as coisas ficarão piores.
SERÁ QUE A JOVEM PAN ESTÁ SE ESPELHANDO NAS DEMAIS TVs CATASTROFISTAS, divulgando títulos de manchetes FORTES e SEM COMPROVAÇÃO?(APOIADORES?)",QURTSl9pMnlDcl93LVdleVZVQ29LSW83TEtSUkNfSkhNRXZXR2RaY3FIMTcydmpUaHBmT0stNnI0SkdGV0szOVNOeDRyUlZibzNBR1pZcw==,2023-06-08 14:52:42.801064
youtube#commentThread,Jyq-gu4rfVwaMsx0tYsT_ILf5a8,UgyPD4zOudCmiz_Kbgh4AaABAg,"{'videoId': 'zEfTDpfyt1o', 'topLevelComment': {'kind': 'youtube#comment', 'etag': 'xHUPaRRz_9kxq2g1Ls0plSrnnSw', 'id': 'UgyPD4zOudCmiz_Kbgh4AaABAg', 'snippet': {'videoId': 'zEfTDpfyt1o', 'textDisplay': 'ALEXANDRE DE MORAIS ESTÁ ENLOUQUECENDO O POVO E TORNANDO A POLÍCIA FEDERAL<br>CRIMINOSA', 'textOriginal': 'ALEXANDRE DE MORAIS ESTÁ ENLOUQUECENDO O POVO E TORNANDO A POLÍCIA FEDERAL\\nCRIMINOSA', 'authorDisplayName': 'Magda Leao', 'authorProfileImageUrl': 'https://yt3.ggpht.com/ytc/AGIKgqPOgU4MGgr7pA_6695lJMGukOvF5x75fG7m7w=s48-c-k-c0x00ffffff-no-rj', 'authorChannelUrl': 'http://www.youtube.com/channel/UCQQ6KaUdfxZAxVXEFgahYtg', 'authorChannelId': {'value': 'UCQQ6KaUdfxZAxVXEFgahYtg'}, 'canRate': True, 'viewerRating': 'none', 'likeCount': 0, 'publishedAt': '2022-10-23T22:36:15Z', 'updatedAt': '2022-10-23T22:36:15Z'}}, 'canReply': True, 'totalReplyCount': 0, 'isPublic': True}",,UCQQ6KaUdfxZAxVXEFgahYtg,2022-10-23T22:36:15Z,"ALEXANDRE DE MORAIS ESTÁ ENLOUQUECENDO O POVO E TORNANDO A POLÍCIA FEDERAL
CRIMINOSA",QURTSl9pMnlDcl93LVdleVZVQ29LSW83TEtSUkNfSkhNRXZXR2RaY3FIMTcydmpUaHBmT0stNnI0SkdGV0szOVNOeDRyUlZibzNBR1pZcw==,2023-06-08 14:52:42.801064
youtube#commentThread,nhlxqu77VNajp7AWk3qKaEGHex8,UgzfZocArVzQb1a2b_p4AaABAg,"{'videoId': 'zEfTDpfyt1o', 'topLevelComment': {'kind': 'youtube#comment', 'etag': '9xg3pu2MSvTPg3pioedGwTuD7_8', 'id': 'UgzfZocArVzQb1a2b_p4AaABAg', 'snippet': {'videoId': 'zEfTDpfyt1o', 'textDisplay': 'a política no STF está causando toda essa insegurança na população.', 'textOriginal': 'a política no STF está causando toda essa insegurança na população.', 'authorDisplayName': 'Marcia Sousa', 'authorProfileImageUrl': 'https://yt3.ggpht.com/ytc/AGIKgqNAVXN8AcWyl5VQ-U596nZQFIbWgLVQdCfE1Q=s48-c-k-c0x00ffffff-no-rj', 'authorChannelUrl': 'http://www.youtube.com/channel/UCp_8vuVOnShj-P0_7FlfD5A', 'authorChannelId': {'value': 'UCp_8vuVOnShj-P0_7FlfD5A'}, 'canRate': True, 'viewerRating': 'none', 'likeCount': 16, 'publishedAt': '2022-10-23T22:36:13Z', 'updatedAt': '2022-10-23T22:36:13Z'}}, 'canReply': True, 'totalReplyCount': 1, 'isPublic': True}","{'comments': [{'kind': 'youtube#comment', 'etag': 'IvOX1_2Xptief86E4nEBFq1gz5w', 'id': 'UgzfZocArVzQb1a2b_p4AaABAg.9hYBlU2ykBl9hYJiSKn9jI', 'snippet': {'videoId': 'zEfTDpfyt1o', 'textDisplay': 'É o presidente que está causando isso, não é o STF. Tanto que antes dele não tinha isso.', 'textOriginal': 'É o presidente que está causando isso, não é o STF. Tanto que antes dele não tinha isso.', 'parentId': 'UgzfZocArVzQb1a2b_p4AaABAg', 'authorDisplayName': 'André Luiz', 'authorProfileImageUrl': 'https://yt3.ggpht.com/ytc/AGIKgqPnSHHweACuHMC0WtSbtOb2t6ZF6Qd06RNvxtOS=s48-c-k-c0x00ffffff-no-rj', 'authorChannelUrl': 'http://www.youtube.com/channel/UCFLVgJm5-cbLviOoRG77O7A', 'authorChannelId': {'value': 'UCFLVgJm5-cbLviOoRG77O7A'}, 'canRate': True, 'viewerRating': 'none', 'likeCount': 0, 'publishedAt': '2022-10-23T23:45:42Z', 'updatedAt': '2022-10-23T23:45:42Z'}}]}",UCp_8vuVOnShj-P0_7FlfD5A,2022-10-23T22:36:13Z,a política no STF está causando toda essa insegurança na população.,QURTSl9pMnlDcl93LVdleVZVQ29LSW83TEtSUkNfSkhNRXZXR2RaY3FIMTcydmpUaHBmT0stNnI0SkdGV0szOVNOeDRyUlZibzNBR1pZcw==,2023-06-08 14:52:42.801064
youtube#commentThread,6_nMNdJW3GBWi13KErVi7YEgkfA,Ugx2CMuvvo5nKXAsor54AaABAg,"{'videoId': 'zEfTDpfyt1o', 'topLevelComment': {'kind': 'youtube#comment', 'etag': 'p9gvYc3aR1PJIt-rsoM7l9W3KV4', 'id': 'Ugx2CMuvvo5nKXAsor54AaABAg', 'snippet': {'videoId': 'zEfTDpfyt1o', 'textDisplay': 'Jesus Cristo.', 'textOriginal': 'Jesus Cristo.', 'authorDisplayName': 'Irne Xavier do Valle', 'authorProfileImageUrl': 'https://yt3.ggpht.com/ytc/AGIKgqOHZkEFx7eFuPyeonzDeykt0At-7IRdI0BY_A=s48-c-k-c0x00ffffff-no-rj', 'authorChannelUrl': 'http://www.youtube.com/channel/UCYFSXphFCMBbrEDYk4D2TtA', 'authorChannelId': {'value': 'UCYFSXphFCMBbrEDYk4D2TtA'}, 'canRate': True, 'viewerRating': 'none', 'likeCount': 0, 'publishedAt': '2022-10-23T22:36:12Z', 'updatedAt': '2022-10-23T22:36:12Z'}}, 'canReply': True, 'totalReplyCount': 0, 'isPublic': True}",,UCYFSXphFCMBbrEDYk4D2TtA,2022-10-23T22:36:12Z,Jesus Cristo.,QURTSl9pMnlDcl93LVdleVZVQ29LSW83TEtSUkNfSkhNRXZXR2RaY3FIMTcydmpUaHBmT0stNnI0SkdGV0szOVNOeDRyUlZibzNBR1pZcw==,2023-06-08 14:52:42.801064
youtube#commentThread,4dMmbLqt5nkFXfjRdFVVsv-CWrY,UgwZs06yDGXCKrceFVd4AaABAg,"{'videoId': 'zEfTDpfyt1o', 'topLevelComment': {'kind': 'youtube#comment', 'etag': '6MOLOQgxTm-wx64Dw4AWN_fvcR8', 'id': 'UgwZs06yDGXCKrceFVd4AaABAg', 'snippet': {'videoId': 'zEfTDpfyt1o', 'textDisplay': 'Quem pede a guerra, vai ter a Guerra.', 'textOriginal': 'Quem pede a guerra, vai ter a Guerra.', 'authorDisplayName': 'Jotecch-BR', 'authorProfileImageUrl': 'https://yt3.ggpht.com/ytc/AGIKgqMXzPZ1rHJ65gCoPUhkczEeOHI-foEjCHnvpbIAoyLcVS16lHZLU8tqT9M54VTo=s48-c-k-c0x00ffffff-no-rj', 'authorChannelUrl': 'http://www.youtube.com/channel/UCMWUENng7_3OYjQhPNBAWww', 'authorChannelId': {'value': 'UCMWUENng7_3OYjQhPNBAWww'}, 'canRate': True, 'viewerRating': 'none', 'likeCount': 1, 'publishedAt': '2022-10-23T22:36:09Z', 'updatedAt': '2022-10-23T22:36:09Z'}}, 'canReply': True, 'totalReplyCount': 0, 'isPublic': True}",,UCMWUENng7_3OYjQhPNBAWww,2022-10-23T22:36:09Z,"Quem pede a guerra, vai ter a Guerra.",QURTSl9pMnlDcl93LVdleVZVQ29LSW83TEtSUkNfSkhNRXZXR2RaY3FIMTcydmpUaHBmT0stNnI0SkdGV0szOVNOeDRyUlZibzNBR1pZcw==,2023-06-08 14:52:42.801064
youtube#commentThread,atYrxwV46xJKygIWta9IrmFkaFg,UgxISsqeh5PBq4JtUHZ4AaABAg,"{'videoId': 'zEfTDpfyt1o', 'topLevelComment': {'kind': 'youtube#comment', 'etag': 'viEogtBIOYtOL6sbmmHBnuRyXwc', 'id': 'UgxISsqeh5PBq4JtUHZ4AaABAg', 'snippet': {'videoId': 'zEfTDpfyt1o', 'textDisplay': 'O problema que a intolerancia e a injustiça tá  partindo da justiça.', 'textOriginal': 'O problema que a intolerancia e a injustiça tá  partindo da justiça.', 'authorDisplayName': 'Neusa Krefta Mariani', 'authorProfileImageUrl': 'https://yt3.ggpht.com/ytc/AGIKgqMuDc69Vcj8cMACA4NGN7eOTLOkFCJDMkd9lw=s48-c-k-c0x00ffffff-no-rj', 'authorChannelUrl': 'http://www.youtube.com/channel/UCJFrDYq5_iwDI3WKGDJ8KKQ', 'authorChannelId': {'value': 'UCJFrDYq5_iwDI3WKGDJ8KKQ'}, 'canRate': True, 'viewerRating': 'none', 'likeCount': 2, 'publishedAt': '2022-10-23T22:36:08Z', 'updatedAt': '2022-10-23T22:36:08Z'}}, 'canReply': True, 'totalReplyCount': 0, 'isPublic': True}",,UCJFrDYq5_iwDI3WKGDJ8KKQ,2022-10-23T22:36:08Z,O problema que a intolerancia e a injustiça tá  partindo da justiça.,QURTSl9pMnlDcl93LVdleVZVQ29LSW83TEtSUkNfSkhNRXZXR2RaY3FIMTcydmpUaHBmT0stNnI0SkdGV0szOVNOeDRyUlZibzNBR1pZcw==,2023-06-08 14:52:42.801064
youtube#commentThread,qQl69a7syVtyYqP2EPJeW7K7Nd8,UgzVkPnD6lRUq9ser5J4AaABAg,"{'videoId': 'zEfTDpfyt1o', 'topLevelComment': {'kind': 'youtube#comment', 'etag': 'LYo9AWDKcukYQniF2oMQK6iEBd0', 'id': 'UgzVkPnD6lRUq9ser5J4AaABAg', 'snippet': {'videoId': 'zEfTDpfyt1o', 'textDisplay': 'Tudo culpa desse careca de toga.', 'textOriginal': 'Tudo culpa desse careca de toga.', 'authorDisplayName': 'Ana Costa', 'authorProfileImageUrl': 'https://yt3.ggpht.com/ytc/AGIKgqPw6iYHo_3Y34wbuv94MZjPG8YefnU7rROx9ZLFEkWTYLblLmMRvx25s4jWXcbq=s48-c-k-c0x00ffffff-no-rj', 'authorChannelUrl': 'http://www.youtube.com/channel/UCP1shhVExVISafKc_ganKGA', 'authorChannelId': {'value': 'UCP1shhVExVISafKc_ganKGA'}, 'canRate': True, 'viewerRating': 'none', 'likeCount': 0, 'publishedAt': '2022-10-23T22:36:06Z', 'updatedAt': '2022-10-23T22:36:06Z'}}, 'canReply': True, 'totalReplyCount': 0, 'isPublic': True}",,UCP1shhVExVISafKc_ganKGA,2022-10-23T22:36:06Z,Tudo culpa desse careca de toga.,QURTSl9pMnlDcl93LVdleVZVQ29LSW83TEtSUkNfSkhNRXZXR2RaY3FIMTcydmpUaHBmT0stNnI0SkdGV0szOVNOeDRyUlZibzNBR1pZcw==,2023-06-08 14:52:42.801064
youtube#commentThread,0RG5WwfoxqxwI2_yD8ZtUuAt4WY,UgwatPM5f0uqpp6kPA14AaABAg,"{'videoId': 'zEfTDpfyt1o', 'topLevelComment': {'kind': 'youtube#comment', 'etag': 'oUJxpI83ZO_GXi9GqppZE0cdnNE', 'id': 'UgwatPM5f0uqpp6kPA14AaABAg', 'snippet': {'videoId': 'zEfTDpfyt1o', 'textDisplay': 'Correção: Bolsnaristas eleitores do Bozo agrediram jornalistas', 'textOriginal': 'Correção: Bolsnaristas eleitores do Bozo agrediram jornalistas', 'authorDisplayName': 'Eudenes Silva', 'authorProfileImageUrl': 'https://yt3.ggpht.com/ytc/AGIKgqPu2IqTM_rN_ORaySlaT9POy-sR7B4mDUHXo2Ezbg=s48-c-k-c0x00ffffff-no-rj', 'authorChannelUrl': 'http://www.youtube.com/channel/UCsNYufWWXxw6mkBtT_qK3rQ', 'authorChannelId': {'value': 'UCsNYufWWXxw6mkBtT_qK3rQ'}, 'canRate': True, 'viewerRating': 'none', 'likeCount': 0, 'publishedAt': '2022-10-23T22:36:06Z', 'updatedAt': '2022-10-23T22:36:06Z'}}, 'canReply': True, 'totalReplyCount': 0, 'isPublic': True}",,UCsNYufWWXxw6mkBtT_qK3rQ,2022-10-23T22:36:06Z,Correção: Bolsnaristas eleitores do Bozo agrediram jornalistas,QURTSl9pMnlDcl93LVdleVZVQ29LSW83TEtSUkNfSkhNRXZXR2RaY3FIMTcydmpUaHBmT0stNnI0SkdGV0szOVNOeDRyUlZibzNBR1pZcw==,2023-06-08 14:52:42.801064
youtube#commentThread,IT5GeC5fWPJM99x5bRfxgOvgzyo,UgxLChZ5DpPYk3qqU9d4AaABAg,"{'videoId': 'zEfTDpfyt1o', 'topLevelComment': {'kind': 'youtube#comment', 'etag': 'jaGjTzh43ZNdyh8s-mz0A0kFckQ', 'id': 'UgxLChZ5DpPYk3qqU9d4AaABAg', 'snippet': {'videoId': 'zEfTDpfyt1o', 'textDisplay': 'Tem que mete a vaqueta nesses safados é minha opinião em um país democratico', 'textOriginal': 'Tem que mete a vaqueta nesses safados é minha opinião em um país democratico', 'authorDisplayName': 'Gestapo federal', 'authorProfileImageUrl': 'https://yt3.ggpht.com/bJ5UVuYM8tlmrzKppvgcmGQpA-fFgvIHHUFkTXojGDoGsoMIJlJMWMmCQ2JOPymsqIemM2IbFA=s48-c-k-c0x00ffffff-no-rj', 'authorChannelUrl': 'http://www.youtube.com/channel/UCgwummQkG2_T-jfIwzK37RA', 'authorChannelId': {'value': 'UCgwummQkG2_T-jfIwzK37RA'}, 'canRate': True, 'viewerRating': 'none', 'likeCount': 0, 'publishedAt': '2022-10-23T22:36:03Z', 'updatedAt': '2022-10-23T22:36:03Z'}}, 'canReply': True, 'totalReplyCount': 0, 'isPublic': True}",,UCgwummQkG2_T-jfIwzK37RA,2022-10-23T22:36:03Z,Tem que mete a vaqueta nesses safados é minha opinião em um país democratico,QURTSl9pMnlDcl93LVdleVZVQ29LSW83TEtSUkNfSkhNRXZXR2RaY3FIMTcydmpUaHBmT0stNnI0SkdGV0szOVNOeDRyUlZibzNBR1pZcw==,2023-06-08 14:52:42.801064
youtube#commentThread,ON7p0rqY1OJ4FdSIh1BsYoDYQZA,UgyxJhE1jQ3pZTF3IN54AaABAg,"{'videoId': 'zEfTDpfyt1o', 'topLevelComment': {'kind': 'youtube#comment', 'etag': '9cDkoYMO4MXoarupU0wLbQ0kWo4', 'id': 'UgyxJhE1jQ3pZTF3IN54AaABAg', 'snippet': {'videoId': 'zEfTDpfyt1o', 'textDisplay': 'Já era esperado este tumulto na última semana da eleição .  Efeito dominó  da maldade do descumprimento da constituição .', 'textOriginal': 'Já era esperado este tumulto na última semana da eleição .  Efeito dominó  da maldade do descumprimento da constituição .', 'authorDisplayName': 'Margarete Nicácio', 'authorProfileImageUrl': 'https://yt3.ggpht.com/ytc/AGIKgqP9O_3o9YUXMPvX1etNL5McrlHxh2bbcc7CIg=s48-c-k-c0x00ffffff-no-rj', 'authorChannelUrl': 'http://www.youtube.com/channel/UCPs3JYY3Jc95EZ7D4QRYkHQ', 'authorChannelId': {'value': 'UCPs3JYY3Jc95EZ7D4QRYkHQ'}, 'canRate': True, 'viewerRating': 'none', 'likeCount': 0, 'publishedAt': '2022-10-23T22:36:00Z', 'updatedAt': '2022-10-23T22:36:00Z'}}, 'canReply': True, 'totalReplyCount': 0, 'isPublic': True}",,UCPs3JYY3Jc95EZ7D4QRYkHQ,2022-10-23T22:36:00Z,Já era esperado este tumulto na última semana da eleição .  Efeito dominó  da maldade do descumprimento da constituição .,QURTSl9pMnlDcl93LVdleVZVQ29LSW83TEtSUkNfSkhNRXZXR2RaY3FIMTcydmpUaHBmT0stNnI0SkdGV0szOVNOeDRyUlZibzNBR1pZcw==,2023-06-08 14:52:42.801064
youtube#commentThread,-Lfs5Oef6uhaiCzNMsTqgdhIIeQ,UgzGRw-u5EazCqHmvf14AaABAg,"{'videoId': 'zEfTDpfyt1o', 'topLevelComment': {'kind': 'youtube#comment', 'etag': 'KB5b8PscIeDtcmnQ8T8nApZAGSc', 'id': 'UgzGRw-u5EazCqHmvf14AaABAg', 'snippet': {'videoId': 'zEfTDpfyt1o', 'textDisplay': 'A jovem pan também foi agredida, o Brasil paralelo, a Barbara, terrível essa onda de agressão direta ou indireta. Lamentável a agressão em todas as formas.', 'textOriginal': 'A jovem pan também foi agredida, o Brasil paralelo, a Barbara, terrível essa onda de agressão direta ou indireta. Lamentável a agressão em todas as formas.', 'authorDisplayName': 'Ivan paulo camilo', 'authorProfileImageUrl': 'https://yt3.ggpht.com/ytc/AGIKgqMfhrwAem-hOUsTrLKKDSogzYFXNjDG0A7Wj_iOHw=s48-c-k-c0x00ffffff-no-rj', 'authorChannelUrl': 'http://www.youtube.com/channel/UCtlE8Xks0r2uniC46pUk9qg', 'authorChannelId': {'value': 'UCtlE8Xks0r2uniC46pUk9qg'}, 'canRate': True, 'viewerRating': 'none', 'likeCount': 9, 'publishedAt': '2022-10-23T22:35:56Z', 'updatedAt': '2022-10-23T22:35:56Z'}}, 'canReply': True, 'totalReplyCount': 1, 'isPublic': True}","{'comments': [{'kind': 'youtube#comment', 'etag': 'mSpqQ6aPjNiFjEix-Qca28f80BA', 'id': 'UgzGRw-u5EazCqHmvf14AaABAg.9hYBjVlMMcc9hYWNuc5fvH', 'snippet': {'videoId': 'zEfTDpfyt1o', 'textDisplay': 'E a Globo só divulgando a miséria alheia para recuperar algo que perdeu..', 'textOriginal': 'E a Globo só divulgando a miséria alheia para recuperar algo que perdeu..', 'parentId': 'UgzGRw-u5EazCqHmvf14AaABAg', 'authorDisplayName': 'Tiburcio Nascimento', 'authorProfileImageUrl': 'https://yt3.ggpht.com/ytc/AGIKgqPYJ16XbloZp1nRif2q9UiINjE9b3aLcJFllVpYZmGF8L32gAvFuJ_fm0H5T6oa=s48-c-k-c0x00ffffff-no-rj', 'authorChannelUrl': 'http://www.youtube.com/channel/UCOpVT2WBtvOTmNgRgNreY3Q', 'authorChannelId': {'value': 'UCOpVT2WBtvOTmNgRgNreY3Q'}, 'canRate': True, 'viewerRating': 'none', 'likeCount': 0, 'publishedAt': '2022-10-24T01:36:21Z', 'updatedAt': '2022-10-24T01:36:21Z'}}]}",UCtlE8Xks0r2uniC46pUk9qg,2022-10-23T22:35:56Z,"A jovem pan também foi agredida, o Brasil paralelo, a Barbara, terrível essa onda de agressão direta ou indireta. Lamentável a agressão em todas as formas.",QURTSl9pMnlDcl93LVdleVZVQ29LSW83TEtSUkNfSkhNRXZXR2RaY3FIMTcydmpUaHBmT0stNnI0SkdGV0szOVNOeDRyUlZibzNBR1pZcw==,2023-06-08 14:52:42.801064
youtube#commentThread,6QxmPpFPKemRHQcyIvrFQ6zeHiM,UgxeXcsZa8LeOvOQiI54AaABAg,"{'videoId': 'zEfTDpfyt1o', 'topLevelComment': {'kind': 'youtube#comment', 'etag': 'lsuasUFu8J1lb-UeMrCzA7Kh2ec', 'id': 'UgxeXcsZa8LeOvOQiI54AaABAg', 'snippet': {'videoId': 'zEfTDpfyt1o', 'textDisplay': 'Agredido por um homem e não por apoiadores. A motivação é especulação enquanto ele e testemunhas não forem ouvidas.', 'textOriginal': 'Agredido por um homem e não por apoiadores. A motivação é especulação enquanto ele e testemunhas não forem ouvidas.', 'authorDisplayName': 'Eder Aires', 'authorProfileImageUrl': 'https://yt3.ggpht.com/ytc/AGIKgqNhrcKdB3tQikv0j7G4E3bW76gKC_3H9Z4ZTGY8OX_RUfG4fBQOVKftD71SfOTN=s48-c-k-c0x00ffffff-no-rj', 'authorChannelUrl': 'http://www.youtube.com/channel/UCqd4Ae9hD3cLwABoWXQAHhA', 'authorChannelId': {'value': 'UCqd4Ae9hD3cLwABoWXQAHhA'}, 'canRate': True, 'viewerRating': 'none', 'likeCount': 0, 'publishedAt': '2022-10-23T22:35:56Z', 'updatedAt': '2022-10-23T22:40:33Z'}}, 'canReply': True, 'totalReplyCount': 0, 'isPublic': True}",,UCqd4Ae9hD3cLwABoWXQAHhA,2022-10-23T22:35:56Z,Agredido por um homem e não por apoiadores. A motivação é especulação enquanto ele e testemunhas não forem ouvidas.,QURTSl9pMnlDcl93LVdleVZVQ29LSW83TEtSUkNfSkhNRXZXR2RaY3FIMTcydmpUaHBmT0stNnI0SkdGV0szOVNOeDRyUlZibzNBR1pZcw==,2023-06-08 14:52:42.801064
youtube#commentThread,X8HQgVze3V0wfz2yHReRSN_3k5o,UgyMmdAn7SWyS5yakA14AaABAg,"{'videoId': 'zEfTDpfyt1o', 'topLevelComment': {'kind': 'youtube#comment', 'etag': 'ACc-x4KBR43Sa3NdgTxVN3auy-E', 'id': 'UgyMmdAn7SWyS5yakA14AaABAg', 'snippet': {'videoId': 'zEfTDpfyt1o', 'textDisplay': 'Apoiadores de Bolsonaro, Roberto Jefferson é a apenas  a ponta do iceberg', 'textOriginal': 'Apoiadores de Bolsonaro, Roberto Jefferson é a apenas  a ponta do iceberg', 'authorDisplayName': 'Rita Izabel', 'authorProfileImageUrl': 'https://yt3.ggpht.com/ytc/AGIKgqNo7mhk8JBVBNp1k84SF4umQEFXZb5r9_7tXnn1dnDQAMr962GFF9W1hqeuKUt0=s48-c-k-c0x00ffffff-no-rj', 'authorChannelUrl': 'http://www.youtube.com/channel/UCaUHEaD1Mo05ZS3UTuIeTIg', 'authorChannelId': {'value': 'UCaUHEaD1Mo05ZS3UTuIeTIg'}, 'canRate': True, 'viewerRating': 'none', 'likeCount': 0, 'publishedAt': '2022-10-23T22:35:55Z', 'updatedAt': '2022-10-23T22:35:55Z'}}, 'canReply': True, 'totalReplyCount': 0, 'isPublic': True}",,UCaUHEaD1Mo05ZS3UTuIeTIg,2022-10-23T22:35:55Z,"Apoiadores de Bolsonaro, Roberto Jefferson é a apenas  a ponta do iceberg",QURTSl9pMnlDcl93LVdleVZVQ29LSW83TEtSUkNfSkhNRXZXR2RaY3FIMTcydmpUaHBmT0stNnI0SkdGV0szOVNOeDRyUlZibzNBR1pZcw==,2023-06-08 14:52:42.801064
youtube#commentThread,-vVUZPmnqun96aed5O0dXh4zk7Q,Ugz65FBL1RaQ8LYAetN4AaABAg,"{'videoId': 'zEfTDpfyt1o', 'topLevelComment': {'kind': 'youtube#comment', 'etag': 'puWutwgEbMn6eEM_SE5qeJz_u_Y', 'id': 'Ugz65FBL1RaQ8LYAetN4AaABAg', 'snippet': {'videoId': 'zEfTDpfyt1o', 'textDisplay': 'Onde ta a policia que nao prendeu ele', 'textOriginal': 'Onde ta a policia que nao prendeu ele', 'authorDisplayName': 'Sandro Hesse', 'authorProfileImageUrl': 'https://yt3.ggpht.com/ytc/AGIKgqOxo_ez-OKT2aVoE7OPEkRXz5apV1PjA5NcqQ=s48-c-k-c0x00ffffff-no-rj', 'authorChannelUrl': 'http://www.youtube.com/channel/UCkR6L6kR3WViqTYC7WqvU9w', 'authorChannelId': {'value': 'UCkR6L6kR3WViqTYC7WqvU9w'}, 'canRate': True, 'viewerRating': 'none', 'likeCount': 0, 'publishedAt': '2022-10-23T22:35:53Z', 'updatedAt': '2022-10-23T22:35:53Z'}}, 'canReply': True, 'totalReplyCount': 0, 'isPublic': True}",,UCkR6L6kR3WViqTYC7WqvU9w,2022-10-23T22:35:53Z,Onde ta a policia que nao prendeu ele,QURTSl9pMnlDcl93LVdleVZVQ29LSW83TEtSUkNfSkhNRXZXR2RaY3FIMTcydmpUaHBmT0stNnI0SkdGV0szOVNOeDRyUlZibzNBR1pZcw==,2023-06-08 14:52:42.801064
youtube#commentThread,G07_tDBPMOl6izeUktswtS46gHA,Ugw1XY6xNOxMe9PWTnt4AaABAg,"{'videoId': 'zEfTDpfyt1o', 'topLevelComment': {'kind': 'youtube#comment', 'etag': 'j08pKKYg3-ourz_3uQL_7fp259c', 'id': 'Ugw1XY6xNOxMe9PWTnt4AaABAg', 'snippet': {'videoId': 'zEfTDpfyt1o', 'textDisplay': 'Já da pra ver a Manchete de amanhã, &quot;MANIFESTANTES PRO BOLSONARO AGRIDEM JORNALISTAS&quot;. A responsabilidade do ATO é de inteira responsabilidade desse cidadão. ninguém tem que agredir ninguém, independentemente de opinião!', 'textOriginal': 'Já da pra ver a Manchete de amanhã, ""MANIFESTANTES PRO BOLSONARO AGRIDEM JORNALISTAS"". A responsabilidade do ATO é de inteira responsabilidade desse cidadão. ninguém tem que agredir ninguém, independentemente de opinião!', 'authorDisplayName': 'Leandro Souza', 'authorProfileImageUrl': 'https://yt3.ggpht.com/ytc/AGIKgqMq2eFZblw5v2Ia09Wm9pJq7orB3Aoft6U3_MwPs0KglwOfuw5O20f8pkX-hl2g=s48-c-k-c0x00ffffff-no-rj', 'authorChannelUrl': 'http://www.youtube.com/channel/UCkF4nIRK6Ei7Dny3K5-wLWw', 'authorChannelId': {'value': 'UCkF4nIRK6Ei7Dny3K5-wLWw'}, 'canRate': True, 'viewerRating': 'none', 'likeCount': 0, 'publishedAt': '2022-10-23T22:35:52Z', 'updatedAt': '2022-10-23T22:35:52Z'}}, 'canReply': True, 'totalReplyCount': 0, 'isPublic': True}",,UCkF4nIRK6Ei7Dny3K5-wLWw,2022-10-23T22:35:52Z,"Já da pra ver a Manchete de amanhã, ""MANIFESTANTES PRO BOLSONARO AGRIDEM JORNALISTAS"". A responsabilidade do ATO é de inteira responsabilidade desse cidadão. ninguém tem que agredir ninguém, independentemente de opinião!",QURTSl9pMnlDcl93LVdleVZVQ29LSW83TEtSUkNfSkhNRXZXR2RaY3FIMTcydmpUaHBmT0stNnI0SkdGV0szOVNOeDRyUlZibzNBR1pZcw==,2023-06-08 14:52:42.801064
youtube#commentThread,gFtSo85IXovmItbGM5iyE5HFIsE,Ugx8iILzxwvZKDS_ePN4AaABAg,"{'videoId': 'zEfTDpfyt1o', 'topLevelComment': {'kind': 'youtube#comment', 'etag': 'AW6bkgpFDMaJxI0JrKQmaGW0gZc', 'id': 'Ugx8iILzxwvZKDS_ePN4AaABAg', 'snippet': {'videoId': 'zEfTDpfyt1o', 'textDisplay': 'Foi um apoiador, coloquem o título direito!', 'textOriginal': 'Foi um apoiador, coloquem o título direito!', 'authorDisplayName': 'Fabiana lima', 'authorProfileImageUrl': 'https://yt3.ggpht.com/iwVhoTAtv99QQY2PXXWnJVrUiEwXNAZ1uzhapYPKhMAZe9zBgq5Xz454dFY0jUwBKxDeXon_=s48-c-k-c0x00ffffff-no-rj', 'authorChannelUrl': 'http://www.youtube.com/channel/UCWgPVR_8u_HTT0vkofOFavQ', 'authorChannelId': {'value': 'UCWgPVR_8u_HTT0vkofOFavQ'}, 'canRate': True, 'viewerRating': 'none', 'likeCount': 0, 'publishedAt': '2022-10-23T22:35:51Z', 'updatedAt': '2022-10-23T22:35:51Z'}}, 'canReply': True, 'totalReplyCount': 0, 'isPublic': True}",,UCWgPVR_8u_HTT0vkofOFavQ,2022-10-23T22:35:51Z,"Foi um apoiador, coloquem o título direito!",QURTSl9pMnlDcl93LVdleVZVQ29LSW83TEtSUkNfSkhNRXZXR2RaY3FIMTcydmpUaHBmT0stNnI0SkdGV0szOVNOeDRyUlZibzNBR1pZcw==,2023-06-08 14:52:42.801064
youtube#commentThread,YV2BPzIbzmYORi12uaikxHZqMMg,UgyYK97UNLpS5soIEgB4AaABAg,"{'videoId': 'zEfTDpfyt1o', 'topLevelComment': {'kind': 'youtube#comment', 'etag': 'M19BgX7mNjKjvEJJh0kCa2uACLk', 'id': 'UgyYK97UNLpS5soIEgB4AaABAg', 'snippet': {'videoId': 'zEfTDpfyt1o', 'textDisplay': 'A Jp ajuda propagar esse ódio.', 'textOriginal': 'A Jp ajuda propagar esse ódio.', 'authorDisplayName': 'Ruthe Braga', 'authorProfileImageUrl': 'https://yt3.ggpht.com/ytc/AGIKgqOZscwxYpnts4FzFNrtIBZBaOPQJfV4ZH5s0Q=s48-c-k-c0x00ffffff-no-rj', 'authorChannelUrl': 'http://www.youtube.com/channel/UCnrAfav3WUi0Jd2aSiciwlQ', 'authorChannelId': {'value': 'UCnrAfav3WUi0Jd2aSiciwlQ'}, 'canRate': True, 'viewerRating': 'none', 'likeCount': 0, 'publishedAt': '2022-10-23T22:35:47Z', 'updatedAt': '2022-10-23T22:35:47Z'}}, 'canReply': True, 'totalReplyCount': 0, 'isPublic': True}",,UCnrAfav3WUi0Jd2aSiciwlQ,2022-10-23T22:35:47Z,A Jp ajuda propagar esse ódio.,QURTSl9pMnlDcl93LVdleVZVQ29LSW83TEtSUkNfSkhNRXZXR2RaY3FIMTcydmpUaHBmT0stNnI0SkdGV0szOVNOeDRyUlZibzNBR1pZcw==,2023-06-08 14:52:42.801064
youtube#commentThread,6rYE8O1bRNaFdrhlKWgX0RFCzd4,Ugygnx2ppfLVhBaXiFh4AaABAg,"{'videoId': 'zEfTDpfyt1o', 'topLevelComment': {'kind': 'youtube#comment', 'etag': 'tOQem5ZATHW-ckSEl5enPtL3D1Y', 'id': 'Ugygnx2ppfLVhBaXiFh4AaABAg', 'snippet': {'videoId': 'zEfTDpfyt1o', 'textDisplay': 'O que um judiciário STF com ideologias políticas não fáz com a sociedade', 'textOriginal': 'O que um judiciário STF com ideologias políticas não fáz com a sociedade', 'authorDisplayName': 'kleber ferreira munhoz', 'authorProfileImageUrl': 'https://yt3.ggpht.com/ytc/AGIKgqMswFzgjW57dgq-AXmZW3hLe4cEF3saNBNgsQ=s48-c-k-c0x00ffffff-no-rj', 'authorChannelUrl': 'http://www.youtube.com/channel/UCGsH24dMkGBJhBK4jCbsIpg', 'authorChannelId': {'value': 'UCGsH24dMkGBJhBK4jCbsIpg'}, 'canRate': True, 'viewerRating': 'none', 'likeCount': 13, 'publishedAt': '2022-10-23T22:35:47Z', 'updatedAt': '2022-10-23T22:35:47Z'}}, 'canReply': True, 'totalReplyCount': 1, 'isPublic': True}","{'comments': [{'kind': 'youtube#comment', 'etag': 'QdM5lDGbyBO0FXUGKKGmZ7nvQgA', 'id': 'Ugygnx2ppfLVhBaXiFh4AaABAg.9hYBiLdI7fh9hYJbLDa4VX', 'snippet': {'videoId': 'zEfTDpfyt1o', 'textDisplay': 'Engraçado que antes de o Bozo chegar nunca tinha acontecido nada disso. Tudo começou depois que ele apareceu, por que será, hem?', 'textOriginal': 'Engraçado que antes de o Bozo chegar nunca tinha acontecido nada disso. Tudo começou depois que ele apareceu, por que será, hem?', 'parentId': 'Ugygnx2ppfLVhBaXiFh4AaABAg', 'authorDisplayName': 'André Luiz', 'authorProfileImageUrl': 'https://yt3.ggpht.com/ytc/AGIKgqPnSHHweACuHMC0WtSbtOb2t6ZF6Qd06RNvxtOS=s48-c-k-c0x00ffffff-no-rj', 'authorChannelUrl': 'http://www.youtube.com/channel/UCFLVgJm5-cbLviOoRG77O7A', 'authorChannelId': {'value': 'UCFLVgJm5-cbLviOoRG77O7A'}, 'canRate': True, 'viewerRating': 'none', 'likeCount': 0, 'publishedAt': '2022-10-23T23:44:44Z', 'updatedAt': '2022-10-23T23:45:12Z'}}]}",UCGsH24dMkGBJhBK4jCbsIpg,2022-10-23T22:35:47Z,O que um judiciário STF com ideologias políticas não fáz com a sociedade,QURTSl9pMnlDcl93LVdleVZVQ29LSW83TEtSUkNfSkhNRXZXR2RaY3FIMTcydmpUaHBmT0stNnI0SkdGV0szOVNOeDRyUlZibzNBR1pZcw==,2023-06-08 14:52:42.801064
youtube#commentThread,ChC1iccefx8gvu-vJfEM1JSiQ0A,UgyUPvm-2B-uj-OP9yR4AaABAg,"{'videoId': 'zEfTDpfyt1o', 'topLevelComment': {'kind': 'youtube#comment', 'etag': 'vXJKQPQUnZJGXBDdC3CzCfSd9VI', 'id': 'UgyUPvm-2B-uj-OP9yR4AaABAg', 'snippet': {'videoId': 'zEfTDpfyt1o', 'textDisplay': 'Tem fanático pra tudo!  O Jeff agiu errado ao reagir daquela forma. Se está se sentido perseguido pelo sistema, a solução é outra e não a violência.  Bolsonaro condenou o q Jeff fez , porque a atitude foi absolutamente fora da realidade', 'textOriginal': 'Tem fanático pra tudo!  O Jeff agiu errado ao reagir daquela forma. Se está se sentido perseguido pelo sistema, a solução é outra e não a violência.  Bolsonaro condenou o q Jeff fez , porque a atitude foi absolutamente fora da realidade', 'authorDisplayName': 'Dr. Zarkov', 'authorProfileImageUrl': 'https://yt3.ggpht.com/lKkKDYYMp98AXN7DaCd-bDow1C3cGZiivBN3XXqHrzMmyFOul19PNTk6UVD_RBWwBcIzCwGvxA=s48-c-k-c0x00ffffff-no-rj', 'authorChannelUrl': 'http://www.youtube.com/channel/UCbHEGs7uk97C4idmh2MkDGQ', 'authorChannelId': {'value': 'UCbHEGs7uk97C4idmh2MkDGQ'}, 'canRate': True, 'viewerRating': 'none', 'likeCount': 0, 'publishedAt': '2022-10-23T22:35:45Z', 'updatedAt': '2022-10-23T22:35:45Z'}}, 'canReply': True, 'totalReplyCount': 0, 'isPublic': True}",,UCbHEGs7uk97C4idmh2MkDGQ,2022-10-23T22:35:45Z,"Tem fanático pra tudo!  O Jeff agiu errado ao reagir daquela forma. Se está se sentido perseguido pelo sistema, a solução é outra e não a violência.  Bolsonaro condenou o q Jeff fez , porque a atitude foi absolutamente fora da realidade",QURTSl9pMnlDcl93LVdleVZVQ29LSW83TEtSUkNfSkhNRXZXR2RaY3FIMTcydmpUaHBmT0stNnI0SkdGV0szOVNOeDRyUlZibzNBR1pZcw==,2023-06-08 14:52:42.801064
youtube#commentThread,uHvthdaQe5MZvcm0TznIYvH8veA,UgyqP8LjFTzgwzlJ0rF4AaABAg,"{'videoId': 'zEfTDpfyt1o', 'topLevelComment': {'kind': 'youtube#comment', 'etag': 'xJxg3F5zSQMuYICZje-0U6t4e0k', 'id': 'UgyqP8LjFTzgwzlJ0rF4AaABAg', 'snippet': {'videoId': 'zEfTDpfyt1o', 'textDisplay': 'A censura aplicada contra a JOVEM PAN ja e uma AGRESSAO!', 'textOriginal': 'A censura aplicada contra a JOVEM PAN ja e uma AGRESSAO!', 'authorDisplayName': 'ADALBERTO RONALDO', 'authorProfileImageUrl': 'https://yt3.ggpht.com/ytc/AGIKgqO722L_bFI47P4QVQGgQQ-e0DbX-WgEl0aHtQaYO9uNaM7V0ObgZSGxvMbPI7l_=s48-c-k-c0x00ffffff-no-rj', 'authorChannelUrl': 'http://www.youtube.com/channel/UCn0aemSx-uPRQlVSco237zg', 'authorChannelId': {'value': 'UCn0aemSx-uPRQlVSco237zg'}, 'canRate': True, 'viewerRating': 'none', 'likeCount': 4, 'publishedAt': '2022-10-23T22:35:45Z', 'updatedAt': '2022-10-23T22:35:45Z'}}, 'canReply': True, 'totalReplyCount': 0, 'isPublic': True}",,UCn0aemSx-uPRQlVSco237zg,2022-10-23T22:35:45Z,A censura aplicada contra a JOVEM PAN ja e uma AGRESSAO!,QURTSl9pMnlDcl93LVdleVZVQ29LSW83TEtSUkNfSkhNRXZXR2RaY3FIMTcydmpUaHBmT0stNnI0SkdGV0szOVNOeDRyUlZibzNBR1pZcw==,2023-06-08 14:52:42.801064
youtube#commentThread,pf-Jh_kbkTgM4KyvJEPl9XOw2a8,UgxKyrssRb-HzIyVjvR4AaABAg,"{'videoId': 'zEfTDpfyt1o', 'topLevelComment': {'kind': 'youtube#comment', 'etag': '8IXK_bNl6kFmoTrqaC2RYy3OfNc', 'id': 'UgxKyrssRb-HzIyVjvR4AaABAg', 'snippet': {'videoId': 'zEfTDpfyt1o', 'textDisplay': 'O tempo todo,, eu fiquei pensando que pouco a pouco foram fomentando o odio,, de todos os lados,,,numa fase dessa quem não pensa igual ,,deixa de ser humano,,,,estamos a beira da desumanidade,,e parece que cada dia mais e mais se vê o odio por todos os lados,,,tomara que tudo dê certo para o moço,,  Más o pior de tudo e o que  representa,, quê é  discórdia instalada esse é o perigo.', 'textOriginal': 'O tempo todo,, eu fiquei pensando que pouco a pouco foram fomentando o odio,, de todos os lados,,,numa fase dessa quem não pensa igual ,,deixa de ser humano,,,,estamos a beira da desumanidade,,e parece que cada dia mais e mais se vê o odio por todos os lados,,,tomara que tudo dê certo para o moço,,  Más o pior de tudo e o que  representa,, quê é  discórdia instalada esse é o perigo.', 'authorDisplayName': 'Liliane Gaudie', 'authorProfileImageUrl': 'https://yt3.ggpht.com/ytc/AGIKgqNEQTY_LaP6OPPKawuS0gNrqsQb-O4g4dEgnXFw_MjhOFhV8DIUVmWpL0th2UcG=s48-c-k-c0x00ffffff-no-rj', 'authorChannelUrl': 'http://www.youtube.com/channel/UCz8UspgDAeQO1FWm1MBGT_A', 'authorChannelId': {'value': 'UCz8UspgDAeQO1FWm1MBGT_A'}, 'canRate': True, 'viewerRating': 'none', 'likeCount': 3, 'publishedAt': '2022-10-23T22:35:44Z', 'updatedAt': '2022-10-23T22:37:11Z'}}, 'canReply': True, 'totalReplyCount': 1, 'isPublic': True}","{'comments': [{'kind': 'youtube#comment', 'etag': 'p6jcbtZZbEov-hJIMYskFzPy7wk', 'id': 'UgxKyrssRb-HzIyVjvR4AaABAg.9hYBhxEZMcu9hYc9xm38Qg', 'snippet': {'videoId': 'zEfTDpfyt1o', 'textDisplay': 'Em 2 anos , abandonei o face book 3 vezes,  por ver ofensas gratuitas,   de uma esquerda derrotada, sem moral, sem princípios, lacrando indistintamente tudo o que representam nossos valores...saí e comecei  a esculachá-los, pois são totalmente sem argumentos nem propostas...um  fracasso comprovado...um bando de alienados comparando-os com  marxistas brilhantes que conheci na juventude...eram  intelectuais de verdade...hoje só  analfabetos funcionais como seu lider que muito apoiei nos primórdios,  antes de virar uma quadrilha do que ha de pior...', 'textOriginal': 'Em 2 anos , abandonei o face book 3 vezes,  por ver ofensas gratuitas,   de uma esquerda derrotada, sem moral, sem princípios, lacrando indistintamente tudo o que representam nossos valores...saí e comecei  a esculachá-los, pois são totalmente sem argumentos nem propostas...um  fracasso comprovado...um bando de alienados comparando-os com  marxistas brilhantes que conheci na juventude...eram  intelectuais de verdade...hoje só  analfabetos funcionais como seu lider que muito apoiei nos primórdios,  antes de virar uma quadrilha do que ha de pior...', 'parentId': 'UgxKyrssRb-HzIyVjvR4AaABAg', 'authorDisplayName': 'Tiburcio Nascimento', 'authorProfileImageUrl': 'https://yt3.ggpht.com/ytc/AGIKgqPYJ16XbloZp1nRif2q9UiINjE9b3aLcJFllVpYZmGF8L32gAvFuJ_fm0H5T6oa=s48-c-k-c0x00ffffff-no-rj', 'authorChannelUrl': 'http://www.youtube.com/channel/UCOpVT2WBtvOTmNgRgNreY3Q', 'authorChannelId': {'value': 'UCOpVT2WBtvOTmNgRgNreY3Q'}, 'canRate': True, 'viewerRating': 'none', 'likeCount': 0, 'publishedAt': '2022-10-24T02:35:37Z', 'updatedAt': '2022-10-24T02:35:37Z'}}]}",UCz8UspgDAeQO1FWm1MBGT_A,2022-10-23T22:35:44Z,"O tempo todo,, eu fiquei pensando que pouco a pouco foram fomentando o odio,, de todos os lados,,,numa fase dessa quem não pensa igual ,,deixa de ser humano,,,,estamos a beira da desumanidade,,e parece que cada dia mais e mais se vê o odio por todos os lados,,,tomara que tudo dê certo para o moço,,  Más o pior de tudo e o que  representa,, quê é  discórdia instalada esse é o perigo.",QURTSl9pMnlDcl93LVdleVZVQ29LSW83TEtSUkNfSkhNRXZXR2RaY3FIMTcydmpUaHBmT0stNnI0SkdGV0szOVNOeDRyUlZibzNBR1pZcw==,2023-06-08 14:52:42.801064
youtube#commentThread,OlmDZZI-O_dG0bPjPFyJ0kqmfI8,UgyfEfcPVodegV4tKwh4AaABAg,"{'videoId': 'zEfTDpfyt1o', 'topLevelComment': {'kind': 'youtube#comment', 'etag': 'hwsJFQqd_mOB_lBY5mpxKjesBgs', 'id': 'UgyfEfcPVodegV4tKwh4AaABAg', 'snippet': {'videoId': 'zEfTDpfyt1o', 'textDisplay': 'FORA BOLSONARO VOTEI EM VOCÊ EM 2018 E não irei VOTAR EM VOCÊ', 'textOriginal': 'FORA BOLSONARO VOTEI EM VOCÊ EM 2018 E não irei VOTAR EM VOCÊ', 'authorDisplayName': 'Eva Rodrigues Barbosa Pelozi', 'authorProfileImageUrl': 'https://yt3.ggpht.com/ytc/AGIKgqNdkGQa9bgbepJ3PDbg_J-UONEWUVrEof9ETbOZmqoLV45CyqPovdkum9R_dCeB=s48-c-k-c0x00ffffff-no-rj', 'authorChannelUrl': 'http://www.youtube.com/channel/UC3z0N4-Bz4RMYL-A_rKgL-g', 'authorChannelId': {'value': 'UC3z0N4-Bz4RMYL-A_rKgL-g'}, 'canRate': True, 'viewerRating': 'none', 'likeCount': 0, 'publishedAt': '2022-10-23T22:35:43Z', 'updatedAt': '2022-10-23T22:35:43Z'}}, 'canReply': True, 'totalReplyCount': 0, 'isPublic': True}",,UC3z0N4-Bz4RMYL-A_rKgL-g,2022-10-23T22:35:43Z,FORA BOLSONARO VOTEI EM VOCÊ EM 2018 E não irei VOTAR EM VOCÊ,QURTSl9pMnlDcl93LVdleVZVQ29LSW83TEtSUkNfSkhNRXZXR2RaY3FIMTcydmpUaHBmT0stNnI0SkdGV0szOVNOeDRyUlZibzNBR1pZcw==,2023-06-08 14:52:42.801064
youtube#commentThread,zxqsGlxNBnZeUA08pH83VkbSnGY,Ugzu1-6eaj0TF02u8Wp4AaABAg,"{'videoId': 'zEfTDpfyt1o', 'topLevelComment': {'kind': 'youtube#comment', 'etag': 'sq753s0MYr0XTAfKpFaG28cgSGk', 'id': 'Ugzu1-6eaj0TF02u8Wp4AaABAg', 'snippet': {'videoId': 'zEfTDpfyt1o', 'textDisplay': 'Demo o  geena esta de porta aberta para voce, vade reto bolsatan..', 'textOriginal': 'Demo o  geena esta de porta aberta para voce, vade reto bolsatan..', 'authorDisplayName': 'Gilmar', 'authorProfileImageUrl': 'https://yt3.ggpht.com/ytc/AGIKgqNFK7zkUS1k-dKsxvuLR8Kl3R3CQ8D4OtO3Gg=s48-c-k-c0x00ffffff-no-rj', 'authorChannelUrl': 'http://www.youtube.com/channel/UCNW73aXT-csKy8I6XbVH7ow', 'authorChannelId': {'value': 'UCNW73aXT-csKy8I6XbVH7ow'}, 'canRate': True, 'viewerRating': 'none', 'likeCount': 0, 'publishedAt': '2022-10-23T22:35:42Z', 'updatedAt': '2022-10-23T22:35:42Z'}}, 'canReply': True, 'totalReplyCount': 0, 'isPublic': True}",,UCNW73aXT-csKy8I6XbVH7ow,2022-10-23T22:35:42Z,"Demo o  geena esta de porta aberta para voce, vade reto bolsatan..",QURTSl9pMnlDcl93LVdleVZVQ29LSW83TEtSUkNfSkhNRXZXR2RaY3FIMTcydmpUaHBmT0stNnI0SkdGV0szOVNOeDRyUlZibzNBR1pZcw==,2023-06-08 14:52:42.801064
youtube#commentThread,3XhrYCTh5IDI8YMnvFfgU7CFUnc,UgwdyhsKDBI3izvx2lt4AaABAg,"{'videoId': 'zEfTDpfyt1o', 'topLevelComment': {'kind': 'youtube#comment', 'etag': 'zg9W26VWXgzMhdKJKBWbeeHogs4', 'id': 'UgwdyhsKDBI3izvx2lt4AaABAg', 'snippet': {'videoId': 'zEfTDpfyt1o', 'textDisplay': 'É um senhor, não pode sou 22 mas condeno isso, eu repudio isso, pai de famíliatrabalhando ta errado.', 'textOriginal': 'É um senhor, não pode sou 22 mas condeno isso, eu repudio isso, pai de famíliatrabalhando ta errado.', 'authorDisplayName': 'Vera Lúcia Lavor', 'authorProfileImageUrl': 'https://yt3.ggpht.com/ytc/AGIKgqOPXEUH-z9Lx-guqm3LKQpUxjicElUm97SokQ=s48-c-k-c0x00ffffff-no-rj', 'authorChannelUrl': 'http://www.youtube.com/channel/UCUpDom37wqXTWKF6lXgEzrA', 'authorChannelId': {'value': 'UCUpDom37wqXTWKF6lXgEzrA'}, 'canRate': True, 'viewerRating': 'none', 'likeCount': 0, 'publishedAt': '2022-10-23T22:35:37Z', 'updatedAt': '2022-10-23T22:35:37Z'}}, 'canReply': True, 'totalReplyCount': 0, 'isPublic': True}",,UCUpDom37wqXTWKF6lXgEzrA,2022-10-23T22:35:37Z,"É um senhor, não pode sou 22 mas condeno isso, eu repudio isso, pai de famíliatrabalhando ta errado.",QURTSl9pMnlDcl93LVdleVZVQ29LSW83TEtSUkNfSkhNRXZXR2RaY3FIMTcydmpUaHBmT0stNnI0SkdGV0szOVNOeDRyUlZibzNBR1pZcw==,2023-06-08 14:52:42.801064
youtube#commentThread,mdNwte40JMnzbe2NjR_uCCUKgxM,UgxQTDb5ibii5xo5PrV4AaABAg,"{'videoId': 'zEfTDpfyt1o', 'topLevelComment': {'kind': 'youtube#comment', 'etag': 'ByxAW7gVo0FRAFSdOWyMAWz5B5M', 'id': 'UgxQTDb5ibii5xo5PrV4AaABAg', 'snippet': {'videoId': 'zEfTDpfyt1o', 'textDisplay': 'O tecido social, que tanto se fala, está se deteriorando a cada dia e a JovemPan sempre coerente e em defesa da democracia.<br>Uma pena que as outras emissoras não são solidárias com a JovemPan', 'textOriginal': 'O tecido social, que tanto se fala, está se deteriorando a cada dia e a JovemPan sempre coerente e em defesa da democracia.\\nUma pena que as outras emissoras não são solidárias com a JovemPan', 'authorDisplayName': 'Crisanto Guedes', 'authorProfileImageUrl': 'https://yt3.ggpht.com/ytc/AGIKgqNMC2Vc4qNHJ-oZbQDPH9Yhw6Bq7-Tx6MWn_giUezE=s48-c-k-c0x00ffffff-no-rj', 'authorChannelUrl': 'http://www.youtube.com/channel/UCeOtuUe_ROn2oRF-7NTue0A', 'authorChannelId': {'value': 'UCeOtuUe_ROn2oRF-7NTue0A'}, 'canRate': True, 'viewerRating': 'none', 'likeCount': 20, 'publishedAt': '2022-10-23T22:35:30Z', 'updatedAt': '2022-10-23T22:35:30Z'}}, 'canReply': True, 'totalReplyCount': 3, 'isPublic': True}","{'comments': [{'kind': 'youtube#comment', 'etag': 'Wgp9bTjh2aergebsjy9jpIG6cOI', 'id': 'UgxQTDb5ibii5xo5PrV4AaABAg.9hYBgIfSRYp9hYWWFk4Ler', 'snippet': {'videoId': 'zEfTDpfyt1o', 'textDisplay': 'Se nós formos, as outras que se danem.....o dia deles ,em breve, chegará...', 'textOriginal': 'Se nós formos, as outras que se danem.....o dia deles ,em breve, chegará...', 'parentId': 'UgxQTDb5ibii5xo5PrV4AaABAg', 'authorDisplayName': 'Tiburcio Nascimento', 'authorProfileImageUrl': 'https://yt3.ggpht.com/ytc/AGIKgqPYJ16XbloZp1nRif2q9UiINjE9b3aLcJFllVpYZmGF8L32gAvFuJ_fm0H5T6oa=s48-c-k-c0x00ffffff-no-rj', 'authorChannelUrl': 'http://www.youtube.com/channel/UCOpVT2WBtvOTmNgRgNreY3Q', 'authorChannelId': {'value': 'UCOpVT2WBtvOTmNgRgNreY3Q'}, 'canRate': True, 'viewerRating': 'none', 'likeCount': 0, 'publishedAt': '2022-10-24T01:37:30Z', 'updatedAt': '2022-10-24T01:37:30Z'}}, {'kind': 'youtube#comment', 'etag': 'TzStR1qX9Jpi1WJINoYaUbLv204', 'id': 'UgxQTDb5ibii5xo5PrV4AaABAg.9hYBgIfSRYp9hYHWqFAAwr', 'snippet': {'videoId': 'zEfTDpfyt1o', 'textDisplay': 'Jovem pan e imprensa chapa Branca do governo', 'textOriginal': 'Jovem pan e imprensa chapa Branca do governo', 'parentId': 'UgxQTDb5ibii5xo5PrV4AaABAg', 'authorDisplayName': 'Charles', 'authorProfileImageUrl': 'https://yt3.ggpht.com/1J1fdtwogVRq_SFyFj5CYTFEyPkIEunVOiaZzoeS2Ni4aEY8Cv7zwetEAGj3ZL0KZnHlDdwm_w=s48-c-k-c0x00ffffff-no-rj', 'authorChannelUrl': 'http://www.youtube.com/channel/UCQZp1GGwtAONIdiala1PCEg', 'authorChannelId': {'value': 'UCQZp1GGwtAONIdiala1PCEg'}, 'canRate': True, 'viewerRating': 'none', 'likeCount': 3, 'publishedAt': '2022-10-23T23:26:30Z', 'updatedAt': '2022-10-23T23:26:30Z'}}, {'kind': 'youtube#comment', 'etag': '3Thiy2-6IgStZkbCeUD7fpSk2oc', 'id': 'UgxQTDb5ibii5xo5PrV4AaABAg.9hYBgIfSRYp9hYH5lO20xt', 'snippet': {'videoId': 'zEfTDpfyt1o', 'textDisplay': 'Sempre passando pano, logo quando diz apoiadores de Roberto Jefferson, quando na verdade são apoiadores do Bolsonaro.', 'textOriginal': 'Sempre passando pano, logo quando diz apoiadores de Roberto Jefferson, quando na verdade são apoiadores do Bolsonaro.', 'parentId': 'UgxQTDb5ibii5xo5PrV4AaABAg', 'authorDisplayName': 'Christian Silva', 'authorProfileImageUrl': 'https://yt3.ggpht.com/ytc/AGIKgqOT_q_val1t8Zh94VHx6FD4MkCMED3gM4NF6crtWtU=s48-c-k-c0x00ffffff-no-rj', 'authorChannelUrl': 'http://www.youtube.com/channel/UC7esyfmGXUrWsI7a9lOJZng', 'authorChannelId': {'value': 'UC7esyfmGXUrWsI7a9lOJZng'}, 'canRate': True, 'viewerRating': 'none', 'likeCount': 1, 'publishedAt': '2022-10-23T23:22:48Z', 'updatedAt': '2022-10-23T23:22:48Z'}}]}",UCeOtuUe_ROn2oRF-7NTue0A,2022-10-23T22:35:30Z,"O tecido social, que tanto se fala, está se deteriorando a cada dia e a JovemPan sempre coerente e em defesa da democracia.
Uma pena que as outras emissoras não são solidárias com a JovemPan",QURTSl9pMnlDcl93LVdleVZVQ29LSW83TEtSUkNfSkhNRXZXR2RaY3FIMTcydmpUaHBmT0stNnI0SkdGV0szOVNOeDRyUlZibzNBR1pZcw==,2023-06-08 14:52:42.801064
youtube#commentThread,JIUyulxuIMpMlZcaD5olaoKYvis,Ugw2z5sxBdVS5yd98vR4AaABAg,"{'videoId': 'zEfTDpfyt1o', 'topLevelComment': {'kind': 'youtube#comment', 'etag': '5i3-JSUSeSISQS4_DKMb_bE1pA8', 'id': 'Ugw2z5sxBdVS5yd98vR4AaABAg', 'snippet': {'videoId': 'zEfTDpfyt1o', 'textDisplay': 'Apoiadores de quem?????? Roberto Jefferson ou de Jair Bolsonaro?', 'textOriginal': 'Apoiadores de quem?????? Roberto Jefferson ou de Jair Bolsonaro?', 'authorDisplayName': 'Alfonso', 'authorProfileImageUrl': 'https://yt3.ggpht.com/ytc/AGIKgqMgL-exIrBaYQB8xJYP4z4Yn3YgWp-XL1fMCL2vUw=s48-c-k-c0x00ffffff-no-rj', 'authorChannelUrl': 'http://www.youtube.com/channel/UCgSJpPx20I0n52FfusUUoUw', 'authorChannelId': {'value': 'UCgSJpPx20I0n52FfusUUoUw'}, 'canRate': True, 'viewerRating': 'none', 'likeCount': 0, 'publishedAt': '2022-10-23T22:35:27Z', 'updatedAt': '2022-10-23T22:35:27Z'}}, 'canReply': True, 'totalReplyCount': 0, 'isPublic': True}",,UCgSJpPx20I0n52FfusUUoUw,2022-10-23T22:35:27Z,Apoiadores de quem?????? Roberto Jefferson ou de Jair Bolsonaro?,QURTSl9pMnlDcl93LVdleVZVQ29LSW83TEtSUkNfSkhNRXZXR2RaY3FIMTcydmpUaHBmT0stNnI0SkdGV0szOVNOeDRyUlZibzNBR1pZcw==,2023-06-08 14:52:42.801064
youtube#commentThread,veE1TfWenST4-Nr8GtdD4jErKp4,UgzwcyI_ccs_2cqTuBt4AaABAg,"{'videoId': 'zEfTDpfyt1o', 'topLevelComment': {'kind': 'youtube#comment', 'etag': 'iLgwYr7thwmAWUrZblP4hfuPqoM', 'id': 'UgzwcyI_ccs_2cqTuBt4AaABAg', 'snippet': {'videoId': 'zEfTDpfyt1o', 'textDisplay': 'Esse é o Brasil que bosonaro transformou cheio de ódio não podemos deixar esse tipo de jente governa o Brasil', 'textOriginal': 'Esse é o Brasil que bosonaro transformou cheio de ódio não podemos deixar esse tipo de jente governa o Brasil', 'authorDisplayName': 'DIOGO NORDESTINO🌵🌵', 'authorProfileImageUrl': 'https://yt3.ggpht.com/xbPoR6qLUWwsf6NBxmoKf0Ma_X0IjdC_tkGZqb-JdEVKifO26pMgYVUthnD0DdH2TvFdnGBL7Z8=s48-c-k-c0x00ffffff-no-rj', 'authorChannelUrl': 'http://www.youtube.com/channel/UCAWBBHVhuXgDYpF9x22kDTg', 'authorChannelId': {'value': 'UCAWBBHVhuXgDYpF9x22kDTg'}, 'canRate': True, 'viewerRating': 'none', 'likeCount': 1, 'publishedAt': '2022-10-23T22:35:24Z', 'updatedAt': '2022-10-23T22:35:24Z'}}, 'canReply': True, 'totalReplyCount': 0, 'isPublic': True}",,UCAWBBHVhuXgDYpF9x22kDTg,2022-10-23T22:35:24Z,Esse é o Brasil que bosonaro transformou cheio de ódio não podemos deixar esse tipo de jente governa o Brasil,QURTSl9pMnlDcl93LVdleVZVQ29LSW83TEtSUkNfSkhNRXZXR2RaY3FIMTcydmpUaHBmT0stNnI0SkdGV0szOVNOeDRyUlZibzNBR1pZcw==,2023-06-08 14:52:42.801064
youtube#commentThread,T4EpMq3b82-rwdYOZumDS8mvjlU,UgzOp9-_3j9HPefN66J4AaABAg,"{'videoId': 'zEfTDpfyt1o', 'topLevelComment': {'kind': 'youtube#comment', 'etag': 'onEohxo8w6CbRp2Y_DMZTh6309Y', 'id': 'UgzOp9-_3j9HPefN66J4AaABAg', 'snippet': {'videoId': 'zEfTDpfyt1o', 'textDisplay': 'O ministro vai nos provocar até que haja uma reação.  Ele fará de tudo pra criar o caos sem que pareça ser por ordem sua.', 'textOriginal': 'O ministro vai nos provocar até que haja uma reação.  Ele fará de tudo pra criar o caos sem que pareça ser por ordem sua.', 'authorDisplayName': 'Normanda Aparecida Mendonça Lessa', 'authorProfileImageUrl': 'https://yt3.ggpht.com/ytc/AGIKgqO3gnmnrJOh9gREJQ-hDUqlQ3a0hrJx5tMX9Fhk=s48-c-k-c0x00ffffff-no-rj', 'authorChannelUrl': 'http://www.youtube.com/channel/UCV-qboSS2sz1DpXc7ZrgM_Q', 'authorChannelId': {'value': 'UCV-qboSS2sz1DpXc7ZrgM_Q'}, 'canRate': True, 'viewerRating': 'none', 'likeCount': 1, 'publishedAt': '2022-10-23T22:35:23Z', 'updatedAt': '2022-10-23T22:35:23Z'}}, 'canReply': True, 'totalReplyCount': 0, 'isPublic': True}",,UCV-qboSS2sz1DpXc7ZrgM_Q,2022-10-23T22:35:23Z,O ministro vai nos provocar até que haja uma reação.  Ele fará de tudo pra criar o caos sem que pareça ser por ordem sua.,QURTSl9pMnlDcl93LVdleVZVQ29LSW83TEtSUkNfSkhNRXZXR2RaY3FIMTcydmpUaHBmT0stNnI0SkdGV0szOVNOeDRyUlZibzNBR1pZcw==,2023-06-08 14:52:42.801064
youtube#commentThread,0KUUrqHKNuQNVF-QozO7XOlU72Y,Ugyp9ng6eLUyyHedHSl4AaABAg,"{'videoId': 'zEfTDpfyt1o', 'topLevelComment': {'kind': 'youtube#comment', 'etag': 'AntgcPX4beo6k5P6tZkHfiJrWRc', 'id': 'Ugyp9ng6eLUyyHedHSl4AaABAg', 'snippet': {'videoId': 'zEfTDpfyt1o', 'textDisplay': 'Começou errado vai terminar errado .', 'textOriginal': 'Começou errado vai terminar errado .', 'authorDisplayName': 'francisco lima', 'authorProfileImageUrl': 'https://yt3.ggpht.com/ytc/AGIKgqOfpymus_ZzROzLnbzpnGjVotsvw_kV75MXrg=s48-c-k-c0x00ffffff-no-rj', 'authorChannelUrl': 'http://www.youtube.com/channel/UCaZ5Ghki5gyh-tAp9uqXRdg', 'authorChannelId': {'value': 'UCaZ5Ghki5gyh-tAp9uqXRdg'}, 'canRate': True, 'viewerRating': 'none', 'likeCount': 0, 'publishedAt': '2022-10-23T22:35:22Z', 'updatedAt': '2022-10-23T22:35:22Z'}}, 'canReply': True, 'totalReplyCount': 0, 'isPublic': True}",,UCaZ5Ghki5gyh-tAp9uqXRdg,2022-10-23T22:35:22Z,Começou errado vai terminar errado .,QURTSl9pMnlDcl93LVdleVZVQ29LSW83TEtSUkNfSkhNRXZXR2RaY3FIMTcydmpUaHBmT0stNnI0SkdGV0szOVNOeDRyUlZibzNBR1pZcw==,2023-06-08 14:52:42.801064
youtube#commentThread,1ZTUy44o1434f2GQ1cfrIMxUnf8,Ugx-9EUlrLRLv7s72Ot4AaABAg,"{'videoId': 'zEfTDpfyt1o', 'topLevelComment': {'kind': 'youtube#comment', 'etag': '_qAaphLf6nw-HDe5rl5djay-kSU', 'id': 'Ugx-9EUlrLRLv7s72Ot4AaABAg', 'snippet': {'videoId': 'zEfTDpfyt1o', 'textDisplay': 'Vai ter muito  sangue  derramado ,por causa da seita  diabólica  dos togados..', 'textOriginal': 'Vai ter muito  sangue  derramado ,por causa da seita  diabólica  dos togados..', 'authorDisplayName': 'Carmensita Leopoldina', 'authorProfileImageUrl': 'https://yt3.ggpht.com/ytc/AGIKgqM3q_vVF-XvDUZP9UaQdqlPtVscNethGX660A=s48-c-k-c0x00ffffff-no-rj', 'authorChannelUrl': 'http://www.youtube.com/channel/UCLP_ohP8DNWx2ko6gB0oPvg', 'authorChannelId': {'value': 'UCLP_ohP8DNWx2ko6gB0oPvg'}, 'canRate': True, 'viewerRating': 'none', 'likeCount': 0, 'publishedAt': '2022-10-23T22:35:22Z', 'updatedAt': '2022-10-23T22:35:22Z'}}, 'canReply': True, 'totalReplyCount': 0, 'isPublic': True}",,UCLP_ohP8DNWx2ko6gB0oPvg,2022-10-23T22:35:22Z,"Vai ter muito  sangue  derramado ,por causa da seita  diabólica  dos togados..",QURTSl9pMnlDcl93LVdleVZVQ29LSW83TEtSUkNfSkhNRXZXR2RaY3FIMTcydmpUaHBmT0stNnI0SkdGV0szOVNOeDRyUlZibzNBR1pZcw==,2023-06-08 14:52:42.801064
youtube#commentThread,dIYfi8VuqsnhIM-Lq_Qk4tHs23M,UgxqpHN-P_044SrRe9p4AaABAg,"{'videoId': 'zEfTDpfyt1o', 'topLevelComment': {'kind': 'youtube#comment', 'etag': 'UCJZIuaLdWB8Aj97fV1ihAJLeyQ', 'id': 'UgxqpHN-P_044SrRe9p4AaABAg', 'snippet': {'videoId': 'zEfTDpfyt1o', 'textDisplay': 'Muita encenação do cinegrafista...<br>Deveria dar um papel pra ele em alguma novela...', 'textOriginal': 'Muita encenação do cinegrafista...\\nDeveria dar um papel pra ele em alguma novela...', 'authorDisplayName': 'Genilson Farias', 'authorProfileImageUrl': 'https://yt3.ggpht.com/ytc/AGIKgqOwPi6BWVMucNn0x5fHiVW1bSCm9EEnLcr_Uw=s48-c-k-c0x00ffffff-no-rj', 'authorChannelUrl': 'http://www.youtube.com/channel/UCCSIEesvIUVEChFQjk5HEbA', 'authorChannelId': {'value': 'UCCSIEesvIUVEChFQjk5HEbA'}, 'canRate': True, 'viewerRating': 'none', 'likeCount': 0, 'publishedAt': '2022-10-23T22:35:22Z', 'updatedAt': '2022-10-23T22:35:22Z'}}, 'canReply': True, 'totalReplyCount': 0, 'isPublic': True}",,UCCSIEesvIUVEChFQjk5HEbA,2022-10-23T22:35:22Z,"Muita encenação do cinegrafista...
Deveria dar um papel pra ele em alguma novela...",QURTSl9pMnlDcl93LVdleVZVQ29LSW83TEtSUkNfSkhNRXZXR2RaY3FIMTcydmpUaHBmT0stNnI0SkdGV0szOVNOeDRyUlZibzNBR1pZcw==,2023-06-08 14:52:42.801064
youtube#commentThread,mUefbILiaBwdF9Dduc4VAPOa6Gk,Ugzh_nmNX1QSHHBlT094AaABAg,"{'videoId': 'zEfTDpfyt1o', 'topLevelComment': {'kind': 'youtube#comment', 'etag': 'SSfXyz0TcVLiuXc33jC7Dqff5jE', 'id': 'Ugzh_nmNX1QSHHBlT094AaABAg', 'snippet': {'videoId': 'zEfTDpfyt1o', 'textDisplay': 'Bolsonaro trouxe caos ao país', 'textOriginal': 'Bolsonaro trouxe caos ao país', 'authorDisplayName': 'Joao Sylva', 'authorProfileImageUrl': 'https://yt3.ggpht.com/ytc/AGIKgqMCRmT8FfdJGbvwEe-tr-VmWWOTWvsLi3VT5gEd=s48-c-k-c0x00ffffff-no-rj', 'authorChannelUrl': 'http://www.youtube.com/channel/UC8xWUPgIcxN7crnFLkAd4Wg', 'authorChannelId': {'value': 'UC8xWUPgIcxN7crnFLkAd4Wg'}, 'canRate': True, 'viewerRating': 'none', 'likeCount': 0, 'publishedAt': '2022-10-23T22:35:22Z', 'updatedAt': '2022-10-23T22:35:22Z'}}, 'canReply': True, 'totalReplyCount': 0, 'isPublic': True}",,UC8xWUPgIcxN7crnFLkAd4Wg,2022-10-23T22:35:22Z,Bolsonaro trouxe caos ao país,QURTSl9pMnlDcl93LVdleVZVQ29LSW83TEtSUkNfSkhNRXZXR2RaY3FIMTcydmpUaHBmT0stNnI0SkdGV0szOVNOeDRyUlZibzNBR1pZcw==,2023-06-08 14:52:42.801064
youtube#commentThread,-XyBB9qDnRCiPqWqtThe_BU2nRU,Ugx1g5q14nIOQ1M6Z6F4AaABAg,"{'videoId': 'zEfTDpfyt1o', 'topLevelComment': {'kind': 'youtube#comment', 'etag': '4r2GefxtoXtF4onIh9zllIO792Y', 'id': 'Ugx1g5q14nIOQ1M6Z6F4AaABAg', 'snippet': {'videoId': 'zEfTDpfyt1o', 'textDisplay': 'apoiadores no minimo fofo da parte de quem fez a legenda kkkkkkkkkkkkkkkkkkkkkkkkkk quer dizer Bolsonaristas ne rsrsrsrsrsr', 'textOriginal': 'apoiadores no minimo fofo da parte de quem fez a legenda kkkkkkkkkkkkkkkkkkkkkkkkkk quer dizer Bolsonaristas ne rsrsrsrsrsr', 'authorDisplayName': 'DRAGON BALL SHORTS', 'authorProfileImageUrl': 'https://yt3.ggpht.com/TgmEsOimD17URNGuccmzs0Zm3WrzB_4nX4XZ0KQlZvC6Tc2cO1rOgrZe9AOvv5Zb4JQ9vfyd=s48-c-k-c0x00ffffff-no-rj', 'authorChannelUrl': 'http://www.youtube.com/channel/UCGUyCbIn7rQe_UpeALLwC4w', 'authorChannelId': {'value': 'UCGUyCbIn7rQe_UpeALLwC4w'}, 'canRate': True, 'viewerRating': 'none', 'likeCount': 0, 'publishedAt': '2022-10-23T22:35:21Z', 'updatedAt': '2022-10-23T22:35:21Z'}}, 'canReply': True, 'totalReplyCount': 0, 'isPublic': True}",,UCGUyCbIn7rQe_UpeALLwC4w,2022-10-23T22:35:21Z,apoiadores no minimo fofo da parte de quem fez a legenda kkkkkkkkkkkkkkkkkkkkkkkkkk quer dizer Bolsonaristas ne rsrsrsrsrsr,QURTSl9pMnlDcl93LVdleVZVQ29LSW83TEtSUkNfSkhNRXZXR2RaY3FIMTcydmpUaHBmT0stNnI0SkdGV0szOVNOeDRyUlZibzNBR1pZcw==,2023-06-08 14:52:42.801064
youtube#commentThread,yZcqdGo52uKzURtD3NsRurE9Tq8,UgwGVFAZev2NwuY3z254AaABAg,"{'videoId': 'zEfTDpfyt1o', 'topLevelComment': {'kind': 'youtube#comment', 'etag': '2EgLOsqPBM-xLgmGFgg_QrQrVtU', 'id': 'UgwGVFAZev2NwuY3z254AaABAg', 'snippet': {'videoId': 'zEfTDpfyt1o', 'textDisplay': 'Nada justifica agressão a quem está apenas a trabalho!', 'textOriginal': 'Nada justifica agressão a quem está apenas a trabalho!', 'authorDisplayName': 'Anita Ito', 'authorProfileImageUrl': 'https://yt3.ggpht.com/ytc/AGIKgqPZDhZ5YPK7u84Gcd67Ayvjjz_Bbn42_9VhpA=s48-c-k-c0x00ffffff-no-rj', 'authorChannelUrl': 'http://www.youtube.com/channel/UCedpzEvaIL2veH6Uvkv9jTQ', 'authorChannelId': {'value': 'UCedpzEvaIL2veH6Uvkv9jTQ'}, 'canRate': True, 'viewerRating': 'none', 'likeCount': 0, 'publishedAt': '2022-10-23T22:35:18Z', 'updatedAt': '2022-10-23T22:35:18Z'}}, 'canReply': True, 'totalReplyCount': 0, 'isPublic': True}",,UCedpzEvaIL2veH6Uvkv9jTQ,2022-10-23T22:35:18Z,Nada justifica agressão a quem está apenas a trabalho!,QURTSl9pMnlDcl93LVdleVZVQ29LSW83TEtSUkNfSkhNRXZXR2RaY3FIMTcydmpUaHBmT0stNnI0SkdGV0szOVNOeDRyUlZibzNBR1pZcw==,2023-06-08 14:52:42.801064
youtube#commentThread,echE2h_B-npEjXrta4FC-3Q6U3o,Ugw47oUt_NePq8LVntx4AaABAg,"{'videoId': 'zEfTDpfyt1o', 'topLevelComment': {'kind': 'youtube#comment', 'etag': 'x4RgapLiIqyGWPdMf8UwDjPdwNA', 'id': 'Ugw47oUt_NePq8LVntx4AaABAg', 'snippet': {'videoId': 'zEfTDpfyt1o', 'textDisplay': '...continuo achando que ele atirou na autoridade errada, fora isso, SENTA O DEDO BRASIL!!!💪💪💪', 'textOriginal': '...continuo achando que ele atirou na autoridade errada, fora isso, SENTA O DEDO BRASIL!!!💪💪💪', 'authorDisplayName': 'Setaruim Vaipracuba', 'authorProfileImageUrl': 'https://yt3.ggpht.com/pi7kzkqm4Xz2C1RMbeMXLoZdMARvs12H5abyIIpv50O8TooMrGQpG6JqorODgtcgpKje2v1RjQ=s48-c-k-c0x00ffffff-no-rj', 'authorChannelUrl': 'http://www.youtube.com/channel/UCEkP_DuPCvMDoykhn8vIluw', 'authorChannelId': {'value': 'UCEkP_DuPCvMDoykhn8vIluw'}, 'canRate': True, 'viewerRating': 'none', 'likeCount': 1, 'publishedAt': '2022-10-23T22:35:17Z', 'updatedAt': '2022-10-23T22:35:17Z'}}, 'canReply': True, 'totalReplyCount': 0, 'isPublic': True}",,UCEkP_DuPCvMDoykhn8vIluw,2022-10-23T22:35:17Z,"...continuo achando que ele atirou na autoridade errada, fora isso, SENTA O DEDO BRASIL!!!💪💪💪",QURTSl9pMnlDcl93LVdleVZVQ29LSW83TEtSUkNfSkhNRXZXR2RaY3FIMTcydmpUaHBmT0stNnI0SkdGV0szOVNOeDRyUlZibzNBR1pZcw==,2023-06-08 14:52:42.801064
youtube#commentThread,lFCeIz4-HiPyC2zeax1AkpXrmiw,Ugz2tY7kHNIhejHkMLJ4AaABAg,"{'videoId': 'zEfTDpfyt1o', 'topLevelComment': {'kind': 'youtube#comment', 'etag': 'dXjSQAIk1TIvowtC0cLDgwaTmkM', 'id': 'Ugz2tY7kHNIhejHkMLJ4AaABAg', 'snippet': {'videoId': 'zEfTDpfyt1o', 'textDisplay': 'O clima está muito pesado e o povo está no limite. Infelizmente algumas pessoas não controlam suas emoções e fazem coisas erradas. Tem que manter a calma e a razão  nesses tempos sombrios.', 'textOriginal': 'O clima está muito pesado e o povo está no limite. Infelizmente algumas pessoas não controlam suas emoções e fazem coisas erradas. Tem que manter a calma e a razão  nesses tempos sombrios.', 'authorDisplayName': 'Maria Antonia Brito', 'authorProfileImageUrl': 'https://yt3.ggpht.com/ytc/AGIKgqMEDpz16IVQf2tK2DszJWCYMYAQYZidZ6CSArvf=s48-c-k-c0x00ffffff-no-rj', 'authorChannelUrl': 'http://www.youtube.com/channel/UCgRQhC0gip45EcS-zZ2Gy0g', 'authorChannelId': {'value': 'UCgRQhC0gip45EcS-zZ2Gy0g'}, 'canRate': True, 'viewerRating': 'none', 'likeCount': 180, 'publishedAt': '2022-10-23T22:35:08Z', 'updatedAt': '2022-10-23T22:35:08Z'}}, 'canReply': True, 'totalReplyCount': 23, 'isPublic': True}","{'comments': [{'kind': 'youtube#comment', 'etag': 'CQ1UTsg9esuX7Q-KswrT4yJ9D2Q', 'id': 'Ugz2tY7kHNIhejHkMLJ4AaABAg.9hYBdcrhA9Q9hZqhCnRTQR', 'snippet': {'videoId': 'zEfTDpfyt1o', 'textDisplay': 'Vcs Bolsonarista que criaram essa situação, essa fissura na sociedade, não entendo essa de o povo não aguenta mais, por que vou trabalhar todo dia e volto sem agredir ninguém, que história de que o povo não aguenta mais, não aguenta mais é o Bolsonarista e seu culto a violência.', 'textOriginal': 'Vcs Bolsonarista que criaram essa situação, essa fissura na sociedade, não entendo essa de o povo não aguenta mais, por que vou trabalhar todo dia e volto sem agredir ninguém, que história de que o povo não aguenta mais, não aguenta mais é o Bolsonarista e seu culto a violência.', 'parentId': 'Ugz2tY7kHNIhejHkMLJ4AaABAg', 'authorDisplayName': 'Neto Vieira', 'authorProfileImageUrl': 'https://yt3.ggpht.com/ytc/AGIKgqOqLEdtMn5kSg5lYIat-VyVR6Pn7e0q5B9POw=s48-c-k-c0x00ffffff-no-rj', 'authorChannelUrl': 'http://www.youtube.com/channel/UCxKaFDbUozAbjY9itFpjJng', 'authorChannelId': {'value': 'UCxKaFDbUozAbjY9itFpjJng'}, 'canRate': True, 'viewerRating': 'none', 'likeCount': 1, 'publishedAt': '2022-10-24T14:01:52Z', 'updatedAt': '2022-10-24T14:01:52Z'}}, {'kind': 'youtube#comment', 'etag': '3x1qGKlyPG5HnZOnOLE-AKanfls', 'id': 'Ugz2tY7kHNIhejHkMLJ4AaABAg.9hYBdcrhA9Q9hYwMs0H3B0', 'snippet': {'videoId': 'zEfTDpfyt1o', 'textDisplay': 'S dois fazer sexo', 'textOriginal': 'S dois fazer sexo', 'parentId': 'Ugz2tY7kHNIhejHkMLJ4AaABAg', 'authorDisplayName': 'Rogerio Tumelero', 'authorProfileImageUrl': 'https://yt3.ggpht.com/ytc/AGIKgqNxSS5sRRS0JTlGFkuHxl-KCfS8ZoYhILcm1XSi=s48-c-k-c0x00ffffff-no-rj', 'authorChannelUrl': 'http://www.youtube.com/channel/UCocVtTc9_HA3LjLGmcAIRvA', 'authorChannelId': {'value': 'UCocVtTc9_HA3LjLGmcAIRvA'}, 'canRate': True, 'viewerRating': 'none', 'likeCount': 0, 'publishedAt': '2022-10-24T05:32:08Z', 'updatedAt': '2022-10-24T05:32:08Z'}}, {'kind': 'youtube#comment', 'etag': 'wM6vYDyk3RzBq1LYr1qPxL6HNno', 'id': 'Ugz2tY7kHNIhejHkMLJ4AaABAg.9hYBdcrhA9Q9hYVL1ugkhS', 'snippet': {'videoId': 'zEfTDpfyt1o', 'textDisplay': '@Rafael Esse tipo de apoiadores mais atrapalha a campanha do Bolsonaro do que ajuda, estão se tornando os maiores cabos eleitorais do Lula, sinto nojo dessa gente por isso decidi que meu voto é para o Lula também.', 'textOriginal': '@Rafael Esse tipo de apoiadores mais atrapalha a campanha do Bolsonaro do que ajuda, estão se tornando os maiores cabos eleitorais do Lula, sinto nojo dessa gente por isso decidi que meu voto é para o Lula também.', 'parentId': 'Ugz2tY7kHNIhejHkMLJ4AaABAg', 'authorDisplayName': 'solange rosa', 'authorProfileImageUrl': 'https://yt3.ggpht.com/ytc/AGIKgqMuxryoWdKbNyqDaPg1KsA7uFVbxBzVyOKZz2hX=s48-c-k-c0x00ffffff-no-rj', 'authorChannelUrl': 'http://www.youtube.com/channel/UCQ-QDrRdYId4s7JLfpcEuFQ', 'authorChannelId': {'value': 'UCQ-QDrRdYId4s7JLfpcEuFQ'}, 'canRate': True, 'viewerRating': 'none', 'likeCount': 0, 'publishedAt': '2022-10-24T01:27:13Z', 'updatedAt': '2022-10-24T01:27:13Z'}}, {'kind': 'youtube#comment', 'etag': 'G9H0KTV3e_XotgrqY6lN0XBcdMw', 'id': 'Ugz2tY7kHNIhejHkMLJ4AaABAg.9hYBdcrhA9Q9hYUzuLff18', 'snippet': {'videoId': 'zEfTDpfyt1o', 'textDisplay': '@Rafael mas então vc defende os assaltantes Matar e Roubar celulares?? Isso não é violência então??', 'textOriginal': '@Rafael mas então vc defende os assaltantes Matar e Roubar celulares?? Isso não é violência então??', 'parentId': 'Ugz2tY7kHNIhejHkMLJ4AaABAg', 'authorDisplayName': 'Iolanda Costa Dorneles', 'authorProfileImageUrl': 'https://yt3.ggpht.com/ytc/AGIKgqPLzSqEOz1cC6q5eA97XtBRfRNafPkSefEYCQ=s48-c-k-c0x00ffffff-no-rj', 'authorChannelUrl': 'http://www.youtube.com/channel/UCyh-jloCiMA0JPhOhH6zxww', 'authorChannelId': {'value': 'UCyh-jloCiMA0JPhOhH6zxww'}, 'canRate': True, 'viewerRating': 'none', 'likeCount': 0, 'publishedAt': '2022-10-24T01:24:12Z', 'updatedAt': '2022-10-24T01:24:12Z'}}, {'kind': 'youtube#comment', 'etag': 'kYQphMNsQBIPdhCayYNq1PQly3U', 'id': 'Ugz2tY7kHNIhejHkMLJ4AaABAg.9hYBdcrhA9Q9hYT00LV0jg', 'snippet': {'videoId': 'zEfTDpfyt1o', 'textDisplay': '@Rafael Mau caráter <br>Escoria', 'textOriginal': '@Rafael Mau caráter \\nEscoria', 'parentId': 'Ugz2tY7kHNIhejHkMLJ4AaABAg', 'authorDisplayName': 'Sid', 'authorProfileImageUrl': 'https://yt3.ggpht.com/tr0P_hc6448m5Q8ksrSsPxj404Yeg2scOXegkBVi5WgrTno9d4icBgZUmBn2TrDYiagHUUGmdwk=s48-c-k-c0x00ffffff-no-rj', 'authorChannelUrl': 'http://www.youtube.com/channel/UC9kJdpsTfr9PwWZ1A3VOzNQ', 'authorChannelId': {'value': 'UC9kJdpsTfr9PwWZ1A3VOzNQ'}, 'canRate': True, 'viewerRating': 'none', 'likeCount': 0, 'publishedAt': '2022-10-24T01:06:53Z', 'updatedAt': '2022-10-24T01:06:53Z'}}]}",UCgRQhC0gip45EcS-zZ2Gy0g,2022-10-23T22:35:08Z,O clima está muito pesado e o povo está no limite. Infelizmente algumas pessoas não controlam suas emoções e fazem coisas erradas. Tem que manter a calma e a razão  nesses tempos sombrios.,QURTSl9pMnlDcl93LVdleVZVQ29LSW83TEtSUkNfSkhNRXZXR2RaY3FIMTcydmpUaHBmT0stNnI0SkdGV0szOVNOeDRyUlZibzNBR1pZcw==,2023-06-08 14:52:42.801064
youtube#commentThread,EnOUqPeIx85ypekGbIlFr2_3SU4,UgxrgakSO66ZOuO4vad4AaABAg,"{'videoId': 'zEfTDpfyt1o', 'topLevelComment': {'kind': 'youtube#comment', 'etag': 'u4R9lnN9bNJ8VARBs-Kx7am5f1E', 'id': 'UgxrgakSO66ZOuO4vad4AaABAg', 'snippet': {'videoId': 'zEfTDpfyt1o', 'textDisplay': 'Bem feito pra Globo por ficar em silêncio diante das censuras pelo Brasil a fora...O castigo começou.', 'textOriginal': 'Bem feito pra Globo por ficar em silêncio diante das censuras pelo Brasil a fora...O castigo começou.', 'authorDisplayName': 'Ru Military Academy', 'authorProfileImageUrl': 'https://yt3.ggpht.com/YeZ6sSc6RAHExPUuRaOLQExonsfMUD-dJw72yh8tquGp7kWTSlgA3g7M_r6LCYtXl8sQnewQ=s48-c-k-c0x00ffffff-no-rj', 'authorChannelUrl': 'http://www.youtube.com/channel/UC1SEeuvj_mVFiASAwmVYKNw', 'authorChannelId': {'value': 'UC1SEeuvj_mVFiASAwmVYKNw'}, 'canRate': True, 'viewerRating': 'none', 'likeCount': 0, 'publishedAt': '2022-10-23T22:35:07Z', 'updatedAt': '2022-10-23T22:35:07Z'}}, 'canReply': True, 'totalReplyCount': 0, 'isPublic': True}",,UC1SEeuvj_mVFiASAwmVYKNw,2022-10-23T22:35:07Z,Bem feito pra Globo por ficar em silêncio diante das censuras pelo Brasil a fora...O castigo começou.,QURTSl9pM21xUDFqTWNmUmkxVDY0YXBPaFZjWWVPcVl0RGRfbUtzSnF5V25ZQVNPWTJPY2d4aXpxN2V4cE94YkRkYWRIeldKVm9GTEFrWQ==,2023-06-08 14:52:43.800330
youtube#commentThread,xGedNcO9BzKn56scBat4ULdIyZQ,UgwC9uG0Fbd4SUL87hN4AaABAg,"{'videoId': 'zEfTDpfyt1o', 'topLevelComment': {'kind': 'youtube#comment', 'etag': 'udyfWRPWq4kP9zwJt6UOdGglTCw', 'id': 'UgwC9uG0Fbd4SUL87hN4AaABAg', 'snippet': {'videoId': 'zEfTDpfyt1o', 'textDisplay': 'ESSA RAÇA PERNICIOSA NOCIVA AINDA VÃO CAUSA MUITOS MALES A SOCIEDADE BRASILEIRA', 'textOriginal': 'ESSA RAÇA PERNICIOSA NOCIVA AINDA VÃO CAUSA MUITOS MALES A SOCIEDADE BRASILEIRA', 'authorDisplayName': 'JK Rufino', 'authorProfileImageUrl': 'https://yt3.ggpht.com/ytc/AGIKgqPkMmokQ44ykmJCl-5beys4ADSGBqD9k1dtFGpL=s48-c-k-c0x00ffffff-no-rj', 'authorChannelUrl': 'http://www.youtube.com/channel/UCqHPFTLYgAMTqLMnaTtt2CQ', 'authorChannelId': {'value': 'UCqHPFTLYgAMTqLMnaTtt2CQ'}, 'canRate': True, 'viewerRating': 'none', 'likeCount': 1, 'publishedAt': '2022-10-23T22:35:06Z', 'updatedAt': '2022-10-23T22:35:06Z'}}, 'canReply': True, 'totalReplyCount': 0, 'isPublic': True}",,UCqHPFTLYgAMTqLMnaTtt2CQ,2022-10-23T22:35:06Z,ESSA RAÇA PERNICIOSA NOCIVA AINDA VÃO CAUSA MUITOS MALES A SOCIEDADE BRASILEIRA,QURTSl9pM21xUDFqTWNmUmkxVDY0YXBPaFZjWWVPcVl0RGRfbUtzSnF5V25ZQVNPWTJPY2d4aXpxN2V4cE94YkRkYWRIeldKVm9GTEFrWQ==,2023-06-08 14:52:43.800330
youtube#commentThread,77Z9jd3fPTwkXjP411GT21_um-E,UgyZ0y1ZETh4C5fY9md4AaABAg,"{'videoId': 'zEfTDpfyt1o', 'topLevelComment': {'kind': 'youtube#comment', 'etag': 'bB2uoaMP4uww2MPnwrvFYmfv-sE', 'id': 'UgyZ0y1ZETh4C5fY9md4AaABAg', 'snippet': {'videoId': 'zEfTDpfyt1o', 'textDisplay': 'a Globo tá pagando por apoiar o ladrasinho deles com você faz você paga a Globo gera ódio eo que dá', 'textOriginal': 'a Globo tá pagando por apoiar o ladrasinho deles com você faz você paga a Globo gera ódio eo que dá', 'authorDisplayName': 'João batista de araujo Araujo', 'authorProfileImageUrl': 'https://yt3.ggpht.com/ytc/AGIKgqO9kAwt0DiBG4xtyXKq51aBML49wToLifyb7ZoafAgLnCJmKu2GeRKHPFhzkevQ=s48-c-k-c0x00ffffff-no-rj', 'authorChannelUrl': 'http://www.youtube.com/channel/UCojIk15dAt56fjQSzldwVeQ', 'authorChannelId': {'value': 'UCojIk15dAt56fjQSzldwVeQ'}, 'canRate': True, 'viewerRating': 'none', 'likeCount': 0, 'publishedAt': '2022-10-23T22:35:05Z', 'updatedAt': '2022-10-23T22:35:05Z'}}, 'canReply': True, 'totalReplyCount': 0, 'isPublic': True}",,UCojIk15dAt56fjQSzldwVeQ,2022-10-23T22:35:05Z,a Globo tá pagando por apoiar o ladrasinho deles com você faz você paga a Globo gera ódio eo que dá,QURTSl9pM21xUDFqTWNmUmkxVDY0YXBPaFZjWWVPcVl0RGRfbUtzSnF5V25ZQVNPWTJPY2d4aXpxN2V4cE94YkRkYWRIeldKVm9GTEFrWQ==,2023-06-08 14:52:43.800330
youtube#commentThread,CdMBS4dsjcaS7jHrnG91__xqOlY,UgxC3XO7FvwMG3D0FNR4AaABAg,"{'videoId': 'zEfTDpfyt1o', 'topLevelComment': {'kind': 'youtube#comment', 'etag': 'khrB2-vB84bq7vI0kegsSMCshfc', 'id': 'UgxC3XO7FvwMG3D0FNR4AaABAg', 'snippet': {'videoId': 'zEfTDpfyt1o', 'textDisplay': 'A GloboLixo é contra o povo...', 'textOriginal': 'A GloboLixo é contra o povo...', 'authorDisplayName': 'Ivone Ferreira', 'authorProfileImageUrl': 'https://yt3.ggpht.com/ytc/AGIKgqM91xqbAepAKvh6J920bP2AE4NemLTybmwbJoDAag=s48-c-k-c0x00ffffff-no-rj', 'authorChannelUrl': 'http://www.youtube.com/channel/UCFU1d3yal4pRJuPT8UVMYUA', 'authorChannelId': {'value': 'UCFU1d3yal4pRJuPT8UVMYUA'}, 'canRate': True, 'viewerRating': 'none', 'likeCount': 0, 'publishedAt': '2022-10-23T22:35:03Z', 'updatedAt': '2022-10-23T22:35:03Z'}}, 'canReply': True, 'totalReplyCount': 0, 'isPublic': True}",,UCFU1d3yal4pRJuPT8UVMYUA,2022-10-23T22:35:03Z,A GloboLixo é contra o povo...,QURTSl9pM21xUDFqTWNmUmkxVDY0YXBPaFZjWWVPcVl0RGRfbUtzSnF5V25ZQVNPWTJPY2d4aXpxN2V4cE94YkRkYWRIeldKVm9GTEFrWQ==,2023-06-08 14:52:43.800330
youtube#commentThread,3YsM0mt-cCk_K3psd3sb5G-mKow,UgwFIwRYPDTl5--C0cx4AaABAg,"{'videoId': 'zEfTDpfyt1o', 'topLevelComment': {'kind': 'youtube#comment', 'etag': 'VwfBhTUCvOY2rZ290Z49BdGfv44', 'id': 'UgwFIwRYPDTl5--C0cx4AaABAg', 'snippet': {'videoId': 'zEfTDpfyt1o', 'textDisplay': 'Tomar cuidado que o sistema deve está forjando algo. Todo cuidado é pouco pq eles estão desesperados', 'textOriginal': 'Tomar cuidado que o sistema deve está forjando algo. Todo cuidado é pouco pq eles estão desesperados', 'authorDisplayName': 'ⴺ DDigital', 'authorProfileImageUrl': 'https://yt3.ggpht.com/JTApATeZW20lG_Z1PbfrX84Xfer-8r8pJXDsNbhKOZj0tMoZYudWOPhwu6UKIeAYiY-UAQPi=s48-c-k-c0x00ffffff-no-rj', 'authorChannelUrl': 'http://www.youtube.com/channel/UCf0oLexObfcINJvc55rG1xw', 'authorChannelId': {'value': 'UCf0oLexObfcINJvc55rG1xw'}, 'canRate': True, 'viewerRating': 'none', 'likeCount': 38, 'publishedAt': '2022-10-23T22:34:59Z', 'updatedAt': '2022-10-23T22:34:59Z'}}, 'canReply': True, 'totalReplyCount': 2, 'isPublic': True}","{'comments': [{'kind': 'youtube#comment', 'etag': '5BUKCME5sQsvrqr90dj4TpxhKRY', 'id': 'UgwFIwRYPDTl5--C0cx4AaABAg.9hYBcWBn1zh9hYWXBDcoG9', 'snippet': {'videoId': 'zEfTDpfyt1o', 'textDisplay': '😂<br>Vcs são hilários', 'textOriginal': '😂\\nVcs são hilários', 'parentId': 'UgwFIwRYPDTl5--C0cx4AaABAg', 'authorDisplayName': 'Felix Culpa', 'authorProfileImageUrl': 'https://yt3.ggpht.com/gFMsJwZVG5P91BQ4xeHJBL-G9650WEmdexAZ3oI6LQBJTFUKpkbixhhYA8W34xWp9lRL8N3b=s48-c-k-c0x00ffffff-no-rj', 'authorChannelUrl': 'http://www.youtube.com/channel/UCUc9eVYOS541muxXFZGxiRQ', 'authorChannelId': {'value': 'UCUc9eVYOS541muxXFZGxiRQ'}, 'canRate': True, 'viewerRating': 'none', 'likeCount': 2, 'publishedAt': '2022-10-24T01:37:37Z', 'updatedAt': '2022-10-24T01:37:37Z'}}, {'kind': 'youtube#comment', 'etag': 'H-yxWRsDkLJ62nzMyjhdXC2NqmY', 'id': 'UgwFIwRYPDTl5--C0cx4AaABAg.9hYBcWBn1zh9hYRmCWSUUt', 'snippet': {'videoId': 'zEfTDpfyt1o', 'textDisplay': 'E nós esperando por eles....que venham,  para conhecer a fúria com que defendemos nossos valores...a direita é como a do Mike  Tyson...fulminante...', 'textOriginal': 'E nós esperando por eles....que venham,  para conhecer a fúria com que defendemos nossos valores...a direita é como a do Mike  Tyson...fulminante...', 'parentId': 'UgwFIwRYPDTl5--C0cx4AaABAg', 'authorDisplayName': 'Tiburcio Nascimento', 'authorProfileImageUrl': 'https://yt3.ggpht.com/ytc/AGIKgqPYJ16XbloZp1nRif2q9UiINjE9b3aLcJFllVpYZmGF8L32gAvFuJ_fm0H5T6oa=s48-c-k-c0x00ffffff-no-rj', 'authorChannelUrl': 'http://www.youtube.com/channel/UCOpVT2WBtvOTmNgRgNreY3Q', 'authorChannelId': {'value': 'UCOpVT2WBtvOTmNgRgNreY3Q'}, 'canRate': True, 'viewerRating': 'none', 'likeCount': 1, 'publishedAt': '2022-10-24T00:56:07Z', 'updatedAt': '2022-10-24T00:56:07Z'}}]}",UCf0oLexObfcINJvc55rG1xw,2022-10-23T22:34:59Z,Tomar cuidado que o sistema deve está forjando algo. Todo cuidado é pouco pq eles estão desesperados,QURTSl9pM21xUDFqTWNmUmkxVDY0YXBPaFZjWWVPcVl0RGRfbUtzSnF5V25ZQVNPWTJPY2d4aXpxN2V4cE94YkRkYWRIeldKVm9GTEFrWQ==,2023-06-08 14:52:43.800330
youtube#commentThread,3d19Kk9mFdDKUMIDUcvxALvIDQw,UgyPSY3PNh65yQeGhGh4AaABAg,"{'videoId': 'zEfTDpfyt1o', 'topLevelComment': {'kind': 'youtube#comment', 'etag': '8k5Y1OnMAaKXyQ2lYyg_NwT86DQ', 'id': 'UgyPSY3PNh65yQeGhGh4AaABAg', 'snippet': {'videoId': 'zEfTDpfyt1o', 'textDisplay': 'O STF NÃO ESTÁ RESPEITANDO VCS CENSURANDO', 'textOriginal': 'O STF NÃO ESTÁ RESPEITANDO VCS CENSURANDO', 'authorDisplayName': 'Lourdes Beltrami', 'authorProfileImageUrl': 'https://yt3.ggpht.com/ytc/AGIKgqPInKVTfNz_Uw3e9jPh5XKuzdXOUF2b0uAVWg=s48-c-k-c0x00ffffff-no-rj', 'authorChannelUrl': 'http://www.youtube.com/channel/UCuh9SNbvzAe8IMwyHbK49QQ', 'authorChannelId': {'value': 'UCuh9SNbvzAe8IMwyHbK49QQ'}, 'canRate': True, 'viewerRating': 'none', 'likeCount': 0, 'publishedAt': '2022-10-23T22:34:54Z', 'updatedAt': '2022-10-23T22:34:54Z'}}, 'canReply': True, 'totalReplyCount': 0, 'isPublic': True}",,UCuh9SNbvzAe8IMwyHbK49QQ,2022-10-23T22:34:54Z,O STF NÃO ESTÁ RESPEITANDO VCS CENSURANDO,QURTSl9pM21xUDFqTWNmUmkxVDY0YXBPaFZjWWVPcVl0RGRfbUtzSnF5V25ZQVNPWTJPY2d4aXpxN2V4cE94YkRkYWRIeldKVm9GTEFrWQ==,2023-06-08 14:52:43.800330
youtube#commentThread,nIj2AUiWhcBbhRhNVOTM8cYsLVQ,UgzWi1ZuSgYwgLdAnSl4AaABAg,"{'videoId': 'zEfTDpfyt1o', 'topLevelComment': {'kind': 'youtube#comment', 'etag': '-2qz9XRj7nhgYnZXdbtxFUjbCOI', 'id': 'UgzWi1ZuSgYwgLdAnSl4AaABAg', 'snippet': {'videoId': 'zEfTDpfyt1o', 'textDisplay': 'TODOS SOFRENDO E DESCONTRALADOS PELO Q TA ACONTECENDO NESTA POLITICA PODRE   BOLSONARO TEM Q DAR UM BASTA', 'textOriginal': 'TODOS SOFRENDO E DESCONTRALADOS PELO Q TA ACONTECENDO NESTA POLITICA PODRE   BOLSONARO TEM Q DAR UM BASTA', 'authorDisplayName': 'Vilma Santos', 'authorProfileImageUrl': 'https://yt3.ggpht.com/ytc/AGIKgqNWxTXc1KIgFPujbejM6e-YQryBMgAEP1uYUw=s48-c-k-c0x00ffffff-no-rj', 'authorChannelUrl': 'http://www.youtube.com/channel/UCL59JqcefCvOXvYV19mr64g', 'authorChannelId': {'value': 'UCL59JqcefCvOXvYV19mr64g'}, 'canRate': True, 'viewerRating': 'none', 'likeCount': 0, 'publishedAt': '2022-10-23T22:34:53Z', 'updatedAt': '2022-10-23T22:34:53Z'}}, 'canReply': True, 'totalReplyCount': 0, 'isPublic': True}",,UCL59JqcefCvOXvYV19mr64g,2022-10-23T22:34:53Z,TODOS SOFRENDO E DESCONTRALADOS PELO Q TA ACONTECENDO NESTA POLITICA PODRE   BOLSONARO TEM Q DAR UM BASTA,QURTSl9pM21xUDFqTWNmUmkxVDY0YXBPaFZjWWVPcVl0RGRfbUtzSnF5V25ZQVNPWTJPY2d4aXpxN2V4cE94YkRkYWRIeldKVm9GTEFrWQ==,2023-06-08 14:52:43.800330
youtube#commentThread,m1N1LusC2Noup71BWcqpBJZA9gI,UgwCt-2uF-GAGkGyjRx4AaABAg,"{'videoId': 'zEfTDpfyt1o', 'topLevelComment': {'kind': 'youtube#comment', 'etag': 'kw7ZX0Jyw7h_z0Ls-O8zotJ2u0M', 'id': 'UgwCt-2uF-GAGkGyjRx4AaABAg', 'snippet': {'videoId': 'zEfTDpfyt1o', 'textDisplay': 'Quem está esticando a corda?', 'textOriginal': 'Quem está esticando a corda?', 'authorDisplayName': 'Armando Massaharu Yuki', 'authorProfileImageUrl': 'https://yt3.ggpht.com/ytc/AGIKgqPC_4xjy3G8j5aALOpw7hFha18P1WZUPQcltVLVTzt5hK3SxDfDemO3IxubBdgu=s48-c-k-c0x00ffffff-no-rj', 'authorChannelUrl': 'http://www.youtube.com/channel/UCteweJvCsKvz_f1foO2Y6Vw', 'authorChannelId': {'value': 'UCteweJvCsKvz_f1foO2Y6Vw'}, 'canRate': True, 'viewerRating': 'none', 'likeCount': 0, 'publishedAt': '2022-10-23T22:34:48Z', 'updatedAt': '2022-10-23T22:34:48Z'}}, 'canReply': True, 'totalReplyCount': 0, 'isPublic': True}",,UCteweJvCsKvz_f1foO2Y6Vw,2022-10-23T22:34:48Z,Quem está esticando a corda?,QURTSl9pM21xUDFqTWNmUmkxVDY0YXBPaFZjWWVPcVl0RGRfbUtzSnF5V25ZQVNPWTJPY2d4aXpxN2V4cE94YkRkYWRIeldKVm9GTEFrWQ==,2023-06-08 14:52:43.800330
youtube#commentThread,jIKw4zELQ4SevdBRfxpvi4h5MLY,UgyQiJq_xwXBPu3z8354AaABAg,"{'videoId': 'zEfTDpfyt1o', 'topLevelComment': {'kind': 'youtube#comment', 'etag': 'ucm2POTunlOqVNK1MZd_49HfxUA', 'id': 'UgyQiJq_xwXBPu3z8354AaABAg', 'snippet': {'videoId': 'zEfTDpfyt1o', 'textDisplay': 'Mais uma vez as vontades de um marginal serão cumpridas!', 'textOriginal': 'Mais uma vez as vontades de um marginal serão cumpridas!', 'authorDisplayName': 'Marcelo Ciano', 'authorProfileImageUrl': 'https://yt3.ggpht.com/ytc/AGIKgqNnju_sxzRaBdEYLFZcVwldV_3O6JfOZqFEA4w1qg=s48-c-k-c0x00ffffff-no-rj', 'authorChannelUrl': 'http://www.youtube.com/channel/UCcrDlXDjIyjFIxMQyJyMOVg', 'authorChannelId': {'value': 'UCcrDlXDjIyjFIxMQyJyMOVg'}, 'canRate': True, 'viewerRating': 'none', 'likeCount': 1, 'publishedAt': '2022-10-23T22:34:48Z', 'updatedAt': '2022-10-23T22:34:48Z'}}, 'canReply': True, 'totalReplyCount': 0, 'isPublic': True}",,UCcrDlXDjIyjFIxMQyJyMOVg,2022-10-23T22:34:48Z,Mais uma vez as vontades de um marginal serão cumpridas!,QURTSl9pM21xUDFqTWNmUmkxVDY0YXBPaFZjWWVPcVl0RGRfbUtzSnF5V25ZQVNPWTJPY2d4aXpxN2V4cE94YkRkYWRIeldKVm9GTEFrWQ==,2023-06-08 14:52:43.800330
youtube#commentThread,lJsYWV6Lhq5HtYPOmc5AVjtVtvg,Ugw0RIbwGjBki_ABVSB4AaABAg,"{'videoId': 'zEfTDpfyt1o', 'topLevelComment': {'kind': 'youtube#comment', 'etag': 'LaqRjzK8RINSKrrmKCWFU9N5ux8', 'id': 'Ugw0RIbwGjBki_ABVSB4AaABAg', 'snippet': {'videoId': 'zEfTDpfyt1o', 'textDisplay': 'O problema e que a imprensa sabe que até a prisão de Roberto Geferson e ilegal e poucos falam sobre isto e acaba acontece isto a agressão contra está impresa em particular  que o seu maior apresentador em rede nacional fala que alguém que tem inúmeros processos  aberto não deve nada a justiça o povo cansa desta falta de atitude de parte  da imprensa', 'textOriginal': 'O problema e que a imprensa sabe que até a prisão de Roberto Geferson e ilegal e poucos falam sobre isto e acaba acontece isto a agressão contra está impresa em particular  que o seu maior apresentador em rede nacional fala que alguém que tem inúmeros processos  aberto não deve nada a justiça o povo cansa desta falta de atitude de parte  da imprensa', 'authorDisplayName': 'Henrique Deodato', 'authorProfileImageUrl': 'https://yt3.ggpht.com/ytc/AGIKgqMNb0dmqX9AN1fslN_ugo0NNGgUpK77-2A8_w=s48-c-k-c0x00ffffff-no-rj', 'authorChannelUrl': 'http://www.youtube.com/channel/UCSA-k21v0XQgXLaE7i-pTmQ', 'authorChannelId': {'value': 'UCSA-k21v0XQgXLaE7i-pTmQ'}, 'canRate': True, 'viewerRating': 'none', 'likeCount': 0, 'publishedAt': '2022-10-23T22:34:47Z', 'updatedAt': '2022-10-23T22:34:47Z'}}, 'canReply': True, 'totalReplyCount': 0, 'isPublic': True}",,UCSA-k21v0XQgXLaE7i-pTmQ,2022-10-23T22:34:47Z,O problema e que a imprensa sabe que até a prisão de Roberto Geferson e ilegal e poucos falam sobre isto e acaba acontece isto a agressão contra está impresa em particular  que o seu maior apresentador em rede nacional fala que alguém que tem inúmeros processos  aberto não deve nada a justiça o povo cansa desta falta de atitude de parte  da imprensa,QURTSl9pM21xUDFqTWNmUmkxVDY0YXBPaFZjWWVPcVl0RGRfbUtzSnF5V25ZQVNPWTJPY2d4aXpxN2V4cE94YkRkYWRIeldKVm9GTEFrWQ==,2023-06-08 14:52:43.800330
youtube#commentThread,Noqx34EREqOSNFzz0eI7SyjeDeg,UgznG8-P4iJJ3_neUX14AaABAg,"{'videoId': 'zEfTDpfyt1o', 'topLevelComment': {'kind': 'youtube#comment', 'etag': 'RgkDp3H-uvYPh2W678QyT5u6Few', 'id': 'UgznG8-P4iJJ3_neUX14AaABAg', 'snippet': {'videoId': 'zEfTDpfyt1o', 'textDisplay': 'Pena que a globo não defendeu a Jovem Pan, pelo contrário, vibrou com a censura.', 'textOriginal': 'Pena que a globo não defendeu a Jovem Pan, pelo contrário, vibrou com a censura.', 'authorDisplayName': 'Janice Lima', 'authorProfileImageUrl': 'https://yt3.ggpht.com/ytc/AGIKgqOmD2p_uYFiKGIxfsfeuR3muw-UljqLWQHexw=s48-c-k-c0x00ffffff-no-rj', 'authorChannelUrl': 'http://www.youtube.com/channel/UCHrIzuGKQZsGg61U9b0qudA', 'authorChannelId': {'value': 'UCHrIzuGKQZsGg61U9b0qudA'}, 'canRate': True, 'viewerRating': 'none', 'likeCount': 0, 'publishedAt': '2022-10-23T22:34:40Z', 'updatedAt': '2022-10-23T22:34:40Z'}}, 'canReply': True, 'totalReplyCount': 0, 'isPublic': True}",,UCHrIzuGKQZsGg61U9b0qudA,2022-10-23T22:34:40Z,"Pena que a globo não defendeu a Jovem Pan, pelo contrário, vibrou com a censura.",QURTSl9pM21xUDFqTWNmUmkxVDY0YXBPaFZjWWVPcVl0RGRfbUtzSnF5V25ZQVNPWTJPY2d4aXpxN2V4cE94YkRkYWRIeldKVm9GTEFrWQ==,2023-06-08 14:52:43.800330
youtube#commentThread,Wd-UZL6ipt1bdAoVVK9XY4nfSQ0,UgzmggwkmhVqrsGqYnR4AaABAg,"{'videoId': 'zEfTDpfyt1o', 'topLevelComment': {'kind': 'youtube#comment', 'etag': 'YiuCMGAglaTTWQZxOxziOIm8R8I', 'id': 'UgzmggwkmhVqrsGqYnR4AaABAg', 'snippet': {'videoId': 'zEfTDpfyt1o', 'textDisplay': 'Isso e ódio ! Gente o que isso paz paz', 'textOriginal': 'Isso e ódio ! Gente o que isso paz paz', 'authorDisplayName': 'Dantas', 'authorProfileImageUrl': 'https://yt3.ggpht.com/ytc/AGIKgqOMcZ4EwagANtI24NR0b1i_hWYshxEBcdzS08MJzt18WYPx1iHY2jiyxEgjorkB=s48-c-k-c0x00ffffff-no-rj', 'authorChannelUrl': 'http://www.youtube.com/channel/UCUMKm-TZqpux5yzoxrpMNKQ', 'authorChannelId': {'value': 'UCUMKm-TZqpux5yzoxrpMNKQ'}, 'canRate': True, 'viewerRating': 'none', 'likeCount': 0, 'publishedAt': '2022-10-23T22:34:39Z', 'updatedAt': '2022-10-23T22:34:39Z'}}, 'canReply': True, 'totalReplyCount': 0, 'isPublic': True}",,UCUMKm-TZqpux5yzoxrpMNKQ,2022-10-23T22:34:39Z,Isso e ódio ! Gente o que isso paz paz,QURTSl9pM21xUDFqTWNmUmkxVDY0YXBPaFZjWWVPcVl0RGRfbUtzSnF5V25ZQVNPWTJPY2d4aXpxN2V4cE94YkRkYWRIeldKVm9GTEFrWQ==,2023-06-08 14:52:43.800330
youtube#commentThread,hQqvA-qIxTSw2W662Ces-OQNwgo,UgwYmkEvTiAZx4sxm-N4AaABAg,"{'videoId': 'zEfTDpfyt1o', 'topLevelComment': {'kind': 'youtube#comment', 'etag': '5uNc5JCo8ukHxNpQu8X4Ompm7Pk', 'id': 'UgwYmkEvTiAZx4sxm-N4AaABAg', 'snippet': {'videoId': 'zEfTDpfyt1o', 'textDisplay': 'A balança da nossa justiça está desequilibrada.', 'textOriginal': 'A balança da nossa justiça está desequilibrada.', 'authorDisplayName': 'Lina Vieira', 'authorProfileImageUrl': 'https://yt3.ggpht.com/ytc/AGIKgqNiEgV-XAMu05on1WVOLHtSJCIBemRQMO9wtg=s48-c-k-c0x00ffffff-no-rj', 'authorChannelUrl': 'http://www.youtube.com/channel/UCaJHNSzSvVnIPBjv20TyHAQ', 'authorChannelId': {'value': 'UCaJHNSzSvVnIPBjv20TyHAQ'}, 'canRate': True, 'viewerRating': 'none', 'likeCount': 13, 'publishedAt': '2022-10-23T22:34:38Z', 'updatedAt': '2022-10-23T22:34:38Z'}}, 'canReply': True, 'totalReplyCount': 3, 'isPublic': True}","{'comments': [{'kind': 'youtube#comment', 'etag': 'xkDuhALgLjZnwzCxV8Q6tKHhqSc', 'id': 'UgwYmkEvTiAZx4sxm-N4AaABAg.9hYB_vvtDJD9hYjMh8XQYc', 'snippet': {'videoId': 'zEfTDpfyt1o', 'textDisplay': 'Foi organizada para funcionar assim , com todos os pesos de um só lado...Mexeu com um ...mexeu com todos, lembra??? Aprendemos a regra com rapidez...acho que funciona...', 'textOriginal': 'Foi organizada para funcionar assim , com todos os pesos de um só lado...Mexeu com um ...mexeu com todos, lembra??? Aprendemos a regra com rapidez...acho que funciona...', 'parentId': 'UgwYmkEvTiAZx4sxm-N4AaABAg', 'authorDisplayName': 'Tiburcio Nascimento', 'authorProfileImageUrl': 'https://yt3.ggpht.com/ytc/AGIKgqPYJ16XbloZp1nRif2q9UiINjE9b3aLcJFllVpYZmGF8L32gAvFuJ_fm0H5T6oa=s48-c-k-c0x00ffffff-no-rj', 'authorChannelUrl': 'http://www.youtube.com/channel/UCOpVT2WBtvOTmNgRgNreY3Q', 'authorChannelId': {'value': 'UCOpVT2WBtvOTmNgRgNreY3Q'}, 'canRate': True, 'viewerRating': 'none', 'likeCount': 0, 'publishedAt': '2022-10-24T03:38:31Z', 'updatedAt': '2022-10-24T03:38:31Z'}}, {'kind': 'youtube#comment', 'etag': 'CEIAs88_d2kr_ZKdxPJ3I-Lz5gA', 'id': 'UgwYmkEvTiAZx4sxm-N4AaABAg.9hYB_vvtDJD9hYJ4-keHug', 'snippet': {'videoId': 'zEfTDpfyt1o', 'textDisplay': 'A balança já foi roubada há muito tempo!', 'textOriginal': 'A balança já foi roubada há muito tempo!', 'parentId': 'UgwYmkEvTiAZx4sxm-N4AaABAg', 'authorDisplayName': 'romebr', 'authorProfileImageUrl': 'https://yt3.ggpht.com/ytc/AGIKgqNucC3rQ5fuJqv9yXGRJoBytImG9PnbGwUziBTAug=s48-c-k-c0x00ffffff-no-rj', 'authorChannelUrl': 'http://www.youtube.com/channel/UCp_8p0ln1VY2R8ENgudAHhA', 'authorChannelId': {'value': 'UCp_8p0ln1VY2R8ENgudAHhA'}, 'canRate': True, 'viewerRating': 'none', 'likeCount': 1, 'publishedAt': '2022-10-23T23:40:02Z', 'updatedAt': '2022-10-23T23:40:02Z'}}, {'kind': 'youtube#comment', 'etag': 'nFmp3mkKJpeGjoOTNTj9p4M2IGo', 'id': 'UgwYmkEvTiAZx4sxm-N4AaABAg.9hYB_vvtDJD9hYHbr1IRTw', 'snippet': {'videoId': 'zEfTDpfyt1o', 'textDisplay': 'Quando se nomeia pessoas para um cargo de tamanha relevância com interesses escusos da nisso!', 'textOriginal': 'Quando se nomeia pessoas para um cargo de tamanha relevância com interesses escusos da nisso!', 'parentId': 'UgwYmkEvTiAZx4sxm-N4AaABAg', 'authorDisplayName': 'Ney Viana Andrade', 'authorProfileImageUrl': 'https://yt3.ggpht.com/ytc/AGIKgqNmWnY-jMMQkW40jyuylK5HpdUttvJ7eqDQTQ=s48-c-k-c0x00ffffff-no-rj', 'authorChannelUrl': 'http://www.youtube.com/channel/UC6E0RK9ZysGtrsqUggJ3YOA', 'authorChannelId': {'value': 'UC6E0RK9ZysGtrsqUggJ3YOA'}, 'canRate': True, 'viewerRating': 'none', 'likeCount': 1, 'publishedAt': '2022-10-23T23:27:19Z', 'updatedAt': '2022-10-23T23:27:19Z'}}]}",UCaJHNSzSvVnIPBjv20TyHAQ,2022-10-23T22:34:38Z,A balança da nossa justiça está desequilibrada.,QURTSl9pM21xUDFqTWNmUmkxVDY0YXBPaFZjWWVPcVl0RGRfbUtzSnF5V25ZQVNPWTJPY2d4aXpxN2V4cE94YkRkYWRIeldKVm9GTEFrWQ==,2023-06-08 14:52:43.800330
youtube#commentThread,6pMMAyzfWW5q7vd1jeWQhOjnBI8,UgzQgVgDBmGAnatQRJd4AaABAg,"{'videoId': 'zEfTDpfyt1o', 'topLevelComment': {'kind': 'youtube#comment', 'etag': 'FsUSEiU2NaOYfBaDP6l0tOk9KFs', 'id': 'UgzQgVgDBmGAnatQRJd4AaABAg', 'snippet': {'videoId': 'zEfTDpfyt1o', 'textDisplay': 'A justiça trazendo o caos para o país e o incrível é que o povo não elegeu nenhum desses Ministros que estão governando nosso país e desrespeitando as nossas leis.', 'textOriginal': 'A justiça trazendo o caos para o país e o incrível é que o povo não elegeu nenhum desses Ministros que estão governando nosso país e desrespeitando as nossas leis.', 'authorDisplayName': 'Lilian Pereira da Silva do Couto', 'authorProfileImageUrl': 'https://yt3.ggpht.com/ytc/AGIKgqP1FYsemyvLyLdXAofykWQHcZmme1i1MFF0fA=s48-c-k-c0x00ffffff-no-rj', 'authorChannelUrl': 'http://www.youtube.com/channel/UCOzp--r5ou5ESGDbIaRVSqg', 'authorChannelId': {'value': 'UCOzp--r5ou5ESGDbIaRVSqg'}, 'canRate': True, 'viewerRating': 'none', 'likeCount': 116, 'publishedAt': '2022-10-23T22:34:37Z', 'updatedAt': '2022-10-23T22:34:37Z'}}, 'canReply': True, 'totalReplyCount': 12, 'isPublic': True}","{'comments': [{'kind': 'youtube#comment', 'etag': 'ZrDCgIjTJVilgS2xRD07QArO9wo', 'id': 'UgzQgVgDBmGAnatQRJd4AaABAg.9hYB_qqMRKw9hYx3J3uGJv', 'snippet': {'videoId': 'zEfTDpfyt1o', 'textDisplay': 'Ao contrario, a justiça está defendendo nossa Democracia e colocando freio nos marginais...', 'textOriginal': 'Ao contrario, a justiça está defendendo nossa Democracia e colocando freio nos marginais...', 'parentId': 'UgzQgVgDBmGAnatQRJd4AaABAg', 'authorDisplayName': 'Marcos Shows e Eventos', 'authorProfileImageUrl': 'https://yt3.ggpht.com/06I74w-00OCvK36CJXcYn09UDi-f6FmqIZUl9lJrGfrDLR7EWBP9g1_1BkNPqjLSv0w9KJlZHQ=s48-c-k-c0x00ffffff-no-rj', 'authorChannelUrl': 'http://www.youtube.com/channel/UC0TED_wlBhoABmgc0oI-86A', 'authorChannelId': {'value': 'UC0TED_wlBhoABmgc0oI-86A'}, 'canRate': True, 'viewerRating': 'none', 'likeCount': 0, 'publishedAt': '2022-10-24T05:38:13Z', 'updatedAt': '2022-10-24T05:38:13Z'}}, {'kind': 'youtube#comment', 'etag': 'IVhuoMJ4usSgff_O8BA79mPjtRw', 'id': 'UgzQgVgDBmGAnatQRJd4AaABAg.9hYB_qqMRKw9hYwRlqqWg-', 'snippet': {'videoId': 'zEfTDpfyt1o', 'textDisplay': 'De contrariar os camisas verde-amarela eles mete tiro.', 'textOriginal': 'De contrariar os camisas verde-amarela eles mete tiro.', 'parentId': 'UgzQgVgDBmGAnatQRJd4AaABAg', 'authorDisplayName': 'Sérgio Ricardo', 'authorProfileImageUrl': 'https://yt3.ggpht.com/ytc/AGIKgqPntsDia32XPFgH0PVMOD7xQMNGGqSciAX3vg=s48-c-k-c0x00ffffff-no-rj', 'authorChannelUrl': 'http://www.youtube.com/channel/UCto9_5K5QXzHIxftu3W2N8w', 'authorChannelId': {'value': 'UCto9_5K5QXzHIxftu3W2N8w'}, 'canRate': True, 'viewerRating': 'none', 'likeCount': 0, 'publishedAt': '2022-10-24T05:32:49Z', 'updatedAt': '2022-10-24T05:32:49Z'}}, {'kind': 'youtube#comment', 'etag': '4LhXW7tiOFtBjwNP7LZ-TwGLE_o', 'id': 'UgzQgVgDBmGAnatQRJd4AaABAg.9hYB_qqMRKw9hYqehBSACa', 'snippet': {'videoId': 'zEfTDpfyt1o', 'textDisplay': '@Karina Cavadas a  justiça  ou  injustiça?', 'textOriginal': '@Karina Cavadas a  justiça  ou  injustiça?', 'parentId': 'UgzQgVgDBmGAnatQRJd4AaABAg', 'authorDisplayName': 'Maria Regina Landmayer', 'authorProfileImageUrl': 'https://yt3.ggpht.com/ytc/AGIKgqNzY1XW_jsvmVCZmid7F1vSXt6xpvLif94m=s48-c-k-c0x00ffffff-no-rj', 'authorChannelUrl': 'http://www.youtube.com/channel/UCj-66LXX0_rXwte9P12ga4Q', 'authorChannelId': {'value': 'UCj-66LXX0_rXwte9P12ga4Q'}, 'canRate': True, 'viewerRating': 'none', 'likeCount': 2, 'publishedAt': '2022-10-24T04:42:17Z', 'updatedAt': '2022-10-24T04:42:17Z'}}, {'kind': 'youtube#comment', 'etag': 'czXjrygtPABJinlPIC1A-xACXk4', 'id': 'UgzQgVgDBmGAnatQRJd4AaABAg.9hYB_qqMRKw9hYe8IKivdT', 'snippet': {'videoId': 'zEfTDpfyt1o', 'textDisplay': '@Karina CavadasNão pode falar mal da justiça!? ACORDA! ISSO NÃO É COISA DE DEMOCRACIA! CHEGA DE SER LIBERTICÍDA!', 'textOriginal': '@Karina CavadasNão pode falar mal da justiça!? ACORDA! ISSO NÃO É COISA DE DEMOCRACIA! CHEGA DE SER LIBERTICÍDA!', 'parentId': 'UgzQgVgDBmGAnatQRJd4AaABAg', 'authorDisplayName': 'BRUXO', 'authorProfileImageUrl': 'https://yt3.ggpht.com/Pk-QC_I-V9v_qFRsXIopfX6blrX-qWdogpT337bEzHkzq-7aekvtFViXne7LOfQaMcFasBKIHk0=s48-c-k-c0x00ffffff-no-rj', 'authorChannelUrl': 'http://www.youtube.com/channel/UC4aNmHWGyNh0TSw18abZASQ', 'authorChannelId': {'value': 'UC4aNmHWGyNh0TSw18abZASQ'}, 'canRate': True, 'viewerRating': 'none', 'likeCount': 6, 'publishedAt': '2022-10-24T02:52:52Z', 'updatedAt': '2022-10-24T02:52:52Z'}}, {'kind': 'youtube#comment', 'etag': 'q7CRb90PxV3lMVWel9eB5HDnPs8', 'id': 'UgzQgVgDBmGAnatQRJd4AaABAg.9hYB_qqMRKw9hYYJQds931', 'snippet': {'videoId': 'zEfTDpfyt1o', 'textDisplay': '@Karina Cavadas &quot;Nossos&quot; Está acusando e julgando. E se for tudo armação do Sistema para incriminar inocentes?', 'textOriginal': '@Karina Cavadas ""Nossos"" Está acusando e julgando. E se for tudo armação do Sistema para incriminar inocentes?', 'parentId': 'UgzQgVgDBmGAnatQRJd4AaABAg', 'authorDisplayName': 'Marcia Lai Pereira', 'authorProfileImageUrl': 'https://yt3.ggpht.com/ytc/AGIKgqOVuD5NawXi01rBhvQdFrWCr7auXqbMfJyZTA=s48-c-k-c0x00ffffff-no-rj', 'authorChannelUrl': 'http://www.youtube.com/channel/UCaCTN5bdD2sTajsI9i7cR5g', 'authorChannelId': {'value': 'UCaCTN5bdD2sTajsI9i7cR5g'}, 'canRate': True, 'viewerRating': 'none', 'likeCount': 8, 'publishedAt': '2022-10-24T01:53:13Z', 'updatedAt': '2022-10-24T01:53:13Z'}}]}",UCOzp--r5ou5ESGDbIaRVSqg,2022-10-23T22:34:37Z,A justiça trazendo o caos para o país e o incrível é que o povo não elegeu nenhum desses Ministros que estão governando nosso país e desrespeitando as nossas leis.,QURTSl9pM21xUDFqTWNmUmkxVDY0YXBPaFZjWWVPcVl0RGRfbUtzSnF5V25ZQVNPWTJPY2d4aXpxN2V4cE94YkRkYWRIeldKVm9GTEFrWQ==,2023-06-08 14:52:43.800330
youtube#commentThread,azqL54qttDdPJodFLQalOEuyesM,Ugw3ZNtZpNKwJ7irrZZ4AaABAg,"{'videoId': 'zEfTDpfyt1o', 'topLevelComment': {'kind': 'youtube#comment', 'etag': '66WK4_CyBn5vaIH-PhrTJIAIghM', 'id': 'Ugw3ZNtZpNKwJ7irrZZ4AaABAg', 'snippet': {'videoId': 'zEfTDpfyt1o', 'textDisplay': 'Os comentários dos bolsominos, já mostra o nível dessa corja', 'textOriginal': 'Os comentários dos bolsominos, já mostra o nível dessa corja', 'authorDisplayName': 'Rob Silva', 'authorProfileImageUrl': 'https://yt3.ggpht.com/4PGwB3Xb1oMft7GxKIxo-OVSx6KOqU-raz5iCo6I2ZgaODqvbgGTj-0Ei3GNivar-Lmwip90-sE=s48-c-k-c0x00ffffff-no-rj', 'authorChannelUrl': 'http://www.youtube.com/channel/UCfCAAi3XlaNRXvEL9AritKQ', 'authorChannelId': {'value': 'UCfCAAi3XlaNRXvEL9AritKQ'}, 'canRate': True, 'viewerRating': 'none', 'likeCount': 0, 'publishedAt': '2022-10-23T22:34:35Z', 'updatedAt': '2022-10-23T22:34:35Z'}}, 'canReply': True, 'totalReplyCount': 0, 'isPublic': True}",,UCfCAAi3XlaNRXvEL9AritKQ,2022-10-23T22:34:35Z,"Os comentários dos bolsominos, já mostra o nível dessa corja",QURTSl9pM21xUDFqTWNmUmkxVDY0YXBPaFZjWWVPcVl0RGRfbUtzSnF5V25ZQVNPWTJPY2d4aXpxN2V4cE94YkRkYWRIeldKVm9GTEFrWQ==,2023-06-08 14:52:43.800330
youtube#commentThread,91Rg2-hh2eu2x8fGujE1ejY6-KA,UgxWGAZNML9_IfOLy6V4AaABAg,"{'videoId': 'zEfTDpfyt1o', 'topLevelComment': {'kind': 'youtube#comment', 'etag': 'ewynkLBP5BG3URFxQcPTUbxpPYU', 'id': 'UgxWGAZNML9_IfOLy6V4AaABAg', 'snippet': {'videoId': 'zEfTDpfyt1o', 'textDisplay': 'ESTE É O CULTO QUE BOLSONARO GOSTA. EU NAO VOTO NELE', 'textOriginal': 'ESTE É O CULTO QUE BOLSONARO GOSTA. EU NAO VOTO NELE', 'authorDisplayName': 'Eva Rodrigues Barbosa Pelozi', 'authorProfileImageUrl': 'https://yt3.ggpht.com/ytc/AGIKgqNdkGQa9bgbepJ3PDbg_J-UONEWUVrEof9ETbOZmqoLV45CyqPovdkum9R_dCeB=s48-c-k-c0x00ffffff-no-rj', 'authorChannelUrl': 'http://www.youtube.com/channel/UC3z0N4-Bz4RMYL-A_rKgL-g', 'authorChannelId': {'value': 'UC3z0N4-Bz4RMYL-A_rKgL-g'}, 'canRate': True, 'viewerRating': 'none', 'likeCount': 0, 'publishedAt': '2022-10-23T22:34:35Z', 'updatedAt': '2022-10-23T22:34:35Z'}}, 'canReply': True, 'totalReplyCount': 0, 'isPublic': True}",,UC3z0N4-Bz4RMYL-A_rKgL-g,2022-10-23T22:34:35Z,ESTE É O CULTO QUE BOLSONARO GOSTA. EU NAO VOTO NELE,QURTSl9pM21xUDFqTWNmUmkxVDY0YXBPaFZjWWVPcVl0RGRfbUtzSnF5V25ZQVNPWTJPY2d4aXpxN2V4cE94YkRkYWRIeldKVm9GTEFrWQ==,2023-06-08 14:52:43.800330
youtube#commentThread,YuGJ0ZuxNVF7tZWyL_yGfiXd9_o,UgwX5NDo0pZmY0zNfat4AaABAg,"{'videoId': 'zEfTDpfyt1o', 'topLevelComment': {'kind': 'youtube#comment', 'etag': 'pGlvadPSOjQ6tB0MePtXsa_2dSY', 'id': 'UgwX5NDo0pZmY0zNfat4AaABAg', 'snippet': {'videoId': 'zEfTDpfyt1o', 'textDisplay': 'ADIVINHA QUEM COMEÇOU ISSO TUDO??', 'textOriginal': 'ADIVINHA QUEM COMEÇOU ISSO TUDO??', 'authorDisplayName': 'Lorena Medeiros', 'authorProfileImageUrl': 'https://yt3.ggpht.com/CXzWPnKE9XmFAA8YsOhVIRQrpyNF1ll1LFPepLWTVDt24RuBY7F2LJmHNpi7UQA8IgYmMjAJ=s48-c-k-c0x00ffffff-no-rj', 'authorChannelUrl': 'http://www.youtube.com/channel/UCQkDzglcVAmY1RQZf6U-oxg', 'authorChannelId': {'value': 'UCQkDzglcVAmY1RQZf6U-oxg'}, 'canRate': True, 'viewerRating': 'none', 'likeCount': 0, 'publishedAt': '2022-10-23T22:34:33Z', 'updatedAt': '2022-10-23T22:34:33Z'}}, 'canReply': True, 'totalReplyCount': 1, 'isPublic': True}","{'comments': [{'kind': 'youtube#comment', 'etag': 'yMZM0vpbAU8G26aSE3AKXw6N_PQ', 'id': 'UgwX5NDo0pZmY0zNfat4AaABAg.9hYB_NGUY2r9hYC57W9grR', 'snippet': {'videoId': 'zEfTDpfyt1o', 'textDisplay': 'O careca do stf', 'textOriginal': 'O careca do stf', 'parentId': 'UgwX5NDo0pZmY0zNfat4AaABAg', 'authorDisplayName': 'Lui_', 'authorProfileImageUrl': 'https://yt3.ggpht.com/IhRzBZsm-sxxNS5c2SlxwskpiL0LEJaDV3xGQ2w-rSTJqa6mlGMK5YdpLnDwK-Ck8u3vLw8vJw=s48-c-k-c0x00ffffff-no-rj', 'authorChannelUrl': 'http://www.youtube.com/channel/UCOWYSlQgGVz2C9TIm6sPPcQ', 'authorChannelId': {'value': 'UCOWYSlQgGVz2C9TIm6sPPcQ'}, 'canRate': True, 'viewerRating': 'none', 'likeCount': 0, 'publishedAt': '2022-10-23T22:39:02Z', 'updatedAt': '2022-10-23T22:39:02Z'}}]}",UCQkDzglcVAmY1RQZf6U-oxg,2022-10-23T22:34:33Z,ADIVINHA QUEM COMEÇOU ISSO TUDO??,QURTSl9pM21xUDFqTWNmUmkxVDY0YXBPaFZjWWVPcVl0RGRfbUtzSnF5V25ZQVNPWTJPY2d4aXpxN2V4cE94YkRkYWRIeldKVm9GTEFrWQ==,2023-06-08 14:52:43.800330
youtube#commentThread,hLJc4zILcBcH3BEt527UlwrQvNw,UgyimJpNNJNns52cLHJ4AaABAg,"{'videoId': 'zEfTDpfyt1o', 'topLevelComment': {'kind': 'youtube#comment', 'etag': '-iAsaWopGsADlj2j8isqE29_bEk', 'id': 'UgyimJpNNJNns52cLHJ4AaABAg', 'snippet': {'videoId': 'zEfTDpfyt1o', 'textDisplay': 'Não foi acidente o profissional foi agredido', 'textOriginal': 'Não foi acidente o profissional foi agredido', 'authorDisplayName': 'Reiv', 'authorProfileImageUrl': 'https://yt3.ggpht.com/ytc/AGIKgqMitr-C5vZgLyr7lOrVrcuN_dE9mZRwXOkDewDtEg=s48-c-k-c0x00ffffff-no-rj', 'authorChannelUrl': 'http://www.youtube.com/channel/UClllhvboSXBVppN28hjTEMg', 'authorChannelId': {'value': 'UClllhvboSXBVppN28hjTEMg'}, 'canRate': True, 'viewerRating': 'none', 'likeCount': 0, 'publishedAt': '2022-10-23T22:34:31Z', 'updatedAt': '2022-10-23T22:34:31Z'}}, 'canReply': True, 'totalReplyCount': 0, 'isPublic': True}",,UClllhvboSXBVppN28hjTEMg,2022-10-23T22:34:31Z,Não foi acidente o profissional foi agredido,QURTSl9pM21xUDFqTWNmUmkxVDY0YXBPaFZjWWVPcVl0RGRfbUtzSnF5V25ZQVNPWTJPY2d4aXpxN2V4cE94YkRkYWRIeldKVm9GTEFrWQ==,2023-06-08 14:52:43.800330
youtube#commentThread,_0CCQAtVr6mhWkIxg060BwXX3MI,UgwFumZr-vSxBTpfN4t4AaABAg,"{'videoId': 'zEfTDpfyt1o', 'topLevelComment': {'kind': 'youtube#comment', 'etag': 'mX0UuKvHsDK8zNAN-XbKdDJRTxY', 'id': 'UgwFumZr-vSxBTpfN4t4AaABAg', 'snippet': {'videoId': 'zEfTDpfyt1o', 'textDisplay': 'os jornalistas nos agridem constantemente com suas mentiras então estão colhendo o que plantam. Querem ser tratados melhor então parem de fazer o povo de besta!', 'textOriginal': 'os jornalistas nos agridem constantemente com suas mentiras então estão colhendo o que plantam. Querem ser tratados melhor então parem de fazer o povo de besta!', 'authorDisplayName': 'Patria News', 'authorProfileImageUrl': 'https://yt3.ggpht.com/MfOPQjOJl6MC5LnD66o8tLfYgCjOIc0w0RCOBgj-zUeO39LZ9T78Zoaktu-63OEs8OIyPtDZFw=s48-c-k-c0x00ffffff-no-rj', 'authorChannelUrl': 'http://www.youtube.com/channel/UCNJhR8vbVeCdcMp8_HK_jUw', 'authorChannelId': {'value': 'UCNJhR8vbVeCdcMp8_HK_jUw'}, 'canRate': True, 'viewerRating': 'none', 'likeCount': 0, 'publishedAt': '2022-10-23T22:34:31Z', 'updatedAt': '2022-10-23T22:34:31Z'}}, 'canReply': True, 'totalReplyCount': 0, 'isPublic': True}",,UCNJhR8vbVeCdcMp8_HK_jUw,2022-10-23T22:34:31Z,os jornalistas nos agridem constantemente com suas mentiras então estão colhendo o que plantam. Querem ser tratados melhor então parem de fazer o povo de besta!,QURTSl9pM21xUDFqTWNmUmkxVDY0YXBPaFZjWWVPcVl0RGRfbUtzSnF5V25ZQVNPWTJPY2d4aXpxN2V4cE94YkRkYWRIeldKVm9GTEFrWQ==,2023-06-08 14:52:43.800330
youtube#commentThread,aRrCu2cTZwOmPYpLK17Lg3bVl_Q,Ugxu3_dhCCAX0gaqhS94AaABAg,"{'videoId': 'zEfTDpfyt1o', 'topLevelComment': {'kind': 'youtube#comment', 'etag': 'O55oNQS_S_RMlTJdHK2iQf2Qwic', 'id': 'Ugxu3_dhCCAX0gaqhS94AaABAg', 'snippet': {'videoId': 'zEfTDpfyt1o', 'textDisplay': 'Está muito esquisito tudo isso, quem garante que não foi tramado isso? Mais ibope contra os “Bolsonaristas violentos”', 'textOriginal': 'Está muito esquisito tudo isso, quem garante que não foi tramado isso? Mais ibope contra os “Bolsonaristas violentos”', 'authorDisplayName': 'ZaFfiR ShOrts', 'authorProfileImageUrl': 'https://yt3.ggpht.com/-eAsuvcWJ8JJbYC-HctOgl9eISLrbhZFzxygxsuyECw4jVF9awlg_CaN9idRA33oQXTNVojeZg=s48-c-k-c0x00ffffff-no-rj', 'authorChannelUrl': 'http://www.youtube.com/channel/UC3EvzUDyiXEiARKqHyeKOyw', 'authorChannelId': {'value': 'UC3EvzUDyiXEiARKqHyeKOyw'}, 'canRate': True, 'viewerRating': 'none', 'likeCount': 1, 'publishedAt': '2022-10-23T22:34:27Z', 'updatedAt': '2022-10-23T22:34:27Z'}}, 'canReply': True, 'totalReplyCount': 0, 'isPublic': True}",,UC3EvzUDyiXEiARKqHyeKOyw,2022-10-23T22:34:27Z,"Está muito esquisito tudo isso, quem garante que não foi tramado isso? Mais ibope contra os “Bolsonaristas violentos”",QURTSl9pM21xUDFqTWNmUmkxVDY0YXBPaFZjWWVPcVl0RGRfbUtzSnF5V25ZQVNPWTJPY2d4aXpxN2V4cE94YkRkYWRIeldKVm9GTEFrWQ==,2023-06-08 14:52:43.800330
youtube#commentThread,IEyUZ7D65Ffggw9JwoZLX5-OPvs,Ugx1ZSVtlw-IQn4hlMZ4AaABAg,"{'videoId': 'zEfTDpfyt1o', 'topLevelComment': {'kind': 'youtube#comment', 'etag': 'ymnYKGnqyzlcQZhImM0cor3KZ4I', 'id': 'Ugx1ZSVtlw-IQn4hlMZ4AaABAg', 'snippet': {'videoId': 'zEfTDpfyt1o', 'textDisplay': 'Pode ser armação', 'textOriginal': 'Pode ser armação', 'authorDisplayName': 'Daniel Freitas Fernandes', 'authorProfileImageUrl': 'https://yt3.ggpht.com/ytc/AGIKgqNJ0DTtnwZAtEaH3noVe9L1o6pFk9vlf5hdr8mZN31aku3lq7F81jvMXur_FiWs=s48-c-k-c0x00ffffff-no-rj', 'authorChannelUrl': 'http://www.youtube.com/channel/UCwHIk-Mo0507V8Uibb6fphQ', 'authorChannelId': {'value': 'UCwHIk-Mo0507V8Uibb6fphQ'}, 'canRate': True, 'viewerRating': 'none', 'likeCount': 0, 'publishedAt': '2022-10-23T22:34:25Z', 'updatedAt': '2022-10-23T22:34:25Z'}}, 'canReply': True, 'totalReplyCount': 0, 'isPublic': True}",,UCwHIk-Mo0507V8Uibb6fphQ,2022-10-23T22:34:25Z,Pode ser armação,QURTSl9pM21xUDFqTWNmUmkxVDY0YXBPaFZjWWVPcVl0RGRfbUtzSnF5V25ZQVNPWTJPY2d4aXpxN2V4cE94YkRkYWRIeldKVm9GTEFrWQ==,2023-06-08 14:52:43.800330
youtube#commentThread,X22SKCZAwByr-wffYhvpjAZSuXY,UgziJlO0SOpZjAHuz0t4AaABAg,"{'videoId': 'zEfTDpfyt1o', 'topLevelComment': {'kind': 'youtube#comment', 'etag': 'WRFgKv15jWytpLHb7hIE7NAdEow', 'id': 'UgziJlO0SOpZjAHuz0t4AaABAg', 'snippet': {'videoId': 'zEfTDpfyt1o', 'textDisplay': 'É lamentável essa agressão,  mas a Globo está colhendo o que planta e todo esse ódio é  resultante das ações infelizes de um stf ilegítimo, que espalha injustiças e atropela as leis do país, pondo em risco nossa democracia,  as ações desses tiranos de toga são os responsáveis por tudo isso.', 'textOriginal': 'É lamentável essa agressão,  mas a Globo está colhendo o que planta e todo esse ódio é  resultante das ações infelizes de um stf ilegítimo, que espalha injustiças e atropela as leis do país, pondo em risco nossa democracia,  as ações desses tiranos de toga são os responsáveis por tudo isso.', 'authorDisplayName': 'tadeu gomes', 'authorProfileImageUrl': 'https://yt3.ggpht.com/ytc/AGIKgqNU-yAvhRxwOW9ySq_s-mmRtweYEcOO7JLMmWT5Vg=s48-c-k-c0x00ffffff-no-rj', 'authorChannelUrl': 'http://www.youtube.com/channel/UCMYgew___mo4h7bisNol_YA', 'authorChannelId': {'value': 'UCMYgew___mo4h7bisNol_YA'}, 'canRate': True, 'viewerRating': 'none', 'likeCount': 0, 'publishedAt': '2022-10-23T22:34:23Z', 'updatedAt': '2022-10-23T22:34:23Z'}}, 'canReply': True, 'totalReplyCount': 0, 'isPublic': True}",,UCMYgew___mo4h7bisNol_YA,2022-10-23T22:34:23Z,"É lamentável essa agressão,  mas a Globo está colhendo o que planta e todo esse ódio é  resultante das ações infelizes de um stf ilegítimo, que espalha injustiças e atropela as leis do país, pondo em risco nossa democracia,  as ações desses tiranos de toga são os responsáveis por tudo isso.",QURTSl9pM21xUDFqTWNmUmkxVDY0YXBPaFZjWWVPcVl0RGRfbUtzSnF5V25ZQVNPWTJPY2d4aXpxN2V4cE94YkRkYWRIeldKVm9GTEFrWQ==,2023-06-08 14:52:43.800330
youtube#commentThread,8Y4iYwaZY-c8D1oYieTfnRpK1Aw,UgzSK6HsSlKjNLVi5Lh4AaABAg,"{'videoId': 'zEfTDpfyt1o', 'topLevelComment': {'kind': 'youtube#comment', 'etag': 'HYpc_DNojNonpIkrdXZgBk6UhDA', 'id': 'UgzSK6HsSlKjNLVi5Lh4AaABAg', 'snippet': {'videoId': 'zEfTDpfyt1o', 'textDisplay': 'Apoiadores de Roberto Jefferson SÃO APOIADORES DE BOLSONARO.', 'textOriginal': 'Apoiadores de Roberto Jefferson SÃO APOIADORES DE BOLSONARO.', 'authorDisplayName': 'olivertyrrel', 'authorProfileImageUrl': 'https://yt3.ggpht.com/ytc/AGIKgqOMZqbwZOevdxgcGmi_7ACLKX8qerB6Rtu0Jw=s48-c-k-c0x00ffffff-no-rj', 'authorChannelUrl': 'http://www.youtube.com/channel/UCLP-KEGJQ-YPZBnnjt3glmQ', 'authorChannelId': {'value': 'UCLP-KEGJQ-YPZBnnjt3glmQ'}, 'canRate': True, 'viewerRating': 'none', 'likeCount': 0, 'publishedAt': '2022-10-23T22:34:21Z', 'updatedAt': '2022-10-23T22:34:21Z'}}, 'canReply': True, 'totalReplyCount': 0, 'isPublic': True}",,UCLP-KEGJQ-YPZBnnjt3glmQ,2022-10-23T22:34:21Z,Apoiadores de Roberto Jefferson SÃO APOIADORES DE BOLSONARO.,QURTSl9pM21xUDFqTWNmUmkxVDY0YXBPaFZjWWVPcVl0RGRfbUtzSnF5V25ZQVNPWTJPY2d4aXpxN2V4cE94YkRkYWRIeldKVm9GTEFrWQ==,2023-06-08 14:52:43.800330
youtube#commentThread,E9R_hg7SrQyO28YoES2ocCsQw6A,Ugz2doW8_TfdKB0ajiR4AaABAg,"{'videoId': 'zEfTDpfyt1o', 'topLevelComment': {'kind': 'youtube#comment', 'etag': 'SGA_mu432bHIuvKQjy2nb74TUoU', 'id': 'Ugz2doW8_TfdKB0ajiR4AaABAg', 'snippet': {'videoId': 'zEfTDpfyt1o', 'textDisplay': 'Bob Jef é o cara', 'textOriginal': 'Bob Jef é o cara', 'authorDisplayName': 'rubens piu', 'authorProfileImageUrl': 'https://yt3.ggpht.com/ytc/AGIKgqM3ipzLKph15-Yr_A5oCPehY__b-K4BZ3exHxg8Qeg=s48-c-k-c0x00ffffff-no-rj', 'authorChannelUrl': 'http://www.youtube.com/channel/UChjrTaf5lryYjoukEtdZJzg', 'authorChannelId': {'value': 'UChjrTaf5lryYjoukEtdZJzg'}, 'canRate': True, 'viewerRating': 'none', 'likeCount': 1, 'publishedAt': '2022-10-23T22:34:20Z', 'updatedAt': '2022-10-23T22:34:20Z'}}, 'canReply': True, 'totalReplyCount': 0, 'isPublic': True}",,UChjrTaf5lryYjoukEtdZJzg,2022-10-23T22:34:20Z,Bob Jef é o cara,QURTSl9pM21xUDFqTWNmUmkxVDY0YXBPaFZjWWVPcVl0RGRfbUtzSnF5V25ZQVNPWTJPY2d4aXpxN2V4cE94YkRkYWRIeldKVm9GTEFrWQ==,2023-06-08 14:52:43.800330
youtube#commentThread,_FqYOauPPI1kZ8DL_tTKcFHHg1c,Ugww4CJhq_LgSlzHxX54AaABAg,"{'videoId': 'zEfTDpfyt1o', 'topLevelComment': {'kind': 'youtube#comment', 'etag': 'snkTs2Z6Q7e7R8vMfSFBYicLtcw', 'id': 'Ugww4CJhq_LgSlzHxX54AaABAg', 'snippet': {'videoId': 'zEfTDpfyt1o', 'textDisplay': 'Então na hora da censura da Jovem Pan ficaram quietinhos né Não soltaram nenhuma nota de repolho Agora aguenta', 'textOriginal': 'Então na hora da censura da Jovem Pan ficaram quietinhos né Não soltaram nenhuma nota de repolho Agora aguenta', 'authorDisplayName': 'Marcos Trad Sevá', 'authorProfileImageUrl': 'https://yt3.ggpht.com/ytc/AGIKgqNbvyJsYWWbPD9uNWW-Ffi8NTyNTJUVL_bysQ=s48-c-k-c0x00ffffff-no-rj', 'authorChannelUrl': 'http://www.youtube.com/channel/UCfzrA6ZtxuSKL8cEUymkFTQ', 'authorChannelId': {'value': 'UCfzrA6ZtxuSKL8cEUymkFTQ'}, 'canRate': True, 'viewerRating': 'none', 'likeCount': 0, 'publishedAt': '2022-10-23T22:34:20Z', 'updatedAt': '2022-10-23T22:34:20Z'}}, 'canReply': True, 'totalReplyCount': 0, 'isPublic': True}",,UCfzrA6ZtxuSKL8cEUymkFTQ,2022-10-23T22:34:20Z,Então na hora da censura da Jovem Pan ficaram quietinhos né Não soltaram nenhuma nota de repolho Agora aguenta,QURTSl9pM21xUDFqTWNmUmkxVDY0YXBPaFZjWWVPcVl0RGRfbUtzSnF5V25ZQVNPWTJPY2d4aXpxN2V4cE94YkRkYWRIeldKVm9GTEFrWQ==,2023-06-08 14:52:43.800330
youtube#commentThread,rnmFM-QsofH4ynPTbgl5gw-LPEQ,Ugxk6FTF5WyRwHGaY2V4AaABAg,"{'videoId': 'zEfTDpfyt1o', 'topLevelComment': {'kind': 'youtube#comment', 'etag': 'AhXpBd0Rp5LyPHr-g2uFBsquuCE', 'id': 'Ugxk6FTF5WyRwHGaY2V4AaABAg', 'snippet': {'videoId': 'zEfTDpfyt1o', 'textDisplay': 'a culpa é do Pacheco que não pauta os impeachment dos canalhas do supremo puteiro!', 'textOriginal': 'a culpa é do Pacheco que não pauta os impeachment dos canalhas do supremo puteiro!', 'authorDisplayName': 'RAFAEL FAYNE', 'authorProfileImageUrl': 'https://yt3.ggpht.com/fv4Poy5qZzme5ZL3jjVyIirS_tQvFG9455xPUj0dIegpJ2B1go-GXdGWj7LiyI41C_3zJAy7vg=s48-c-k-c0x00ffffff-no-rj', 'authorChannelUrl': 'http://www.youtube.com/channel/UCLT1CVzVL6lOZmhwgFomayQ', 'authorChannelId': {'value': 'UCLT1CVzVL6lOZmhwgFomayQ'}, 'canRate': True, 'viewerRating': 'none', 'likeCount': 0, 'publishedAt': '2022-10-23T22:34:16Z', 'updatedAt': '2022-10-23T22:34:16Z'}}, 'canReply': True, 'totalReplyCount': 0, 'isPublic': True}",,UCLT1CVzVL6lOZmhwgFomayQ,2022-10-23T22:34:16Z,a culpa é do Pacheco que não pauta os impeachment dos canalhas do supremo puteiro!,QURTSl9pM21xUDFqTWNmUmkxVDY0YXBPaFZjWWVPcVl0RGRfbUtzSnF5V25ZQVNPWTJPY2d4aXpxN2V4cE94YkRkYWRIeldKVm9GTEFrWQ==,2023-06-08 14:52:43.800330
youtube#commentThread,qXckcFk0WKy8BXlt2DlHE5K595w,UgwKnr9W156CuPJt_lF4AaABAg,"{'videoId': 'zEfTDpfyt1o', 'topLevelComment': {'kind': 'youtube#comment', 'etag': 'bSHQwMrYuB75Nbizp-y--o9d0sg', 'id': 'UgwKnr9W156CuPJt_lF4AaABAg', 'snippet': {'videoId': 'zEfTDpfyt1o', 'textDisplay': 'Redima-se.', 'textOriginal': 'Redima-se.', 'authorDisplayName': 'Edson Gilmar Schwingel', 'authorProfileImageUrl': 'https://yt3.ggpht.com/ytc/AGIKgqM4lrcAsNNuAJs7dY755g1WqO9QgRmCwAXx4Q=s48-c-k-c0x00ffffff-no-rj', 'authorChannelUrl': 'http://www.youtube.com/channel/UCLtuZOm0S3svZ8uZsekufyA', 'authorChannelId': {'value': 'UCLtuZOm0S3svZ8uZsekufyA'}, 'canRate': True, 'viewerRating': 'none', 'likeCount': 0, 'publishedAt': '2022-10-23T22:34:08Z', 'updatedAt': '2022-10-23T22:34:08Z'}}, 'canReply': True, 'totalReplyCount': 0, 'isPublic': True}",,UCLtuZOm0S3svZ8uZsekufyA,2022-10-23T22:34:08Z,Redima-se.,QURTSl9pM21xUDFqTWNmUmkxVDY0YXBPaFZjWWVPcVl0RGRfbUtzSnF5V25ZQVNPWTJPY2d4aXpxN2V4cE94YkRkYWRIeldKVm9GTEFrWQ==,2023-06-08 14:52:43.800330
youtube#commentThread,6wz5RZvAlFKMsh8EhXWx6dc0X5M,UgwLhNtde6smPHz3N3h4AaABAg,"{'videoId': 'zEfTDpfyt1o', 'topLevelComment': {'kind': 'youtube#comment', 'etag': 'MwcXD4OnoGgIuQZSG7SkfxFgzO0', 'id': 'UgwLhNtde6smPHz3N3h4AaABAg', 'snippet': {'videoId': 'zEfTDpfyt1o', 'textDisplay': 'Tem como dar haha?', 'textOriginal': 'Tem como dar haha?', 'authorDisplayName': 'Gabriel Martins', 'authorProfileImageUrl': 'https://yt3.ggpht.com/ytc/AGIKgqPcdBg3SAqcZINPj426MY5BAj977nN5PTQDuDimIQ=s48-c-k-c0x00ffffff-no-rj', 'authorChannelUrl': 'http://www.youtube.com/channel/UCwYIYRjGWL3pnhL5fHMb6SQ', 'authorChannelId': {'value': 'UCwYIYRjGWL3pnhL5fHMb6SQ'}, 'canRate': True, 'viewerRating': 'none', 'likeCount': 0, 'publishedAt': '2022-10-23T22:34:05Z', 'updatedAt': '2022-10-23T22:34:05Z'}}, 'canReply': True, 'totalReplyCount': 0, 'isPublic': True}",,UCwYIYRjGWL3pnhL5fHMb6SQ,2022-10-23T22:34:05Z,Tem como dar haha?,QURTSl9pM21xUDFqTWNmUmkxVDY0YXBPaFZjWWVPcVl0RGRfbUtzSnF5V25ZQVNPWTJPY2d4aXpxN2V4cE94YkRkYWRIeldKVm9GTEFrWQ==,2023-06-08 14:52:43.800330
youtube#commentThread,TC-lnq7ekw1hHpr_gO_ajNkbhgw,Ugy7dFjSgl_liIzGwk94AaABAg,"{'videoId': 'zEfTDpfyt1o', 'topLevelComment': {'kind': 'youtube#comment', 'etag': 'b82NfVSFk6pgeaBeO8T3O5VWdLo', 'id': 'Ugy7dFjSgl_liIzGwk94AaABAg', 'snippet': {'videoId': 'zEfTDpfyt1o', 'textDisplay': 'A jovem pan  tá repudiando toda hora  o que aconteceu com o câmera da globolixo...<br>Mas duvido se fosse o contrário a globolixo   não ia defender e sim contar outra estória ....', 'textOriginal': 'A jovem pan  tá repudiando toda hora  o que aconteceu com o câmera da globolixo...\\nMas duvido se fosse o contrário a globolixo   não ia defender e sim contar outra estória ....', 'authorDisplayName': 'Sonia Rocha', 'authorProfileImageUrl': 'https://yt3.ggpht.com/j0OYIag4XPxl_LpicK048CigTiqkbjQsH8jhag_udgL4L2iXkZm4OSJ9TAvuleltDNx0BRFv=s48-c-k-c0x00ffffff-no-rj', 'authorChannelUrl': 'http://www.youtube.com/channel/UCurQM9gWlrPbsYgZc1na_2w', 'authorChannelId': {'value': 'UCurQM9gWlrPbsYgZc1na_2w'}, 'canRate': True, 'viewerRating': 'none', 'likeCount': 1, 'publishedAt': '2022-10-23T22:34:02Z', 'updatedAt': '2022-10-23T22:36:54Z'}}, 'canReply': True, 'totalReplyCount': 1, 'isPublic': True}","{'comments': [{'kind': 'youtube#comment', 'etag': 't38owWON5U41j_qqqrBZs0COcZA', 'id': 'Ugy7dFjSgl_liIzGwk94AaABAg.9hYBWXuUWX09hYBjgaxEcQ', 'snippet': {'videoId': 'zEfTDpfyt1o', 'textDisplay': 'Que ódio hein.', 'textOriginal': 'Que ódio hein.', 'parentId': 'Ugy7dFjSgl_liIzGwk94AaABAg', 'authorDisplayName': 'Rogério Pereira', 'authorProfileImageUrl': 'https://yt3.ggpht.com/TLA_-6owIwDc4simN2m5Gixsi-dAjFnG9VImJzYETRLikIaVDn6d-bvCpp7To3EdLPCCBY4L-g=s48-c-k-c0x00ffffff-no-rj', 'authorChannelUrl': 'http://www.youtube.com/channel/UCOqWlHNGodq3VHR_2kCmrNw', 'authorChannelId': {'value': 'UCOqWlHNGodq3VHR_2kCmrNw'}, 'canRate': True, 'viewerRating': 'none', 'likeCount': 0, 'publishedAt': '2022-10-23T22:35:58Z', 'updatedAt': '2022-10-23T22:35:58Z'}}]}",UCurQM9gWlrPbsYgZc1na_2w,2022-10-23T22:34:02Z,"A jovem pan  tá repudiando toda hora  o que aconteceu com o câmera da globolixo...
Mas duvido se fosse o contrário a globolixo   não ia defender e sim contar outra estória ....",QURTSl9pM21xUDFqTWNmUmkxVDY0YXBPaFZjWWVPcVl0RGRfbUtzSnF5V25ZQVNPWTJPY2d4aXpxN2V4cE94YkRkYWRIeldKVm9GTEFrWQ==,2023-06-08 14:52:43.800330
youtube#commentThread,Q9SCpWZjlpFS71oTXFD8TY2rN-Q,UgwF7GJzXJYwJziYh-x4AaABAg,"{'videoId': 'zEfTDpfyt1o', 'topLevelComment': {'kind': 'youtube#comment', 'etag': 'IEPG2FCyeNyScxfCfcnlZ8KoEnQ', 'id': 'UgwF7GJzXJYwJziYh-x4AaABAg', 'snippet': {'videoId': 'zEfTDpfyt1o', 'textDisplay': 'Essa emissora é a grande culpada do vandalismo que sofremos', 'textOriginal': 'Essa emissora é a grande culpada do vandalismo que sofremos', 'authorDisplayName': 'EDU CASTRO', 'authorProfileImageUrl': 'https://yt3.ggpht.com/ytc/AGIKgqPLAKO2V35d1lAMqzAuD3P7aqMkUdyRhe90QxPhBRM=s48-c-k-c0x00ffffff-no-rj', 'authorChannelUrl': 'http://www.youtube.com/channel/UCDxVkFzDkIbzkIRSvBlNwLg', 'authorChannelId': {'value': 'UCDxVkFzDkIbzkIRSvBlNwLg'}, 'canRate': True, 'viewerRating': 'none', 'likeCount': 2, 'publishedAt': '2022-10-23T22:34:01Z', 'updatedAt': '2022-10-23T22:34:01Z'}}, 'canReply': True, 'totalReplyCount': 1, 'isPublic': True}","{'comments': [{'kind': 'youtube#comment', 'etag': 'ie8T4p2hi8aFQLbXztVbQ67iQwU', 'id': 'UgwF7GJzXJYwJziYh-x4AaABAg.9hYBWPtR1nk9htex7okypL', 'snippet': {'videoId': 'zEfTDpfyt1o', 'textDisplay': 'Culpado são vagabundos tipo vc q defende bandidos ,seu energúmeno', 'textOriginal': 'Culpado são vagabundos tipo vc q defende bandidos ,seu energúmeno', 'parentId': 'UgwF7GJzXJYwJziYh-x4AaABAg', 'authorDisplayName': 'Samuca', 'authorProfileImageUrl': 'https://yt3.ggpht.com/uZ71KO1oXUlZxhUXjBktnSvTZ9ECG3nvkVenWnPE1Jzd2XCQTN6DkH3kW4ugzN_FWVIYrX4tPTw=s48-c-k-c0x00ffffff-no-rj', 'authorChannelUrl': 'http://www.youtube.com/channel/UCabk-HgBMndy4SYv58iT_cQ', 'authorChannelId': {'value': 'UCabk-HgBMndy4SYv58iT_cQ'}, 'canRate': True, 'viewerRating': 'none', 'likeCount': 0, 'publishedAt': '2022-11-01T16:03:14Z', 'updatedAt': '2022-11-01T16:03:14Z'}}]}",UCDxVkFzDkIbzkIRSvBlNwLg,2022-10-23T22:34:01Z,Essa emissora é a grande culpada do vandalismo que sofremos,QURTSl9pM21xUDFqTWNmUmkxVDY0YXBPaFZjWWVPcVl0RGRfbUtzSnF5V25ZQVNPWTJPY2d4aXpxN2V4cE94YkRkYWRIeldKVm9GTEFrWQ==,2023-06-08 14:52:43.800330
youtube#commentThread,1Lz_JE0xKnNGI6lmg9etzMCzGDM,UgxwEQwhsoBG_3oNzdN4AaABAg,"{'videoId': 'zEfTDpfyt1o', 'topLevelComment': {'kind': 'youtube#comment', 'etag': 'L93AIIooWXmBndIKQLSyuVrZmIA', 'id': 'UgxwEQwhsoBG_3oNzdN4AaABAg', 'snippet': {'videoId': 'zEfTDpfyt1o', 'textDisplay': 'Esses petistas estelionatários travestidos de revolucionários esses são os petistas que saquearam o Brasil querem agora bancar de Salvador dá pátria querem agora bancar de Salvador dá pátria', 'textOriginal': 'Esses petistas estelionatários travestidos de revolucionários esses são os petistas que saquearam o Brasil querem agora bancar de Salvador dá pátria querem agora bancar de Salvador dá pátria', 'authorDisplayName': 'Zeq999 Gestal', 'authorProfileImageUrl': 'https://yt3.ggpht.com/ytc/AGIKgqPDGHORoTc-m8jx-iem1i3yUXtcsI-4Ym-0XQ=s48-c-k-c0x00ffffff-no-rj', 'authorChannelUrl': 'http://www.youtube.com/channel/UCNT0m_beY82f_yADLTwMZFQ', 'authorChannelId': {'value': 'UCNT0m_beY82f_yADLTwMZFQ'}, 'canRate': True, 'viewerRating': 'none', 'likeCount': 0, 'publishedAt': '2022-10-23T22:34:00Z', 'updatedAt': '2022-10-23T22:34:00Z'}}, 'canReply': True, 'totalReplyCount': 0, 'isPublic': True}",,UCNT0m_beY82f_yADLTwMZFQ,2022-10-23T22:34:00Z,Esses petistas estelionatários travestidos de revolucionários esses são os petistas que saquearam o Brasil querem agora bancar de Salvador dá pátria querem agora bancar de Salvador dá pátria,QURTSl9pM21xUDFqTWNmUmkxVDY0YXBPaFZjWWVPcVl0RGRfbUtzSnF5V25ZQVNPWTJPY2d4aXpxN2V4cE94YkRkYWRIeldKVm9GTEFrWQ==,2023-06-08 14:52:43.800330
youtube#commentThread,enqmYPosCDW9tozSoyeXh71DbkQ,UgzTlfCBm9ka4Lb2uV14AaABAg,"{'videoId': 'zEfTDpfyt1o', 'topLevelComment': {'kind': 'youtube#comment', 'etag': '3plkTShpXbBXFOw-3pU_-SsNsjA', 'id': 'UgzTlfCBm9ka4Lb2uV14AaABAg', 'snippet': {'videoId': 'zEfTDpfyt1o', 'textDisplay': 'Povo violento', 'textOriginal': 'Povo violento', 'authorDisplayName': 'Sebastiao Trindade', 'authorProfileImageUrl': 'https://yt3.ggpht.com/ytc/AGIKgqMGLe06eg4Z1H6_cKhRzf63UMzQIbCLebLWG5v8dg7FbkXt30g_qFJHSosbMYJ1=s48-c-k-c0x00ffffff-no-rj', 'authorChannelUrl': 'http://www.youtube.com/channel/UCBTUCkvgT5yx_UrZ1nSDBuQ', 'authorChannelId': {'value': 'UCBTUCkvgT5yx_UrZ1nSDBuQ'}, 'canRate': True, 'viewerRating': 'none', 'likeCount': 1, 'publishedAt': '2022-10-23T22:34:00Z', 'updatedAt': '2022-10-23T22:34:00Z'}}, 'canReply': True, 'totalReplyCount': 0, 'isPublic': True}",,UCBTUCkvgT5yx_UrZ1nSDBuQ,2022-10-23T22:34:00Z,Povo violento,QURTSl9pM21xUDFqTWNmUmkxVDY0YXBPaFZjWWVPcVl0RGRfbUtzSnF5V25ZQVNPWTJPY2d4aXpxN2V4cE94YkRkYWRIeldKVm9GTEFrWQ==,2023-06-08 14:52:43.800330
youtube#commentThread,O9GDV_9PD5qF8-jnqBGymMY-SMQ,UgwN9kndSPil2dfJ6_B4AaABAg,"{'videoId': 'zEfTDpfyt1o', 'topLevelComment': {'kind': 'youtube#comment', 'etag': 'a-lo-dC4cgN_vbAUIBtDeaxDVaA', 'id': 'UgwN9kndSPil2dfJ6_B4AaABAg', 'snippet': {'videoId': 'zEfTDpfyt1o', 'textDisplay': 'Nada justifica essa agressão violenta e covarde... Alexandre de Moraes está conseguindo desestabilizar a sociedade brasileira.', 'textOriginal': 'Nada justifica essa agressão violenta e covarde... Alexandre de Moraes está conseguindo desestabilizar a sociedade brasileira.', 'authorDisplayName': 'Iractan Araújo', 'authorProfileImageUrl': 'https://yt3.ggpht.com/ytc/AGIKgqOPR3y55YDTdGI6iE9LtnvaesRCrzZLxbao4w=s48-c-k-c0x00ffffff-no-rj', 'authorChannelUrl': 'http://www.youtube.com/channel/UCL0GpII_HZ1Fbz0QJCPn2GA', 'authorChannelId': {'value': 'UCL0GpII_HZ1Fbz0QJCPn2GA'}, 'canRate': True, 'viewerRating': 'none', 'likeCount': 2, 'publishedAt': '2022-10-23T22:33:57Z', 'updatedAt': '2022-10-23T22:33:57Z'}}, 'canReply': True, 'totalReplyCount': 0, 'isPublic': True}",,UCL0GpII_HZ1Fbz0QJCPn2GA,2022-10-23T22:33:57Z,Nada justifica essa agressão violenta e covarde... Alexandre de Moraes está conseguindo desestabilizar a sociedade brasileira.,QURTSl9pM21xUDFqTWNmUmkxVDY0YXBPaFZjWWVPcVl0RGRfbUtzSnF5V25ZQVNPWTJPY2d4aXpxN2V4cE94YkRkYWRIeldKVm9GTEFrWQ==,2023-06-08 14:52:43.800330
youtube#commentThread,4YM-j-scirwhY-J3CXFlhd0oaXk,UgwjybrewIV74lJKmhJ4AaABAg,"{'videoId': 'zEfTDpfyt1o', 'topLevelComment': {'kind': 'youtube#comment', 'etag': 'o8c2hR9Cf6MMtZqh73IVJQ1wwT4', 'id': 'UgwjybrewIV74lJKmhJ4AaABAg', 'snippet': {'videoId': 'zEfTDpfyt1o', 'textDisplay': 'Ta fugindo do controle', 'textOriginal': 'Ta fugindo do controle', 'authorDisplayName': 'Ju Liborio', 'authorProfileImageUrl': 'https://yt3.ggpht.com/ytc/AGIKgqOFJupzPBArqnKQvV2woT55PJRqphZc7cf4tXYJfw=s48-c-k-c0x00ffffff-no-rj', 'authorChannelUrl': 'http://www.youtube.com/channel/UC4U3-vGQ8nDCUy9mTOXnL2w', 'authorChannelId': {'value': 'UC4U3-vGQ8nDCUy9mTOXnL2w'}, 'canRate': True, 'viewerRating': 'none', 'likeCount': 0, 'publishedAt': '2022-10-23T22:33:56Z', 'updatedAt': '2022-10-23T22:33:56Z'}}, 'canReply': True, 'totalReplyCount': 0, 'isPublic': True}",,UC4U3-vGQ8nDCUy9mTOXnL2w,2022-10-23T22:33:56Z,Ta fugindo do controle,QURTSl9pM21xUDFqTWNmUmkxVDY0YXBPaFZjWWVPcVl0RGRfbUtzSnF5V25ZQVNPWTJPY2d4aXpxN2V4cE94YkRkYWRIeldKVm9GTEFrWQ==,2023-06-08 14:52:43.800330
youtube#commentThread,pAyPXGvtt-GWXA2wpuVmlRQde1M,UgwPLJ3FnXgtDmIFT1N4AaABAg,"{'videoId': 'zEfTDpfyt1o', 'topLevelComment': {'kind': 'youtube#comment', 'etag': 'TIV-85fXQFHlxtyHQWziY4qis34', 'id': 'UgwPLJ3FnXgtDmIFT1N4AaABAg', 'snippet': {'videoId': 'zEfTDpfyt1o', 'textDisplay': 'Mas a globo só mente', 'textOriginal': 'Mas a globo só mente', 'authorDisplayName': 'Elvira de Fatima Pena', 'authorProfileImageUrl': 'https://yt3.ggpht.com/ytc/AGIKgqO4GVpfXadvsf8bvn0WFE30FRAeCIa71XDoMQ=s48-c-k-c0x00ffffff-no-rj', 'authorChannelUrl': 'http://www.youtube.com/channel/UC0gS9bdPx1rTViw7TWHXx8g', 'authorChannelId': {'value': 'UC0gS9bdPx1rTViw7TWHXx8g'}, 'canRate': True, 'viewerRating': 'none', 'likeCount': 0, 'publishedAt': '2022-10-23T22:33:56Z', 'updatedAt': '2022-10-23T22:33:56Z'}}, 'canReply': True, 'totalReplyCount': 0, 'isPublic': True}",,UC0gS9bdPx1rTViw7TWHXx8g,2022-10-23T22:33:56Z,Mas a globo só mente,QURTSl9pM21xUDFqTWNmUmkxVDY0YXBPaFZjWWVPcVl0RGRfbUtzSnF5V25ZQVNPWTJPY2d4aXpxN2V4cE94YkRkYWRIeldKVm9GTEFrWQ==,2023-06-08 14:52:43.800330
youtube#commentThread,T74EenKWN1oziuwIoFWdIt-QXtA,UgypuQXzjGWr52wPqiJ4AaABAg,"{'videoId': 'zEfTDpfyt1o', 'topLevelComment': {'kind': 'youtube#comment', 'etag': '4zKGKpZRl3TxFkh6PpaXjWPjz5E', 'id': 'UgypuQXzjGWr52wPqiJ4AaABAg', 'snippet': {'videoId': 'zEfTDpfyt1o', 'textDisplay': 'REPUDIAMOS COM ABSOLUTA VEEMENCIA  O CAOS QUE O STF PUCHADINHO TSE ESTA CAUSANDO NO PAÍS', 'textOriginal': 'REPUDIAMOS COM ABSOLUTA VEEMENCIA  O CAOS QUE O STF PUCHADINHO TSE ESTA CAUSANDO NO PAÍS', 'authorDisplayName': 'Elisete Wendschechk', 'authorProfileImageUrl': 'https://yt3.ggpht.com/ytc/AGIKgqNwRdvPIel3aeJpNBIkT0KXs3_n_Tz0xGVkFA=s48-c-k-c0x00ffffff-no-rj', 'authorChannelUrl': 'http://www.youtube.com/channel/UCq6cTjvhwREoFo5o9LlQXFA', 'authorChannelId': {'value': 'UCq6cTjvhwREoFo5o9LlQXFA'}, 'canRate': True, 'viewerRating': 'none', 'likeCount': 0, 'publishedAt': '2022-10-23T22:33:56Z', 'updatedAt': '2022-10-23T22:33:56Z'}}, 'canReply': True, 'totalReplyCount': 0, 'isPublic': True}",,UCq6cTjvhwREoFo5o9LlQXFA,2022-10-23T22:33:56Z,REPUDIAMOS COM ABSOLUTA VEEMENCIA  O CAOS QUE O STF PUCHADINHO TSE ESTA CAUSANDO NO PAÍS,QURTSl9pM21xUDFqTWNmUmkxVDY0YXBPaFZjWWVPcVl0RGRfbUtzSnF5V25ZQVNPWTJPY2d4aXpxN2V4cE94YkRkYWRIeldKVm9GTEFrWQ==,2023-06-08 14:52:43.800330
youtube#commentThread,yjN7o9LxEVbc0RfCwPKCaV4htwA,UgxbunlY96cDNqYdmox4AaABAg,"{'videoId': 'zEfTDpfyt1o', 'topLevelComment': {'kind': 'youtube#comment', 'etag': 'MoJ4ET0E6YTIl3ldpFjMFodyUqQ', 'id': 'UgxbunlY96cDNqYdmox4AaABAg', 'snippet': {'videoId': 'zEfTDpfyt1o', 'textDisplay': 'Ex profissional né? Concordo em repudiar agressão, mas qdo esses ex se deliciam agindo contra os que não apoiam sua ideologia, tá tudo bem né? Sem agressão, nada justifica isso.', 'textOriginal': 'Ex profissional né? Concordo em repudiar agressão, mas qdo esses ex se deliciam agindo contra os que não apoiam sua ideologia, tá tudo bem né? Sem agressão, nada justifica isso.', 'authorDisplayName': 'Auricélia Maria Andrade', 'authorProfileImageUrl': 'https://yt3.ggpht.com/ytc/AGIKgqPKgKkZBLclSG3-nDdw0t9aWQZOP3Mq-IpsuQ=s48-c-k-c0x00ffffff-no-rj', 'authorChannelUrl': 'http://www.youtube.com/channel/UC4J3abBrNsROJahXGTY5M6A', 'authorChannelId': {'value': 'UC4J3abBrNsROJahXGTY5M6A'}, 'canRate': True, 'viewerRating': 'none', 'likeCount': 0, 'publishedAt': '2022-10-23T22:33:53Z', 'updatedAt': '2022-10-23T22:33:53Z'}}, 'canReply': True, 'totalReplyCount': 0, 'isPublic': True}",,UC4J3abBrNsROJahXGTY5M6A,2022-10-23T22:33:53Z,"Ex profissional né? Concordo em repudiar agressão, mas qdo esses ex se deliciam agindo contra os que não apoiam sua ideologia, tá tudo bem né? Sem agressão, nada justifica isso.",QURTSl9pM21xUDFqTWNmUmkxVDY0YXBPaFZjWWVPcVl0RGRfbUtzSnF5V25ZQVNPWTJPY2d4aXpxN2V4cE94YkRkYWRIeldKVm9GTEFrWQ==,2023-06-08 14:52:43.800330
youtube#commentThread,qUL7QVWI2N5ERlrGFZ88rPTmRT0,UgwwWepysA48l5AYegx4AaABAg,"{'videoId': 'zEfTDpfyt1o', 'topLevelComment': {'kind': 'youtube#comment', 'etag': '261bqExORTY3QHZ1qS9iJC4RYyo', 'id': 'UgwwWepysA48l5AYegx4AaABAg', 'snippet': {'videoId': 'zEfTDpfyt1o', 'textDisplay': 'Eu ia votar no bolsonaro. Mas esses últimos dias foram a gota d’agua. Não da pra continuar com o governo que apoia violência, apoia armas. Isso não é coisa de Deus. Deus não aprova isso. Perdeu meu voto.', 'textOriginal': 'Eu ia votar no bolsonaro. Mas esses últimos dias foram a gota d’agua. Não da pra continuar com o governo que apoia violência, apoia armas. Isso não é coisa de Deus. Deus não aprova isso. Perdeu meu voto.', 'authorDisplayName': 'Luiz Rogerio Mota', 'authorProfileImageUrl': 'https://yt3.ggpht.com/hRykgowTmFP4Bs1LcAK1uWu0jLiPdtBQmRj5HIRulO1leklvXsJMaZ0KvcFkVZMHOzuPEc6r=s48-c-k-c0x00ffffff-no-rj', 'authorChannelUrl': 'http://www.youtube.com/channel/UCokBg3b-hQCXsZbWi-YzQWA', 'authorChannelId': {'value': 'UCokBg3b-hQCXsZbWi-YzQWA'}, 'canRate': True, 'viewerRating': 'none', 'likeCount': 0, 'publishedAt': '2022-10-23T22:33:53Z', 'updatedAt': '2022-10-23T22:33:53Z'}}, 'canReply': True, 'totalReplyCount': 0, 'isPublic': True}",,UCokBg3b-hQCXsZbWi-YzQWA,2022-10-23T22:33:53Z,"Eu ia votar no bolsonaro. Mas esses últimos dias foram a gota d’agua. Não da pra continuar com o governo que apoia violência, apoia armas. Isso não é coisa de Deus. Deus não aprova isso. Perdeu meu voto.",QURTSl9pM21xUDFqTWNmUmkxVDY0YXBPaFZjWWVPcVl0RGRfbUtzSnF5V25ZQVNPWTJPY2d4aXpxN2V4cE94YkRkYWRIeldKVm9GTEFrWQ==,2023-06-08 14:52:43.800330
youtube#commentThread,riIv7A66FTWnR0QhveWnqN8qmz0,UgwIWCT0BrtZhB9WrfR4AaABAg,"{'videoId': 'zEfTDpfyt1o', 'topLevelComment': {'kind': 'youtube#comment', 'etag': 'QaugCobIop5ow_6uiAcDYiFzBPU', 'id': 'UgwIWCT0BrtZhB9WrfR4AaABAg', 'snippet': {'videoId': 'zEfTDpfyt1o', 'textDisplay': 'Esse cinegrafista trabalha para uma entidade que so passa sua ideologia nefasta! Fica dificil para o povo separate joio do trigo !', 'textOriginal': 'Esse cinegrafista trabalha para uma entidade que so passa sua ideologia nefasta! Fica dificil para o povo separate joio do trigo !', 'authorDisplayName': 'Família Gasparini Lage', 'authorProfileImageUrl': 'https://yt3.ggpht.com/ytc/AGIKgqO_Ccgp7HqW97pCfcGI4aey8yfMoxPYZfeEYA=s48-c-k-c0x00ffffff-no-rj', 'authorChannelUrl': 'http://www.youtube.com/channel/UCmTM8Yau7WMUcd_yartdAuQ', 'authorChannelId': {'value': 'UCmTM8Yau7WMUcd_yartdAuQ'}, 'canRate': True, 'viewerRating': 'none', 'likeCount': 0, 'publishedAt': '2022-10-23T22:33:52Z', 'updatedAt': '2022-10-23T22:33:52Z'}}, 'canReply': True, 'totalReplyCount': 0, 'isPublic': True}",,UCmTM8Yau7WMUcd_yartdAuQ,2022-10-23T22:33:52Z,Esse cinegrafista trabalha para uma entidade que so passa sua ideologia nefasta! Fica dificil para o povo separate joio do trigo !,QURTSl9pM21xUDFqTWNmUmkxVDY0YXBPaFZjWWVPcVl0RGRfbUtzSnF5V25ZQVNPWTJPY2d4aXpxN2V4cE94YkRkYWRIeldKVm9GTEFrWQ==,2023-06-08 14:52:43.800330
youtube#commentThread,d_3Ihc4mLheNVDP6IqN-sKTxYAE,UgzG-PCXfv5deVcRz3F4AaABAg,"{'videoId': 'zEfTDpfyt1o', 'topLevelComment': {'kind': 'youtube#comment', 'etag': 'SlzPb-LkrLspVSVk3o534O_ir3o', 'id': 'UgzG-PCXfv5deVcRz3F4AaABAg', 'snippet': {'videoId': 'zEfTDpfyt1o', 'textDisplay': 'A coitado', 'textOriginal': 'A coitado', 'authorDisplayName': 'Faça de tudo um pouco', 'authorProfileImageUrl': 'https://yt3.ggpht.com/ytc/AGIKgqOlfM93TLh5oIeBUBp_8jNZF5YbpDNW56d8rfbC3w=s48-c-k-c0x00ffffff-no-rj', 'authorChannelUrl': 'http://www.youtube.com/channel/UCFynXC89CBzSox0vJi16OdA', 'authorChannelId': {'value': 'UCFynXC89CBzSox0vJi16OdA'}, 'canRate': True, 'viewerRating': 'none', 'likeCount': 0, 'publishedAt': '2022-10-23T22:33:50Z', 'updatedAt': '2022-10-23T22:33:50Z'}}, 'canReply': True, 'totalReplyCount': 0, 'isPublic': True}",,UCFynXC89CBzSox0vJi16OdA,2022-10-23T22:33:50Z,A coitado,QURTSl9pM21xUDFqTWNmUmkxVDY0YXBPaFZjWWVPcVl0RGRfbUtzSnF5V25ZQVNPWTJPY2d4aXpxN2V4cE94YkRkYWRIeldKVm9GTEFrWQ==,2023-06-08 14:52:43.800330
youtube#commentThread,0KdiwD3S-1BxOb88shXHSrw7PpE,UgysqN9W6HbdhjPWcFR4AaABAg,"{'videoId': 'zEfTDpfyt1o', 'topLevelComment': {'kind': 'youtube#comment', 'etag': 'z6B6fBQ33MLvQu50ZbQtXxsuJkI', 'id': 'UgysqN9W6HbdhjPWcFR4AaABAg', 'snippet': {'videoId': 'zEfTDpfyt1o', 'textDisplay': 'É lamentável agredir um trabalhador,  mas isso e consequência do que vem ocorrendo no país com os  vexames do STF e TSE e  o desespero da esquerda vamos assistir um dos piores momentos que o Brasil irá passar. Será que agora é a vez do Brasil entrar em ebulição?. Estamos muito perto de uma guerra civil é triste e lamentável.', 'textOriginal': 'É lamentável agredir um trabalhador,  mas isso e consequência do que vem ocorrendo no país com os  vexames do STF e TSE e  o desespero da esquerda vamos assistir um dos piores momentos que o Brasil irá passar. Será que agora é a vez do Brasil entrar em ebulição?. Estamos muito perto de uma guerra civil é triste e lamentável.', 'authorDisplayName': 'William morais galvao Moraes Galvão', 'authorProfileImageUrl': 'https://yt3.ggpht.com/ytc/AGIKgqMX3T9VgId4nThzZaETgJr85sW-vAwxfupPcw=s48-c-k-c0x00ffffff-no-rj', 'authorChannelUrl': 'http://www.youtube.com/channel/UCi4pnqpGgdC_LCoMhcvqkCw', 'authorChannelId': {'value': 'UCi4pnqpGgdC_LCoMhcvqkCw'}, 'canRate': True, 'viewerRating': 'none', 'likeCount': 0, 'publishedAt': '2022-10-23T22:33:50Z', 'updatedAt': '2022-10-23T22:36:20Z'}}, 'canReply': True, 'totalReplyCount': 0, 'isPublic': True}",,UCi4pnqpGgdC_LCoMhcvqkCw,2022-10-23T22:33:50Z,"É lamentável agredir um trabalhador,  mas isso e consequência do que vem ocorrendo no país com os  vexames do STF e TSE e  o desespero da esquerda vamos assistir um dos piores momentos que o Brasil irá passar. Será que agora é a vez do Brasil entrar em ebulição?. Estamos muito perto de uma guerra civil é triste e lamentável.",QURTSl9pM21xUDFqTWNmUmkxVDY0YXBPaFZjWWVPcVl0RGRfbUtzSnF5V25ZQVNPWTJPY2d4aXpxN2V4cE94YkRkYWRIeldKVm9GTEFrWQ==,2023-06-08 14:52:43.800330
youtube#commentThread,lnitRk8yvKV9VaoPe6zxgnBLnqk,UgxKzgf_g3iKxwDCdVZ4AaABAg,"{'videoId': 'zEfTDpfyt1o', 'topLevelComment': {'kind': 'youtube#comment', 'etag': 'adpVzZ_pB3G0sNobHRT-bxDMvu8', 'id': 'UgxKzgf_g3iKxwDCdVZ4AaABAg', 'snippet': {'videoId': 'zEfTDpfyt1o', 'textDisplay': 'Tudo pq não se tem senadores honestos no país....', 'textOriginal': 'Tudo pq não se tem senadores honestos no país....', 'authorDisplayName': 'Lourdes Beltrami', 'authorProfileImageUrl': 'https://yt3.ggpht.com/ytc/AGIKgqPInKVTfNz_Uw3e9jPh5XKuzdXOUF2b0uAVWg=s48-c-k-c0x00ffffff-no-rj', 'authorChannelUrl': 'http://www.youtube.com/channel/UCuh9SNbvzAe8IMwyHbK49QQ', 'authorChannelId': {'value': 'UCuh9SNbvzAe8IMwyHbK49QQ'}, 'canRate': True, 'viewerRating': 'none', 'likeCount': 0, 'publishedAt': '2022-10-23T22:33:50Z', 'updatedAt': '2022-10-23T22:33:50Z'}}, 'canReply': True, 'totalReplyCount': 0, 'isPublic': True}",,UCuh9SNbvzAe8IMwyHbK49QQ,2022-10-23T22:33:50Z,Tudo pq não se tem senadores honestos no país....,QURTSl9pM21xUDFqTWNmUmkxVDY0YXBPaFZjWWVPcVl0RGRfbUtzSnF5V25ZQVNPWTJPY2d4aXpxN2V4cE94YkRkYWRIeldKVm9GTEFrWQ==,2023-06-08 14:52:43.800330
youtube#commentThread,sthokNGVEylY3wzsJ7PVKAYi5GI,UgwNuVcd28gRI-4hMhF4AaABAg,"{'videoId': 'zEfTDpfyt1o', 'topLevelComment': {'kind': 'youtube#comment', 'etag': '8gmfKNJwqhz6XVsdWhgwtMeo-r8', 'id': 'UgwNuVcd28gRI-4hMhF4AaABAg', 'snippet': {'videoId': 'zEfTDpfyt1o', 'textDisplay': 'É isso aí Jovem Pan, mostra mesmo a imprensa manipuladora apanhando, temos que ir pra cima deles! Não roubarão nossa liberdade! Bolsonaro no poder, é matar ou morrer, Bolsonaro 22!!!', 'textOriginal': 'É isso aí Jovem Pan, mostra mesmo a imprensa manipuladora apanhando, temos que ir pra cima deles! Não roubarão nossa liberdade! Bolsonaro no poder, é matar ou morrer, Bolsonaro 22!!!', 'authorDisplayName': 'Erjck Rohan', 'authorProfileImageUrl': 'https://yt3.ggpht.com/ytc/AGIKgqMvbBDmULS2-kleXQ_zsJ1CS0nBgOAaIWK2xA=s48-c-k-c0x00ffffff-no-rj', 'authorChannelUrl': 'http://www.youtube.com/channel/UCloAz2fGPXULRlSaoFDXjkg', 'authorChannelId': {'value': 'UCloAz2fGPXULRlSaoFDXjkg'}, 'canRate': True, 'viewerRating': 'none', 'likeCount': 0, 'publishedAt': '2022-10-23T22:33:50Z', 'updatedAt': '2022-10-23T22:33:50Z'}}, 'canReply': True, 'totalReplyCount': 0, 'isPublic': True}",,UCloAz2fGPXULRlSaoFDXjkg,2022-10-23T22:33:50Z,"É isso aí Jovem Pan, mostra mesmo a imprensa manipuladora apanhando, temos que ir pra cima deles! Não roubarão nossa liberdade! Bolsonaro no poder, é matar ou morrer, Bolsonaro 22!!!",QURTSl9pM21xUDFqTWNmUmkxVDY0YXBPaFZjWWVPcVl0RGRfbUtzSnF5V25ZQVNPWTJPY2d4aXpxN2V4cE94YkRkYWRIeldKVm9GTEFrWQ==,2023-06-08 14:52:43.800330
youtube#commentThread,UWKU3RtN--8kACmwnjXT6MHxyrQ,Ugxh8Kf6iEx5DSSjE_h4AaABAg,"{'videoId': 'zEfTDpfyt1o', 'topLevelComment': {'kind': 'youtube#comment', 'etag': 'aEPjiQXXV-f7I-Q3TdYsV0PFT_s', 'id': 'Ugxh8Kf6iEx5DSSjE_h4AaABAg', 'snippet': {'videoId': 'zEfTDpfyt1o', 'textDisplay': 'Coitado do câmera man, eita Brasil', 'textOriginal': 'Coitado do câmera man, eita Brasil', 'authorDisplayName': 'Lucas Florencia', 'authorProfileImageUrl': 'https://yt3.ggpht.com/ytc/AGIKgqMOmcG9b1MldpO6AcRDgFXH0brOudgvCkQBKi_6xQ=s48-c-k-c0x00ffffff-no-rj', 'authorChannelUrl': 'http://www.youtube.com/channel/UCk0ve80C9ll_ZEIxjnKc-fQ', 'authorChannelId': {'value': 'UCk0ve80C9ll_ZEIxjnKc-fQ'}, 'canRate': True, 'viewerRating': 'none', 'likeCount': 0, 'publishedAt': '2022-10-23T22:33:49Z', 'updatedAt': '2022-10-23T22:33:49Z'}}, 'canReply': True, 'totalReplyCount': 0, 'isPublic': True}",,UCk0ve80C9ll_ZEIxjnKc-fQ,2022-10-23T22:33:49Z,"Coitado do câmera man, eita Brasil",QURTSl9pM21xUDFqTWNmUmkxVDY0YXBPaFZjWWVPcVl0RGRfbUtzSnF5V25ZQVNPWTJPY2d4aXpxN2V4cE94YkRkYWRIeldKVm9GTEFrWQ==,2023-06-08 14:52:43.800330
youtube#commentThread,WS2t0HmJafEMV7yypDhqqz62kfo,Ugwj780gxIvZt6nUVvV4AaABAg,"{'videoId': 'zEfTDpfyt1o', 'topLevelComment': {'kind': 'youtube#comment', 'etag': '0XgLsUlV-TZdlazD9yzZlhlQooY', 'id': 'Ugwj780gxIvZt6nUVvV4AaABAg', 'snippet': {'videoId': 'zEfTDpfyt1o', 'textDisplay': 'você está querendo ainda apoia esse cara', 'textOriginal': 'você está querendo ainda apoia esse cara', 'authorDisplayName': 'Severino José ferreira', 'authorProfileImageUrl': 'https://yt3.ggpht.com/ytc/AGIKgqMPmIvi6wKLucFN1m96x2R5ctEScFrke5tMHA=s48-c-k-c0x00ffffff-no-rj', 'authorChannelUrl': 'http://www.youtube.com/channel/UCLMkRfCIlu-XeupGYCpKQRQ', 'authorChannelId': {'value': 'UCLMkRfCIlu-XeupGYCpKQRQ'}, 'canRate': True, 'viewerRating': 'none', 'likeCount': 0, 'publishedAt': '2022-10-23T22:33:49Z', 'updatedAt': '2022-10-23T22:33:49Z'}}, 'canReply': True, 'totalReplyCount': 0, 'isPublic': True}",,UCLMkRfCIlu-XeupGYCpKQRQ,2022-10-23T22:33:49Z,você está querendo ainda apoia esse cara,QURTSl9pM21xUDFqTWNmUmkxVDY0YXBPaFZjWWVPcVl0RGRfbUtzSnF5V25ZQVNPWTJPY2d4aXpxN2V4cE94YkRkYWRIeldKVm9GTEFrWQ==,2023-06-08 14:52:43.800330
youtube#commentThread,wby2_BA3nvMbdXkxVrM5ERsJA-g,UgwND9Uku1utLSsiaeJ4AaABAg,"{'videoId': 'zEfTDpfyt1o', 'topLevelComment': {'kind': 'youtube#comment', 'etag': 'EInWGwtFUptT3z7_9LXgsoxyEB4', 'id': 'UgwND9Uku1utLSsiaeJ4AaABAg', 'snippet': {'videoId': 'zEfTDpfyt1o', 'textDisplay': 'Será que foi um apoiadores do Jefferson? Ou algum petista travestido de direita aproveitando o momento', 'textOriginal': 'Será que foi um apoiadores do Jefferson? Ou algum petista travestido de direita aproveitando o momento', 'authorDisplayName': 'Kátia Melo', 'authorProfileImageUrl': 'https://yt3.ggpht.com/MA-PSYF8-sNtuabK00Iis-ZGVidudIvOBOLpeUU9xMJ_SLlhfJnMQ3uaCj4pZ7KXOPN0ZCIjiA=s48-c-k-c0x00ffffff-no-rj', 'authorChannelUrl': 'http://www.youtube.com/channel/UCrPplc3QymxxnxPFdNK0uOQ', 'authorChannelId': {'value': 'UCrPplc3QymxxnxPFdNK0uOQ'}, 'canRate': True, 'viewerRating': 'none', 'likeCount': 0, 'publishedAt': '2022-10-23T22:33:48Z', 'updatedAt': '2022-10-23T22:33:48Z'}}, 'canReply': True, 'totalReplyCount': 0, 'isPublic': True}",,UCrPplc3QymxxnxPFdNK0uOQ,2022-10-23T22:33:48Z,Será que foi um apoiadores do Jefferson? Ou algum petista travestido de direita aproveitando o momento,QURTSl9pM21xUDFqTWNmUmkxVDY0YXBPaFZjWWVPcVl0RGRfbUtzSnF5V25ZQVNPWTJPY2d4aXpxN2V4cE94YkRkYWRIeldKVm9GTEFrWQ==,2023-06-08 14:52:43.800330
youtube#commentThread,nT51oznZ5O3QBNEX1RnDReI2t4c,UgxOawsCrjwA1yR8wGF4AaABAg,"{'videoId': 'zEfTDpfyt1o', 'topLevelComment': {'kind': 'youtube#comment', 'etag': '-NqFBCXVTOB-1RNlxFwOQkeo80M', 'id': 'UgxOawsCrjwA1yR8wGF4AaABAg', 'snippet': {'videoId': 'zEfTDpfyt1o', 'textDisplay': 'Se é da globo merece', 'textOriginal': 'Se é da globo merece', 'authorDisplayName': 'Ze Carlos Cavalcante De Souza', 'authorProfileImageUrl': 'https://yt3.ggpht.com/ytc/AGIKgqMIcBDmITZWeji-Yz0YnHCbW56vYVArZd0vsFZb5v4=s48-c-k-c0x00ffffff-no-rj', 'authorChannelUrl': 'http://www.youtube.com/channel/UC-udr4F20z775zECX6F6DQg', 'authorChannelId': {'value': 'UC-udr4F20z775zECX6F6DQg'}, 'canRate': True, 'viewerRating': 'none', 'likeCount': 0, 'publishedAt': '2022-10-23T22:33:47Z', 'updatedAt': '2022-10-23T22:33:47Z'}}, 'canReply': True, 'totalReplyCount': 0, 'isPublic': True}",,UC-udr4F20z775zECX6F6DQg,2022-10-23T22:33:47Z,Se é da globo merece,QURTSl9pM21xUDFqTWNmUmkxVDY0YXBPaFZjWWVPcVl0RGRfbUtzSnF5V25ZQVNPWTJPY2d4aXpxN2V4cE94YkRkYWRIeldKVm9GTEFrWQ==,2023-06-08 14:52:43.800330
youtube#commentThread,iuUbcocfbVpi-R-J0NcxwrNlcR0,UgxjYzVm7WON6jUdH014AaABAg,"{'videoId': 'zEfTDpfyt1o', 'topLevelComment': {'kind': 'youtube#comment', 'etag': 'L_qJLXuFAul8YZe6k_iFcMh7ess', 'id': 'UgxjYzVm7WON6jUdH014AaABAg', 'snippet': {'videoId': 'zEfTDpfyt1o', 'textDisplay': 'Isso é que  é ser Deus Patria e Familia.? Esse agressor quer ser o &quot;mito &quot; de 2026.', 'textOriginal': 'Isso é que  é ser Deus Patria e Familia.? Esse agressor quer ser o ""mito "" de 2026.', 'authorDisplayName': 'Juliano Pechula Moura', 'authorProfileImageUrl': 'https://yt3.ggpht.com/ytc/AGIKgqO21cwpmexcE1eCP_CIhc-FKo0M5Yb7c21kag=s48-c-k-c0x00ffffff-no-rj', 'authorChannelUrl': 'http://www.youtube.com/channel/UCJesJ973iXCm8fy8QcIUUmQ', 'authorChannelId': {'value': 'UCJesJ973iXCm8fy8QcIUUmQ'}, 'canRate': True, 'viewerRating': 'none', 'likeCount': 0, 'publishedAt': '2022-10-23T22:33:45Z', 'updatedAt': '2022-10-23T22:33:45Z'}}, 'canReply': True, 'totalReplyCount': 0, 'isPublic': True}",,UCJesJ973iXCm8fy8QcIUUmQ,2022-10-23T22:33:45Z,"Isso é que  é ser Deus Patria e Familia.? Esse agressor quer ser o ""mito "" de 2026.",QURTSl9pM21xUDFqTWNmUmkxVDY0YXBPaFZjWWVPcVl0RGRfbUtzSnF5V25ZQVNPWTJPY2d4aXpxN2V4cE94YkRkYWRIeldKVm9GTEFrWQ==,2023-06-08 14:52:43.800330
youtube#commentThread,Zj6WxLXp0BQjC0_KVuX5B8JIKw8,UgzE0MtUWTiuwpJmV9Z4AaABAg,"{'videoId': 'zEfTDpfyt1o', 'topLevelComment': {'kind': 'youtube#comment', 'etag': 'sWOcnrP5gpDQVd3l9n1Gg6UHoq0', 'id': 'UgzE0MtUWTiuwpJmV9Z4AaABAg', 'snippet': {'videoId': 'zEfTDpfyt1o', 'textDisplay': 'Fora bozo', 'textOriginal': 'Fora bozo', 'authorDisplayName': 'Arthur Fernades', 'authorProfileImageUrl': 'https://yt3.ggpht.com/ytc/AGIKgqNPqaC8bYpFzweu60DVzQINHJ_cQlCBC6KVgA=s48-c-k-c0x00ffffff-no-rj', 'authorChannelUrl': 'http://www.youtube.com/channel/UCsUIa1dc4IOGg3jLza0DUNw', 'authorChannelId': {'value': 'UCsUIa1dc4IOGg3jLza0DUNw'}, 'canRate': True, 'viewerRating': 'none', 'likeCount': 0, 'publishedAt': '2022-10-23T22:33:44Z', 'updatedAt': '2022-10-23T22:33:44Z'}}, 'canReply': True, 'totalReplyCount': 0, 'isPublic': True}",,UCsUIa1dc4IOGg3jLza0DUNw,2022-10-23T22:33:44Z,Fora bozo,QURTSl9pM21xUDFqTWNmUmkxVDY0YXBPaFZjWWVPcVl0RGRfbUtzSnF5V25ZQVNPWTJPY2d4aXpxN2V4cE94YkRkYWRIeldKVm9GTEFrWQ==,2023-06-08 14:52:43.800330
youtube#commentThread,DCBJzRG_skFgH_1wApa_nvja5nw,UgyVtojPqkAcIjCsz2Z4AaABAg,"{'videoId': 'zEfTDpfyt1o', 'topLevelComment': {'kind': 'youtube#comment', 'etag': '4B9R1ZQJ8zt0WQtThgdwh4kaiGQ', 'id': 'UgyVtojPqkAcIjCsz2Z4AaABAg', 'snippet': {'videoId': 'zEfTDpfyt1o', 'textDisplay': 'Marginais', 'textOriginal': 'Marginais', 'authorDisplayName': 'Eva Rodrigues Barbosa Pelozi', 'authorProfileImageUrl': 'https://yt3.ggpht.com/ytc/AGIKgqNdkGQa9bgbepJ3PDbg_J-UONEWUVrEof9ETbOZmqoLV45CyqPovdkum9R_dCeB=s48-c-k-c0x00ffffff-no-rj', 'authorChannelUrl': 'http://www.youtube.com/channel/UC3z0N4-Bz4RMYL-A_rKgL-g', 'authorChannelId': {'value': 'UC3z0N4-Bz4RMYL-A_rKgL-g'}, 'canRate': True, 'viewerRating': 'none', 'likeCount': 0, 'publishedAt': '2022-10-23T22:33:43Z', 'updatedAt': '2022-10-23T22:33:43Z'}}, 'canReply': True, 'totalReplyCount': 0, 'isPublic': True}",,UC3z0N4-Bz4RMYL-A_rKgL-g,2022-10-23T22:33:43Z,Marginais,QURTSl9pM21xUDFqTWNmUmkxVDY0YXBPaFZjWWVPcVl0RGRfbUtzSnF5V25ZQVNPWTJPY2d4aXpxN2V4cE94YkRkYWRIeldKVm9GTEFrWQ==,2023-06-08 14:52:43.800330
youtube#commentThread,1pS9i3yKZ8fCo501yFl9fn9-f3A,Ugw1JntGl0-wjt1rWP94AaABAg,"{'videoId': 'zEfTDpfyt1o', 'topLevelComment': {'kind': 'youtube#comment', 'etag': 'aVWthimNKZWQc2W5HxKzXGO8tlo', 'id': 'Ugw1JntGl0-wjt1rWP94AaABAg', 'snippet': {'videoId': 'zEfTDpfyt1o', 'textDisplay': 'Agressão nada justifica! Meus repúdio!', 'textOriginal': 'Agressão nada justifica! Meus repúdio!', 'authorDisplayName': 'Adelmayres Matos', 'authorProfileImageUrl': 'https://yt3.ggpht.com/ytc/AGIKgqOvypcmY5PP61tBgwPdsBeKV6Aj8qzpBzwjkSGxAw=s48-c-k-c0x00ffffff-no-rj', 'authorChannelUrl': 'http://www.youtube.com/channel/UCDlb_n_UGeCBpgEO-yZPPwg', 'authorChannelId': {'value': 'UCDlb_n_UGeCBpgEO-yZPPwg'}, 'canRate': True, 'viewerRating': 'none', 'likeCount': 5, 'publishedAt': '2022-10-23T22:33:41Z', 'updatedAt': '2022-10-23T22:33:41Z'}}, 'canReply': True, 'totalReplyCount': 0, 'isPublic': True}",,UCDlb_n_UGeCBpgEO-yZPPwg,2022-10-23T22:33:41Z,Agressão nada justifica! Meus repúdio!,QURTSl9pM21xUDFqTWNmUmkxVDY0YXBPaFZjWWVPcVl0RGRfbUtzSnF5V25ZQVNPWTJPY2d4aXpxN2V4cE94YkRkYWRIeldKVm9GTEFrWQ==,2023-06-08 14:52:43.800330
youtube#commentThread,KytH8ZxTqYOWBuWN4wk3aLJtCDc,UgzhpT_iw7xTeUYibDp4AaABAg,"{'videoId': 'zEfTDpfyt1o', 'topLevelComment': {'kind': 'youtube#comment', 'etag': '4-DiYx8U0iRqv7db05v0HC1FN-w', 'id': 'UgzhpT_iw7xTeUYibDp4AaABAg', 'snippet': {'videoId': 'zEfTDpfyt1o', 'textDisplay': 'Acho essas atitudes lamentável. Pessoas andam muito intolerante', 'textOriginal': 'Acho essas atitudes lamentável. Pessoas andam muito intolerante', 'authorDisplayName': 'Weslley Avelino', 'authorProfileImageUrl': 'https://yt3.ggpht.com/Oj5nCuEksub8BRaZzVlFMc-yzrN0BNUmbCBG3-TM7UUyC8ATXZ3n6X_ifEBEsCPEjtDN3j7S5g=s48-c-k-c0x00ffffff-no-rj', 'authorChannelUrl': 'http://www.youtube.com/channel/UC1ewfAPSOt6-5DGxIRkhwRg', 'authorChannelId': {'value': 'UC1ewfAPSOt6-5DGxIRkhwRg'}, 'canRate': True, 'viewerRating': 'none', 'likeCount': 3, 'publishedAt': '2022-10-23T22:33:40Z', 'updatedAt': '2022-10-23T22:33:40Z'}}, 'canReply': True, 'totalReplyCount': 0, 'isPublic': True}",,UC1ewfAPSOt6-5DGxIRkhwRg,2022-10-23T22:33:40Z,Acho essas atitudes lamentável. Pessoas andam muito intolerante,QURTSl9pM21xUDFqTWNmUmkxVDY0YXBPaFZjWWVPcVl0RGRfbUtzSnF5V25ZQVNPWTJPY2d4aXpxN2V4cE94YkRkYWRIeldKVm9GTEFrWQ==,2023-06-08 14:52:43.800330
youtube#commentThread,OzOZf9T239DijKYFT0cZdwiawCA,Ugz3dvjp6e5kLS9au0d4AaABAg,"{'videoId': 'zEfTDpfyt1o', 'topLevelComment': {'kind': 'youtube#comment', 'etag': 'fMlgvCBedcn4IC1qHETcBDkijdA', 'id': 'Ugz3dvjp6e5kLS9au0d4AaABAg', 'snippet': {'videoId': 'zEfTDpfyt1o', 'textDisplay': 'Tambor não apoio nem uma agressão, mas o povo vem sendo agredindo pela imprensa a muitos anos e os da globo estão no topo dessas agressão.', 'textOriginal': 'Tambor não apoio nem uma agressão, mas o povo vem sendo agredindo pela imprensa a muitos anos e os da globo estão no topo dessas agressão.', 'authorDisplayName': 'Natureza Amazônica', 'authorProfileImageUrl': 'https://yt3.ggpht.com/ytc/AGIKgqOq_-Ax_W35PbyMGO2UCBHs4aUvAqUDwhA9vmFmxg=s48-c-k-c0x00ffffff-no-rj', 'authorChannelUrl': 'http://www.youtube.com/channel/UC1OFRoo_lRohHVq9elufMsg', 'authorChannelId': {'value': 'UC1OFRoo_lRohHVq9elufMsg'}, 'canRate': True, 'viewerRating': 'none', 'likeCount': 0, 'publishedAt': '2022-10-23T22:33:39Z', 'updatedAt': '2022-10-23T22:33:39Z'}}, 'canReply': True, 'totalReplyCount': 0, 'isPublic': True}",,UC1OFRoo_lRohHVq9elufMsg,2022-10-23T22:33:39Z,"Tambor não apoio nem uma agressão, mas o povo vem sendo agredindo pela imprensa a muitos anos e os da globo estão no topo dessas agressão.",QURTSl9pM21xUDFqTWNmUmkxVDY0YXBPaFZjWWVPcVl0RGRfbUtzSnF5V25ZQVNPWTJPY2d4aXpxN2V4cE94YkRkYWRIeldKVm9GTEFrWQ==,2023-06-08 14:52:43.800330
youtube#commentThread,YK0OAVTqDE3CHRO9BLNyThZ9EEE,UgzmXra8HZ8iE8fB0LF4AaABAg,"{'videoId': 'zEfTDpfyt1o', 'topLevelComment': {'kind': 'youtube#comment', 'etag': 'ENhX13I_pdxDhj-zEyVofC7LS5g', 'id': 'UgzmXra8HZ8iE8fB0LF4AaABAg', 'snippet': {'videoId': 'zEfTDpfyt1o', 'textDisplay': 'Normal dos eleitores do mito', 'textOriginal': 'Normal dos eleitores do mito', 'authorDisplayName': 'Matheus', 'authorProfileImageUrl': 'https://yt3.ggpht.com/ytc/AGIKgqP1HR0UAzzFb8QXalbMpfONrN1nXe-GgYUE=s48-c-k-c0x00ffffff-no-rj', 'authorChannelUrl': 'http://www.youtube.com/channel/UCbXbTarDaUwWXYwdVLuwA3A', 'authorChannelId': {'value': 'UCbXbTarDaUwWXYwdVLuwA3A'}, 'canRate': True, 'viewerRating': 'none', 'likeCount': 0, 'publishedAt': '2022-10-23T22:33:37Z', 'updatedAt': '2022-10-23T22:33:37Z'}}, 'canReply': True, 'totalReplyCount': 0, 'isPublic': True}",,UCbXbTarDaUwWXYwdVLuwA3A,2022-10-23T22:33:37Z,Normal dos eleitores do mito,QURTSl9pM21xUDFqTWNmUmkxVDY0YXBPaFZjWWVPcVl0RGRfbUtzSnF5V25ZQVNPWTJPY2d4aXpxN2V4cE94YkRkYWRIeldKVm9GTEFrWQ==,2023-06-08 14:52:43.800330
youtube#commentThread,2XX_fXJx1LYUnCTn3gKfiZhaJCw,Ugx7DQEuXCEGAKsq-XF4AaABAg,"{'videoId': 'zEfTDpfyt1o', 'topLevelComment': {'kind': 'youtube#comment', 'etag': 'RdDod-mXZCu2mJiDykcVMtykISc', 'id': 'Ugx7DQEuXCEGAKsq-XF4AaABAg', 'snippet': {'videoId': 'zEfTDpfyt1o', 'textDisplay': '<a href=""http://www.youtube.com/results?search_query=%23bastaxandao"">#BastaXandao</a>', 'textOriginal': '#BastaXandao', 'authorDisplayName': 'Fabiano Botero', 'authorProfileImageUrl': 'https://yt3.ggpht.com/ytc/AGIKgqMS1q44p0UaMQM9iGzfW2R-ApfqGKggHThabQ=s48-c-k-c0x00ffffff-no-rj', 'authorChannelUrl': 'http://www.youtube.com/channel/UCGH32mm2uLpj4SxFaovtfMA', 'authorChannelId': {'value': 'UCGH32mm2uLpj4SxFaovtfMA'}, 'canRate': True, 'viewerRating': 'none', 'likeCount': 0, 'publishedAt': '2022-10-23T22:33:37Z', 'updatedAt': '2022-10-23T22:33:37Z'}}, 'canReply': True, 'totalReplyCount': 0, 'isPublic': True}",,UCGH32mm2uLpj4SxFaovtfMA,2022-10-23T22:33:37Z,#BastaXandao,QURTSl9pM21xUDFqTWNmUmkxVDY0YXBPaFZjWWVPcVl0RGRfbUtzSnF5V25ZQVNPWTJPY2d4aXpxN2V4cE94YkRkYWRIeldKVm9GTEFrWQ==,2023-06-08 14:52:43.800330
youtube#commentThread,V10TVVuC3a53uWwjBK2BfJvOPVw,Ugy96xkfYb-azCah_sV4AaABAg,"{'videoId': 'zEfTDpfyt1o', 'topLevelComment': {'kind': 'youtube#comment', 'etag': 'brG7WsdPXZMu5-i8an9Z0ASr4Pc', 'id': 'Ugy96xkfYb-azCah_sV4AaABAg', 'snippet': {'videoId': 'zEfTDpfyt1o', 'textDisplay': 'Meu Deus onde vamos parar, povo loucos.', 'textOriginal': 'Meu Deus onde vamos parar, povo loucos.', 'authorDisplayName': 'Dantas', 'authorProfileImageUrl': 'https://yt3.ggpht.com/ytc/AGIKgqOMcZ4EwagANtI24NR0b1i_hWYshxEBcdzS08MJzt18WYPx1iHY2jiyxEgjorkB=s48-c-k-c0x00ffffff-no-rj', 'authorChannelUrl': 'http://www.youtube.com/channel/UCUMKm-TZqpux5yzoxrpMNKQ', 'authorChannelId': {'value': 'UCUMKm-TZqpux5yzoxrpMNKQ'}, 'canRate': True, 'viewerRating': 'none', 'likeCount': 0, 'publishedAt': '2022-10-23T22:33:36Z', 'updatedAt': '2022-10-23T22:33:36Z'}}, 'canReply': True, 'totalReplyCount': 0, 'isPublic': True}",,UCUMKm-TZqpux5yzoxrpMNKQ,2022-10-23T22:33:36Z,"Meu Deus onde vamos parar, povo loucos.",QURTSl9pM21xUDFqTWNmUmkxVDY0YXBPaFZjWWVPcVl0RGRfbUtzSnF5V25ZQVNPWTJPY2d4aXpxN2V4cE94YkRkYWRIeldKVm9GTEFrWQ==,2023-06-08 14:52:43.800330
youtube#commentThread,y1DTEVVrvv-evma1T7hCPLSv9gc,UgymXaXbQrCTLFNwIjV4AaABAg,"{'videoId': 'zEfTDpfyt1o', 'topLevelComment': {'kind': 'youtube#comment', 'etag': 'ompdeheyzMO4pnX5MhJzbVpKk04', 'id': 'UgymXaXbQrCTLFNwIjV4AaABAg', 'snippet': {'videoId': 'zEfTDpfyt1o', 'textDisplay': 'Um não  respeita  a lei dano tiro em autoridades tinha  até Granada  em casa  e outros agridem profissionais em trabalho', 'textOriginal': 'Um não  respeita  a lei dano tiro em autoridades tinha  até Granada  em casa  e outros agridem profissionais em trabalho', 'authorDisplayName': 'Cleiton Augusto', 'authorProfileImageUrl': 'https://yt3.ggpht.com/ytc/AGIKgqNLfyFFhU0xh0z5GuQbpqUiia5wu8DYcwTuBnwdoW2KL9mfPebyvpJR-1-HDc1V=s48-c-k-c0x00ffffff-no-rj', 'authorChannelUrl': 'http://www.youtube.com/channel/UC_4tTKBfuIkB63X1mQeeKCA', 'authorChannelId': {'value': 'UC_4tTKBfuIkB63X1mQeeKCA'}, 'canRate': True, 'viewerRating': 'none', 'likeCount': 0, 'publishedAt': '2022-10-23T22:33:31Z', 'updatedAt': '2022-10-23T22:33:31Z'}}, 'canReply': True, 'totalReplyCount': 0, 'isPublic': True}",,UC_4tTKBfuIkB63X1mQeeKCA,2022-10-23T22:33:31Z,Um não  respeita  a lei dano tiro em autoridades tinha  até Granada  em casa  e outros agridem profissionais em trabalho,QURTSl9pM21xUDFqTWNmUmkxVDY0YXBPaFZjWWVPcVl0RGRfbUtzSnF5V25ZQVNPWTJPY2d4aXpxN2V4cE94YkRkYWRIeldKVm9GTEFrWQ==,2023-06-08 14:52:43.800330
youtube#commentThread,SGio7Z9_wgKzqozXkmwCOJanUKM,UgzBOABcRgqmvFUvAoF4AaABAg,"{'videoId': 'zEfTDpfyt1o', 'topLevelComment': {'kind': 'youtube#comment', 'etag': 'cLKw-2C08kUtLUz_UH3tk7s3BMs', 'id': 'UgzBOABcRgqmvFUvAoF4AaABAg', 'snippet': {'videoId': 'zEfTDpfyt1o', 'textDisplay': 'Vamos parar com briga, no dia 30 vota 22 e pronto, tudo se resolve.', 'textOriginal': 'Vamos parar com briga, no dia 30 vota 22 e pronto, tudo se resolve.', 'authorDisplayName': 'Samuel Pires Dias', 'authorProfileImageUrl': 'https://yt3.ggpht.com/ytc/AGIKgqNjEMpkfjp28VuvJG3dTBipLMVSpn2g5yF1oA=s48-c-k-c0x00ffffff-no-rj', 'authorChannelUrl': 'http://www.youtube.com/channel/UCdk5mHtmG-cTBPjBjgqjt-w', 'authorChannelId': {'value': 'UCdk5mHtmG-cTBPjBjgqjt-w'}, 'canRate': True, 'viewerRating': 'none', 'likeCount': 0, 'publishedAt': '2022-10-23T22:33:30Z', 'updatedAt': '2022-10-23T22:33:30Z'}}, 'canReply': True, 'totalReplyCount': 0, 'isPublic': True}",,UCdk5mHtmG-cTBPjBjgqjt-w,2022-10-23T22:33:30Z,"Vamos parar com briga, no dia 30 vota 22 e pronto, tudo se resolve.",QURTSl9pM21xUDFqTWNmUmkxVDY0YXBPaFZjWWVPcVl0RGRfbUtzSnF5V25ZQVNPWTJPY2d4aXpxN2V4cE94YkRkYWRIeldKVm9GTEFrWQ==,2023-06-08 14:52:43.800330
youtube#commentThread,sP7S_-YpXO-uUgxDwjHpmwYOP2w,Ugxg127Asg1oeLktjkx4AaABAg,"{'videoId': 'zEfTDpfyt1o', 'topLevelComment': {'kind': 'youtube#comment', 'etag': 'oploX4zNOtY-ZD1yCW9Kw-JRPyI', 'id': 'Ugxg127Asg1oeLktjkx4AaABAg', 'snippet': {'videoId': 'zEfTDpfyt1o', 'textDisplay': 'Correção a matéria !!<br>&#39;&#39; Um indivíduo agrediu um cinegrafista &#39;&#39;... e não apoiadores de Roberto Jefferson .', 'textOriginal': ""Correção a matéria !!\\n'' Um indivíduo agrediu um cinegrafista ''... e não apoiadores de Roberto Jefferson ."", 'authorDisplayName': 'AFz 10', 'authorProfileImageUrl': 'https://yt3.ggpht.com/ytc/AGIKgqNj0UP3bJwUMEjv6NenlGHsBtFWg5nKj0axaA=s48-c-k-c0x00ffffff-no-rj', 'authorChannelUrl': 'http://www.youtube.com/channel/UCsCmdmSlj_7Dzlr07fWJxfA', 'authorChannelId': {'value': 'UCsCmdmSlj_7Dzlr07fWJxfA'}, 'canRate': True, 'viewerRating': 'none', 'likeCount': 2, 'publishedAt': '2022-10-23T22:33:28Z', 'updatedAt': '2022-10-23T22:33:28Z'}}, 'canReply': True, 'totalReplyCount': 1, 'isPublic': True}","{'comments': [{'kind': 'youtube#comment', 'etag': 'cUohBh-uom6qW9qV-E7yA_k2jRM', 'id': 'Ugxg127Asg1oeLktjkx4AaABAg.9hYBSKuEtIA9hYC0IuXNzc', 'snippet': {'videoId': 'zEfTDpfyt1o', 'textDisplay': 'exatamente!!', 'textOriginal': 'exatamente!!', 'parentId': 'Ugxg127Asg1oeLktjkx4AaABAg', 'authorDisplayName': 'Pamela Archontakis', 'authorProfileImageUrl': 'https://yt3.ggpht.com/9uHLH6qrjuYttBlUY7nSb4OT5nTiT7uWO32SJKXrTmt7TjBbMAPu3u5AeD_EKFkIcVnFcFCXokg=s48-c-k-c0x00ffffff-no-rj', 'authorChannelUrl': 'http://www.youtube.com/channel/UC7ar1UVeg9V8965gLuHC8Tw', 'authorChannelId': {'value': 'UC7ar1UVeg9V8965gLuHC8Tw'}, 'canRate': True, 'viewerRating': 'none', 'likeCount': 0, 'publishedAt': '2022-10-23T22:38:22Z', 'updatedAt': '2022-10-23T22:38:22Z'}}]}",UCsCmdmSlj_7Dzlr07fWJxfA,2022-10-23T22:33:28Z,"Correção a matéria !!
'' Um indivíduo agrediu um cinegrafista ''... e não apoiadores de Roberto Jefferson .",QURTSl9pM21xUDFqTWNmUmkxVDY0YXBPaFZjWWVPcVl0RGRfbUtzSnF5V25ZQVNPWTJPY2d4aXpxN2V4cE94YkRkYWRIeldKVm9GTEFrWQ==,2023-06-08 14:52:43.800330
youtube#commentThread,hbREM-L34qinFOIISo3I8Vrv3t8,UgyJTG9xHdyvqfDQBXx4AaABAg,"{'videoId': 'zEfTDpfyt1o', 'topLevelComment': {'kind': 'youtube#comment', 'etag': '1B6TWzNApgW2Cb4YIbkjI56_SQc', 'id': 'UgyJTG9xHdyvqfDQBXx4AaABAg', 'snippet': {'videoId': 'zEfTDpfyt1o', 'textDisplay': 'Concordo com o repúdio à agressão.', 'textOriginal': 'Concordo com o repúdio à agressão.', 'authorDisplayName': 'Marisa Leal', 'authorProfileImageUrl': 'https://yt3.ggpht.com/ytc/AGIKgqMtPfqVbbB6CAA5c4m2vAlz82SNXHPja_4xGg=s48-c-k-c0x00ffffff-no-rj', 'authorChannelUrl': 'http://www.youtube.com/channel/UCl_2YkOJ66Z8EM2smaO79pw', 'authorChannelId': {'value': 'UCl_2YkOJ66Z8EM2smaO79pw'}, 'canRate': True, 'viewerRating': 'none', 'likeCount': 0, 'publishedAt': '2022-10-23T22:33:27Z', 'updatedAt': '2022-10-23T22:33:27Z'}}, 'canReply': True, 'totalReplyCount': 0, 'isPublic': True}",,UCl_2YkOJ66Z8EM2smaO79pw,2022-10-23T22:33:27Z,Concordo com o repúdio à agressão.,QURTSl9pM21xUDFqTWNmUmkxVDY0YXBPaFZjWWVPcVl0RGRfbUtzSnF5V25ZQVNPWTJPY2d4aXpxN2V4cE94YkRkYWRIeldKVm9GTEFrWQ==,2023-06-08 14:52:43.800330
youtube#commentThread,aL6JX_0TaeLIDOAK1Q1ABsvFC7A,UgxmQ5jWe4rk1KC_AKh4AaABAg,"{'videoId': 'zEfTDpfyt1o', 'topLevelComment': {'kind': 'youtube#comment', 'etag': '6FZMAVVm58jMbb6AnNFD48_ZtTk', 'id': 'UgxmQ5jWe4rk1KC_AKh4AaABAg', 'snippet': {'videoId': 'zEfTDpfyt1o', 'textDisplay': 'Quer dizer, que agredir outras pessoas pode? Faça-me o favor.', 'textOriginal': 'Quer dizer, que agredir outras pessoas pode? Faça-me o favor.', 'authorDisplayName': 'Walquiria Pereira', 'authorProfileImageUrl': 'https://yt3.ggpht.com/ytc/AGIKgqN8NILFvbwTrHF4FhW-oyJ_4suB3pQYEbF65DmXvA0=s48-c-k-c0x00ffffff-no-rj', 'authorChannelUrl': 'http://www.youtube.com/channel/UCb6tV6wYOT7MOEBHV7y6Efw', 'authorChannelId': {'value': 'UCb6tV6wYOT7MOEBHV7y6Efw'}, 'canRate': True, 'viewerRating': 'none', 'likeCount': 0, 'publishedAt': '2022-10-23T22:33:27Z', 'updatedAt': '2022-10-23T22:33:27Z'}}, 'canReply': True, 'totalReplyCount': 0, 'isPublic': True}",,UCb6tV6wYOT7MOEBHV7y6Efw,2022-10-23T22:33:27Z,"Quer dizer, que agredir outras pessoas pode? Faça-me o favor.",QURTSl9pM21xUDFqTWNmUmkxVDY0YXBPaFZjWWVPcVl0RGRfbUtzSnF5V25ZQVNPWTJPY2d4aXpxN2V4cE94YkRkYWRIeldKVm9GTEFrWQ==,2023-06-08 14:52:43.800330
youtube#commentThread,iZO_1vMDLz8ADfkT2FNTDwpwb3c,Ugz7KcT4ZhXJE_5JYSp4AaABAg,"{'videoId': 'zEfTDpfyt1o', 'topLevelComment': {'kind': 'youtube#comment', 'etag': 'gdPrdtqvO9SFdORIOm8lk0KYZGk', 'id': 'Ugz7KcT4ZhXJE_5JYSp4AaABAg', 'snippet': {'videoId': 'zEfTDpfyt1o', 'textDisplay': 'VÍXEEE      ESSES  CIDADÃO   DE  BEM PATRIOTA   SÃO  AGRESSIVOS', 'textOriginal': 'VÍXEEE      ESSES  CIDADÃO   DE  BEM PATRIOTA   SÃO  AGRESSIVOS', 'authorDisplayName': 'paulo rogerio', 'authorProfileImageUrl': 'https://yt3.ggpht.com/ytc/AGIKgqNZlBsGZolEWveriy-qegJ4sAlO4HSw98yLgQ=s48-c-k-c0x00ffffff-no-rj', 'authorChannelUrl': 'http://www.youtube.com/channel/UCk4Ro4lqWGXw19zzYQFu1Zg', 'authorChannelId': {'value': 'UCk4Ro4lqWGXw19zzYQFu1Zg'}, 'canRate': True, 'viewerRating': 'none', 'likeCount': 1, 'publishedAt': '2022-10-23T22:33:26Z', 'updatedAt': '2022-10-23T22:33:26Z'}}, 'canReply': True, 'totalReplyCount': 0, 'isPublic': True}",,UCk4Ro4lqWGXw19zzYQFu1Zg,2022-10-23T22:33:26Z,VÍXEEE      ESSES  CIDADÃO   DE  BEM PATRIOTA   SÃO  AGRESSIVOS,QURTSl9pM21xUDFqTWNmUmkxVDY0YXBPaFZjWWVPcVl0RGRfbUtzSnF5V25ZQVNPWTJPY2d4aXpxN2V4cE94YkRkYWRIeldKVm9GTEFrWQ==,2023-06-08 14:52:43.800330
youtube#commentThread,pZgNK3frYax34GhKxzp4IxKxDJQ,UgyNi2daN4xSfYjgZDd4AaABAg,"{'videoId': 'zEfTDpfyt1o', 'topLevelComment': {'kind': 'youtube#comment', 'etag': 'c8o9YFbwOXgFzkbtW31oC-dWZ-Y', 'id': 'UgyNi2daN4xSfYjgZDd4AaABAg', 'snippet': {'videoId': 'zEfTDpfyt1o', 'textDisplay': 'É capaz da Globo culpar o Bolsonaro', 'textOriginal': 'É capaz da Globo culpar o Bolsonaro', 'authorDisplayName': 'Regina de Fatima Chiarelli', 'authorProfileImageUrl': 'https://yt3.ggpht.com/ytc/AGIKgqPJdpoF9JMTd34uUQDenI9ie0FHzFUWEY4_1r_-AzN_e6WMglEZ2n-nGeJF92Yf=s48-c-k-c0x00ffffff-no-rj', 'authorChannelUrl': 'http://www.youtube.com/channel/UCoAOO7Rm4EKOa2NoLzO-SFg', 'authorChannelId': {'value': 'UCoAOO7Rm4EKOa2NoLzO-SFg'}, 'canRate': True, 'viewerRating': 'none', 'likeCount': 0, 'publishedAt': '2022-10-23T22:33:25Z', 'updatedAt': '2022-10-23T22:33:25Z'}}, 'canReply': True, 'totalReplyCount': 0, 'isPublic': True}",,UCoAOO7Rm4EKOa2NoLzO-SFg,2022-10-23T22:33:25Z,É capaz da Globo culpar o Bolsonaro,QURTSl9pM21xUDFqTWNmUmkxVDY0YXBPaFZjWWVPcVl0RGRfbUtzSnF5V25ZQVNPWTJPY2d4aXpxN2V4cE94YkRkYWRIeldKVm9GTEFrWQ==,2023-06-08 14:52:43.800330
youtube#commentThread,kwQKRzK-qMFKjVtAytU_LRypHYA,Ugz5IRPIaGcaSF6gLwx4AaABAg,"{'videoId': 'zEfTDpfyt1o', 'topLevelComment': {'kind': 'youtube#comment', 'etag': 'eG7cQm3bX7NiFeD-KSGnAuj46iI', 'id': 'Ugz5IRPIaGcaSF6gLwx4AaABAg', 'snippet': {'videoId': 'zEfTDpfyt1o', 'textDisplay': 'Falou bem mais a globo vai dizer que foi atacado pela multidão de manifestação,eles só querem se dar bem ...<br><br>Vejam e depôs me falem se não vai ser assim<br><br>Da Jp eles nem falaram nada uma vergonha..<br><br>Mais este trabalhador não tem nada a ver está simples trabalhando', 'textOriginal': 'Falou bem mais a globo vai dizer que foi atacado pela multidão de manifestação,eles só querem se dar bem ...\\n\\nVejam e depôs me falem se não vai ser assim\\n\\nDa Jp eles nem falaram nada uma vergonha..\\n\\nMais este trabalhador não tem nada a ver está simples trabalhando', 'authorDisplayName': 'Laudenilson Gomes', 'authorProfileImageUrl': 'https://yt3.ggpht.com/ytc/AGIKgqPJr3_zX27QwzDy3q-FZfSNs7twoh0jzLbPlw=s48-c-k-c0x00ffffff-no-rj', 'authorChannelUrl': 'http://www.youtube.com/channel/UCkZjrgeZ9wBalbids-6vHSQ', 'authorChannelId': {'value': 'UCkZjrgeZ9wBalbids-6vHSQ'}, 'canRate': True, 'viewerRating': 'none', 'likeCount': 0, 'publishedAt': '2022-10-23T22:33:24Z', 'updatedAt': '2022-10-23T22:33:24Z'}}, 'canReply': True, 'totalReplyCount': 0, 'isPublic': True}",,UCkZjrgeZ9wBalbids-6vHSQ,2022-10-23T22:33:24Z,"Falou bem mais a globo vai dizer que foi atacado pela multidão de manifestação,eles só querem se dar bem ...

Vejam e depôs me falem se não vai ser assim

Da Jp eles nem falaram nada uma vergonha..

Mais este trabalhador não tem nada a ver está simples trabalhando",QURTSl9pM21xUDFqTWNmUmkxVDY0YXBPaFZjWWVPcVl0RGRfbUtzSnF5V25ZQVNPWTJPY2d4aXpxN2V4cE94YkRkYWRIeldKVm9GTEFrWQ==,2023-06-08 14:52:43.800330
youtube#commentThread,-covCzV08X8knk17P66Am9poaDE,UgwLGSmSiaWUgNvQtol4AaABAg,"{'videoId': 'zEfTDpfyt1o', 'topLevelComment': {'kind': 'youtube#comment', 'etag': 'n3jFjSE2P6Ujd-7eSDXP_KlXQ0Q', 'id': 'UgwLGSmSiaWUgNvQtol4AaABAg', 'snippet': {'videoId': 'zEfTDpfyt1o', 'textDisplay': 'ALEXANDRE DE MORAES, CONSEGUI CAUSAR UMA SITUAÇÃO PARA ROBERTO JERFERSON SENDO O ÚLTIMO DIA PARA PRISÃO DO EX DEPUTADO. POR QUÊ ELE NÃO AGE ASSIM CONTRA CORRUPTOS, BANDIDOS E TRAFICANTES ? NÃO ACREDITO NA REAÇÃO DE ALEXANDRE DE MORAES SE SOLIDARIZANDO COM OS POLICIAIS FERIDOS, ELE QUERIA UM DESFECHO PIOR...É UMA VIBORA DE TOGA...', 'textOriginal': 'ALEXANDRE DE MORAES, CONSEGUI CAUSAR UMA SITUAÇÃO PARA ROBERTO JERFERSON SENDO O ÚLTIMO DIA PARA PRISÃO DO EX DEPUTADO. POR QUÊ ELE NÃO AGE ASSIM CONTRA CORRUPTOS, BANDIDOS E TRAFICANTES ? NÃO ACREDITO NA REAÇÃO DE ALEXANDRE DE MORAES SE SOLIDARIZANDO COM OS POLICIAIS FERIDOS, ELE QUERIA UM DESFECHO PIOR...É UMA VIBORA DE TOGA...', 'authorDisplayName': 'Vera Micheli', 'authorProfileImageUrl': 'https://yt3.ggpht.com/ytc/AGIKgqPgewv4gKBXdhQKPIEicXfAcUGlDjuyqX-n7TMZ=s48-c-k-c0x00ffffff-no-rj', 'authorChannelUrl': 'http://www.youtube.com/channel/UCQX2CdK56ATzYpoVpj3KGxw', 'authorChannelId': {'value': 'UCQX2CdK56ATzYpoVpj3KGxw'}, 'canRate': True, 'viewerRating': 'none', 'likeCount': 0, 'publishedAt': '2022-10-23T22:33:22Z', 'updatedAt': '2022-10-23T22:47:31Z'}}, 'canReply': True, 'totalReplyCount': 0, 'isPublic': True}",,UCQX2CdK56ATzYpoVpj3KGxw,2022-10-23T22:33:22Z,"ALEXANDRE DE MORAES, CONSEGUI CAUSAR UMA SITUAÇÃO PARA ROBERTO JERFERSON SENDO O ÚLTIMO DIA PARA PRISÃO DO EX DEPUTADO. POR QUÊ ELE NÃO AGE ASSIM CONTRA CORRUPTOS, BANDIDOS E TRAFICANTES ? NÃO ACREDITO NA REAÇÃO DE ALEXANDRE DE MORAES SE SOLIDARIZANDO COM OS POLICIAIS FERIDOS, ELE QUERIA UM DESFECHO PIOR...É UMA VIBORA DE TOGA...",QURTSl9pM21xUDFqTWNmUmkxVDY0YXBPaFZjWWVPcVl0RGRfbUtzSnF5V25ZQVNPWTJPY2d4aXpxN2V4cE94YkRkYWRIeldKVm9GTEFrWQ==,2023-06-08 14:52:43.800330
youtube#commentThread,uvmAIH7b-fTMLuv1xJ1m941AmkQ,UgxxeyfOkSi0_mbho0t4AaABAg,"{'videoId': 'zEfTDpfyt1o', 'topLevelComment': {'kind': 'youtube#comment', 'etag': 'YLTN6z7bw_yM-W_9d-vycT7BpHg', 'id': 'UgxxeyfOkSi0_mbho0t4AaABAg', 'snippet': {'videoId': 'zEfTDpfyt1o', 'textDisplay': 'NESSA ELEIÇÃO O COVARDE É AS FORÇAS ARMADAS QUE JÁ DEVERIA INTERVIR O BRASIL E PRENDER QUEM DEVERIA ESTÁ PRESO E POR A DEMOCRACIA EM PRATICA .', 'textOriginal': 'NESSA ELEIÇÃO O COVARDE É AS FORÇAS ARMADAS QUE JÁ DEVERIA INTERVIR O BRASIL E PRENDER QUEM DEVERIA ESTÁ PRESO E POR A DEMOCRACIA EM PRATICA .', 'authorDisplayName': 'Jerson Claudio', 'authorProfileImageUrl': 'https://yt3.ggpht.com/ytc/AGIKgqNh5kIbF7PiJvaCHrodvKS9mfYJTXNY7Bzpf--6=s48-c-k-c0x00ffffff-no-rj', 'authorChannelUrl': 'http://www.youtube.com/channel/UC1ei5sktmYdMkzTSGRsOdZA', 'authorChannelId': {'value': 'UC1ei5sktmYdMkzTSGRsOdZA'}, 'canRate': True, 'viewerRating': 'none', 'likeCount': 0, 'publishedAt': '2022-10-23T22:33:20Z', 'updatedAt': '2022-10-23T22:33:20Z'}}, 'canReply': True, 'totalReplyCount': 0, 'isPublic': True}",,UC1ei5sktmYdMkzTSGRsOdZA,2022-10-23T22:33:20Z,NESSA ELEIÇÃO O COVARDE É AS FORÇAS ARMADAS QUE JÁ DEVERIA INTERVIR O BRASIL E PRENDER QUEM DEVERIA ESTÁ PRESO E POR A DEMOCRACIA EM PRATICA .,QURTSl9pM21xUDFqTWNmUmkxVDY0YXBPaFZjWWVPcVl0RGRfbUtzSnF5V25ZQVNPWTJPY2d4aXpxN2V4cE94YkRkYWRIeldKVm9GTEFrWQ==,2023-06-08 14:52:43.800330
youtube#commentThread,MelYS_WYSWbgwbE_BrEScJWpdQo,UgyJHQ4z2vM4nMNHIfl4AaABAg,"{'videoId': 'zEfTDpfyt1o', 'topLevelComment': {'kind': 'youtube#comment', 'etag': '7h6aepemqz1lthH8slFPDkLaeIQ', 'id': 'UgyJHQ4z2vM4nMNHIfl4AaABAg', 'snippet': {'videoId': 'zEfTDpfyt1o', 'textDisplay': 'Jesus Cristo.', 'textOriginal': 'Jesus Cristo.', 'authorDisplayName': 'Irne Xavier do Valle', 'authorProfileImageUrl': 'https://yt3.ggpht.com/ytc/AGIKgqOHZkEFx7eFuPyeonzDeykt0At-7IRdI0BY_A=s48-c-k-c0x00ffffff-no-rj', 'authorChannelUrl': 'http://www.youtube.com/channel/UCYFSXphFCMBbrEDYk4D2TtA', 'authorChannelId': {'value': 'UCYFSXphFCMBbrEDYk4D2TtA'}, 'canRate': True, 'viewerRating': 'none', 'likeCount': 1, 'publishedAt': '2022-10-23T22:33:19Z', 'updatedAt': '2022-10-23T22:33:19Z'}}, 'canReply': True, 'totalReplyCount': 0, 'isPublic': True}",,UCYFSXphFCMBbrEDYk4D2TtA,2022-10-23T22:33:19Z,Jesus Cristo.,QURTSl9pM21xUDFqTWNmUmkxVDY0YXBPaFZjWWVPcVl0RGRfbUtzSnF5V25ZQVNPWTJPY2d4aXpxN2V4cE94YkRkYWRIeldKVm9GTEFrWQ==,2023-06-08 14:52:43.800330
youtube#commentThread,yASk_g9Ctf3ys4pQANSoGNX8uNE,UgwrI6wjaa_KMFWqwHx4AaABAg,"{'videoId': 'zEfTDpfyt1o', 'topLevelComment': {'kind': 'youtube#comment', 'etag': 'cXH0G2QI9_pIvKr4Qhd5DGZdgiI', 'id': 'UgwrI6wjaa_KMFWqwHx4AaABAg', 'snippet': {'videoId': 'zEfTDpfyt1o', 'textDisplay': 'Vocês são culpados também por essa agressão vivem passando pano para o Bolsonarismo.', 'textOriginal': 'Vocês são culpados também por essa agressão vivem passando pano para o Bolsonarismo.', 'authorDisplayName': 'Igor Moreno', 'authorProfileImageUrl': 'https://yt3.ggpht.com/ytc/AGIKgqPwRr4XXEoNEO98iaYsLoM1kns181uwQNpI10VD=s48-c-k-c0x00ffffff-no-rj', 'authorChannelUrl': 'http://www.youtube.com/channel/UCz1IMzPp9PCwZb9Htg7cenw', 'authorChannelId': {'value': 'UCz1IMzPp9PCwZb9Htg7cenw'}, 'canRate': True, 'viewerRating': 'none', 'likeCount': 0, 'publishedAt': '2022-10-23T22:33:13Z', 'updatedAt': '2022-10-23T22:33:13Z'}}, 'canReply': True, 'totalReplyCount': 0, 'isPublic': True}",,UCz1IMzPp9PCwZb9Htg7cenw,2022-10-23T22:33:13Z,Vocês são culpados também por essa agressão vivem passando pano para o Bolsonarismo.,QURTSl9pM21xUDFqTWNmUmkxVDY0YXBPaFZjWWVPcVl0RGRfbUtzSnF5V25ZQVNPWTJPY2d4aXpxN2V4cE94YkRkYWRIeldKVm9GTEFrWQ==,2023-06-08 14:52:43.800330
youtube#commentThread,5Av-RHece9RedkvXHC1tKnOuwLY,UgxGRnfd5V9FA63r5VF4AaABAg,"{'videoId': 'zEfTDpfyt1o', 'topLevelComment': {'kind': 'youtube#comment', 'etag': 'r8KvGNWdv3GS_9ouvTWEq3eN9U8', 'id': 'UgxGRnfd5V9FA63r5VF4AaABAg', 'snippet': {'videoId': 'zEfTDpfyt1o', 'textDisplay': 'Bolsonarista é tão patriota q agride trabalhador.', 'textOriginal': 'Bolsonarista é tão patriota q agride trabalhador.', 'authorDisplayName': 'sovietSpaceExplorationEnjoyer', 'authorProfileImageUrl': 'https://yt3.ggpht.com/eZ8cDu3I1jsOw8_6zRnaqpvCLhhTzWwutklU5_cZJglbOxaehWiV02JD8uAN7-8Fm8ZpQ9qTeg=s48-c-k-c0x00ffffff-no-rj', 'authorChannelUrl': 'http://www.youtube.com/channel/UC_Uav1cgzO_bqiSRfpYXLOg', 'authorChannelId': {'value': 'UC_Uav1cgzO_bqiSRfpYXLOg'}, 'canRate': True, 'viewerRating': 'none', 'likeCount': 0, 'publishedAt': '2022-10-23T22:33:13Z', 'updatedAt': '2022-10-23T22:33:13Z'}}, 'canReply': True, 'totalReplyCount': 0, 'isPublic': True}",,UC_Uav1cgzO_bqiSRfpYXLOg,2022-10-23T22:33:13Z,Bolsonarista é tão patriota q agride trabalhador.,QURTSl9pM21xUDFqTWNmUmkxVDY0YXBPaFZjWWVPcVl0RGRfbUtzSnF5V25ZQVNPWTJPY2d4aXpxN2V4cE94YkRkYWRIeldKVm9GTEFrWQ==,2023-06-08 14:52:43.800330
youtube#commentThread,ZgMDTznrfq1YURMyZixxSrEmN0U,UgynpugezS2ZzrCUqQp4AaABAg,"{'videoId': 'zEfTDpfyt1o', 'topLevelComment': {'kind': 'youtube#comment', 'etag': '3YYSTzuZjnHbVltr8QTRbHvGsew', 'id': 'UgynpugezS2ZzrCUqQp4AaABAg', 'snippet': {'videoId': 'zEfTDpfyt1o', 'textDisplay': 'Na minha terra quem troca tiros com a policia é bandido.', 'textOriginal': 'Na minha terra quem troca tiros com a policia é bandido.', 'authorDisplayName': 'Patricia Sant Ana', 'authorProfileImageUrl': 'https://yt3.ggpht.com/ytc/AGIKgqOhppqvLQ2Mr4BCcF-mMFNZY_dZXm-0pC52iA=s48-c-k-c0x00ffffff-no-rj', 'authorChannelUrl': 'http://www.youtube.com/channel/UCRzSdBr1cjxI2QSdMshFhPA', 'authorChannelId': {'value': 'UCRzSdBr1cjxI2QSdMshFhPA'}, 'canRate': True, 'viewerRating': 'none', 'likeCount': 0, 'publishedAt': '2022-10-23T22:33:11Z', 'updatedAt': '2022-10-23T22:33:11Z'}}, 'canReply': True, 'totalReplyCount': 0, 'isPublic': True}",,UCRzSdBr1cjxI2QSdMshFhPA,2022-10-23T22:33:11Z,Na minha terra quem troca tiros com a policia é bandido.,QURTSl9pM21xUDFqTWNmUmkxVDY0YXBPaFZjWWVPcVl0RGRfbUtzSnF5V25ZQVNPWTJPY2d4aXpxN2V4cE94YkRkYWRIeldKVm9GTEFrWQ==,2023-06-08 14:52:43.800330
youtube#commentThread,eEqZJDfGP88yKpH5PyfIoOvvwR0,UgwDWigo3qhr_58L4-54AaABAg,"{'videoId': 'zEfTDpfyt1o', 'topLevelComment': {'kind': 'youtube#comment', 'etag': 'nn8Iab-w4IGVDkrAzs8QNtiLeb0', 'id': 'UgwDWigo3qhr_58L4-54AaABAg', 'snippet': {'videoId': 'zEfTDpfyt1o', 'textDisplay': 'VAI LÁ PACHEQUINHO! FICA AÍ ASSISTINDO TUDO ISSO, DE CAMAROTE, DO CONFORTO DA SUA CASA E EMITINDO NOTINHAS DE REPÚDIO, POIS VOCÊ SÓ SABE FAZER ISSO MESMO. <br>TUDO ISSO QUE ESTÁ ACONTECENDO HOJE NO BRASIL É CULPA SUA PACHEQUINHO E DOS SENADORES FEDERAIS ACOVARDADOS!<br>MAIS ISSO VAI MUDAR EM FEVEREIRO DE 2023 QUANDO VOCÊ SAIR DA PRESIDÊNCIA DO SENADO FEDERAL...', 'textOriginal': 'VAI LÁ PACHEQUINHO! FICA AÍ ASSISTINDO TUDO ISSO, DE CAMAROTE, DO CONFORTO DA SUA CASA E EMITINDO NOTINHAS DE REPÚDIO, POIS VOCÊ SÓ SABE FAZER ISSO MESMO. \\nTUDO ISSO QUE ESTÁ ACONTECENDO HOJE NO BRASIL É CULPA SUA PACHEQUINHO E DOS SENADORES FEDERAIS ACOVARDADOS!\\nMAIS ISSO VAI MUDAR EM FEVEREIRO DE 2023 QUANDO VOCÊ SAIR DA PRESIDÊNCIA DO SENADO FEDERAL...', 'authorDisplayName': 'Alessandro', 'authorProfileImageUrl': 'https://yt3.ggpht.com/ytc/AGIKgqPyUNiIdhH9vJV4offrS5Da6Rnlnv0v6j_QqcOOfw=s48-c-k-c0x00ffffff-no-rj', 'authorChannelUrl': 'http://www.youtube.com/channel/UChcdJSqMRy160lDsVh49-Kg', 'authorChannelId': {'value': 'UChcdJSqMRy160lDsVh49-Kg'}, 'canRate': True, 'viewerRating': 'none', 'likeCount': 0, 'publishedAt': '2022-10-23T22:33:10Z', 'updatedAt': '2022-10-23T22:33:10Z'}}, 'canReply': True, 'totalReplyCount': 0, 'isPublic': True}",,UChcdJSqMRy160lDsVh49-Kg,2022-10-23T22:33:10Z,"VAI LÁ PACHEQUINHO! FICA AÍ ASSISTINDO TUDO ISSO, DE CAMAROTE, DO CONFORTO DA SUA CASA E EMITINDO NOTINHAS DE REPÚDIO, POIS VOCÊ SÓ SABE FAZER ISSO MESMO. 
TUDO ISSO QUE ESTÁ ACONTECENDO HOJE NO BRASIL É CULPA SUA PACHEQUINHO E DOS SENADORES FEDERAIS ACOVARDADOS!
MAIS ISSO VAI MUDAR EM FEVEREIRO DE 2023 QUANDO VOCÊ SAIR DA PRESIDÊNCIA DO SENADO FEDERAL...",QURTSl9pM21xUDFqTWNmUmkxVDY0YXBPaFZjWWVPcVl0RGRfbUtzSnF5V25ZQVNPWTJPY2d4aXpxN2V4cE94YkRkYWRIeldKVm9GTEFrWQ==,2023-06-08 14:52:43.800330
youtube#commentThread,LqbLMaNVng4GCtQGu6NWbmS5GCo,Ugzr8Ta3h7R4MjC9bSN4AaABAg,"{'videoId': 'zEfTDpfyt1o', 'topLevelComment': {'kind': 'youtube#comment', 'etag': 'ajPU-CWjbkHD-fBkK7jvWBL7lmU', 'id': 'Ugzr8Ta3h7R4MjC9bSN4AaABAg', 'snippet': {'videoId': 'zEfTDpfyt1o', 'textDisplay': 'Jogo do Moraes, jogando a população contra PF e imprensa, acorda povo brasileiro as eleições estão perto.', 'textOriginal': 'Jogo do Moraes, jogando a população contra PF e imprensa, acorda povo brasileiro as eleições estão perto.', 'authorDisplayName': 'Helen Paula', 'authorProfileImageUrl': 'https://yt3.ggpht.com/ytc/AGIKgqMUKIYuWnvyH-iC8ab9LOZOHkdR7DDrdLFqkLilWg=s48-c-k-c0x00ffffff-no-rj', 'authorChannelUrl': 'http://www.youtube.com/channel/UC_JvasFdkLDm9Utl9VwWNsA', 'authorChannelId': {'value': 'UC_JvasFdkLDm9Utl9VwWNsA'}, 'canRate': True, 'viewerRating': 'none', 'likeCount': 0, 'publishedAt': '2022-10-23T22:33:10Z', 'updatedAt': '2022-10-23T22:33:10Z'}}, 'canReply': True, 'totalReplyCount': 0, 'isPublic': True}",,UC_JvasFdkLDm9Utl9VwWNsA,2022-10-23T22:33:10Z,"Jogo do Moraes, jogando a população contra PF e imprensa, acorda povo brasileiro as eleições estão perto.",QURTSl9pM21xUDFqTWNmUmkxVDY0YXBPaFZjWWVPcVl0RGRfbUtzSnF5V25ZQVNPWTJPY2d4aXpxN2V4cE94YkRkYWRIeldKVm9GTEFrWQ==,2023-06-08 14:52:43.800330
youtube#commentThread,Wrj9WwWqODr7S7B7h0dQaABplrI,UgwoVRsa-SvAZUyO7r94AaABAg,"{'videoId': 'zEfTDpfyt1o', 'topLevelComment': {'kind': 'youtube#comment', 'etag': 'wm1hPPCfJFgWVsoIcnf4_vb_u1Q', 'id': 'UgwoVRsa-SvAZUyO7r94AaABAg', 'snippet': {'videoId': 'zEfTDpfyt1o', 'textDisplay': 'É isso que eles querem....desestabilizar a sociedade', 'textOriginal': 'É isso que eles querem....desestabilizar a sociedade', 'authorDisplayName': 'Mag Sampaio', 'authorProfileImageUrl': 'https://yt3.ggpht.com/ytc/AGIKgqOojC4IEbO-Txpp39QhG6IStym4GuRdafI5O3AHiVs=s48-c-k-c0x00ffffff-no-rj', 'authorChannelUrl': 'http://www.youtube.com/channel/UCZbogYjFN1U2A7rfQi_KvMQ', 'authorChannelId': {'value': 'UCZbogYjFN1U2A7rfQi_KvMQ'}, 'canRate': True, 'viewerRating': 'none', 'likeCount': 0, 'publishedAt': '2022-10-23T22:33:09Z', 'updatedAt': '2022-10-23T22:33:09Z'}}, 'canReply': True, 'totalReplyCount': 0, 'isPublic': True}",,UCZbogYjFN1U2A7rfQi_KvMQ,2022-10-23T22:33:09Z,É isso que eles querem....desestabilizar a sociedade,QURTSl9pM21xUDFqTWNmUmkxVDY0YXBPaFZjWWVPcVl0RGRfbUtzSnF5V25ZQVNPWTJPY2d4aXpxN2V4cE94YkRkYWRIeldKVm9GTEFrWQ==,2023-06-08 14:52:43.800330
youtube#commentThread,yYgmg-OX73ZpS2P7-t7emmN06Zk,UgycOUDeMqG93NbIbLx4AaABAg,"{'videoId': 'zEfTDpfyt1o', 'topLevelComment': {'kind': 'youtube#comment', 'etag': 'uSbHhOQKDg7xP3BCyK9NU8NIJPM', 'id': 'UgycOUDeMqG93NbIbLx4AaABAg', 'snippet': {'videoId': 'zEfTDpfyt1o', 'textDisplay': 'Olha as merdas que vocês defendem... agora vem meter que repreende, depois de dar voz a essa imundície. Vocês são cúmplices.', 'textOriginal': 'Olha as merdas que vocês defendem... agora vem meter que repreende, depois de dar voz a essa imundície. Vocês são cúmplices.', 'authorDisplayName': 'Diego Florentino', 'authorProfileImageUrl': 'https://yt3.ggpht.com/ytc/AGIKgqPivEgSW04f3kslSLXXHQmu3imVp2rKayT-0ZkK_l8=s48-c-k-c0x00ffffff-no-rj', 'authorChannelUrl': 'http://www.youtube.com/channel/UClGY-pmkPqP2MdzPM-aU9rg', 'authorChannelId': {'value': 'UClGY-pmkPqP2MdzPM-aU9rg'}, 'canRate': True, 'viewerRating': 'none', 'likeCount': 0, 'publishedAt': '2022-10-23T22:33:07Z', 'updatedAt': '2022-10-23T22:33:07Z'}}, 'canReply': True, 'totalReplyCount': 0, 'isPublic': True}",,UClGY-pmkPqP2MdzPM-aU9rg,2022-10-23T22:33:07Z,"Olha as merdas que vocês defendem... agora vem meter que repreende, depois de dar voz a essa imundície. Vocês são cúmplices.",QURTSl9pM21xUDFqTWNmUmkxVDY0YXBPaFZjWWVPcVl0RGRfbUtzSnF5V25ZQVNPWTJPY2d4aXpxN2V4cE94YkRkYWRIeldKVm9GTEFrWQ==,2023-06-08 14:52:43.800330
youtube#commentThread,hB13xc-EYbOLN-7Oa9f8MEvdn4Y,UgyJefLXZNVUWUheZaJ4AaABAg,"{'videoId': 'zEfTDpfyt1o', 'topLevelComment': {'kind': 'youtube#comment', 'etag': 'SFXRE-CauGzuBtmuuwZTrLIu8t0', 'id': 'UgyJefLXZNVUWUheZaJ4AaABAg', 'snippet': {'videoId': 'zEfTDpfyt1o', 'textDisplay': 'prepara outra !!!!!!!!!!!', 'textOriginal': 'prepara outra !!!!!!!!!!!', 'authorDisplayName': 'carlos catonho Catonho', 'authorProfileImageUrl': 'https://yt3.ggpht.com/ytc/AGIKgqOJuV-r3T6Pdq2-R2BNmQTsYA7ln_mciIuhq_OY_g=s48-c-k-c0x00ffffff-no-rj', 'authorChannelUrl': 'http://www.youtube.com/channel/UCvin75xXd6-z7Iz3qgzY1lg', 'authorChannelId': {'value': 'UCvin75xXd6-z7Iz3qgzY1lg'}, 'canRate': True, 'viewerRating': 'none', 'likeCount': 0, 'publishedAt': '2022-10-23T22:33:05Z', 'updatedAt': '2022-10-23T22:33:05Z'}}, 'canReply': True, 'totalReplyCount': 0, 'isPublic': True}",,UCvin75xXd6-z7Iz3qgzY1lg,2022-10-23T22:33:05Z,prepara outra !!!!!!!!!!!,QURTSl9pM21xUDFqTWNmUmkxVDY0YXBPaFZjWWVPcVl0RGRfbUtzSnF5V25ZQVNPWTJPY2d4aXpxN2V4cE94YkRkYWRIeldKVm9GTEFrWQ==,2023-06-08 14:52:43.800330
youtube#commentThread,21sEFBrezuaQIqGgBDAsuo1-wNY,UgzwyRL9bCYFWtN0ARB4AaABAg,"{'videoId': 'zEfTDpfyt1o', 'topLevelComment': {'kind': 'youtube#comment', 'etag': '1joj-d88JcDNHdG-WMB--NfJquE', 'id': 'UgzwyRL9bCYFWtN0ARB4AaABAg', 'snippet': {'videoId': 'zEfTDpfyt1o', 'textDisplay': 'Uma coisa puxa a outra mas há um dos maiores culpados. Todos sabem quem', 'textOriginal': 'Uma coisa puxa a outra mas há um dos maiores culpados. Todos sabem quem', 'authorDisplayName': 'Damásio Balbino', 'authorProfileImageUrl': 'https://yt3.ggpht.com/ytc/AGIKgqNgGATz250bdgJTA06vDBEEVepw95R1Ddv8sQ=s48-c-k-c0x00ffffff-no-rj', 'authorChannelUrl': 'http://www.youtube.com/channel/UCDt_XxePiJLAxQSmreISrBg', 'authorChannelId': {'value': 'UCDt_XxePiJLAxQSmreISrBg'}, 'canRate': True, 'viewerRating': 'none', 'likeCount': 5, 'publishedAt': '2022-10-23T22:33:03Z', 'updatedAt': '2022-10-23T22:33:03Z'}}, 'canReply': True, 'totalReplyCount': 1, 'isPublic': True}","{'comments': [{'kind': 'youtube#comment', 'etag': 'g7tKmcONKnGM9NskhYqY5n09I6k', 'id': 'UgzwyRL9bCYFWtN0ARB4AaABAg.9hYBPKroddt9hYVke4nzsW', 'snippet': {'videoId': 'zEfTDpfyt1o', 'textDisplay': 'O Temer, certamente que criou a serpente...', 'textOriginal': 'O Temer, certamente que criou a serpente...', 'parentId': 'UgzwyRL9bCYFWtN0ARB4AaABAg', 'authorDisplayName': 'Tiburcio Nascimento', 'authorProfileImageUrl': 'https://yt3.ggpht.com/ytc/AGIKgqPYJ16XbloZp1nRif2q9UiINjE9b3aLcJFllVpYZmGF8L32gAvFuJ_fm0H5T6oa=s48-c-k-c0x00ffffff-no-rj', 'authorChannelUrl': 'http://www.youtube.com/channel/UCOpVT2WBtvOTmNgRgNreY3Q', 'authorChannelId': {'value': 'UCOpVT2WBtvOTmNgRgNreY3Q'}, 'canRate': True, 'viewerRating': 'none', 'likeCount': 0, 'publishedAt': '2022-10-24T01:30:51Z', 'updatedAt': '2022-10-24T01:30:51Z'}}]}",UCDt_XxePiJLAxQSmreISrBg,2022-10-23T22:33:03Z,Uma coisa puxa a outra mas há um dos maiores culpados. Todos sabem quem,QURTSl9pM21xUDFqTWNmUmkxVDY0YXBPaFZjWWVPcVl0RGRfbUtzSnF5V25ZQVNPWTJPY2d4aXpxN2V4cE94YkRkYWRIeldKVm9GTEFrWQ==,2023-06-08 14:52:43.800330
youtube#commentThread,Hz0GAK-xJWfTs7VlXL4Uw8d5tnU,Ugzud-I3ezbSVDwIFMZ4AaABAg,"{'videoId': 'zEfTDpfyt1o', 'topLevelComment': {'kind': 'youtube#comment', 'etag': 'LNpAchqXn7qdL_JO-T7QiG30PTg', 'id': 'Ugzud-I3ezbSVDwIFMZ4AaABAg', 'snippet': {'videoId': 'zEfTDpfyt1o', 'textDisplay': 'Difícil realidade dos  Brasileiros.', 'textOriginal': 'Difícil realidade dos  Brasileiros.', 'authorDisplayName': 'Dirce Ferrari', 'authorProfileImageUrl': 'https://yt3.ggpht.com/ytc/AGIKgqNp-V5rYNWRaZGsr_YwxGcKh0t6FyOgMD2i_Q=s48-c-k-c0x00ffffff-no-rj', 'authorChannelUrl': 'http://www.youtube.com/channel/UCE2B5FHa5Je_hJwfxi9LvEQ', 'authorChannelId': {'value': 'UCE2B5FHa5Je_hJwfxi9LvEQ'}, 'canRate': True, 'viewerRating': 'none', 'likeCount': 2, 'publishedAt': '2022-10-23T22:33:02Z', 'updatedAt': '2022-10-23T22:33:02Z'}}, 'canReply': True, 'totalReplyCount': 0, 'isPublic': True}",,UCE2B5FHa5Je_hJwfxi9LvEQ,2022-10-23T22:33:02Z,Difícil realidade dos  Brasileiros.,QURTSl9pM21xUDFqTWNmUmkxVDY0YXBPaFZjWWVPcVl0RGRfbUtzSnF5V25ZQVNPWTJPY2d4aXpxN2V4cE94YkRkYWRIeldKVm9GTEFrWQ==,2023-06-08 14:52:43.800330
youtube#commentThread,An3CK_8IS_2BXl8jJbMaQiEJXP0,UgxepkBO-twcVrFaw094AaABAg,"{'videoId': 'zEfTDpfyt1o', 'topLevelComment': {'kind': 'youtube#comment', 'etag': 'MGNjbJy-NuK1YamDR5M2AvvOs3s', 'id': 'UgxepkBO-twcVrFaw094AaABAg', 'snippet': {'videoId': 'zEfTDpfyt1o', 'textDisplay': 'A culpa é dê vcs', 'textOriginal': 'A culpa é dê vcs', 'authorDisplayName': 'Lulita Duarte', 'authorProfileImageUrl': 'https://yt3.ggpht.com/ytc/AGIKgqOE1ff0XCJLuyxKVkeK1Hd0Y-0b668ulw2liw=s48-c-k-c0x00ffffff-no-rj', 'authorChannelUrl': 'http://www.youtube.com/channel/UCb3Sb9NXl-M82T7Owf-JTMg', 'authorChannelId': {'value': 'UCb3Sb9NXl-M82T7Owf-JTMg'}, 'canRate': True, 'viewerRating': 'none', 'likeCount': 0, 'publishedAt': '2022-10-23T22:33:00Z', 'updatedAt': '2022-10-23T22:33:00Z'}}, 'canReply': True, 'totalReplyCount': 0, 'isPublic': True}",,UCb3Sb9NXl-M82T7Owf-JTMg,2022-10-23T22:33:00Z,A culpa é dê vcs,QURTSl9pM21xUDFqTWNmUmkxVDY0YXBPaFZjWWVPcVl0RGRfbUtzSnF5V25ZQVNPWTJPY2d4aXpxN2V4cE94YkRkYWRIeldKVm9GTEFrWQ==,2023-06-08 14:52:43.800330
youtube#commentThread,F2VTN7mIALaAWNLIrWgEp6VCkUc,UgwCKp-hFuECfX03LMx4AaABAg,"{'videoId': 'zEfTDpfyt1o', 'topLevelComment': {'kind': 'youtube#comment', 'etag': 'rKAaEsJ4IBjyAH6oX57oGwWIwQs', 'id': 'UgwCKp-hFuECfX03LMx4AaABAg', 'snippet': {'videoId': 'zEfTDpfyt1o', 'textDisplay': 'Bolsonaristas!!!!!!!!! Que fique claro!!!!!', 'textOriginal': 'Bolsonaristas!!!!!!!!! Que fique claro!!!!!', 'authorDisplayName': 'JR', 'authorProfileImageUrl': 'https://yt3.ggpht.com/nSt8oHFWxUg0TkNzi03A4s-iI_ufl1nHDqXyjXKOD3VHkKS4IIDwL1fqPmQ6AQQXbS6RrIEC87w=s48-c-k-c0x00ffffff-no-rj', 'authorChannelUrl': 'http://www.youtube.com/channel/UCUYg90Vl66aPctXqfGc5ugw', 'authorChannelId': {'value': 'UCUYg90Vl66aPctXqfGc5ugw'}, 'canRate': True, 'viewerRating': 'none', 'likeCount': 0, 'publishedAt': '2022-10-23T22:32:59Z', 'updatedAt': '2022-10-23T22:32:59Z'}}, 'canReply': True, 'totalReplyCount': 0, 'isPublic': True}",,UCUYg90Vl66aPctXqfGc5ugw,2022-10-23T22:32:59Z,Bolsonaristas!!!!!!!!! Que fique claro!!!!!,QURTSl9pM21xUDFqTWNmUmkxVDY0YXBPaFZjWWVPcVl0RGRfbUtzSnF5V25ZQVNPWTJPY2d4aXpxN2V4cE94YkRkYWRIeldKVm9GTEFrWQ==,2023-06-08 14:52:43.800330
youtube#commentThread,XEJVJCt1Bepa_PU136raIWS6M78,UgyUDXrDWm2yALdpbD14AaABAg,"{'videoId': 'zEfTDpfyt1o', 'topLevelComment': {'kind': 'youtube#comment', 'etag': 'yS_cZ5wWAysAsO_1OnnAI3D8QBs', 'id': 'UgyUDXrDWm2yALdpbD14AaABAg', 'snippet': {'videoId': 'zEfTDpfyt1o', 'textDisplay': 'Trabalho sagrado só p comunista o povo do bem tem q ficar de joelho , igual a jovem Pam está agora', 'textOriginal': 'Trabalho sagrado só p comunista o povo do bem tem q ficar de joelho , igual a jovem Pam está agora', 'authorDisplayName': 'Tereza Geovania', 'authorProfileImageUrl': 'https://yt3.ggpht.com/8PQ3rGv4luFOuioGsgmyyr8LuZNOzK8fuAe22nEYwmnUncVpTJwXhWCvWkZXiGJ9eP2fNyE8qlA=s48-c-k-c0x00ffffff-no-rj', 'authorChannelUrl': 'http://www.youtube.com/channel/UCQrwnE-W1SmfeHRf7CcB9sA', 'authorChannelId': {'value': 'UCQrwnE-W1SmfeHRf7CcB9sA'}, 'canRate': True, 'viewerRating': 'none', 'likeCount': 0, 'publishedAt': '2022-10-23T22:32:59Z', 'updatedAt': '2022-10-23T22:32:59Z'}}, 'canReply': True, 'totalReplyCount': 0, 'isPublic': True}",,UCQrwnE-W1SmfeHRf7CcB9sA,2022-10-23T22:32:59Z,"Trabalho sagrado só p comunista o povo do bem tem q ficar de joelho , igual a jovem Pam está agora",QURTSl9pM21xUDFqTWNmUmkxVDY0YXBPaFZjWWVPcVl0RGRfbUtzSnF5V25ZQVNPWTJPY2d4aXpxN2V4cE94YkRkYWRIeldKVm9GTEFrWQ==,2023-06-08 14:52:43.800330
youtube#commentThread,iZ9MITSyBsgkZGQrTxFMXOaYjAg,UgxrWCMS_0QZzlQTFv14AaABAg,"{'videoId': 'zEfTDpfyt1o', 'topLevelComment': {'kind': 'youtube#comment', 'etag': 'PimMyBH_GnnpxYQKE2AyW6gCWMY', 'id': 'UgxrWCMS_0QZzlQTFv14AaABAg', 'snippet': {'videoId': 'zEfTDpfyt1o', 'textDisplay': 'Parece que o Povo não está mais acreditando na Paz como solução !  Agredir o senegrafista é errado. Más o Povo está indignado e sem expectativa !', 'textOriginal': 'Parece que o Povo não está mais acreditando na Paz como solução !  Agredir o senegrafista é errado. Más o Povo está indignado e sem expectativa !', 'authorDisplayName': 'Flávio de Castro', 'authorProfileImageUrl': 'https://yt3.ggpht.com/ytc/AGIKgqNdU_YbTIAlMMAlWZJ2QJ6WPAYkn1qmPGQ4-A=s48-c-k-c0x00ffffff-no-rj', 'authorChannelUrl': 'http://www.youtube.com/channel/UC1qvA_pj7NrQlrJhG3ZrKlA', 'authorChannelId': {'value': 'UC1qvA_pj7NrQlrJhG3ZrKlA'}, 'canRate': True, 'viewerRating': 'none', 'likeCount': 0, 'publishedAt': '2022-10-23T22:32:58Z', 'updatedAt': '2022-10-23T22:32:58Z'}}, 'canReply': True, 'totalReplyCount': 0, 'isPublic': True}",,UC1qvA_pj7NrQlrJhG3ZrKlA,2022-10-23T22:32:58Z,Parece que o Povo não está mais acreditando na Paz como solução !  Agredir o senegrafista é errado. Más o Povo está indignado e sem expectativa !,QURTSl9pM21xUDFqTWNmUmkxVDY0YXBPaFZjWWVPcVl0RGRfbUtzSnF5V25ZQVNPWTJPY2d4aXpxN2V4cE94YkRkYWRIeldKVm9GTEFrWQ==,2023-06-08 14:52:43.800330
youtube#commentThread,IYSqTnK_USwZ7XXLck4_1IalKMA,Ugz0rowboWDene43Vbl4AaABAg,"{'videoId': 'zEfTDpfyt1o', 'topLevelComment': {'kind': 'youtube#comment', 'etag': '6cZWiqtm8bQMRDV_QJFjPKQCans', 'id': 'Ugz0rowboWDene43Vbl4AaABAg', 'snippet': {'videoId': 'zEfTDpfyt1o', 'textDisplay': 'Vamo falar a verdade não são apoiadores do Roberto Jefferson e sim Bolsonarista aquele ali', 'textOriginal': 'Vamo falar a verdade não são apoiadores do Roberto Jefferson e sim Bolsonarista aquele ali', 'authorDisplayName': 'Gilmar Oliveira', 'authorProfileImageUrl': 'https://yt3.ggpht.com/ytc/AGIKgqND8ErniofG-j6f5qRHdboih-kddv2g7B9DNqwfLb2tklIIHcLDu2nYY0LpQZWa=s48-c-k-c0x00ffffff-no-rj', 'authorChannelUrl': 'http://www.youtube.com/channel/UCV9ad1l-yg36vDamGKHWu4w', 'authorChannelId': {'value': 'UCV9ad1l-yg36vDamGKHWu4w'}, 'canRate': True, 'viewerRating': 'none', 'likeCount': 0, 'publishedAt': '2022-10-23T22:32:55Z', 'updatedAt': '2022-10-23T22:32:55Z'}}, 'canReply': True, 'totalReplyCount': 0, 'isPublic': True}",,UCV9ad1l-yg36vDamGKHWu4w,2022-10-23T22:32:55Z,Vamo falar a verdade não são apoiadores do Roberto Jefferson e sim Bolsonarista aquele ali,QURTSl9pM21xUDFqTWNmUmkxVDY0YXBPaFZjWWVPcVl0RGRfbUtzSnF5V25ZQVNPWTJPY2d4aXpxN2V4cE94YkRkYWRIeldKVm9GTEFrWQ==,2023-06-08 14:52:43.800330
youtube#commentThread,DZigSJyHjGKIYIZAtITahOQAKcs,Ugy2VjaBMw9_EjE7A2J4AaABAg,"{'videoId': 'zEfTDpfyt1o', 'topLevelComment': {'kind': 'youtube#comment', 'etag': 'vXEuQkEdkjAJQBMQrotpYJiqJGA', 'id': 'Ugy2VjaBMw9_EjE7A2J4AaABAg', 'snippet': {'videoId': 'zEfTDpfyt1o', 'textDisplay': 'De mensaleiro condenado a patriota, conservador e honesto kkkkkkkkkkkkkkkkkkkkk', 'textOriginal': 'De mensaleiro condenado a patriota, conservador e honesto kkkkkkkkkkkkkkkkkkkkk', 'authorDisplayName': 'Gabferper', 'authorProfileImageUrl': 'https://yt3.ggpht.com/hCgxowPnDeBgtUiliMtSGZ1wQolW1ndXOrIHRiQ9r50G32YYB4oOUfdUk8O18mGvb0tA_2dXHg=s48-c-k-c0x00ffffff-no-rj', 'authorChannelUrl': 'http://www.youtube.com/channel/UCe-USGcibPcDnFeikxLUfJw', 'authorChannelId': {'value': 'UCe-USGcibPcDnFeikxLUfJw'}, 'canRate': True, 'viewerRating': 'none', 'likeCount': 0, 'publishedAt': '2022-10-23T22:32:52Z', 'updatedAt': '2022-10-23T22:32:52Z'}}, 'canReply': True, 'totalReplyCount': 0, 'isPublic': True}",,UCe-USGcibPcDnFeikxLUfJw,2022-10-23T22:32:52Z,"De mensaleiro condenado a patriota, conservador e honesto kkkkkkkkkkkkkkkkkkkkk",QURTSl9pM21xUDFqTWNmUmkxVDY0YXBPaFZjWWVPcVl0RGRfbUtzSnF5V25ZQVNPWTJPY2d4aXpxN2V4cE94YkRkYWRIeldKVm9GTEFrWQ==,2023-06-08 14:52:43.800330
youtube#commentThread,bEJqQVmV5pGOFnnipWMdctb0rlQ,Ugzw3yq8wwRpoG_y6EZ4AaABAg,"{'videoId': 'zEfTDpfyt1o', 'topLevelComment': {'kind': 'youtube#comment', 'etag': '-iClAeMwNDTr9WJLsLW4Jwqi6q0', 'id': 'Ugzw3yq8wwRpoG_y6EZ4AaABAg', 'snippet': {'videoId': 'zEfTDpfyt1o', 'textDisplay': 'Isso tudo e culpa do Xandão.', 'textOriginal': 'Isso tudo e culpa do Xandão.', 'authorDisplayName': 'Cantuario Bento Da Silva Filho', 'authorProfileImageUrl': 'https://yt3.ggpht.com/ytc/AGIKgqONA0TYuShsumhxIOGxkv7OJeO0yxRe3LlUhA=s48-c-k-c0x00ffffff-no-rj', 'authorChannelUrl': 'http://www.youtube.com/channel/UCXNFQCOUsd_TuJzyifot7tg', 'authorChannelId': {'value': 'UCXNFQCOUsd_TuJzyifot7tg'}, 'canRate': True, 'viewerRating': 'none', 'likeCount': 0, 'publishedAt': '2022-10-23T22:32:49Z', 'updatedAt': '2022-10-23T22:32:49Z'}}, 'canReply': True, 'totalReplyCount': 0, 'isPublic': True}",,UCXNFQCOUsd_TuJzyifot7tg,2022-10-23T22:32:49Z,Isso tudo e culpa do Xandão.,QURTSl9pM21xUDFqTWNmUmkxVDY0YXBPaFZjWWVPcVl0RGRfbUtzSnF5V25ZQVNPWTJPY2d4aXpxN2V4cE94YkRkYWRIeldKVm9GTEFrWQ==,2023-06-08 14:52:43.800330
youtube#commentThread,5ubE3ppVwCrk72N6TiC79SwjlUw,UgyheQ2NAWw1KBp1RKJ4AaABAg,"{'videoId': 'zEfTDpfyt1o', 'topLevelComment': {'kind': 'youtube#comment', 'etag': 'LfcOlxkga0kP-LhIKt3KpgqEnTE', 'id': 'UgyheQ2NAWw1KBp1RKJ4AaABAg', 'snippet': {'videoId': 'zEfTDpfyt1o', 'textDisplay': 'Como um condenado que está em prisão domiciliar tem arma e granada? <br>Fica claro que alguém levou para o Bob Jefferson fazer o espetáculo!', 'textOriginal': 'Como um condenado que está em prisão domiciliar tem arma e granada? \\nFica claro que alguém levou para o Bob Jefferson fazer o espetáculo!', 'authorDisplayName': 'Benaia Mady', 'authorProfileImageUrl': 'https://yt3.ggpht.com/ytc/AGIKgqPVdcB6vdIfZhS1JtYQgXr35Z1WXNNCDOgfPw=s48-c-k-c0x00ffffff-no-rj', 'authorChannelUrl': 'http://www.youtube.com/channel/UC9hEjzCrXNKuEheWyQP_WJg', 'authorChannelId': {'value': 'UC9hEjzCrXNKuEheWyQP_WJg'}, 'canRate': True, 'viewerRating': 'none', 'likeCount': 0, 'publishedAt': '2022-10-23T22:32:42Z', 'updatedAt': '2022-10-23T22:32:42Z'}}, 'canReply': True, 'totalReplyCount': 0, 'isPublic': True}",,UC9hEjzCrXNKuEheWyQP_WJg,2022-10-23T22:32:42Z,"Como um condenado que está em prisão domiciliar tem arma e granada? 
Fica claro que alguém levou para o Bob Jefferson fazer o espetáculo!",QURTSl9pM21xUDFqTWNmUmkxVDY0YXBPaFZjWWVPcVl0RGRfbUtzSnF5V25ZQVNPWTJPY2d4aXpxN2V4cE94YkRkYWRIeldKVm9GTEFrWQ==,2023-06-08 14:52:43.800330
youtube#commentThread,uhzQAU3c4tEgq1eHhz1fQpcw-5o,UgyV7Fwu8t8pyadHoLt4AaABAg,"{'videoId': 'zEfTDpfyt1o', 'topLevelComment': {'kind': 'youtube#comment', 'etag': 'X8O-yeEPdtD7I4DAKZBZ0nr6fkg', 'id': 'UgyV7Fwu8t8pyadHoLt4AaABAg', 'snippet': {'videoId': 'zEfTDpfyt1o', 'textDisplay': 'Misericórdia estes bosanarians e um mostros', 'textOriginal': 'Misericórdia estes bosanarians e um mostros', 'authorDisplayName': 'Arthur Fernades', 'authorProfileImageUrl': 'https://yt3.ggpht.com/ytc/AGIKgqNPqaC8bYpFzweu60DVzQINHJ_cQlCBC6KVgA=s48-c-k-c0x00ffffff-no-rj', 'authorChannelUrl': 'http://www.youtube.com/channel/UCsUIa1dc4IOGg3jLza0DUNw', 'authorChannelId': {'value': 'UCsUIa1dc4IOGg3jLza0DUNw'}, 'canRate': True, 'viewerRating': 'none', 'likeCount': 0, 'publishedAt': '2022-10-23T22:32:42Z', 'updatedAt': '2022-10-23T22:32:42Z'}}, 'canReply': True, 'totalReplyCount': 0, 'isPublic': True}",,UCsUIa1dc4IOGg3jLza0DUNw,2022-10-23T22:32:42Z,Misericórdia estes bosanarians e um mostros,QURTSl9pM21xUDFqTWNmUmkxVDY0YXBPaFZjWWVPcVl0RGRfbUtzSnF5V25ZQVNPWTJPY2d4aXpxN2V4cE94YkRkYWRIeldKVm9GTEFrWQ==,2023-06-08 14:52:43.800330
youtube#commentThread,1XVDf5b7v2zxwGy1Xg_srwAKzxA,UgyJ00eTUNdxxvBDRZB4AaABAg,"{'videoId': 'zEfTDpfyt1o', 'topLevelComment': {'kind': 'youtube#comment', 'etag': 'EDfrO7dOh5S1xL5tnI5Qf40Ub3U', 'id': 'UgyJ00eTUNdxxvBDRZB4AaABAg', 'snippet': {'videoId': 'zEfTDpfyt1o', 'textDisplay': 'AH, DEIXA EU FALAR: QUEM AGRIDE TRABALHADOR É VAGABUNDO!!!!!! O AGRESSOR DO CINEGRAFISTA É VAGABUNDO E COVARDE!!!! E QUM TÁ APOIANDO O AGRESSOR É VAGABUNDO, COVARDE E BUNDÃO!!!!', 'textOriginal': 'AH, DEIXA EU FALAR: QUEM AGRIDE TRABALHADOR É VAGABUNDO!!!!!! O AGRESSOR DO CINEGRAFISTA É VAGABUNDO E COVARDE!!!! E QUM TÁ APOIANDO O AGRESSOR É VAGABUNDO, COVARDE E BUNDÃO!!!!', 'authorDisplayName': 'banjoniro', 'authorProfileImageUrl': 'https://yt3.ggpht.com/ytc/AGIKgqP_QDtEfclLbnzRsD1uTSAv848GHTvjE3f_9M-I=s48-c-k-c0x00ffffff-no-rj', 'authorChannelUrl': 'http://www.youtube.com/channel/UC4fUvJBz4ozD1DPVtLTVkqg', 'authorChannelId': {'value': 'UC4fUvJBz4ozD1DPVtLTVkqg'}, 'canRate': True, 'viewerRating': 'none', 'likeCount': 0, 'publishedAt': '2022-10-23T22:32:41Z', 'updatedAt': '2022-10-23T22:32:41Z'}}, 'canReply': True, 'totalReplyCount': 0, 'isPublic': True}",,UC4fUvJBz4ozD1DPVtLTVkqg,2022-10-23T22:32:41Z,"AH, DEIXA EU FALAR: QUEM AGRIDE TRABALHADOR É VAGABUNDO!!!!!! O AGRESSOR DO CINEGRAFISTA É VAGABUNDO E COVARDE!!!! E QUM TÁ APOIANDO O AGRESSOR É VAGABUNDO, COVARDE E BUNDÃO!!!!",QURTSl9pM21xUDFqTWNmUmkxVDY0YXBPaFZjWWVPcVl0RGRfbUtzSnF5V25ZQVNPWTJPY2d4aXpxN2V4cE94YkRkYWRIeldKVm9GTEFrWQ==,2023-06-08 14:52:43.800330
youtube#commentThread,HlyznJwBx4jX1bWVW6aTVpERmdE,Ugyz980bMOF-vj4pNEp4AaABAg,"{'videoId': 'zEfTDpfyt1o', 'topLevelComment': {'kind': 'youtube#comment', 'etag': 'EL8kKHirypdCJlTT-KT5eRrh2ok', 'id': 'Ugyz980bMOF-vj4pNEp4AaABAg', 'snippet': {'videoId': 'zEfTDpfyt1o', 'textDisplay': 'Porquê bolsonarista? Seu ,,,', 'textOriginal': 'Porquê bolsonarista? Seu ,,,', 'authorDisplayName': 'Edson Gilmar Schwingel', 'authorProfileImageUrl': 'https://yt3.ggpht.com/ytc/AGIKgqM4lrcAsNNuAJs7dY755g1WqO9QgRmCwAXx4Q=s48-c-k-c0x00ffffff-no-rj', 'authorChannelUrl': 'http://www.youtube.com/channel/UCLtuZOm0S3svZ8uZsekufyA', 'authorChannelId': {'value': 'UCLtuZOm0S3svZ8uZsekufyA'}, 'canRate': True, 'viewerRating': 'none', 'likeCount': 0, 'publishedAt': '2022-10-23T22:32:40Z', 'updatedAt': '2022-10-23T22:32:40Z'}}, 'canReply': True, 'totalReplyCount': 0, 'isPublic': True}",,UCLtuZOm0S3svZ8uZsekufyA,2022-10-23T22:32:40Z,"Porquê bolsonarista? Seu ,,,",QURTSl9pM21xUDFqTWNmUmkxVDY0YXBPaFZjWWVPcVl0RGRfbUtzSnF5V25ZQVNPWTJPY2d4aXpxN2V4cE94YkRkYWRIeldKVm9GTEFrWQ==,2023-06-08 14:52:43.800330
youtube#commentThread,UzycVJEm9UpC9PFAajtTowmWlsE,Ugy1QjBdL0EeAqELXLZ4AaABAg,"{'videoId': 'zEfTDpfyt1o', 'topLevelComment': {'kind': 'youtube#comment', 'etag': 'R9LVXMYk1lfdkN_IeRkJ4-jMb2c', 'id': 'Ugy1QjBdL0EeAqELXLZ4AaABAg', 'snippet': {'videoId': 'zEfTDpfyt1o', 'textDisplay': 'Não defendo a violência. Mais a impressa vem agredindo o povo faz tempo e chamando o povo de burro. Uma hora ia dá nisso.', 'textOriginal': 'Não defendo a violência. Mais a impressa vem agredindo o povo faz tempo e chamando o povo de burro. Uma hora ia dá nisso.', 'authorDisplayName': 'Everaldo Santos', 'authorProfileImageUrl': 'https://yt3.ggpht.com/ytc/AGIKgqMZcSnLdAUvyUhTRKk097OCCIgwJ1Y9rIqyBLWMr_M9AIV-nSbJIpqWbbWxCAen=s48-c-k-c0x00ffffff-no-rj', 'authorChannelUrl': 'http://www.youtube.com/channel/UCAY02Yxjzt3LdJBHcM1mhWQ', 'authorChannelId': {'value': 'UCAY02Yxjzt3LdJBHcM1mhWQ'}, 'canRate': True, 'viewerRating': 'none', 'likeCount': 0, 'publishedAt': '2022-10-23T22:32:36Z', 'updatedAt': '2022-10-23T22:32:36Z'}}, 'canReply': True, 'totalReplyCount': 0, 'isPublic': True}",,UCAY02Yxjzt3LdJBHcM1mhWQ,2022-10-23T22:32:36Z,Não defendo a violência. Mais a impressa vem agredindo o povo faz tempo e chamando o povo de burro. Uma hora ia dá nisso.,QURTSl9pM21xUDFqTWNmUmkxVDY0YXBPaFZjWWVPcVl0RGRfbUtzSnF5V25ZQVNPWTJPY2d4aXpxN2V4cE94YkRkYWRIeldKVm9GTEFrWQ==,2023-06-08 14:52:43.800330
youtube#commentThread,jMGuNBLZu_gcg2-1nf4aFliJ_iI,UgxcmdmS2c0e8U9IxZd4AaABAg,"{'videoId': 'zEfTDpfyt1o', 'topLevelComment': {'kind': 'youtube#comment', 'etag': '72KZVAzYyaFQvzKSrsSylRUFnBE', 'id': 'UgxcmdmS2c0e8U9IxZd4AaABAg', 'snippet': {'videoId': 'zEfTDpfyt1o', 'textDisplay': 'REVOLUÇÃO JÁ! <br><br><br>Chega de censura!', 'textOriginal': 'REVOLUÇÃO JÁ! \\n\\n\\nChega de censura!', 'authorDisplayName': 'FuckTheState', 'authorProfileImageUrl': 'https://yt3.ggpht.com/ytc/AGIKgqPHdgXc_-NnUPpyAiwhaY4y69h7gBq4nM2jfEwH=s48-c-k-c0x00ffffff-no-rj', 'authorChannelUrl': 'http://www.youtube.com/channel/UCx0qgYKDPFxRxPhLfTBfCDQ', 'authorChannelId': {'value': 'UCx0qgYKDPFxRxPhLfTBfCDQ'}, 'canRate': True, 'viewerRating': 'none', 'likeCount': 1, 'publishedAt': '2022-10-23T22:32:32Z', 'updatedAt': '2022-10-23T22:32:32Z'}}, 'canReply': True, 'totalReplyCount': 1, 'isPublic': True}","{'comments': [{'kind': 'youtube#comment', 'etag': '3NquVW59UIWLF22TavCmy9izXfM', 'id': 'UgxcmdmS2c0e8U9IxZd4AaABAg.9hYBLZxCgbP9hYBnAwiddO', 'snippet': {'videoId': 'zEfTDpfyt1o', 'textDisplay': 'Vai la fazer sua revolução<br>Junto com meia dúzia que apoia esse corrupto confesso do mensalão que tentou comentar homicídio.<br>Obs: não contém com o Bolsonaro,já que ele mesmo repudiou a agressão.', 'textOriginal': 'Vai la fazer sua revolução\\nJunto com meia dúzia que apoia esse corrupto confesso do mensalão que tentou comentar homicídio.\\nObs: não contém com o Bolsonaro,já que ele mesmo repudiou a agressão.', 'parentId': 'UgxcmdmS2c0e8U9IxZd4AaABAg', 'authorDisplayName': 'M', 'authorProfileImageUrl': 'https://yt3.ggpht.com/ytc/AGIKgqPPcMWTa8IXZvJ2s2FkJE-AlDtYwH9f5ISP4jI1=s48-c-k-c0x00ffffff-no-rj', 'authorChannelUrl': 'http://www.youtube.com/channel/UCOgbRnnYsQPAZ1qVCpNAbjw', 'authorChannelId': {'value': 'UCOgbRnnYsQPAZ1qVCpNAbjw'}, 'canRate': True, 'viewerRating': 'none', 'likeCount': 0, 'publishedAt': '2022-10-23T22:36:26Z', 'updatedAt': '2022-10-23T22:36:26Z'}}]}",UCx0qgYKDPFxRxPhLfTBfCDQ,2022-10-23T22:32:32Z,"REVOLUÇÃO JÁ! 


Chega de censura!",QURTSl9pM21xUDFqTWNmUmkxVDY0YXBPaFZjWWVPcVl0RGRfbUtzSnF5V25ZQVNPWTJPY2d4aXpxN2V4cE94YkRkYWRIeldKVm9GTEFrWQ==,2023-06-08 14:52:43.800330
youtube#commentThread,dm35lsPa-pa48-dM3Tv0TNMDtJQ,UgwXGJqLaCDm4XXeWCV4AaABAg,"{'videoId': 'zEfTDpfyt1o', 'topLevelComment': {'kind': 'youtube#comment', 'etag': 'ELkZ_JcqBpR3Qm22cI-B3gQun_M', 'id': 'UgwXGJqLaCDm4XXeWCV4AaABAg', 'snippet': {'videoId': 'zEfTDpfyt1o', 'textDisplay': 'LO QUE PASA ES QUE LA GENTE ESTAN YA HARTA  YA NO ADIMITI UNA QUE SOLO HABLAN MENTIRAS Y MAS  PORQUE ESTAN REPUDIANDO A OTRAS QUE HABLA LA VERDAD . ESO SI NO TE GUSTA LA CADENA ALÉJATE DE ELLA NO LA VEA NO LA ESCUCHEN Y ASÍ SE CIERRAN LA CADENA DE UNA VEIS SI NADIE LA VEN. 🤷 👍🇧🇷🇪🇸 DIOS ACIMA DE TODO LIBERTAD PARA TODOS , Y EL ESTA DE VERDE  PARA DESFASAR SEGURO QUE ES UN PTSTA DESFACADO PARA DECIR OTROS QUE ES BOSONARISTA ESO SEGURISIMO', 'textOriginal': 'LO QUE PASA ES QUE LA GENTE ESTAN YA HARTA  YA NO ADIMITI UNA QUE SOLO HABLAN MENTIRAS Y MAS  PORQUE ESTAN REPUDIANDO A OTRAS QUE HABLA LA VERDAD . ESO SI NO TE GUSTA LA CADENA ALÉJATE DE ELLA NO LA VEA NO LA ESCUCHEN Y ASÍ SE CIERRAN LA CADENA DE UNA VEIS SI NADIE LA VEN. 🤷 👍🇧🇷🇪🇸 DIOS ACIMA DE TODO LIBERTAD PARA TODOS , Y EL ESTA DE VERDE  PARA DESFASAR SEGURO QUE ES UN PTSTA DESFACADO PARA DECIR OTROS QUE ES BOSONARISTA ESO SEGURISIMO', 'authorDisplayName': 'SONIA  B - S', 'authorProfileImageUrl': 'https://yt3.ggpht.com/Chv_XULvTCMdE0N2GBPyT5NP6o1_td2HDcANWLGSgOpFwBHnHCyySGsLBJ7sQ6zQEfObomre3A=s48-c-k-c0x00ffffff-no-rj', 'authorChannelUrl': 'http://www.youtube.com/channel/UCsn5UmPzxQKKaXOqv3RAf-A', 'authorChannelId': {'value': 'UCsn5UmPzxQKKaXOqv3RAf-A'}, 'canRate': True, 'viewerRating': 'none', 'likeCount': 0, 'publishedAt': '2022-10-23T22:32:29Z', 'updatedAt': '2022-10-23T22:37:01Z'}}, 'canReply': True, 'totalReplyCount': 0, 'isPublic': True}",,UCsn5UmPzxQKKaXOqv3RAf-A,2022-10-23T22:32:29Z,"LO QUE PASA ES QUE LA GENTE ESTAN YA HARTA  YA NO ADIMITI UNA QUE SOLO HABLAN MENTIRAS Y MAS  PORQUE ESTAN REPUDIANDO A OTRAS QUE HABLA LA VERDAD . ESO SI NO TE GUSTA LA CADENA ALÉJATE DE ELLA NO LA VEA NO LA ESCUCHEN Y ASÍ SE CIERRAN LA CADENA DE UNA VEIS SI NADIE LA VEN. 🤷 👍🇧🇷🇪🇸 DIOS ACIMA DE TODO LIBERTAD PARA TODOS , Y EL ESTA DE VERDE  PARA DESFASAR SEGURO QUE ES UN PTSTA DESFACADO PARA DECIR OTROS QUE ES BOSONARISTA ESO SEGURISIMO",QURTSl9pM21xUDFqTWNmUmkxVDY0YXBPaFZjWWVPcVl0RGRfbUtzSnF5V25ZQVNPWTJPY2d4aXpxN2V4cE94YkRkYWRIeldKVm9GTEFrWQ==,2023-06-08 14:52:43.800330
youtube#commentThread,9RruoPt0_47S34n18tCua3lJ6XI,UgzNIFHOf9M0fLCgKr94AaABAg,"{'videoId': 'zEfTDpfyt1o', 'topLevelComment': {'kind': 'youtube#comment', 'etag': 'H6X-h4PaK2LPoqqb0wBm6o4FQT4', 'id': 'UgzNIFHOf9M0fLCgKr94AaABAg', 'snippet': {'videoId': 'zEfTDpfyt1o', 'textDisplay': 'Enquanto isso o maior bandido de colarinho branco da história tá solto e vomitando suas mentiras na casa de todo brasileiro de bem desde país', 'textOriginal': 'Enquanto isso o maior bandido de colarinho branco da história tá solto e vomitando suas mentiras na casa de todo brasileiro de bem desde país', 'authorDisplayName': 'BRONSON', 'authorProfileImageUrl': 'https://yt3.ggpht.com/ytc/AGIKgqPxBegw8z5WNEm_k5U16f-cswxuBTuJuCAqbLTxY5aBp8hVBknCRtvwMyk8Dpaf=s48-c-k-c0x00ffffff-no-rj', 'authorChannelUrl': 'http://www.youtube.com/channel/UCC3CS_aD7aupO2lb25NrFhw', 'authorChannelId': {'value': 'UCC3CS_aD7aupO2lb25NrFhw'}, 'canRate': True, 'viewerRating': 'none', 'likeCount': 0, 'publishedAt': '2022-10-23T22:32:26Z', 'updatedAt': '2022-10-23T22:32:26Z'}}, 'canReply': True, 'totalReplyCount': 0, 'isPublic': True}",,UCC3CS_aD7aupO2lb25NrFhw,2022-10-23T22:32:26Z,Enquanto isso o maior bandido de colarinho branco da história tá solto e vomitando suas mentiras na casa de todo brasileiro de bem desde país,QURTSl9pM21xUDFqTWNmUmkxVDY0YXBPaFZjWWVPcVl0RGRfbUtzSnF5V25ZQVNPWTJPY2d4aXpxN2V4cE94YkRkYWRIeldKVm9GTEFrWQ==,2023-06-08 14:52:43.800330
youtube#commentThread,nDdl9wZsij2dQ7xGqe6KawjN7U0,UgzXHHmSYlOAGtK2abN4AaABAg,"{'videoId': 'zEfTDpfyt1o', 'topLevelComment': {'kind': 'youtube#comment', 'etag': '3l10rUhYkJp1SSIySGmQrrBNL28', 'id': 'UgzXHHmSYlOAGtK2abN4AaABAg', 'snippet': {'videoId': 'zEfTDpfyt1o', 'textDisplay': 'É o de verde que tá falando com policiais atrás das últimas imagens', 'textOriginal': 'É o de verde que tá falando com policiais atrás das últimas imagens', 'authorDisplayName': 'Gilmar Oliveira', 'authorProfileImageUrl': 'https://yt3.ggpht.com/ytc/AGIKgqND8ErniofG-j6f5qRHdboih-kddv2g7B9DNqwfLb2tklIIHcLDu2nYY0LpQZWa=s48-c-k-c0x00ffffff-no-rj', 'authorChannelUrl': 'http://www.youtube.com/channel/UCV9ad1l-yg36vDamGKHWu4w', 'authorChannelId': {'value': 'UCV9ad1l-yg36vDamGKHWu4w'}, 'canRate': True, 'viewerRating': 'none', 'likeCount': 0, 'publishedAt': '2022-10-23T22:32:22Z', 'updatedAt': '2022-10-23T22:32:22Z'}}, 'canReply': True, 'totalReplyCount': 0, 'isPublic': True}",,UCV9ad1l-yg36vDamGKHWu4w,2022-10-23T22:32:22Z,É o de verde que tá falando com policiais atrás das últimas imagens,QURTSl9pM21xUDFqTWNmUmkxVDY0YXBPaFZjWWVPcVl0RGRfbUtzSnF5V25ZQVNPWTJPY2d4aXpxN2V4cE94YkRkYWRIeldKVm9GTEFrWQ==,2023-06-08 14:52:43.800330
youtube#commentThread,E88AYgIyzY1YlM6BdcWo_ZjVv4E,UgybdsX8xZbJ6miCmwR4AaABAg,"{'videoId': 'zEfTDpfyt1o', 'topLevelComment': {'kind': 'youtube#comment', 'etag': 'Y2R1bfW7VUkZdPvhGUKsyKnQk14', 'id': 'UgybdsX8xZbJ6miCmwR4AaABAg', 'snippet': {'videoId': 'zEfTDpfyt1o', 'textDisplay': 'Isso só ocorre com apoiadores do lado do Bolsonaro!', 'textOriginal': 'Isso só ocorre com apoiadores do lado do Bolsonaro!', 'authorDisplayName': 'Elisabete Eches', 'authorProfileImageUrl': 'https://yt3.ggpht.com/ytc/AGIKgqMDOtDk9bYJyjVHludsIRJI26YWM-a2Z0SB6V1jrw=s48-c-k-c0x00ffffff-no-rj', 'authorChannelUrl': 'http://www.youtube.com/channel/UCSYONzHGscF8xIqJKxqgfxQ', 'authorChannelId': {'value': 'UCSYONzHGscF8xIqJKxqgfxQ'}, 'canRate': True, 'viewerRating': 'none', 'likeCount': 0, 'publishedAt': '2022-10-23T22:32:22Z', 'updatedAt': '2022-10-23T22:32:22Z'}}, 'canReply': True, 'totalReplyCount': 0, 'isPublic': True}",,UCSYONzHGscF8xIqJKxqgfxQ,2022-10-23T22:32:22Z,Isso só ocorre com apoiadores do lado do Bolsonaro!,QURTSl9pM21xUDFqTWNmUmkxVDY0YXBPaFZjWWVPcVl0RGRfbUtzSnF5V25ZQVNPWTJPY2d4aXpxN2V4cE94YkRkYWRIeldKVm9GTEFrWQ==,2023-06-08 14:52:43.800330
youtube#commentThread,2g5DvLs8zBmEncIkxRemUbNhNPU,UgwRAtKfCsmCZZOteYV4AaABAg,"{'videoId': 'zEfTDpfyt1o', 'topLevelComment': {'kind': 'youtube#comment', 'etag': 'xMImQJNJfnXEvDTGrcCJmMqMKEE', 'id': 'UgwRAtKfCsmCZZOteYV4AaABAg', 'snippet': {'videoId': 'zEfTDpfyt1o', 'textDisplay': 'a camera que captou , dá zoom só no tombo      VAI TE CATÀ o marmelâo', 'textOriginal': 'a camera que captou , dá zoom só no tombo      VAI TE CATÀ o marmelâo', 'authorDisplayName': 'carlos catonho Catonho', 'authorProfileImageUrl': 'https://yt3.ggpht.com/ytc/AGIKgqOJuV-r3T6Pdq2-R2BNmQTsYA7ln_mciIuhq_OY_g=s48-c-k-c0x00ffffff-no-rj', 'authorChannelUrl': 'http://www.youtube.com/channel/UCvin75xXd6-z7Iz3qgzY1lg', 'authorChannelId': {'value': 'UCvin75xXd6-z7Iz3qgzY1lg'}, 'canRate': True, 'viewerRating': 'none', 'likeCount': 0, 'publishedAt': '2022-10-23T22:32:21Z', 'updatedAt': '2022-10-23T22:32:21Z'}}, 'canReply': True, 'totalReplyCount': 0, 'isPublic': True}",,UCvin75xXd6-z7Iz3qgzY1lg,2022-10-23T22:32:21Z,"a camera que captou , dá zoom só no tombo      VAI TE CATÀ o marmelâo",QURTSl9pM21xUDFqTWNmUmkxVDY0YXBPaFZjWWVPcVl0RGRfbUtzSnF5V25ZQVNPWTJPY2d4aXpxN2V4cE94YkRkYWRIeldKVm9GTEFrWQ==,2023-06-08 14:52:43.800330
youtube#commentThread,1lGdwMlEEBVoXF4J6xREt9bFg80,UgyKLgW1Z4JVAlfUXfh4AaABAg,"{'videoId': 'zEfTDpfyt1o', 'topLevelComment': {'kind': 'youtube#comment', 'etag': 'U_fk9GNEOFM9X7JwJaWHdBv5VzQ', 'id': 'UgyKLgW1Z4JVAlfUXfh4AaABAg', 'snippet': {'videoId': 'zEfTDpfyt1o', 'textDisplay': 'Se o var ver o lance, n dá nem falta', 'textOriginal': 'Se o var ver o lance, n dá nem falta', 'authorDisplayName': 'Lucas', 'authorProfileImageUrl': 'https://yt3.ggpht.com/ytc/AGIKgqNBYZVdnH-Jn4OM8UHJD6FUVg-5W0rEEJjyVQgxfgKR0P_l1-aOeCpAC_Uyzi9k=s48-c-k-c0x00ffffff-no-rj', 'authorChannelUrl': 'http://www.youtube.com/channel/UC1Cy95MAicH-4moNtfAJs0g', 'authorChannelId': {'value': 'UC1Cy95MAicH-4moNtfAJs0g'}, 'canRate': True, 'viewerRating': 'none', 'likeCount': 1, 'publishedAt': '2022-10-23T22:32:20Z', 'updatedAt': '2022-10-23T22:32:20Z'}}, 'canReply': True, 'totalReplyCount': 0, 'isPublic': True}",,UC1Cy95MAicH-4moNtfAJs0g,2022-10-23T22:32:20Z,"Se o var ver o lance, n dá nem falta",QURTSl9pM21xUDFqTWNmUmkxVDY0YXBPaFZjWWVPcVl0RGRfbUtzSnF5V25ZQVNPWTJPY2d4aXpxN2V4cE94YkRkYWRIeldKVm9GTEFrWQ==,2023-06-08 14:52:43.800330
youtube#commentThread,egjPvfZUHwItsRFfNmOVUNCuNBg,UgzwJw0BAaBe8A8I9Pl4AaABAg,"{'videoId': 'zEfTDpfyt1o', 'topLevelComment': {'kind': 'youtube#comment', 'etag': 'Zj5D7N7BLUxS5s-3ulSXieD-xAw', 'id': 'UgzwJw0BAaBe8A8I9Pl4AaABAg', 'snippet': {'videoId': 'zEfTDpfyt1o', 'textDisplay': 'IIIIIIIIIIIIIHUUUUUUUULLLLL!', 'textOriginal': 'IIIIIIIIIIIIIHUUUUUUUULLLLL!', 'authorDisplayName': 'RMR ViSa', 'authorProfileImageUrl': 'https://yt3.ggpht.com/De854RpoLZT2qVS5z2NTVKApDHYwcH0yBgZAXaqneOcDEEP0lHRKVjPk2V_sU08H4979mbG94g=s48-c-k-c0x00ffffff-no-rj', 'authorChannelUrl': 'http://www.youtube.com/channel/UCkKsMfDGVrvL49lW1RlPYfw', 'authorChannelId': {'value': 'UCkKsMfDGVrvL49lW1RlPYfw'}, 'canRate': True, 'viewerRating': 'none', 'likeCount': 0, 'publishedAt': '2022-10-23T22:32:19Z', 'updatedAt': '2022-10-23T22:32:19Z'}}, 'canReply': True, 'totalReplyCount': 0, 'isPublic': True}",,UCkKsMfDGVrvL49lW1RlPYfw,2022-10-23T22:32:19Z,IIIIIIIIIIIIIHUUUUUUUULLLLL!,QURTSl9pM21xUDFqTWNmUmkxVDY0YXBPaFZjWWVPcVl0RGRfbUtzSnF5V25ZQVNPWTJPY2d4aXpxN2V4cE94YkRkYWRIeldKVm9GTEFrWQ==,2023-06-08 14:52:43.800330
youtube#commentThread,A2RWfTadGBoHsVajggs891ueokY,UgzdVA-jh6FVEE8e0Nx4AaABAg,"{'videoId': 'zEfTDpfyt1o', 'topLevelComment': {'kind': 'youtube#comment', 'etag': '9k0MqWRuf7HEH8fs8v2I8xTNy48', 'id': 'UgzdVA-jh6FVEE8e0Nx4AaABAg', 'snippet': {'videoId': 'zEfTDpfyt1o', 'textDisplay': 'Não acho que tem que generalizar direita desse fato de covardia . Isso é um fato isolado. Outros de direita não tem culpa por atitudes de apenas uma pessoa. Ja começaram a julgar como pessoas de direita.<br>Claro, fala de esquerdista ne gente. Trata se de apenas uma pessoa desiquilibrada .Gente violência de forma alguma. Daqui a pouco começa dizer que Bolsonaro tem culpa disso.', 'textOriginal': 'Não acho que tem que generalizar direita desse fato de covardia . Isso é um fato isolado. Outros de direita não tem culpa por atitudes de apenas uma pessoa. Ja começaram a julgar como pessoas de direita.\\nClaro, fala de esquerdista ne gente. Trata se de apenas uma pessoa desiquilibrada .Gente violência de forma alguma. Daqui a pouco começa dizer que Bolsonaro tem culpa disso.', 'authorDisplayName': 'Wilma Aguiar', 'authorProfileImageUrl': 'https://yt3.ggpht.com/ytc/AGIKgqOX0-x7TRnobpOPTXfYBDBo36r6PxryVfcmNWXIaXo=s48-c-k-c0x00ffffff-no-rj', 'authorChannelUrl': 'http://www.youtube.com/channel/UCmwjmzptMWdBbjl6_RF2HzQ', 'authorChannelId': {'value': 'UCmwjmzptMWdBbjl6_RF2HzQ'}, 'canRate': True, 'viewerRating': 'none', 'likeCount': 0, 'publishedAt': '2022-10-23T22:32:18Z', 'updatedAt': '2022-10-23T22:34:39Z'}}, 'canReply': True, 'totalReplyCount': 0, 'isPublic': True}",,UCmwjmzptMWdBbjl6_RF2HzQ,2022-10-23T22:32:18Z,"Não acho que tem que generalizar direita desse fato de covardia . Isso é um fato isolado. Outros de direita não tem culpa por atitudes de apenas uma pessoa. Ja começaram a julgar como pessoas de direita.
Claro, fala de esquerdista ne gente. Trata se de apenas uma pessoa desiquilibrada .Gente violência de forma alguma. Daqui a pouco começa dizer que Bolsonaro tem culpa disso.",QURTSl9pM21xUDFqTWNmUmkxVDY0YXBPaFZjWWVPcVl0RGRfbUtzSnF5V25ZQVNPWTJPY2d4aXpxN2V4cE94YkRkYWRIeldKVm9GTEFrWQ==,2023-06-08 14:52:43.800330
youtube#commentThread,JIkiVmk0qRLXyktr_yy3x0-TBWQ,UgzxV8idsJTQFbUyW0Z4AaABAg,"{'videoId': 'zEfTDpfyt1o', 'topLevelComment': {'kind': 'youtube#comment', 'etag': 'CccSjkgEB3EgPKe72oyCof621mg', 'id': 'UgzxV8idsJTQFbUyW0Z4AaABAg', 'snippet': {'videoId': 'zEfTDpfyt1o', 'textDisplay': 'NEM SEMPRE É UM PROFISSINAL, MUITO DAS VEZES É UM MALFEITOR COM UM CÂMERA, E MICROFONE!', 'textOriginal': 'NEM SEMPRE É UM PROFISSINAL, MUITO DAS VEZES É UM MALFEITOR COM UM CÂMERA, E MICROFONE!', 'authorDisplayName': 'Joaquim Polônia', 'authorProfileImageUrl': 'https://yt3.ggpht.com/ytc/AGIKgqNaxwWkxi32r2Q9zDbFrUxFNqIKFPBLfok2C1fa=s48-c-k-c0x00ffffff-no-rj', 'authorChannelUrl': 'http://www.youtube.com/channel/UCin64cuheQZk6YSTIrDrnjA', 'authorChannelId': {'value': 'UCin64cuheQZk6YSTIrDrnjA'}, 'canRate': True, 'viewerRating': 'none', 'likeCount': 0, 'publishedAt': '2022-10-23T22:32:16Z', 'updatedAt': '2022-10-23T22:32:16Z'}}, 'canReply': True, 'totalReplyCount': 0, 'isPublic': True}",,UCin64cuheQZk6YSTIrDrnjA,2022-10-23T22:32:16Z,"NEM SEMPRE É UM PROFISSINAL, MUITO DAS VEZES É UM MALFEITOR COM UM CÂMERA, E MICROFONE!",QURTSl9pM21xUDFqTWNmUmkxVDY0YXBPaFZjWWVPcVl0RGRfbUtzSnF5V25ZQVNPWTJPY2d4aXpxN2V4cE94YkRkYWRIeldKVm9GTEFrWQ==,2023-06-08 14:52:43.800330
youtube#commentThread,SQJ4RxYA9kwajbibTiq_knZvkMk,UgxsXVXCA5hKLIsuf3R4AaABAg,"{'videoId': 'zEfTDpfyt1o', 'topLevelComment': {'kind': 'youtube#comment', 'etag': 'qlT0CYxY4uZhHtx1bogbJ232n2w', 'id': 'UgxsXVXCA5hKLIsuf3R4AaABAg', 'snippet': {'videoId': 'zEfTDpfyt1o', 'textDisplay': 'O que Alexandre de Moraes vem fazendo, tmb não pode, justiça tem que ser feita para todos.', 'textOriginal': 'O que Alexandre de Moraes vem fazendo, tmb não pode, justiça tem que ser feita para todos.', 'authorDisplayName': 'brasil gigante', 'authorProfileImageUrl': 'https://yt3.ggpht.com/ytc/AGIKgqMx9sQFllXWHlEcVXeY92vR4pdaohThIDQqug=s48-c-k-c0x00ffffff-no-rj', 'authorChannelUrl': 'http://www.youtube.com/channel/UCJQgNStm1cXGSZETw2nODSA', 'authorChannelId': {'value': 'UCJQgNStm1cXGSZETw2nODSA'}, 'canRate': True, 'viewerRating': 'none', 'likeCount': 0, 'publishedAt': '2022-10-23T22:32:13Z', 'updatedAt': '2022-10-23T22:32:13Z'}}, 'canReply': True, 'totalReplyCount': 0, 'isPublic': True}",,UCJQgNStm1cXGSZETw2nODSA,2022-10-23T22:32:13Z,"O que Alexandre de Moraes vem fazendo, tmb não pode, justiça tem que ser feita para todos.",QURTSl9pM21xUDFqTWNmUmkxVDY0YXBPaFZjWWVPcVl0RGRfbUtzSnF5V25ZQVNPWTJPY2d4aXpxN2V4cE94YkRkYWRIeldKVm9GTEFrWQ==,2023-06-08 14:52:43.800330
youtube#commentThread,a8pI5WbyvfVnl1lvOg92ukCJw60,Ugx-Z5xyMtP24xJUSxd4AaABAg,"{'videoId': 'zEfTDpfyt1o', 'topLevelComment': {'kind': 'youtube#comment', 'etag': 'xlC_G-cNDeA4Q8hkAxitWGZkyUk', 'id': 'Ugx-Z5xyMtP24xJUSxd4AaABAg', 'snippet': {'videoId': 'zEfTDpfyt1o', 'textDisplay': 'sou contra qualquer tipo de agressão porém estes caras procuram', 'textOriginal': 'sou contra qualquer tipo de agressão porém estes caras procuram', 'authorDisplayName': 'Edson Lopes', 'authorProfileImageUrl': 'https://yt3.ggpht.com/ytc/AGIKgqNGIfoKDpIYTDxlvwgI4U8iXq2mX99LOyultUAiMA=s48-c-k-c0x00ffffff-no-rj', 'authorChannelUrl': 'http://www.youtube.com/channel/UCzuYA7TEyi0dj6IObP3HnIw', 'authorChannelId': {'value': 'UCzuYA7TEyi0dj6IObP3HnIw'}, 'canRate': True, 'viewerRating': 'none', 'likeCount': 0, 'publishedAt': '2022-10-23T22:32:12Z', 'updatedAt': '2022-10-23T22:32:12Z'}}, 'canReply': True, 'totalReplyCount': 0, 'isPublic': True}",,UCzuYA7TEyi0dj6IObP3HnIw,2022-10-23T22:32:12Z,sou contra qualquer tipo de agressão porém estes caras procuram,QURTSl9pMFR1ODVNWkY3cnU0TnNWcGxDOVY2aHF2T3ZjWjBGd0VWVENNd3NsTEJjYV9QbkxDaldWN2lJYzF5M0RwQkJpLUNRZGhCa2VJZw==,2023-06-08 14:52:44.649370
youtube#commentThread,jy3W2VXPNjPNbFDEvcyF3pRooyU,Ugzq4Ar6OK_pTer1f894AaABAg,"{'videoId': 'zEfTDpfyt1o', 'topLevelComment': {'kind': 'youtube#comment', 'etag': '9AJ6AzN1Z-ebQ9gzHJNkSfAzStg', 'id': 'Ugzq4Ar6OK_pTer1f894AaABAg', 'snippet': {'videoId': 'zEfTDpfyt1o', 'textDisplay': 'Quem pela espada vive, pela espada sucumbirá.', 'textOriginal': 'Quem pela espada vive, pela espada sucumbirá.', 'authorDisplayName': 'Richelmo Lima', 'authorProfileImageUrl': 'https://yt3.ggpht.com/ytc/AGIKgqPrsJwc7VgFtNnQ4kLn5SOZ7MIGmJ5RSIe_GA=s48-c-k-c0x00ffffff-no-rj', 'authorChannelUrl': 'http://www.youtube.com/channel/UCjqJj221TvQZ0PM0-syT4Ew', 'authorChannelId': {'value': 'UCjqJj221TvQZ0PM0-syT4Ew'}, 'canRate': True, 'viewerRating': 'none', 'likeCount': 0, 'publishedAt': '2022-10-23T22:32:10Z', 'updatedAt': '2022-10-23T22:32:10Z'}}, 'canReply': True, 'totalReplyCount': 0, 'isPublic': True}",,UCjqJj221TvQZ0PM0-syT4Ew,2022-10-23T22:32:10Z,"Quem pela espada vive, pela espada sucumbirá.",QURTSl9pMFR1ODVNWkY3cnU0TnNWcGxDOVY2aHF2T3ZjWjBGd0VWVENNd3NsTEJjYV9QbkxDaldWN2lJYzF5M0RwQkJpLUNRZGhCa2VJZw==,2023-06-08 14:52:44.649370
youtube#commentThread,MxmaLv2_ZJyNgQ-_6g7M3BGoBhA,UgyEoUvp0glq0xqT2Ud4AaABAg,"{'videoId': 'zEfTDpfyt1o', 'topLevelComment': {'kind': 'youtube#comment', 'etag': 'i7mD9lyGQflKKGNghMHA12JIfcI', 'id': 'UgyEoUvp0glq0xqT2Ud4AaABAg', 'snippet': {'videoId': 'zEfTDpfyt1o', 'textDisplay': 'Normalmente o câmera e prejudicado . Ele e profissional', 'textOriginal': 'Normalmente o câmera e prejudicado . Ele e profissional', 'authorDisplayName': 'Rcesar53', 'authorProfileImageUrl': 'https://yt3.ggpht.com/ytc/AGIKgqPOth0aAwZGtoPbqTiCEo9EGOoJWwuk78VS0IWuWA=s48-c-k-c0x00ffffff-no-rj', 'authorChannelUrl': 'http://www.youtube.com/channel/UCPMSAfOsskvAXjsXGQwylSA', 'authorChannelId': {'value': 'UCPMSAfOsskvAXjsXGQwylSA'}, 'canRate': True, 'viewerRating': 'none', 'likeCount': 0, 'publishedAt': '2022-10-23T22:32:07Z', 'updatedAt': '2022-10-23T22:32:07Z'}}, 'canReply': True, 'totalReplyCount': 0, 'isPublic': True}",,UCPMSAfOsskvAXjsXGQwylSA,2022-10-23T22:32:07Z,Normalmente o câmera e prejudicado . Ele e profissional,QURTSl9pMFR1ODVNWkY3cnU0TnNWcGxDOVY2aHF2T3ZjWjBGd0VWVENNd3NsTEJjYV9QbkxDaldWN2lJYzF5M0RwQkJpLUNRZGhCa2VJZw==,2023-06-08 14:52:44.649370
youtube#commentThread,zR1jwadYCapHD0P3dj7B9NTB8Nk,Ugz6bU8uBk-2QP914Nh4AaABAg,"{'videoId': 'zEfTDpfyt1o', 'topLevelComment': {'kind': 'youtube#comment', 'etag': 'OcvORNnWei9NLE4XtkNGBDDw-DQ', 'id': 'Ugz6bU8uBk-2QP914Nh4AaABAg', 'snippet': {'videoId': 'zEfTDpfyt1o', 'textDisplay': 'Jovem bolsonarista pan', 'textOriginal': 'Jovem bolsonarista pan', 'authorDisplayName': 'Foco Força e Fé', 'authorProfileImageUrl': 'https://yt3.ggpht.com/ytc/AGIKgqNkN38lt5DnnePQpt8VgwuT5xWUQOP77ev3edwz=s48-c-k-c0x00ffffff-no-rj', 'authorChannelUrl': 'http://www.youtube.com/channel/UC2xMkd_Qm_3uI4gByGSophA', 'authorChannelId': {'value': 'UC2xMkd_Qm_3uI4gByGSophA'}, 'canRate': True, 'viewerRating': 'none', 'likeCount': 0, 'publishedAt': '2022-10-23T22:32:07Z', 'updatedAt': '2022-10-23T22:32:07Z'}}, 'canReply': True, 'totalReplyCount': 0, 'isPublic': True}",,UC2xMkd_Qm_3uI4gByGSophA,2022-10-23T22:32:07Z,Jovem bolsonarista pan,QURTSl9pMFR1ODVNWkY3cnU0TnNWcGxDOVY2aHF2T3ZjWjBGd0VWVENNd3NsTEJjYV9QbkxDaldWN2lJYzF5M0RwQkJpLUNRZGhCa2VJZw==,2023-06-08 14:52:44.649370
youtube#commentThread,U90z6d-pB237beCL5tLDZYKg09U,UgwLrZpkYZ6LQ-T1bJ54AaABAg,"{'videoId': 'zEfTDpfyt1o', 'topLevelComment': {'kind': 'youtube#comment', 'etag': 'kX9pVZ9p5WsLLaWA11iAaSDjWYk', 'id': 'UgwLrZpkYZ6LQ-T1bJ54AaABAg', 'snippet': {'videoId': 'zEfTDpfyt1o', 'textDisplay': 'e da globo,tinha que ser pior.parabens povao.', 'textOriginal': 'e da globo,tinha que ser pior.parabens povao.', 'authorDisplayName': 'Felipe De melo', 'authorProfileImageUrl': 'https://yt3.ggpht.com/ytc/AGIKgqPzDheuAuG5PlU1qvkEWkstpRkImG3f_Rq_Sg=s48-c-k-c0x00ffffff-no-rj', 'authorChannelUrl': 'http://www.youtube.com/channel/UCoDqPPCpjPQw0feCID9qgLw', 'authorChannelId': {'value': 'UCoDqPPCpjPQw0feCID9qgLw'}, 'canRate': True, 'viewerRating': 'none', 'likeCount': 0, 'publishedAt': '2022-10-23T22:32:05Z', 'updatedAt': '2022-10-23T22:32:05Z'}}, 'canReply': True, 'totalReplyCount': 0, 'isPublic': True}",,UCoDqPPCpjPQw0feCID9qgLw,2022-10-23T22:32:05Z,"e da globo,tinha que ser pior.parabens povao.",QURTSl9pMFR1ODVNWkY3cnU0TnNWcGxDOVY2aHF2T3ZjWjBGd0VWVENNd3NsTEJjYV9QbkxDaldWN2lJYzF5M0RwQkJpLUNRZGhCa2VJZw==,2023-06-08 14:52:44.649370
youtube#commentThread,nTICMTVTZTzvY1F8chSGcbraq-U,UgwHHeefcMnz4M3diEZ4AaABAg,"{'videoId': 'zEfTDpfyt1o', 'topLevelComment': {'kind': 'youtube#comment', 'etag': 'TbGNnM6LGH9qwUNtKyd7Ag2E12M', 'id': 'UgwHHeefcMnz4M3diEZ4AaABAg', 'snippet': {'videoId': 'zEfTDpfyt1o', 'textDisplay': 'Vão dizer que foi o PT agora?<br><br>Bolsonaristas Miseráveis.', 'textOriginal': 'Vão dizer que foi o PT agora?\\n\\nBolsonaristas Miseráveis.', 'authorDisplayName': 'Denis', 'authorProfileImageUrl': 'https://yt3.ggpht.com/p4ghdxhbBqqCSHdgYdgC9jaTLz8W9_jHkN5CZhhvmkGglM3C1IP_OJHbvyIXtAqYhcqdUkdvhA=s48-c-k-c0x00ffffff-no-rj', 'authorChannelUrl': 'http://www.youtube.com/channel/UCYyBPStnMurunfv7dnRZbzA', 'authorChannelId': {'value': 'UCYyBPStnMurunfv7dnRZbzA'}, 'canRate': True, 'viewerRating': 'none', 'likeCount': 0, 'publishedAt': '2022-10-23T22:32:05Z', 'updatedAt': '2022-10-23T22:32:05Z'}}, 'canReply': True, 'totalReplyCount': 0, 'isPublic': True}",,UCYyBPStnMurunfv7dnRZbzA,2022-10-23T22:32:05Z,"Vão dizer que foi o PT agora?

Bolsonaristas Miseráveis.",QURTSl9pMFR1ODVNWkY3cnU0TnNWcGxDOVY2aHF2T3ZjWjBGd0VWVENNd3NsTEJjYV9QbkxDaldWN2lJYzF5M0RwQkJpLUNRZGhCa2VJZw==,2023-06-08 14:52:44.649370
youtube#commentThread,kwZ-2XgMHv63flZgA7LtTivCcgQ,UgypFnIJW0NGPRPWect4AaABAg,"{'videoId': 'zEfTDpfyt1o', 'topLevelComment': {'kind': 'youtube#comment', 'etag': 'GPtNjWg5TAn6cMPJaWzQlL_CZRE', 'id': 'UgypFnIJW0NGPRPWect4AaABAg', 'snippet': {'videoId': 'zEfTDpfyt1o', 'textDisplay': 'Repudiamos  a agressão sofrida pelo ATOR QUE FAZIA PAPEL DE CINEGRAFISTA DA REDE ESGOTO! <br>SE JOGOU PARA CAVAR O PÊNALTI', 'textOriginal': 'Repudiamos  a agressão sofrida pelo ATOR QUE FAZIA PAPEL DE CINEGRAFISTA DA REDE ESGOTO! \\nSE JOGOU PARA CAVAR O PÊNALTI', 'authorDisplayName': 'Tiago Luz', 'authorProfileImageUrl': 'https://yt3.ggpht.com/Pky8mTS1HYya1PKl_E89M8oFdM1Cx0ULZpEngbJUXODDeHPNgu-Y9vPhEby3_bHWQNBH0GpU=s48-c-k-c0x00ffffff-no-rj', 'authorChannelUrl': 'http://www.youtube.com/channel/UCVavKRHi5EDIWO_2F3U0NQw', 'authorChannelId': {'value': 'UCVavKRHi5EDIWO_2F3U0NQw'}, 'canRate': True, 'viewerRating': 'none', 'likeCount': 0, 'publishedAt': '2022-10-23T22:32:05Z', 'updatedAt': '2022-10-23T22:32:05Z'}}, 'canReply': True, 'totalReplyCount': 0, 'isPublic': True}",,UCVavKRHi5EDIWO_2F3U0NQw,2022-10-23T22:32:05Z,"Repudiamos  a agressão sofrida pelo ATOR QUE FAZIA PAPEL DE CINEGRAFISTA DA REDE ESGOTO! 
SE JOGOU PARA CAVAR O PÊNALTI",QURTSl9pMFR1ODVNWkY3cnU0TnNWcGxDOVY2aHF2T3ZjWjBGd0VWVENNd3NsTEJjYV9QbkxDaldWN2lJYzF5M0RwQkJpLUNRZGhCa2VJZw==,2023-06-08 14:52:44.649370
youtube#commentThread,Vx64ldTDTS8X81jzoEd8rzRSpMA,Ugz321XKSY2ITirzQfN4AaABAg,"{'videoId': 'zEfTDpfyt1o', 'topLevelComment': {'kind': 'youtube#comment', 'etag': 'VJc1ZUCCEb2uNWgkV4kZkQ-4VMk', 'id': 'Ugz321XKSY2ITirzQfN4AaABAg', 'snippet': {'videoId': 'zEfTDpfyt1o', 'textDisplay': 'Senhores a culpa de tudo isso é  do Alexandre de morais bota na conta dele  tudo q desencadear a respeito disso', 'textOriginal': 'Senhores a culpa de tudo isso é  do Alexandre de morais bota na conta dele  tudo q desencadear a respeito disso', 'authorDisplayName': 'Jocemar Almeida', 'authorProfileImageUrl': 'https://yt3.ggpht.com/ytc/AGIKgqNgMziVtjHX1SPeXy5y26hcNI1SMGt-wSWQEQ=s48-c-k-c0x00ffffff-no-rj', 'authorChannelUrl': 'http://www.youtube.com/channel/UC2I1lk-CzFOynaoNkNVLMGg', 'authorChannelId': {'value': 'UC2I1lk-CzFOynaoNkNVLMGg'}, 'canRate': True, 'viewerRating': 'none', 'likeCount': 1, 'publishedAt': '2022-10-23T22:32:02Z', 'updatedAt': '2022-10-23T22:32:02Z'}}, 'canReply': True, 'totalReplyCount': 0, 'isPublic': True}",,UC2I1lk-CzFOynaoNkNVLMGg,2022-10-23T22:32:02Z,Senhores a culpa de tudo isso é  do Alexandre de morais bota na conta dele  tudo q desencadear a respeito disso,QURTSl9pMFR1ODVNWkY3cnU0TnNWcGxDOVY2aHF2T3ZjWjBGd0VWVENNd3NsTEJjYV9QbkxDaldWN2lJYzF5M0RwQkJpLUNRZGhCa2VJZw==,2023-06-08 14:52:44.649370
youtube#commentThread,2LO8ra8lYQ0L95tR1j2wr-wkzPM,Ugy12jt-H73E44jQIYd4AaABAg,"{'videoId': 'zEfTDpfyt1o', 'topLevelComment': {'kind': 'youtube#comment', 'etag': 'YoStsbrftpdAjb8IGGaTreEzFME', 'id': 'Ugy12jt-H73E44jQIYd4AaABAg', 'snippet': {'videoId': 'zEfTDpfyt1o', 'textDisplay': 'Isso vai ficar pior liberdade  das pessoas já a cabo', 'textOriginal': 'Isso vai ficar pior liberdade  das pessoas já a cabo', 'authorDisplayName': 'Valdeni Neres monteiro lima', 'authorProfileImageUrl': 'https://yt3.ggpht.com/ytc/AGIKgqO7MDNq4kxIRz957-yxwQS6e6_YtaUFYmlB4PUeoNxpDzN06C4De8IF3s5Kwxmr=s48-c-k-c0x00ffffff-no-rj', 'authorChannelUrl': 'http://www.youtube.com/channel/UCVtyekg9rpr4FggEoQ8AJrw', 'authorChannelId': {'value': 'UCVtyekg9rpr4FggEoQ8AJrw'}, 'canRate': True, 'viewerRating': 'none', 'likeCount': 0, 'publishedAt': '2022-10-23T22:32:02Z', 'updatedAt': '2022-10-23T22:32:02Z'}}, 'canReply': True, 'totalReplyCount': 0, 'isPublic': True}",,UCVtyekg9rpr4FggEoQ8AJrw,2022-10-23T22:32:02Z,Isso vai ficar pior liberdade  das pessoas já a cabo,QURTSl9pMFR1ODVNWkY3cnU0TnNWcGxDOVY2aHF2T3ZjWjBGd0VWVENNd3NsTEJjYV9QbkxDaldWN2lJYzF5M0RwQkJpLUNRZGhCa2VJZw==,2023-06-08 14:52:44.649370
youtube#commentThread,CtQiepZq7XqQFBTHY-p6EUQhf7M,Ugx_H2py-cNu3gxLYW94AaABAg,"{'videoId': 'zEfTDpfyt1o', 'topLevelComment': {'kind': 'youtube#comment', 'etag': '7cwyUkcFi62kYUFXv2hW1fL8vgc', 'id': 'Ugx_H2py-cNu3gxLYW94AaABAg', 'snippet': {'videoId': 'zEfTDpfyt1o', 'textDisplay': 'E censura 🤣🤣🤣🤣🤣e 13', 'textOriginal': 'E censura 🤣🤣🤣🤣🤣e 13', 'authorDisplayName': 'marcelo tecladista', 'authorProfileImageUrl': 'https://yt3.ggpht.com/h3gk-XrYZZ5h399_X8Fipp8hvixdOHemhIwuttMuM49tYjj2A7mFcYK20c-IeCKI-i9N9p1CuQ=s48-c-k-c0x00ffffff-no-rj', 'authorChannelUrl': 'http://www.youtube.com/channel/UCM6L4TAclcpQM0VECRZc6KA', 'authorChannelId': {'value': 'UCM6L4TAclcpQM0VECRZc6KA'}, 'canRate': True, 'viewerRating': 'none', 'likeCount': 0, 'publishedAt': '2022-10-23T22:32:00Z', 'updatedAt': '2022-10-23T22:32:00Z'}}, 'canReply': True, 'totalReplyCount': 0, 'isPublic': True}",,UCM6L4TAclcpQM0VECRZc6KA,2022-10-23T22:32:00Z,E censura 🤣🤣🤣🤣🤣e 13,QURTSl9pMFR1ODVNWkY3cnU0TnNWcGxDOVY2aHF2T3ZjWjBGd0VWVENNd3NsTEJjYV9QbkxDaldWN2lJYzF5M0RwQkJpLUNRZGhCa2VJZw==,2023-06-08 14:52:44.649370
youtube#commentThread,2Gdqaha75qKUsGP7YAD2zbK6l8Q,UgwFSL0DslRRU3qR_QR4AaABAg,"{'videoId': 'zEfTDpfyt1o', 'topLevelComment': {'kind': 'youtube#comment', 'etag': 'hz_Wq6bmCG26NCuA9jB_SHBzXPI', 'id': 'UgwFSL0DslRRU3qR_QR4AaABAg', 'snippet': {'videoId': 'zEfTDpfyt1o', 'textDisplay': 'Violência não cabe em nenhum lugar! Que absurdo, o rapaz trabalhando!!!!! Que triste.', 'textOriginal': 'Violência não cabe em nenhum lugar! Que absurdo, o rapaz trabalhando!!!!! Que triste.', 'authorDisplayName': 'Tania Nobre', 'authorProfileImageUrl': 'https://yt3.ggpht.com/Si5Ot2Xy-VKG-G3DzCZY48U1m3BP5QlIoTkE6GzULRjIqVsSlklTrmsGWyqsLBDmZuxRXeNnGg=s48-c-k-c0x00ffffff-no-rj', 'authorChannelUrl': 'http://www.youtube.com/channel/UCsxoRFdq5lhkyFM2Bnyrq8g', 'authorChannelId': {'value': 'UCsxoRFdq5lhkyFM2Bnyrq8g'}, 'canRate': True, 'viewerRating': 'none', 'likeCount': 3, 'publishedAt': '2022-10-23T22:31:59Z', 'updatedAt': '2022-10-23T22:31:59Z'}}, 'canReply': True, 'totalReplyCount': 0, 'isPublic': True}",,UCsxoRFdq5lhkyFM2Bnyrq8g,2022-10-23T22:31:59Z,"Violência não cabe em nenhum lugar! Que absurdo, o rapaz trabalhando!!!!! Que triste.",QURTSl9pMFR1ODVNWkY3cnU0TnNWcGxDOVY2aHF2T3ZjWjBGd0VWVENNd3NsTEJjYV9QbkxDaldWN2lJYzF5M0RwQkJpLUNRZGhCa2VJZw==,2023-06-08 14:52:44.649370
youtube#commentThread,WrqbLrDtyxgrCM7KDkAHBWdtiZs,UgytDL6AJFbGZo0vjcF4AaABAg,"{'videoId': 'zEfTDpfyt1o', 'topLevelComment': {'kind': 'youtube#comment', 'etag': 'qxqDyAZUdPGfcRoxY91VjX3ddOs', 'id': 'UgytDL6AJFbGZo0vjcF4AaABAg', 'snippet': {'videoId': 'zEfTDpfyt1o', 'textDisplay': 'O problema não é o exercício dá trabalho dele o problema é o que ele fala no Exercício do trabalho dele', 'textOriginal': 'O problema não é o exercício dá trabalho dele o problema é o que ele fala no Exercício do trabalho dele', 'authorDisplayName': 'Marcos Trad Sevá', 'authorProfileImageUrl': 'https://yt3.ggpht.com/ytc/AGIKgqNbvyJsYWWbPD9uNWW-Ffi8NTyNTJUVL_bysQ=s48-c-k-c0x00ffffff-no-rj', 'authorChannelUrl': 'http://www.youtube.com/channel/UCfzrA6ZtxuSKL8cEUymkFTQ', 'authorChannelId': {'value': 'UCfzrA6ZtxuSKL8cEUymkFTQ'}, 'canRate': True, 'viewerRating': 'none', 'likeCount': 0, 'publishedAt': '2022-10-23T22:31:57Z', 'updatedAt': '2022-10-23T22:31:57Z'}}, 'canReply': True, 'totalReplyCount': 0, 'isPublic': True}",,UCfzrA6ZtxuSKL8cEUymkFTQ,2022-10-23T22:31:57Z,O problema não é o exercício dá trabalho dele o problema é o que ele fala no Exercício do trabalho dele,QURTSl9pMFR1ODVNWkY3cnU0TnNWcGxDOVY2aHF2T3ZjWjBGd0VWVENNd3NsTEJjYV9QbkxDaldWN2lJYzF5M0RwQkJpLUNRZGhCa2VJZw==,2023-06-08 14:52:44.649370
youtube#commentThread,SxXAWNK0MKrse8mUQVK0sdIztrk,UgzCVerHoFh1PFhD8HR4AaABAg,"{'videoId': 'zEfTDpfyt1o', 'topLevelComment': {'kind': 'youtube#comment', 'etag': 'c2B1btvTpluMUUxLk-ipDbjAK-c', 'id': 'UgzCVerHoFh1PFhD8HR4AaABAg', 'snippet': {'videoId': 'zEfTDpfyt1o', 'textDisplay': 'Sem violência,, <br>Não se maltrata outro ser humano.', 'textOriginal': 'Sem violência,, \\nNão se maltrata outro ser humano.', 'authorDisplayName': 'Roseira Kjellin', 'authorProfileImageUrl': 'https://yt3.ggpht.com/ytc/AGIKgqM7CKFjahR9d68HX2FX4wBMQV6rJ09r8ZuMNA=s48-c-k-c0x00ffffff-no-rj', 'authorChannelUrl': 'http://www.youtube.com/channel/UCRo4IQ4LyqSRhWSHaUiDrXg', 'authorChannelId': {'value': 'UCRo4IQ4LyqSRhWSHaUiDrXg'}, 'canRate': True, 'viewerRating': 'none', 'likeCount': 0, 'publishedAt': '2022-10-23T22:31:55Z', 'updatedAt': '2022-10-23T22:31:55Z'}}, 'canReply': True, 'totalReplyCount': 0, 'isPublic': True}",,UCRo4IQ4LyqSRhWSHaUiDrXg,2022-10-23T22:31:55Z,"Sem violência,, 
Não se maltrata outro ser humano.",QURTSl9pMFR1ODVNWkY3cnU0TnNWcGxDOVY2aHF2T3ZjWjBGd0VWVENNd3NsTEJjYV9QbkxDaldWN2lJYzF5M0RwQkJpLUNRZGhCa2VJZw==,2023-06-08 14:52:44.649370
youtube#commentThread,Qfis-vT1mTiNi3J9qSYEbgUsxGU,Ugy5XiMt1WhBmPiBwlR4AaABAg,"{'videoId': 'zEfTDpfyt1o', 'topLevelComment': {'kind': 'youtube#comment', 'etag': 'lYF-qLmywY4Oa2bYTigKJCwLoI0', 'id': 'Ugy5XiMt1WhBmPiBwlR4AaABAg', 'snippet': {'videoId': 'zEfTDpfyt1o', 'textDisplay': 'jornalixos no Brasil um verdadeiro CÂNCER em nossa sociedade..FIQUEM EM CASA O TRABALHO PORCO MANIPULADOR DE VCS NUNCA FOI OU SERÁ ESSENCIAL', 'textOriginal': 'jornalixos no Brasil um verdadeiro CÂNCER em nossa sociedade..FIQUEM EM CASA O TRABALHO PORCO MANIPULADOR DE VCS NUNCA FOI OU SERÁ ESSENCIAL', 'authorDisplayName': 'StrengthandHonor brasil', 'authorProfileImageUrl': 'https://yt3.ggpht.com/ytc/AGIKgqMArQPjfoZ67B7XihbbDDaEEbt8xFMXn7jDkw=s48-c-k-c0x00ffffff-no-rj', 'authorChannelUrl': 'http://www.youtube.com/channel/UCKxbcpJnPtVRNy_l3cKiPpg', 'authorChannelId': {'value': 'UCKxbcpJnPtVRNy_l3cKiPpg'}, 'canRate': True, 'viewerRating': 'none', 'likeCount': 0, 'publishedAt': '2022-10-23T22:31:52Z', 'updatedAt': '2022-10-23T22:31:52Z'}}, 'canReply': True, 'totalReplyCount': 0, 'isPublic': True}",,UCKxbcpJnPtVRNy_l3cKiPpg,2022-10-23T22:31:52Z,jornalixos no Brasil um verdadeiro CÂNCER em nossa sociedade..FIQUEM EM CASA O TRABALHO PORCO MANIPULADOR DE VCS NUNCA FOI OU SERÁ ESSENCIAL,QURTSl9pMFR1ODVNWkY3cnU0TnNWcGxDOVY2aHF2T3ZjWjBGd0VWVENNd3NsTEJjYV9QbkxDaldWN2lJYzF5M0RwQkJpLUNRZGhCa2VJZw==,2023-06-08 14:52:44.649370
youtube#commentThread,dDYh1LCO2Xsf_C4_DzATqIBIeFI,Ugx2xMErHDA87ftYuMt4AaABAg,"{'videoId': 'zEfTDpfyt1o', 'topLevelComment': {'kind': 'youtube#comment', 'etag': 'Q5XxaB26mJIrf9_4tPoK3G_Vfrs', 'id': 'Ugx2xMErHDA87ftYuMt4AaABAg', 'snippet': {'videoId': 'zEfTDpfyt1o', 'textDisplay': 'Famoso bolsomarismo.<br>Infelizmente é isso', 'textOriginal': 'Famoso bolsomarismo.\\nInfelizmente é isso', 'authorDisplayName': 'Maicon Santos', 'authorProfileImageUrl': 'https://yt3.ggpht.com/ytc/AGIKgqP5TI8SH0687Hpgi9qi2YYCxEApvcC13VZ5NQ=s48-c-k-c0x00ffffff-no-rj', 'authorChannelUrl': 'http://www.youtube.com/channel/UCRzrsXyPHhp4VT8OMwRIN6g', 'authorChannelId': {'value': 'UCRzrsXyPHhp4VT8OMwRIN6g'}, 'canRate': True, 'viewerRating': 'none', 'likeCount': 0, 'publishedAt': '2022-10-23T22:31:51Z', 'updatedAt': '2022-10-23T22:31:51Z'}}, 'canReply': True, 'totalReplyCount': 0, 'isPublic': True}",,UCRzrsXyPHhp4VT8OMwRIN6g,2022-10-23T22:31:51Z,"Famoso bolsomarismo.
Infelizmente é isso",QURTSl9pMFR1ODVNWkY3cnU0TnNWcGxDOVY2aHF2T3ZjWjBGd0VWVENNd3NsTEJjYV9QbkxDaldWN2lJYzF5M0RwQkJpLUNRZGhCa2VJZw==,2023-06-08 14:52:44.649370
youtube#commentThread,E7cCmymZmPoXGNU82ySg5yaVRk4,Ugwz2rsy4kKCb3aGTEN4AaABAg,"{'videoId': 'zEfTDpfyt1o', 'topLevelComment': {'kind': 'youtube#comment', 'etag': 'sYXx43NlxIdIsBCAu7PWvf6TfSo', 'id': 'Ugwz2rsy4kKCb3aGTEN4AaABAg', 'snippet': {'videoId': 'zEfTDpfyt1o', 'textDisplay': 'Palhaçada do Roberto Jeferson. Fazer tanto cenário pra depois ir preso. Devia pelo terminar honrosante.', 'textOriginal': 'Palhaçada do Roberto Jeferson. Fazer tanto cenário pra depois ir preso. Devia pelo terminar honrosante.', 'authorDisplayName': 'Tenorio Araujo', 'authorProfileImageUrl': 'https://yt3.ggpht.com/ytc/AGIKgqOLdE-BlP6hJNu_Gt7lxxModAV1HRKAsQXPhA=s48-c-k-c0x00ffffff-no-rj', 'authorChannelUrl': 'http://www.youtube.com/channel/UC3D3a0RcAqOEy0bBO8Fv1wQ', 'authorChannelId': {'value': 'UC3D3a0RcAqOEy0bBO8Fv1wQ'}, 'canRate': True, 'viewerRating': 'none', 'likeCount': 0, 'publishedAt': '2022-10-23T22:31:50Z', 'updatedAt': '2022-10-23T22:31:50Z'}}, 'canReply': True, 'totalReplyCount': 0, 'isPublic': True}",,UC3D3a0RcAqOEy0bBO8Fv1wQ,2022-10-23T22:31:50Z,Palhaçada do Roberto Jeferson. Fazer tanto cenário pra depois ir preso. Devia pelo terminar honrosante.,QURTSl9pMFR1ODVNWkY3cnU0TnNWcGxDOVY2aHF2T3ZjWjBGd0VWVENNd3NsTEJjYV9QbkxDaldWN2lJYzF5M0RwQkJpLUNRZGhCa2VJZw==,2023-06-08 14:52:44.649370
youtube#commentThread,TeMcZ5RAh9uNpH-5zq9SOpx2N_E,UgyUqSZ6iUa7hD7DN4Z4AaABAg,"{'videoId': 'zEfTDpfyt1o', 'topLevelComment': {'kind': 'youtube#comment', 'etag': 'sXYQK_nCfDftVPtH8WNZ_g7eOZ4', 'id': 'UgyUqSZ6iUa7hD7DN4Z4AaABAg', 'snippet': {'videoId': 'zEfTDpfyt1o', 'textDisplay': 'A última voz tem que ser do presidente atual e não de alguém no supremo, estão pulando as hieraquias, se pulam hieraquias, o exército e a polícia federal tem que tomar a frente com atos inconstituionais.', 'textOriginal': 'A última voz tem que ser do presidente atual e não de alguém no supremo, estão pulando as hieraquias, se pulam hieraquias, o exército e a polícia federal tem que tomar a frente com atos inconstituionais.', 'authorDisplayName': 'Youtube_Squall', 'authorProfileImageUrl': 'https://yt3.ggpht.com/ytc/AGIKgqPtnJsM_v3bLnr-C08R9WA8mSWmNup59259XA=s48-c-k-c0x00ffffff-no-rj', 'authorChannelUrl': 'http://www.youtube.com/channel/UCZLHlhKbL3j7_avqdN-_69A', 'authorChannelId': {'value': 'UCZLHlhKbL3j7_avqdN-_69A'}, 'canRate': True, 'viewerRating': 'none', 'likeCount': 0, 'publishedAt': '2022-10-23T22:31:47Z', 'updatedAt': '2022-10-23T22:32:57Z'}}, 'canReply': True, 'totalReplyCount': 0, 'isPublic': True}",,UCZLHlhKbL3j7_avqdN-_69A,2022-10-23T22:31:47Z,"A última voz tem que ser do presidente atual e não de alguém no supremo, estão pulando as hieraquias, se pulam hieraquias, o exército e a polícia federal tem que tomar a frente com atos inconstituionais.",QURTSl9pMFR1ODVNWkY3cnU0TnNWcGxDOVY2aHF2T3ZjWjBGd0VWVENNd3NsTEJjYV9QbkxDaldWN2lJYzF5M0RwQkJpLUNRZGhCa2VJZw==,2023-06-08 14:52:44.649370
youtube#commentThread,MXMsDzEIMxGPeoLp4uP8_oONhEc,Ugx8sTWaxmVu9akGHJJ4AaABAg,"{'videoId': 'zEfTDpfyt1o', 'topLevelComment': {'kind': 'youtube#comment', 'etag': 'i2c2eDqsk9FSE3pMtwp3WsDhbQc', 'id': 'Ugx8sTWaxmVu9akGHJJ4AaABAg', 'snippet': {'videoId': 'zEfTDpfyt1o', 'textDisplay': 'OS BRASILEIROS APOIAM ROBERTO JEFFERSON !', 'textOriginal': 'OS BRASILEIROS APOIAM ROBERTO JEFFERSON !', 'authorDisplayName': 'pauloinacio oliveira', 'authorProfileImageUrl': 'https://yt3.ggpht.com/LtePJVdI9Q9KGKTJ1yFwFf28y5jjtcIOvZ4rsRUFL0AXpGD7OvEaLCTYM35Iij00kAD_sQxBsoU=s48-c-k-c0x00ffffff-no-rj', 'authorChannelUrl': 'http://www.youtube.com/channel/UCHpMzmQRxReozCVrrPGAHZQ', 'authorChannelId': {'value': 'UCHpMzmQRxReozCVrrPGAHZQ'}, 'canRate': True, 'viewerRating': 'none', 'likeCount': 0, 'publishedAt': '2022-10-23T22:31:46Z', 'updatedAt': '2022-10-23T22:31:46Z'}}, 'canReply': True, 'totalReplyCount': 0, 'isPublic': True}",,UCHpMzmQRxReozCVrrPGAHZQ,2022-10-23T22:31:46Z,OS BRASILEIROS APOIAM ROBERTO JEFFERSON !,QURTSl9pMFR1ODVNWkY3cnU0TnNWcGxDOVY2aHF2T3ZjWjBGd0VWVENNd3NsTEJjYV9QbkxDaldWN2lJYzF5M0RwQkJpLUNRZGhCa2VJZw==,2023-06-08 14:52:44.649370
youtube#commentThread,5tcI8LWQwJUYi2meR-35YeTydz4,UgzPT2lD_G6gvdbX3-d4AaABAg,"{'videoId': 'zEfTDpfyt1o', 'topLevelComment': {'kind': 'youtube#comment', 'etag': 'uikFMtp-hwAaHqz6tKNtVDZ5xmE', 'id': 'UgzPT2lD_G6gvdbX3-d4AaABAg', 'snippet': {'videoId': 'zEfTDpfyt1o', 'textDisplay': '<a href=""http://www.youtube.com/results?search_query=%23forabolsonaro"">#FORABOLSONARO</a>', 'textOriginal': '#FORABOLSONARO', 'authorDisplayName': 'osvaldo pittaluga', 'authorProfileImageUrl': 'https://yt3.ggpht.com/ytc/AGIKgqMuXhx_5d1sqqSL2zUEtX4r_-EqwdLNOBz3zWdZbg=s48-c-k-c0x00ffffff-no-rj', 'authorChannelUrl': 'http://www.youtube.com/channel/UC3lU6NcIegF90c-Dibw7yXQ', 'authorChannelId': {'value': 'UC3lU6NcIegF90c-Dibw7yXQ'}, 'canRate': True, 'viewerRating': 'none', 'likeCount': 0, 'publishedAt': '2022-10-23T22:31:46Z', 'updatedAt': '2022-10-23T22:31:46Z'}}, 'canReply': True, 'totalReplyCount': 0, 'isPublic': True}",,UC3lU6NcIegF90c-Dibw7yXQ,2022-10-23T22:31:46Z,#FORABOLSONARO,QURTSl9pMFR1ODVNWkY3cnU0TnNWcGxDOVY2aHF2T3ZjWjBGd0VWVENNd3NsTEJjYV9QbkxDaldWN2lJYzF5M0RwQkJpLUNRZGhCa2VJZw==,2023-06-08 14:52:44.649370
youtube#commentThread,Tb7MnDmp6Y0pWmkGPij9iKkElOI,UgyIUwt-tVOiQc4FsMJ4AaABAg,"{'videoId': 'zEfTDpfyt1o', 'topLevelComment': {'kind': 'youtube#comment', 'etag': 'q3QsuEOh_yGbKK1_mcN3obAGEac', 'id': 'UgyIUwt-tVOiQc4FsMJ4AaABAg', 'snippet': {'videoId': 'zEfTDpfyt1o', 'textDisplay': 'JOVEM FALSA.', 'textOriginal': 'JOVEM FALSA.', 'authorDisplayName': 'Antonio Otilio Ramos', 'authorProfileImageUrl': 'https://yt3.ggpht.com/ytc/AGIKgqMyddb9yMcSFI3bHRRMCjZWPbMyobo2Vqq9yA=s48-c-k-c0x00ffffff-no-rj', 'authorChannelUrl': 'http://www.youtube.com/channel/UCiJxKVJK_ke6a2uj6S_posw', 'authorChannelId': {'value': 'UCiJxKVJK_ke6a2uj6S_posw'}, 'canRate': True, 'viewerRating': 'none', 'likeCount': 0, 'publishedAt': '2022-10-23T22:31:44Z', 'updatedAt': '2022-10-23T22:31:44Z'}}, 'canReply': True, 'totalReplyCount': 0, 'isPublic': True}",,UCiJxKVJK_ke6a2uj6S_posw,2022-10-23T22:31:44Z,JOVEM FALSA.,QURTSl9pMFR1ODVNWkY3cnU0TnNWcGxDOVY2aHF2T3ZjWjBGd0VWVENNd3NsTEJjYV9QbkxDaldWN2lJYzF5M0RwQkJpLUNRZGhCa2VJZw==,2023-06-08 14:52:44.649370
youtube#commentThread,i33ulcZTf2JYbMRTo9zgCoueV70,UgwTzLhwTIfnCQN04jp4AaABAg,"{'videoId': 'zEfTDpfyt1o', 'topLevelComment': {'kind': 'youtube#comment', 'etag': 'V054m9Q2m5CdAnVIQKlQdYOq5lc', 'id': 'UgwTzLhwTIfnCQN04jp4AaABAg', 'snippet': {'videoId': 'zEfTDpfyt1o', 'textDisplay': 'Provavelmente chegará o dia em que a polícia será vítima das arbitrariedade da própria justiça e aí esses mesmos policiais vão querer se unir ao povo clamando Por Justiça democrática no país E NÓS DEVEMOS VIRAR AS COSTAS para esses policiais bandidos porque quem cumpre uma ordem ilegal, é conivente com o crime, ou seja, bandido também.', 'textOriginal': 'Provavelmente chegará o dia em que a polícia será vítima das arbitrariedade da própria justiça e aí esses mesmos policiais vão querer se unir ao povo clamando Por Justiça democrática no país E NÓS DEVEMOS VIRAR AS COSTAS para esses policiais bandidos porque quem cumpre uma ordem ilegal, é conivente com o crime, ou seja, bandido também.', 'authorDisplayName': 'renato garcia de souza', 'authorProfileImageUrl': 'https://yt3.ggpht.com/ytc/AGIKgqNoT4PuAksrzRcDMM3uSqGPMhxgHkOmbS_nlw=s48-c-k-c0x00ffffff-no-rj', 'authorChannelUrl': 'http://www.youtube.com/channel/UCmtZgNfvcQSaGok5I4UrGRg', 'authorChannelId': {'value': 'UCmtZgNfvcQSaGok5I4UrGRg'}, 'canRate': True, 'viewerRating': 'none', 'likeCount': 1, 'publishedAt': '2022-10-23T22:31:39Z', 'updatedAt': '2022-10-23T22:32:44Z'}}, 'canReply': True, 'totalReplyCount': 0, 'isPublic': True}",,UCmtZgNfvcQSaGok5I4UrGRg,2022-10-23T22:31:39Z,"Provavelmente chegará o dia em que a polícia será vítima das arbitrariedade da própria justiça e aí esses mesmos policiais vão querer se unir ao povo clamando Por Justiça democrática no país E NÓS DEVEMOS VIRAR AS COSTAS para esses policiais bandidos porque quem cumpre uma ordem ilegal, é conivente com o crime, ou seja, bandido também.",QURTSl9pMFR1ODVNWkY3cnU0TnNWcGxDOVY2aHF2T3ZjWjBGd0VWVENNd3NsTEJjYV9QbkxDaldWN2lJYzF5M0RwQkJpLUNRZGhCa2VJZw==,2023-06-08 14:52:44.649370
youtube#commentThread,vl6zE3sWM5WZApOjXTPjr6qfZ24,UgxPuVmHEYtq9dWdqBR4AaABAg,"{'videoId': 'zEfTDpfyt1o', 'topLevelComment': {'kind': 'youtube#comment', 'etag': 'mREgAhICLa3DmzU4twoIdiXK7_U', 'id': 'UgxPuVmHEYtq9dWdqBR4AaABAg', 'snippet': {'videoId': 'zEfTDpfyt1o', 'textDisplay': 'prisão  nele', 'textOriginal': 'prisão  nele', 'authorDisplayName': 'Safira kalef Barbosa fim do mundo', 'authorProfileImageUrl': 'https://yt3.ggpht.com/qfiqoijdlXqrPeHQQmTn4EECFVfGukHO3yKtChKL_z4Z4vKkDI4dOYJUEADIHdw4cLwXBBuByQ=s48-c-k-c0x00ffffff-no-rj', 'authorChannelUrl': 'http://www.youtube.com/channel/UCmjfzixUOOzl2bBEPyH61-A', 'authorChannelId': {'value': 'UCmjfzixUOOzl2bBEPyH61-A'}, 'canRate': True, 'viewerRating': 'none', 'likeCount': 0, 'publishedAt': '2022-10-23T22:31:35Z', 'updatedAt': '2022-10-23T22:31:35Z'}}, 'canReply': True, 'totalReplyCount': 0, 'isPublic': True}",,UCmjfzixUOOzl2bBEPyH61-A,2022-10-23T22:31:35Z,prisão  nele,QURTSl9pMFR1ODVNWkY3cnU0TnNWcGxDOVY2aHF2T3ZjWjBGd0VWVENNd3NsTEJjYV9QbkxDaldWN2lJYzF5M0RwQkJpLUNRZGhCa2VJZw==,2023-06-08 14:52:44.649370
youtube#commentThread,nijaAtgkDBJf8j3D4GjS0E0RXh4,Ugw9NVp2qm9AgSVMS9N4AaABAg,"{'videoId': 'zEfTDpfyt1o', 'topLevelComment': {'kind': 'youtube#comment', 'etag': 'XWlWxkXSnjiEYEM82xySf2QFOr4', 'id': 'Ugw9NVp2qm9AgSVMS9N4AaABAg', 'snippet': {'videoId': 'zEfTDpfyt1o', 'textDisplay': 'Meu deus agora pronto tamos perdidos cara esse pais pode ter  certeza vai pro buraco pode acreditar', 'textOriginal': 'Meu deus agora pronto tamos perdidos cara esse pais pode ter  certeza vai pro buraco pode acreditar', 'authorDisplayName': 'Aparecido Silva', 'authorProfileImageUrl': 'https://yt3.ggpht.com/ytc/AGIKgqPw6iYHo_3Y34wbuv94MZjPG8YefnU7rROx9ZLFEkWTYLblLmMRvx25s4jWXcbq=s48-c-k-c0x00ffffff-no-rj', 'authorChannelUrl': 'http://www.youtube.com/channel/UCcgUDa3R_Qi4v1xX3HyvG3g', 'authorChannelId': {'value': 'UCcgUDa3R_Qi4v1xX3HyvG3g'}, 'canRate': True, 'viewerRating': 'none', 'likeCount': 0, 'publishedAt': '2022-10-23T22:31:34Z', 'updatedAt': '2022-10-23T22:31:34Z'}}, 'canReply': True, 'totalReplyCount': 0, 'isPublic': True}",,UCcgUDa3R_Qi4v1xX3HyvG3g,2022-10-23T22:31:34Z,Meu deus agora pronto tamos perdidos cara esse pais pode ter  certeza vai pro buraco pode acreditar,QURTSl9pMFR1ODVNWkY3cnU0TnNWcGxDOVY2aHF2T3ZjWjBGd0VWVENNd3NsTEJjYV9QbkxDaldWN2lJYzF5M0RwQkJpLUNRZGhCa2VJZw==,2023-06-08 14:52:44.649370
youtube#commentThread,CY9MG4z17RdkZJ6W9dE_SfhA58w,Ugx3obOhiFgvJgKkqmF4AaABAg,"{'videoId': 'zEfTDpfyt1o', 'topLevelComment': {'kind': 'youtube#comment', 'etag': 'dCwEqeGUleVt_xr45ojKWCJeARk', 'id': 'Ugx3obOhiFgvJgKkqmF4AaABAg', 'snippet': {'videoId': 'zEfTDpfyt1o', 'textDisplay': 'Então jovem pan, continua defendendo o &quot;mito&quot; com as suas mentiras, violência disseminada pelo seu presidente, dps a esquerda que é violenta....', 'textOriginal': 'Então jovem pan, continua defendendo o ""mito"" com as suas mentiras, violência disseminada pelo seu presidente, dps a esquerda que é violenta....', 'authorDisplayName': 'Marcelo AF', 'authorProfileImageUrl': 'https://yt3.ggpht.com/ytc/AGIKgqPEsK_aioQ-wSieqAlAgBTQvIgXORqAMNcTtYeXVA=s48-c-k-c0x00ffffff-no-rj', 'authorChannelUrl': 'http://www.youtube.com/channel/UCBaSyAGpvADly86Fk934sZg', 'authorChannelId': {'value': 'UCBaSyAGpvADly86Fk934sZg'}, 'canRate': True, 'viewerRating': 'none', 'likeCount': 0, 'publishedAt': '2022-10-23T22:31:32Z', 'updatedAt': '2022-10-23T22:31:32Z'}}, 'canReply': True, 'totalReplyCount': 0, 'isPublic': True}",,UCBaSyAGpvADly86Fk934sZg,2022-10-23T22:31:32Z,"Então jovem pan, continua defendendo o ""mito"" com as suas mentiras, violência disseminada pelo seu presidente, dps a esquerda que é violenta....",QURTSl9pMFR1ODVNWkY3cnU0TnNWcGxDOVY2aHF2T3ZjWjBGd0VWVENNd3NsTEJjYV9QbkxDaldWN2lJYzF5M0RwQkJpLUNRZGhCa2VJZw==,2023-06-08 14:52:44.649370
youtube#commentThread,U48VE1x8_n3fMuPjdofH5Tadxnw,Ugw_HcSEBb88BUxGmvN4AaABAg,"{'videoId': 'zEfTDpfyt1o', 'topLevelComment': {'kind': 'youtube#comment', 'etag': 'uUYskR36d4D8-sPZZsW_sgrhbLQ', 'id': 'Ugw_HcSEBb88BUxGmvN4AaABAg', 'snippet': {'videoId': 'zEfTDpfyt1o', 'textDisplay': 'CORRETISSÍMO.', 'textOriginal': 'CORRETISSÍMO.', 'authorDisplayName': 'Ramon Albino', 'authorProfileImageUrl': 'https://yt3.ggpht.com/ytc/AGIKgqNNtIajzIUb5H0qu1-O8kX5sgBeqgrb0re6ZhJXTqs=s48-c-k-c0x00ffffff-no-rj', 'authorChannelUrl': 'http://www.youtube.com/channel/UCBIo1Z9zrLtLspj5-EnC46A', 'authorChannelId': {'value': 'UCBIo1Z9zrLtLspj5-EnC46A'}, 'canRate': True, 'viewerRating': 'none', 'likeCount': 0, 'publishedAt': '2022-10-23T22:31:30Z', 'updatedAt': '2022-10-23T22:31:30Z'}}, 'canReply': True, 'totalReplyCount': 0, 'isPublic': True}",,UCBIo1Z9zrLtLspj5-EnC46A,2022-10-23T22:31:30Z,CORRETISSÍMO.,QURTSl9pMFR1ODVNWkY3cnU0TnNWcGxDOVY2aHF2T3ZjWjBGd0VWVENNd3NsTEJjYV9QbkxDaldWN2lJYzF5M0RwQkJpLUNRZGhCa2VJZw==,2023-06-08 14:52:44.649370
youtube#commentThread,OBo7IQ-UREbWiKRly6E13hC3A7A,UgxFQdSxSOIqdE4w2fJ4AaABAg,"{'videoId': 'zEfTDpfyt1o', 'topLevelComment': {'kind': 'youtube#comment', 'etag': '6MqTWvDrxj98O8t5A5Q-jE9Pu3c', 'id': 'UgxFQdSxSOIqdE4w2fJ4AaABAg', 'snippet': {'videoId': 'zEfTDpfyt1o', 'textDisplay': 'Quando as pessoas que deve cuidar da lei e dar o respeito, falha deixa de cumprir a lei para beneficiar vagabundos,ladrões, traficantes, as pessoas de bem vai desgastando,psicologicamente, isso é o resultado do desmando, desrespeito com que o STF tem tratado a sociedade brasileira.', 'textOriginal': 'Quando as pessoas que deve cuidar da lei e dar o respeito, falha deixa de cumprir a lei para beneficiar vagabundos,ladrões, traficantes, as pessoas de bem vai desgastando,psicologicamente, isso é o resultado do desmando, desrespeito com que o STF tem tratado a sociedade brasileira.', 'authorDisplayName': 'José Nerinho', 'authorProfileImageUrl': 'https://yt3.ggpht.com/ytc/AGIKgqMR8msF_BAQ2bluAWgI0RnO84cWkmkSNhyeqQ=s48-c-k-c0x00ffffff-no-rj', 'authorChannelUrl': 'http://www.youtube.com/channel/UC0nYjaRNvn2hRQhr78EwUYA', 'authorChannelId': {'value': 'UC0nYjaRNvn2hRQhr78EwUYA'}, 'canRate': True, 'viewerRating': 'none', 'likeCount': 0, 'publishedAt': '2022-10-23T22:31:28Z', 'updatedAt': '2022-10-23T22:31:28Z'}}, 'canReply': True, 'totalReplyCount': 0, 'isPublic': True}",,UC0nYjaRNvn2hRQhr78EwUYA,2022-10-23T22:31:28Z,"Quando as pessoas que deve cuidar da lei e dar o respeito, falha deixa de cumprir a lei para beneficiar vagabundos,ladrões, traficantes, as pessoas de bem vai desgastando,psicologicamente, isso é o resultado do desmando, desrespeito com que o STF tem tratado a sociedade brasileira.",QURTSl9pMFR1ODVNWkY3cnU0TnNWcGxDOVY2aHF2T3ZjWjBGd0VWVENNd3NsTEJjYV9QbkxDaldWN2lJYzF5M0RwQkJpLUNRZGhCa2VJZw==,2023-06-08 14:52:44.649370
youtube#commentThread,uEZrSwnJH2-0bZYul9rcnnZSf7w,Ugwocwcb7QLq20S1Vw14AaABAg,"{'videoId': 'zEfTDpfyt1o', 'topLevelComment': {'kind': 'youtube#comment', 'etag': 'e4tGJnWNpu55pOlKVs9vae9FpRY', 'id': 'Ugwocwcb7QLq20S1Vw14AaABAg', 'snippet': {'videoId': 'zEfTDpfyt1o', 'textDisplay': 'A galera anti corrupção defendendo corrupto kkkk', 'textOriginal': 'A galera anti corrupção defendendo corrupto kkkk', 'authorDisplayName': 'ARES', 'authorProfileImageUrl': 'https://yt3.ggpht.com/cXFZzHa5vgQKqEw5KRIfPxDDjQoAkqBhXF5tTtj_emmNqd3ikGLkX1jv6pvh65Yqilrdy_x01w=s48-c-k-c0x00ffffff-no-rj', 'authorChannelUrl': 'http://www.youtube.com/channel/UC7rWE8brJwltVUjyJ1pwX4w', 'authorChannelId': {'value': 'UC7rWE8brJwltVUjyJ1pwX4w'}, 'canRate': True, 'viewerRating': 'none', 'likeCount': 0, 'publishedAt': '2022-10-23T22:31:26Z', 'updatedAt': '2022-10-23T22:31:26Z'}}, 'canReply': True, 'totalReplyCount': 0, 'isPublic': True}",,UC7rWE8brJwltVUjyJ1pwX4w,2022-10-23T22:31:26Z,A galera anti corrupção defendendo corrupto kkkk,QURTSl9pMFR1ODVNWkY3cnU0TnNWcGxDOVY2aHF2T3ZjWjBGd0VWVENNd3NsTEJjYV9QbkxDaldWN2lJYzF5M0RwQkJpLUNRZGhCa2VJZw==,2023-06-08 14:52:44.649370
youtube#commentThread,a8BLYYadYB6JFiOWe41jbBlL60k,UgzdoKmeFg8wsWSetMF4AaABAg,"{'videoId': 'zEfTDpfyt1o', 'topLevelComment': {'kind': 'youtube#comment', 'etag': 'lw00inDtkA9b0iRaFIu4UjJ3pW8', 'id': 'UgzdoKmeFg8wsWSetMF4AaABAg', 'snippet': {'videoId': 'zEfTDpfyt1o', 'textDisplay': 'DEUS TE PROTEJA SEMPRE. ROBERTO JEFERSON', 'textOriginal': 'DEUS TE PROTEJA SEMPRE. ROBERTO JEFERSON', 'authorDisplayName': 'Elisabete Piedade', 'authorProfileImageUrl': 'https://yt3.ggpht.com/ytc/AGIKgqO4qzf9d_XaeKxYK8EEBaMIvAOGgCR2c8UW-BULiw=s48-c-k-c0x00ffffff-no-rj', 'authorChannelUrl': 'http://www.youtube.com/channel/UCwYSIPSeY6fSbl7SjGeY5gg', 'authorChannelId': {'value': 'UCwYSIPSeY6fSbl7SjGeY5gg'}, 'canRate': True, 'viewerRating': 'none', 'likeCount': 3, 'publishedAt': '2022-10-23T22:31:25Z', 'updatedAt': '2022-10-23T22:31:25Z'}}, 'canReply': True, 'totalReplyCount': 2, 'isPublic': True}","{'comments': [{'kind': 'youtube#comment', 'etag': 'Wps10vmV8-kPYFPc6YlnmY4aPPA', 'id': 'UgzdoKmeFg8wsWSetMF4AaABAg.9hYBDN56JSE9hYBvOilZjm', 'snippet': {'videoId': 'zEfTDpfyt1o', 'textDisplay': 'deus proteja os policiais', 'textOriginal': 'deus proteja os policiais', 'parentId': 'UgzdoKmeFg8wsWSetMF4AaABAg', 'authorDisplayName': 'marcos dos santos', 'authorProfileImageUrl': 'https://yt3.ggpht.com/ytc/AGIKgqN4b9HqRZYi_m94Xgf8PcyrA8pRyA3XJcquthkT=s48-c-k-c0x00ffffff-no-rj', 'authorChannelUrl': 'http://www.youtube.com/channel/UCTBtWOhsUY5Y1kN-L5t2jyw', 'authorChannelId': {'value': 'UCTBtWOhsUY5Y1kN-L5t2jyw'}, 'canRate': True, 'viewerRating': 'none', 'likeCount': 0, 'publishedAt': '2022-10-23T22:37:34Z', 'updatedAt': '2022-10-23T22:37:34Z'}}, {'kind': 'youtube#comment', 'etag': 'LpGm1K5qzVj2F8WOK_RxKcOZioY', 'id': 'UgzdoKmeFg8wsWSetMF4AaABAg.9hYBDN56JSE9hYB_IY4zsz', 'snippet': {'videoId': 'zEfTDpfyt1o', 'textDisplay': '🤣🤣🤣🤣🤣', 'textOriginal': '🤣🤣🤣🤣🤣', 'parentId': 'UgzdoKmeFg8wsWSetMF4AaABAg', 'authorDisplayName': 'Beatriz Pontes', 'authorProfileImageUrl': 'https://yt3.ggpht.com/ytc/AGIKgqNLHiWPsbj6vqn2p_VxDdAex8zO1UwgMzFFmw=s48-c-k-c0x00ffffff-no-rj', 'authorChannelUrl': 'http://www.youtube.com/channel/UC1dBY2-8EYushAjhOvrdy0Q', 'authorChannelId': {'value': 'UC1dBY2-8EYushAjhOvrdy0Q'}, 'canRate': True, 'viewerRating': 'none', 'likeCount': 0, 'publishedAt': '2022-10-23T22:34:33Z', 'updatedAt': '2022-10-23T22:34:33Z'}}]}",UCwYSIPSeY6fSbl7SjGeY5gg,2022-10-23T22:31:25Z,DEUS TE PROTEJA SEMPRE. ROBERTO JEFERSON,QURTSl9pMFR1ODVNWkY3cnU0TnNWcGxDOVY2aHF2T3ZjWjBGd0VWVENNd3NsTEJjYV9QbkxDaldWN2lJYzF5M0RwQkJpLUNRZGhCa2VJZw==,2023-06-08 14:52:44.649370
youtube#commentThread,9xJ2gWXPBNPJF53wesgleOKyRYk,UgykfHC64X1OXQEcoSB4AaABAg,"{'videoId': 'zEfTDpfyt1o', 'topLevelComment': {'kind': 'youtube#comment', 'etag': 'Woa92jPza_f_1FHOTME2OvVtx_U', 'id': 'UgykfHC64X1OXQEcoSB4AaABAg', 'snippet': {'videoId': 'zEfTDpfyt1o', 'textDisplay': 'Tomem vergonha nessa cara, olha que o veneno está se virando contra vcs, Bolsonarismo é doença mental.', 'textOriginal': 'Tomem vergonha nessa cara, olha que o veneno está se virando contra vcs, Bolsonarismo é doença mental.', 'authorDisplayName': 'alan alan', 'authorProfileImageUrl': 'https://yt3.ggpht.com/ytc/AGIKgqNw0y8ELUcC6uKRIajvWT2tD3qo200GI0MncQ=s48-c-k-c0x00ffffff-no-rj', 'authorChannelUrl': 'http://www.youtube.com/channel/UC4TzeimfaoNo1oy_y-zQDhQ', 'authorChannelId': {'value': 'UC4TzeimfaoNo1oy_y-zQDhQ'}, 'canRate': True, 'viewerRating': 'none', 'likeCount': 0, 'publishedAt': '2022-10-23T22:31:23Z', 'updatedAt': '2022-10-23T22:31:23Z'}}, 'canReply': True, 'totalReplyCount': 0, 'isPublic': True}",,UC4TzeimfaoNo1oy_y-zQDhQ,2022-10-23T22:31:23Z,"Tomem vergonha nessa cara, olha que o veneno está se virando contra vcs, Bolsonarismo é doença mental.",QURTSl9pMFR1ODVNWkY3cnU0TnNWcGxDOVY2aHF2T3ZjWjBGd0VWVENNd3NsTEJjYV9QbkxDaldWN2lJYzF5M0RwQkJpLUNRZGhCa2VJZw==,2023-06-08 14:52:44.649370
youtube#commentThread,EVYfyLXHJEt6XvcwLvwa9_yH-e0,Ugxc3Uscllt94CTL0494AaABAg,"{'videoId': 'zEfTDpfyt1o', 'topLevelComment': {'kind': 'youtube#comment', 'etag': 'g70OssfediEbpDsN7vmH74uAb6s', 'id': 'Ugxc3Uscllt94CTL0494AaABAg', 'snippet': {'videoId': 'zEfTDpfyt1o', 'textDisplay': 'Oque não pode fazer é isso porque todos nós somos vítimas desses ditadores.', 'textOriginal': 'Oque não pode fazer é isso porque todos nós somos vítimas desses ditadores.', 'authorDisplayName': 'Jose ricardo Goncalves da silva', 'authorProfileImageUrl': 'https://yt3.ggpht.com/ytc/AGIKgqO6MFEN4cdddW9j9ZY41dcv2NoJ_rJQzrnDd9hijg=s48-c-k-c0x00ffffff-no-rj', 'authorChannelUrl': 'http://www.youtube.com/channel/UCtHrTUU579K-7LK-2BT9GVg', 'authorChannelId': {'value': 'UCtHrTUU579K-7LK-2BT9GVg'}, 'canRate': True, 'viewerRating': 'none', 'likeCount': 0, 'publishedAt': '2022-10-23T22:31:14Z', 'updatedAt': '2022-10-23T22:31:14Z'}}, 'canReply': True, 'totalReplyCount': 0, 'isPublic': True}",,UCtHrTUU579K-7LK-2BT9GVg,2022-10-23T22:31:14Z,Oque não pode fazer é isso porque todos nós somos vítimas desses ditadores.,QURTSl9pMFR1ODVNWkY3cnU0TnNWcGxDOVY2aHF2T3ZjWjBGd0VWVENNd3NsTEJjYV9QbkxDaldWN2lJYzF5M0RwQkJpLUNRZGhCa2VJZw==,2023-06-08 14:52:44.649370
youtube#commentThread,qWlFwacX_30-X49M9PC5eU8vD9Q,Ugz3AsKHwepAr2En5gJ4AaABAg,"{'videoId': 'zEfTDpfyt1o', 'topLevelComment': {'kind': 'youtube#comment', 'etag': 'JGoXADwo0C1wddPblBwIL-Q_iFc', 'id': 'Ugz3AsKHwepAr2En5gJ4AaABAg', 'snippet': {'videoId': 'zEfTDpfyt1o', 'textDisplay': 'O QUE COMEÇA ERRADO TERMINA ERRADO ..<br>Acredito que na  ânsia de favorecer o pai do MENSALÃO e do PETROLÃO o STF e o TSE tem usado de manobras para favorecer o ex-hóspede do &quot;Hotel do Estado&quot;  em Curitiba e usando a CENSURA para tal.<br>Diante de tais arbitrariedades o resultado é a soma de consequências e atitudes de revolta .<br>O que por si só , não justifica os fatos ocorridos seja agressão contra os veículos de comunicação ou física.', 'textOriginal': 'O QUE COMEÇA ERRADO TERMINA ERRADO ..\\nAcredito que na  ânsia de favorecer o pai do MENSALÃO e do PETROLÃO o STF e o TSE tem usado de manobras para favorecer o ex-hóspede do ""Hotel do Estado""  em Curitiba e usando a CENSURA para tal.\\nDiante de tais arbitrariedades o resultado é a soma de consequências e atitudes de revolta .\\nO que por si só , não justifica os fatos ocorridos seja agressão contra os veículos de comunicação ou física.', 'authorDisplayName': 'Helena da Silva', 'authorProfileImageUrl': 'https://yt3.ggpht.com/ytc/AGIKgqMtYnpjtjCZ3oJOnb7lPfYnQFg6srA5yofpcg=s48-c-k-c0x00ffffff-no-rj', 'authorChannelUrl': 'http://www.youtube.com/channel/UCAwXyKRZ3SBLMBRAkwi5Syw', 'authorChannelId': {'value': 'UCAwXyKRZ3SBLMBRAkwi5Syw'}, 'canRate': True, 'viewerRating': 'none', 'likeCount': 0, 'publishedAt': '2022-10-23T22:31:11Z', 'updatedAt': '2022-10-23T22:31:11Z'}}, 'canReply': True, 'totalReplyCount': 0, 'isPublic': True}",,UCAwXyKRZ3SBLMBRAkwi5Syw,2022-10-23T22:31:11Z,"O QUE COMEÇA ERRADO TERMINA ERRADO ..
Acredito que na  ânsia de favorecer o pai do MENSALÃO e do PETROLÃO o STF e o TSE tem usado de manobras para favorecer o ex-hóspede do ""Hotel do Estado""  em Curitiba e usando a CENSURA para tal.
Diante de tais arbitrariedades o resultado é a soma de consequências e atitudes de revolta .
O que por si só , não justifica os fatos ocorridos seja agressão contra os veículos de comunicação ou física.",QURTSl9pMFR1ODVNWkY3cnU0TnNWcGxDOVY2aHF2T3ZjWjBGd0VWVENNd3NsTEJjYV9QbkxDaldWN2lJYzF5M0RwQkJpLUNRZGhCa2VJZw==,2023-06-08 14:52:44.649370
youtube#commentThread,WNlfCbp5h0cl9uhdrKldgfPzm0s,UgxjiDxFuzHwqF-rhE54AaABAg,"{'videoId': 'zEfTDpfyt1o', 'topLevelComment': {'kind': 'youtube#comment', 'etag': 'DISHu7cKLoe67HTd6qdpj9v_b4g', 'id': 'UgxjiDxFuzHwqF-rhE54AaABAg', 'snippet': {'videoId': 'zEfTDpfyt1o', 'textDisplay': 'ROBERTO JEFERSON  BANDIDO DO MENSALÃO... ALIADO DO GENOCIDA MILICIANO ,, E OS GADOS DOENTE MENTAL COLOCA TUDO NA JAULA', 'textOriginal': 'ROBERTO JEFERSON  BANDIDO DO MENSALÃO... ALIADO DO GENOCIDA MILICIANO ,, E OS GADOS DOENTE MENTAL COLOCA TUDO NA JAULA', 'authorDisplayName': 'Mrk Okilupo', 'authorProfileImageUrl': 'https://yt3.ggpht.com/ytc/AGIKgqP3487mYF6WZFiCYKN-CbvaXk4jMVpB1FkKGQ=s48-c-k-c0x00ffffff-no-rj', 'authorChannelUrl': 'http://www.youtube.com/channel/UCiIDuhIcrE_6rkTvPmRiOEw', 'authorChannelId': {'value': 'UCiIDuhIcrE_6rkTvPmRiOEw'}, 'canRate': True, 'viewerRating': 'none', 'likeCount': 0, 'publishedAt': '2022-10-23T22:31:10Z', 'updatedAt': '2022-10-23T22:31:10Z'}}, 'canReply': True, 'totalReplyCount': 0, 'isPublic': True}",,UCiIDuhIcrE_6rkTvPmRiOEw,2022-10-23T22:31:10Z,"ROBERTO JEFERSON  BANDIDO DO MENSALÃO... ALIADO DO GENOCIDA MILICIANO ,, E OS GADOS DOENTE MENTAL COLOCA TUDO NA JAULA",QURTSl9pMFR1ODVNWkY3cnU0TnNWcGxDOVY2aHF2T3ZjWjBGd0VWVENNd3NsTEJjYV9QbkxDaldWN2lJYzF5M0RwQkJpLUNRZGhCa2VJZw==,2023-06-08 14:52:44.649370
youtube#commentThread,-8v1BE9hDGH6UuJPkh4nC0Nh8o4,Ugy5B-sQJUV9GSmw-Nl4AaABAg,"{'videoId': 'zEfTDpfyt1o', 'topLevelComment': {'kind': 'youtube#comment', 'etag': '54cwcD-vtnA-Su0UAiBA418XtQE', 'id': 'Ugy5B-sQJUV9GSmw-Nl4AaABAg', 'snippet': {'videoId': 'zEfTDpfyt1o', 'textDisplay': 'Tinha que ser da p.... da rede globo.', 'textOriginal': 'Tinha que ser da p.... da rede globo.', 'authorDisplayName': 'Iran Ribeiro', 'authorProfileImageUrl': 'https://yt3.ggpht.com/ytc/AGIKgqNbqAN-ZWb6Lk_xBlzTAxRNP5zpOXsmIXwvGg=s48-c-k-c0x00ffffff-no-rj', 'authorChannelUrl': 'http://www.youtube.com/channel/UCF-efnfqqovhNAQrKIZ3JIQ', 'authorChannelId': {'value': 'UCF-efnfqqovhNAQrKIZ3JIQ'}, 'canRate': True, 'viewerRating': 'none', 'likeCount': 0, 'publishedAt': '2022-10-23T22:31:10Z', 'updatedAt': '2022-10-23T22:31:10Z'}}, 'canReply': True, 'totalReplyCount': 0, 'isPublic': True}",,UCF-efnfqqovhNAQrKIZ3JIQ,2022-10-23T22:31:10Z,Tinha que ser da p.... da rede globo.,QURTSl9pMFR1ODVNWkY3cnU0TnNWcGxDOVY2aHF2T3ZjWjBGd0VWVENNd3NsTEJjYV9QbkxDaldWN2lJYzF5M0RwQkJpLUNRZGhCa2VJZw==,2023-06-08 14:52:44.649370
youtube#commentThread,YbChMu58ViI--QfnQCdjO1LBFN4,UgydiZG8uIsBqx7bV8d4AaABAg,"{'videoId': 'zEfTDpfyt1o', 'topLevelComment': {'kind': 'youtube#comment', 'etag': 'qfvt6OPmGf8mNDKJALZ2t-a4xCE', 'id': 'UgydiZG8uIsBqx7bV8d4AaABAg', 'snippet': {'videoId': 'zEfTDpfyt1o', 'textDisplay': 'A agressão ao cinegrafista não justifica a falta de credibilidade que a globo tem. É só ignorar.', 'textOriginal': 'A agressão ao cinegrafista não justifica a falta de credibilidade que a globo tem. É só ignorar.', 'authorDisplayName': 'TOM BAÍA', 'authorProfileImageUrl': 'https://yt3.ggpht.com/ytc/AGIKgqP2gOzU4GkGDIOqUqFMnvxzHQ017cf8WZr0-GBKEA=s48-c-k-c0x00ffffff-no-rj', 'authorChannelUrl': 'http://www.youtube.com/channel/UCnWgDsfuNZcTDJMp4eWbwcQ', 'authorChannelId': {'value': 'UCnWgDsfuNZcTDJMp4eWbwcQ'}, 'canRate': True, 'viewerRating': 'none', 'likeCount': 78, 'publishedAt': '2022-10-23T22:31:08Z', 'updatedAt': '2022-10-23T22:31:08Z'}}, 'canReply': True, 'totalReplyCount': 7, 'isPublic': True}","{'comments': [{'kind': 'youtube#comment', 'etag': 'u_z_AkJ0F7tai14UsUcBv493k8Y', 'id': 'UgydiZG8uIsBqx7bV8d4AaABAg.9hYBBGAmvgW9hYutwk7HpM', 'snippet': {'videoId': 'zEfTDpfyt1o', 'textDisplay': '@Rafael A Venezuela é logo ali Brasil ame-o ou deixo-o 🇧🇷 🇧🇷 🇧🇷 🇧🇷', 'textOriginal': '@Rafael A Venezuela é logo ali Brasil ame-o ou deixo-o 🇧🇷 🇧🇷 🇧🇷 🇧🇷', 'parentId': 'UgydiZG8uIsBqx7bV8d4AaABAg', 'authorDisplayName': 'ELIENE MARIA CAMISÃO', 'authorProfileImageUrl': 'https://yt3.ggpht.com/ytc/AGIKgqMUY8EnxwvsD9UBmJy-z8NHBQ8bp9y9-w8eOfbyNQ=s48-c-k-c0x00ffffff-no-rj', 'authorChannelUrl': 'http://www.youtube.com/channel/UCkODZT2gCvjQg2IFxyByP6g', 'authorChannelId': {'value': 'UCkODZT2gCvjQg2IFxyByP6g'}, 'canRate': True, 'viewerRating': 'none', 'likeCount': 1, 'publishedAt': '2022-10-24T05:19:19Z', 'updatedAt': '2022-10-24T05:19:19Z'}}, {'kind': 'youtube#comment', 'etag': 'AetvFCoV5O0NOJlJMRFhXFxD9HA', 'id': 'UgydiZG8uIsBqx7bV8d4AaABAg.9hYBBGAmvgW9hYP0XCuE3l', 'snippet': {'videoId': 'zEfTDpfyt1o', 'textDisplay': 'Papo de doutrinado,  o complemento do militante... Políticamente correto...as ovelhas do rebanho...', 'textOriginal': 'Papo de doutrinado,  o complemento do militante... Políticamente correto...as ovelhas do rebanho...', 'parentId': 'UgydiZG8uIsBqx7bV8d4AaABAg', 'authorDisplayName': 'Tiburcio Nascimento', 'authorProfileImageUrl': 'https://yt3.ggpht.com/ytc/AGIKgqPYJ16XbloZp1nRif2q9UiINjE9b3aLcJFllVpYZmGF8L32gAvFuJ_fm0H5T6oa=s48-c-k-c0x00ffffff-no-rj', 'authorChannelUrl': 'http://www.youtube.com/channel/UCOpVT2WBtvOTmNgRgNreY3Q', 'authorChannelId': {'value': 'UCOpVT2WBtvOTmNgRgNreY3Q'}, 'canRate': True, 'viewerRating': 'none', 'likeCount': 1, 'publishedAt': '2022-10-24T00:32:00Z', 'updatedAt': '2022-10-24T00:32:00Z'}}, {'kind': 'youtube#comment', 'etag': 'Z4I4eKxRLsr5sWHdcCbvs_sGR10', 'id': 'UgydiZG8uIsBqx7bV8d4AaABAg.9hYBBGAmvgW9hYK-0jEVAB', 'snippet': {'videoId': 'zEfTDpfyt1o', 'textDisplay': '@Rafael kkkkk e vai vao ver que do tiver igual venezuelano', 'textOriginal': '@Rafael kkkkk e vai vao ver que do tiver igual venezuelano', 'parentId': 'UgydiZG8uIsBqx7bV8d4AaABAg', 'authorDisplayName': 'isaaccruzsaleme conservador', 'authorProfileImageUrl': 'https://yt3.ggpht.com/ytc/AGIKgqP0AFyJDWlV2e0xugGiEKJsxmnj1nLysKPihrwk=s48-c-k-c0x00ffffff-no-rj', 'authorChannelUrl': 'http://www.youtube.com/channel/UCWn-GEw4g_V2tf9XmaJAp0w', 'authorChannelId': {'value': 'UCWn-GEw4g_V2tf9XmaJAp0w'}, 'canRate': True, 'viewerRating': 'none', 'likeCount': 2, 'publishedAt': '2022-10-23T23:48:06Z', 'updatedAt': '2022-10-23T23:48:06Z'}}, {'kind': 'youtube#comment', 'etag': 'DWpRptPQn8ReH5e2GOg0WOSzqSg', 'id': 'UgydiZG8uIsBqx7bV8d4AaABAg.9hYBBGAmvgW9hYGJ6zkYWu', 'snippet': {'videoId': 'zEfTDpfyt1o', 'textDisplay': '@Rafael O SEU, O MEU, E O DE MILHÕES DE BRASILEIROS QUE NÃO AGUENTAM MAID A SITUAÇÃO QUE VIVEMOS HOJE! TÁ TUDO MUITO ERRADO! E QUEM SOFRE SÃO OS MAIS POBRES!', 'textOriginal': '@Rafael O SEU, O MEU, E O DE MILHÕES DE BRASILEIROS QUE NÃO AGUENTAM MAID A SITUAÇÃO QUE VIVEMOS HOJE! TÁ TUDO MUITO ERRADO! E QUEM SOFRE SÃO OS MAIS POBRES!', 'parentId': 'UgydiZG8uIsBqx7bV8d4AaABAg', 'authorDisplayName': 'Eliza Azevedo', 'authorProfileImageUrl': 'https://yt3.ggpht.com/JzAzyl6ufD4HjdeKBzfW4WqpRezOEGFUZi0wgWfPBaQAgPRTTsuOrn57HOKe2NSDHHRF3hZSSQ=s48-c-k-c0x00ffffff-no-rj', 'authorChannelUrl': 'http://www.youtube.com/channel/UClRhSUvBNgkTdFcuFO4EYXw', 'authorChannelId': {'value': 'UClRhSUvBNgkTdFcuFO4EYXw'}, 'canRate': True, 'viewerRating': 'none', 'likeCount': 3, 'publishedAt': '2022-10-23T23:15:53Z', 'updatedAt': '2022-10-23T23:15:53Z'}}, {'kind': 'youtube#comment', 'etag': 'S3R5nb1jWgwhkcq685iGmzZxvsw', 'id': 'UgydiZG8uIsBqx7bV8d4AaABAg.9hYBBGAmvgW9hYFGjvteG4', 'snippet': {'videoId': 'zEfTDpfyt1o', 'textDisplay': '@isaaccruzsaleme conservador seria um sonho, bem na hora do jornal nacional kkk', 'textOriginal': '@isaaccruzsaleme conservador seria um sonho, bem na hora do jornal nacional kkk', 'parentId': 'UgydiZG8uIsBqx7bV8d4AaABAg', 'authorDisplayName': 'Halef Oliveira', 'authorProfileImageUrl': 'https://yt3.ggpht.com/ytc/AGIKgqP9o-URI8MlkdKf1pB8Ey2Qc19-maxP1qYHejfAFA=s48-c-k-c0x00ffffff-no-rj', 'authorChannelUrl': 'http://www.youtube.com/channel/UCX4vBAu_neff5Fdk6iUTSOA', 'authorChannelId': {'value': 'UCX4vBAu_neff5Fdk6iUTSOA'}, 'canRate': True, 'viewerRating': 'none', 'likeCount': 3, 'publishedAt': '2022-10-23T23:06:50Z', 'updatedAt': '2022-10-23T23:06:50Z'}}]}",UCnWgDsfuNZcTDJMp4eWbwcQ,2022-10-23T22:31:08Z,A agressão ao cinegrafista não justifica a falta de credibilidade que a globo tem. É só ignorar.,QURTSl9pMFR1ODVNWkY3cnU0TnNWcGxDOVY2aHF2T3ZjWjBGd0VWVENNd3NsTEJjYV9QbkxDaldWN2lJYzF5M0RwQkJpLUNRZGhCa2VJZw==,2023-06-08 14:52:44.649370
youtube#commentThread,vHt1y-CTDXEjlfLIXyUmWxD-i34,UgzETyl9pJcv1_37uEx4AaABAg,"{'videoId': 'zEfTDpfyt1o', 'topLevelComment': {'kind': 'youtube#comment', 'etag': 'hnRBCr4-Lcm4_lJo2-78Ijlafdo', 'id': 'UgzETyl9pJcv1_37uEx4AaABAg', 'snippet': {'videoId': 'zEfTDpfyt1o', 'textDisplay': 'Uma dúvida: vão tirar os vídeos do Roberto Jefferson e da filha de circulação? Fico curiosa? Como o &quot;Xandão&quot; e a &quot;Carmem&#39; serão apresentados no conto de fadas do STF? Os heróis da &quot;Democracia&quot; da EXTREMA ESQUERDA PETISTA, que protegem o Brasil das mentiras? Então, o Lula vai ser o vilão, né??? Se não fosse trágico, seria cômico.', 'textOriginal': 'Uma dúvida: vão tirar os vídeos do Roberto Jefferson e da filha de circulação? Fico curiosa? Como o ""Xandão"" e a ""Carmem\\' serão apresentados no conto de fadas do STF? Os heróis da ""Democracia"" da EXTREMA ESQUERDA PETISTA, que protegem o Brasil das mentiras? Então, o Lula vai ser o vilão, né??? Se não fosse trágico, seria cômico.', 'authorDisplayName': 'Maria', 'authorProfileImageUrl': 'https://yt3.ggpht.com/ytc/AGIKgqN1VJwmb_eyOT1lWSFlkobsFvZoNL6FLX3LYP-PS1JyUxS8QnCP6qQguIJi02rK=s48-c-k-c0x00ffffff-no-rj', 'authorChannelUrl': 'http://www.youtube.com/channel/UCpOgBk4dx1iaJYLnx-Licjw', 'authorChannelId': {'value': 'UCpOgBk4dx1iaJYLnx-Licjw'}, 'canRate': True, 'viewerRating': 'none', 'likeCount': 0, 'publishedAt': '2022-10-23T22:31:03Z', 'updatedAt': '2022-10-23T22:31:03Z'}}, 'canReply': True, 'totalReplyCount': 0, 'isPublic': True}",,UCpOgBk4dx1iaJYLnx-Licjw,2022-10-23T22:31:03Z,"Uma dúvida: vão tirar os vídeos do Roberto Jefferson e da filha de circulação? Fico curiosa? Como o ""Xandão"" e a ""Carmem' serão apresentados no conto de fadas do STF? Os heróis da ""Democracia"" da EXTREMA ESQUERDA PETISTA, que protegem o Brasil das mentiras? Então, o Lula vai ser o vilão, né??? Se não fosse trágico, seria cômico.",QURTSl9pMFR1ODVNWkY3cnU0TnNWcGxDOVY2aHF2T3ZjWjBGd0VWVENNd3NsTEJjYV9QbkxDaldWN2lJYzF5M0RwQkJpLUNRZGhCa2VJZw==,2023-06-08 14:52:44.649370
youtube#commentThread,G2tdu5PqHprDAdNdpZY7lduVs3k,Ugw9vA-R2P90agN6Z4Z4AaABAg,"{'videoId': 'zEfTDpfyt1o', 'topLevelComment': {'kind': 'youtube#comment', 'etag': 'T7NbIrxCPjzzHi7Z4fJr02SW65g', 'id': 'Ugw9vA-R2P90agN6Z4Z4AaABAg', 'snippet': {'videoId': 'zEfTDpfyt1o', 'textDisplay': 'É só o começo da revolta popular qui tá por vim', 'textOriginal': 'É só o começo da revolta popular qui tá por vim', 'authorDisplayName': 'Higo Carvalho', 'authorProfileImageUrl': 'https://yt3.ggpht.com/ytc/AGIKgqNs2T9GGTf1Zy3LZwlOEtZ-IV9q2DMNbH5qxw=s48-c-k-c0x00ffffff-no-rj', 'authorChannelUrl': 'http://www.youtube.com/channel/UCgkKq7PKXzhRZidK4b7AQ7A', 'authorChannelId': {'value': 'UCgkKq7PKXzhRZidK4b7AQ7A'}, 'canRate': True, 'viewerRating': 'none', 'likeCount': 0, 'publishedAt': '2022-10-23T22:31:02Z', 'updatedAt': '2022-10-23T22:31:02Z'}}, 'canReply': True, 'totalReplyCount': 0, 'isPublic': True}",,UCgkKq7PKXzhRZidK4b7AQ7A,2022-10-23T22:31:02Z,É só o começo da revolta popular qui tá por vim,QURTSl9pMFR1ODVNWkY3cnU0TnNWcGxDOVY2aHF2T3ZjWjBGd0VWVENNd3NsTEJjYV9QbkxDaldWN2lJYzF5M0RwQkJpLUNRZGhCa2VJZw==,2023-06-08 14:52:44.649370
youtube#commentThread,trMBproX5axC-MvyZtZ7sRDsz9I,UgzzptzBHQGAo9ABD_14AaABAg,"{'videoId': 'zEfTDpfyt1o', 'topLevelComment': {'kind': 'youtube#comment', 'etag': 'ff69O1itrhprZMqhj0s9PUBWaHs', 'id': 'UgzzptzBHQGAo9ABD_14AaABAg', 'snippet': {'videoId': 'zEfTDpfyt1o', 'textDisplay': 'SE NAO FOR ARMAÇÃO...BOB APENAS FAZ O MESMO QUE ALGUNS JUIZES...DESCUMPREM LEIS E CF...DAI  TA TUDO EMPATADO...OU NAO ?', 'textOriginal': 'SE NAO FOR ARMAÇÃO...BOB APENAS FAZ O MESMO QUE ALGUNS JUIZES...DESCUMPREM LEIS E CF...DAI  TA TUDO EMPATADO...OU NAO ?', 'authorDisplayName': 'Rosely Julio', 'authorProfileImageUrl': 'https://yt3.ggpht.com/ytc/AGIKgqOXwSQduuEJZSV541DbBYjGpI1SHHAk7mdzkO7Ysw=s48-c-k-c0x00ffffff-no-rj', 'authorChannelUrl': 'http://www.youtube.com/channel/UC7qtKbXbKEvgcsqjEEVok_g', 'authorChannelId': {'value': 'UC7qtKbXbKEvgcsqjEEVok_g'}, 'canRate': True, 'viewerRating': 'none', 'likeCount': 1, 'publishedAt': '2022-10-23T22:31:01Z', 'updatedAt': '2022-10-23T22:31:01Z'}}, 'canReply': True, 'totalReplyCount': 0, 'isPublic': True}",,UC7qtKbXbKEvgcsqjEEVok_g,2022-10-23T22:31:01Z,SE NAO FOR ARMAÇÃO...BOB APENAS FAZ O MESMO QUE ALGUNS JUIZES...DESCUMPREM LEIS E CF...DAI  TA TUDO EMPATADO...OU NAO ?,QURTSl9pMFR1ODVNWkY3cnU0TnNWcGxDOVY2aHF2T3ZjWjBGd0VWVENNd3NsTEJjYV9QbkxDaldWN2lJYzF5M0RwQkJpLUNRZGhCa2VJZw==,2023-06-08 14:52:44.649370
youtube#commentThread,KGF3_LVVeA9Isl2_qYNM5ZPWKa4,Ugy8sDoZQtBuaehElEF4AaABAg,"{'videoId': 'zEfTDpfyt1o', 'topLevelComment': {'kind': 'youtube#comment', 'etag': '-syEZ0b3Gulcu04cTkc7fqdY96g', 'id': 'Ugy8sDoZQtBuaehElEF4AaABAg', 'snippet': {'videoId': 'zEfTDpfyt1o', 'textDisplay': 'Esse barriu de pólvora está prestes a estourar, falta pouco! STF NÃO ME REPRESENTA!!!', 'textOriginal': 'Esse barriu de pólvora está prestes a estourar, falta pouco! STF NÃO ME REPRESENTA!!!', 'authorDisplayName': 'Júlios-IA', 'authorProfileImageUrl': 'https://yt3.ggpht.com/ytc/AGIKgqOIbhNPQlJw6C2uk6eyph17qvlVyObiQNYMg-Dv=s48-c-k-c0x00ffffff-no-rj', 'authorChannelUrl': 'http://www.youtube.com/channel/UCcSNmiPhnUVDiNnUQbdIYnA', 'authorChannelId': {'value': 'UCcSNmiPhnUVDiNnUQbdIYnA'}, 'canRate': True, 'viewerRating': 'none', 'likeCount': 0, 'publishedAt': '2022-10-23T22:30:59Z', 'updatedAt': '2022-10-23T22:30:59Z'}}, 'canReply': True, 'totalReplyCount': 0, 'isPublic': True}",,UCcSNmiPhnUVDiNnUQbdIYnA,2022-10-23T22:30:59Z,"Esse barriu de pólvora está prestes a estourar, falta pouco! STF NÃO ME REPRESENTA!!!",QURTSl9pMFR1ODVNWkY3cnU0TnNWcGxDOVY2aHF2T3ZjWjBGd0VWVENNd3NsTEJjYV9QbkxDaldWN2lJYzF5M0RwQkJpLUNRZGhCa2VJZw==,2023-06-08 14:52:44.649370
youtube#commentThread,44tbFB1IkQ-ZxX96_klnD1wlEFI,Ugw4yXgXCAF-tyHDSt14AaABAg,"{'videoId': 'zEfTDpfyt1o', 'topLevelComment': {'kind': 'youtube#comment', 'etag': 'XypeiTYHCtSOFdnDNwhV_mLFAlA', 'id': 'Ugw4yXgXCAF-tyHDSt14AaABAg', 'snippet': {'videoId': 'zEfTDpfyt1o', 'textDisplay': 'Ele está doente devido a tanta pressão do STF... que injustamente precionou ele, muitos estão aproveitando a oportunidade e associando ao temperamento dos bolsonaristas... pode vê que ele está doente, e com a pressão do STF desencadeou a doença dele. Bolsonaro 22 pra derrubar os comunistas, comunismo faz isso preciona uma pessoa até ela enlouquecer pois ele é contra ao ditador do supremo que está associado a Lula e seus ideais comunistas. Mas o exército brasileiro tá de olho, só esperando as coisas piorarem e não vai pq o exército está ainda graças a Deus com a constituição de 1988.', 'textOriginal': 'Ele está doente devido a tanta pressão do STF... que injustamente precionou ele, muitos estão aproveitando a oportunidade e associando ao temperamento dos bolsonaristas... pode vê que ele está doente, e com a pressão do STF desencadeou a doença dele. Bolsonaro 22 pra derrubar os comunistas, comunismo faz isso preciona uma pessoa até ela enlouquecer pois ele é contra ao ditador do supremo que está associado a Lula e seus ideais comunistas. Mas o exército brasileiro tá de olho, só esperando as coisas piorarem e não vai pq o exército está ainda graças a Deus com a constituição de 1988.', 'authorDisplayName': 'Youtube_Squall', 'authorProfileImageUrl': 'https://yt3.ggpht.com/ytc/AGIKgqPtnJsM_v3bLnr-C08R9WA8mSWmNup59259XA=s48-c-k-c0x00ffffff-no-rj', 'authorChannelUrl': 'http://www.youtube.com/channel/UCZLHlhKbL3j7_avqdN-_69A', 'authorChannelId': {'value': 'UCZLHlhKbL3j7_avqdN-_69A'}, 'canRate': True, 'viewerRating': 'none', 'likeCount': 0, 'publishedAt': '2022-10-23T22:30:56Z', 'updatedAt': '2022-10-23T22:30:56Z'}}, 'canReply': True, 'totalReplyCount': 0, 'isPublic': True}",,UCZLHlhKbL3j7_avqdN-_69A,2022-10-23T22:30:56Z,"Ele está doente devido a tanta pressão do STF... que injustamente precionou ele, muitos estão aproveitando a oportunidade e associando ao temperamento dos bolsonaristas... pode vê que ele está doente, e com a pressão do STF desencadeou a doença dele. Bolsonaro 22 pra derrubar os comunistas, comunismo faz isso preciona uma pessoa até ela enlouquecer pois ele é contra ao ditador do supremo que está associado a Lula e seus ideais comunistas. Mas o exército brasileiro tá de olho, só esperando as coisas piorarem e não vai pq o exército está ainda graças a Deus com a constituição de 1988.",QURTSl9pMFR1ODVNWkY3cnU0TnNWcGxDOVY2aHF2T3ZjWjBGd0VWVENNd3NsTEJjYV9QbkxDaldWN2lJYzF5M0RwQkJpLUNRZGhCa2VJZw==,2023-06-08 14:52:44.649370
youtube#commentThread,dqk9Q7xMORzH82i-OWpefKXSb68,UgyJHFzr4XFUwo_lh8x4AaABAg,"{'videoId': 'zEfTDpfyt1o', 'topLevelComment': {'kind': 'youtube#comment', 'etag': 'TvHiJDfYUjFYLXgYIqxi2xF9B4k', 'id': 'UgyJHFzr4XFUwo_lh8x4AaABAg', 'snippet': {'videoId': 'zEfTDpfyt1o', 'textDisplay': 'Resultado das CAGADAS DO XANDÃO DO PCC.', 'textOriginal': 'Resultado das CAGADAS DO XANDÃO DO PCC.', 'authorDisplayName': 'Daut Galvão de França', 'authorProfileImageUrl': 'https://yt3.ggpht.com/ytc/AGIKgqNfpain8gBSl-2JGrk0v9Fdk6oi54kbX6NnZw=s48-c-k-c0x00ffffff-no-rj', 'authorChannelUrl': 'http://www.youtube.com/channel/UClbsYYnq1j2A1tMyJ9xtjlA', 'authorChannelId': {'value': 'UClbsYYnq1j2A1tMyJ9xtjlA'}, 'canRate': True, 'viewerRating': 'none', 'likeCount': 0, 'publishedAt': '2022-10-23T22:30:51Z', 'updatedAt': '2022-10-23T22:30:51Z'}}, 'canReply': True, 'totalReplyCount': 0, 'isPublic': True}",,UClbsYYnq1j2A1tMyJ9xtjlA,2022-10-23T22:30:51Z,Resultado das CAGADAS DO XANDÃO DO PCC.,QURTSl9pMFR1ODVNWkY3cnU0TnNWcGxDOVY2aHF2T3ZjWjBGd0VWVENNd3NsTEJjYV9QbkxDaldWN2lJYzF5M0RwQkJpLUNRZGhCa2VJZw==,2023-06-08 14:52:44.649370
youtube#commentThread,iihp5dmPZjpqVZpug-besOa2VDo,UgxCOYGuUx3-Yx6NgLh4AaABAg,"{'videoId': 'zEfTDpfyt1o', 'topLevelComment': {'kind': 'youtube#comment', 'etag': '1n2RwBlyt00YTueHjxynP95Uwcw', 'id': 'UgxCOYGuUx3-Yx6NgLh4AaABAg', 'snippet': {'videoId': 'zEfTDpfyt1o', 'textDisplay': 'Repúdio. Liberdade de opinião e expressão sempre. Parabéns JP.', 'textOriginal': 'Repúdio. Liberdade de opinião e expressão sempre. Parabéns JP.', 'authorDisplayName': 'Agnaldo Oliveira', 'authorProfileImageUrl': 'https://yt3.ggpht.com/ytc/AGIKgqM_Wqvs8gcWwmYEXVTl59qez5-gtRZTElPrTFguqkCIkYwthTgIcIC3QoGfxxwV=s48-c-k-c0x00ffffff-no-rj', 'authorChannelUrl': 'http://www.youtube.com/channel/UCjcri4B8QhdT_UBP8SlEPFQ', 'authorChannelId': {'value': 'UCjcri4B8QhdT_UBP8SlEPFQ'}, 'canRate': True, 'viewerRating': 'none', 'likeCount': 17, 'publishedAt': '2022-10-23T22:30:50Z', 'updatedAt': '2022-10-23T22:30:50Z'}}, 'canReply': True, 'totalReplyCount': 0, 'isPublic': True}",,UCjcri4B8QhdT_UBP8SlEPFQ,2022-10-23T22:30:50Z,Repúdio. Liberdade de opinião e expressão sempre. Parabéns JP.,QURTSl9pMFR1ODVNWkY3cnU0TnNWcGxDOVY2aHF2T3ZjWjBGd0VWVENNd3NsTEJjYV9QbkxDaldWN2lJYzF5M0RwQkJpLUNRZGhCa2VJZw==,2023-06-08 14:52:44.649370
youtube#commentThread,zBgpD7N6B0p2KfDK-mYSOeppTyg,Ugx8TF3APDCc3o8WZHh4AaABAg,"{'videoId': 'zEfTDpfyt1o', 'topLevelComment': {'kind': 'youtube#comment', 'etag': 'VP0P8ziLm_h1MPO84JgFCTF44zQ', 'id': 'Ugx8TF3APDCc3o8WZHh4AaABAg', 'snippet': {'videoId': 'zEfTDpfyt1o', 'textDisplay': 'O Brasil está perto de uma guerra civil eu estou vendo isso só Deus para ter misericórdia', 'textOriginal': 'O Brasil está perto de uma guerra civil eu estou vendo isso só Deus para ter misericórdia', 'authorDisplayName': 'Luzia Nery', 'authorProfileImageUrl': 'https://yt3.ggpht.com/ytc/AGIKgqORR7ONz0pNfK2hPJK2m0vt5ipv6dH0RcD6uS-sAIu0WqEVEPHOPn4qJ5WPL16n=s48-c-k-c0x00ffffff-no-rj', 'authorChannelUrl': 'http://www.youtube.com/channel/UCaWJ1Z7DqQdKcYv8cSjiPsw', 'authorChannelId': {'value': 'UCaWJ1Z7DqQdKcYv8cSjiPsw'}, 'canRate': True, 'viewerRating': 'none', 'likeCount': 0, 'publishedAt': '2022-10-23T22:30:49Z', 'updatedAt': '2022-10-23T22:30:49Z'}}, 'canReply': True, 'totalReplyCount': 0, 'isPublic': True}",,UCaWJ1Z7DqQdKcYv8cSjiPsw,2022-10-23T22:30:49Z,O Brasil está perto de uma guerra civil eu estou vendo isso só Deus para ter misericórdia,QURTSl9pMFR1ODVNWkY3cnU0TnNWcGxDOVY2aHF2T3ZjWjBGd0VWVENNd3NsTEJjYV9QbkxDaldWN2lJYzF5M0RwQkJpLUNRZGhCa2VJZw==,2023-06-08 14:52:44.649370
youtube#commentThread,68oiCAdb3pm-ezr-4kdRQ020FUc,UgwgDbLdRYTtXz9b89V4AaABAg,"{'videoId': 'zEfTDpfyt1o', 'topLevelComment': {'kind': 'youtube#comment', 'etag': 'Pjp4KPAsXvxrG8Ny7ZAfsyqgF94', 'id': 'UgwgDbLdRYTtXz9b89V4AaABAg', 'snippet': {'videoId': 'zEfTDpfyt1o', 'textDisplay': 'O esquerdista não entende o que é solidariedade! Tem que desenhar!!!', 'textOriginal': 'O esquerdista não entende o que é solidariedade! Tem que desenhar!!!', 'authorDisplayName': 'JUNIOR Cezar', 'authorProfileImageUrl': 'https://yt3.ggpht.com/ytc/AGIKgqPrIXG2A41lfixgk-LIOiS1pXfLpCQaqINMtA=s48-c-k-c0x00ffffff-no-rj', 'authorChannelUrl': 'http://www.youtube.com/channel/UCrk29tvP0cqmgmJaLTE12VQ', 'authorChannelId': {'value': 'UCrk29tvP0cqmgmJaLTE12VQ'}, 'canRate': True, 'viewerRating': 'none', 'likeCount': 0, 'publishedAt': '2022-10-23T22:30:49Z', 'updatedAt': '2022-10-23T22:30:49Z'}}, 'canReply': True, 'totalReplyCount': 0, 'isPublic': True}",,UCrk29tvP0cqmgmJaLTE12VQ,2022-10-23T22:30:49Z,O esquerdista não entende o que é solidariedade! Tem que desenhar!!!,QURTSl9pMFR1ODVNWkY3cnU0TnNWcGxDOVY2aHF2T3ZjWjBGd0VWVENNd3NsTEJjYV9QbkxDaldWN2lJYzF5M0RwQkJpLUNRZGhCa2VJZw==,2023-06-08 14:52:44.649370
youtube#commentThread,ORBBrwYnRLmBFgmi6JaNs46IRh0,UgxQYVinOUJGup14Msd4AaABAg,"{'videoId': 'zEfTDpfyt1o', 'topLevelComment': {'kind': 'youtube#comment', 'etag': 'jBBKrrsmQv0YYbprVOtvFt57p-E', 'id': 'UgxQYVinOUJGup14Msd4AaABAg', 'snippet': {'videoId': 'zEfTDpfyt1o', 'textDisplay': 'Apoiadores não. BOLSONARISTAS', 'textOriginal': 'Apoiadores não. BOLSONARISTAS', 'authorDisplayName': 'osvaldo pittaluga', 'authorProfileImageUrl': 'https://yt3.ggpht.com/ytc/AGIKgqMuXhx_5d1sqqSL2zUEtX4r_-EqwdLNOBz3zWdZbg=s48-c-k-c0x00ffffff-no-rj', 'authorChannelUrl': 'http://www.youtube.com/channel/UC3lU6NcIegF90c-Dibw7yXQ', 'authorChannelId': {'value': 'UC3lU6NcIegF90c-Dibw7yXQ'}, 'canRate': True, 'viewerRating': 'none', 'likeCount': 0, 'publishedAt': '2022-10-23T22:30:49Z', 'updatedAt': '2022-10-23T22:30:49Z'}}, 'canReply': True, 'totalReplyCount': 0, 'isPublic': True}",,UC3lU6NcIegF90c-Dibw7yXQ,2022-10-23T22:30:49Z,Apoiadores não. BOLSONARISTAS,QURTSl9pMFR1ODVNWkY3cnU0TnNWcGxDOVY2aHF2T3ZjWjBGd0VWVENNd3NsTEJjYV9QbkxDaldWN2lJYzF5M0RwQkJpLUNRZGhCa2VJZw==,2023-06-08 14:52:44.649370
youtube#commentThread,lg7zee2m2tHPwurdM_zw2OwrsvQ,Ugya3x2lnfg4PE5fIM54AaABAg,"{'videoId': 'zEfTDpfyt1o', 'topLevelComment': {'kind': 'youtube#comment', 'etag': 'cD6AMtzHdITzy-uUd6RstqqPk_c', 'id': 'Ugya3x2lnfg4PE5fIM54AaABAg', 'snippet': {'videoId': 'zEfTDpfyt1o', 'textDisplay': 'Quando vcs dizem q jornalistas não fazem parte da política, esqueceram de dizer c exceção do Bonner', 'textOriginal': 'Quando vcs dizem q jornalistas não fazem parte da política, esqueceram de dizer c exceção do Bonner', 'authorDisplayName': 'Regina de Fatima Chiarelli', 'authorProfileImageUrl': 'https://yt3.ggpht.com/ytc/AGIKgqPJdpoF9JMTd34uUQDenI9ie0FHzFUWEY4_1r_-AzN_e6WMglEZ2n-nGeJF92Yf=s48-c-k-c0x00ffffff-no-rj', 'authorChannelUrl': 'http://www.youtube.com/channel/UCoAOO7Rm4EKOa2NoLzO-SFg', 'authorChannelId': {'value': 'UCoAOO7Rm4EKOa2NoLzO-SFg'}, 'canRate': True, 'viewerRating': 'none', 'likeCount': 0, 'publishedAt': '2022-10-23T22:30:47Z', 'updatedAt': '2022-10-23T22:30:47Z'}}, 'canReply': True, 'totalReplyCount': 0, 'isPublic': True}",,UCoAOO7Rm4EKOa2NoLzO-SFg,2022-10-23T22:30:47Z,"Quando vcs dizem q jornalistas não fazem parte da política, esqueceram de dizer c exceção do Bonner",QURTSl9pMFR1ODVNWkY3cnU0TnNWcGxDOVY2aHF2T3ZjWjBGd0VWVENNd3NsTEJjYV9QbkxDaldWN2lJYzF5M0RwQkJpLUNRZGhCa2VJZw==,2023-06-08 14:52:44.649370
youtube#commentThread,mDadQo4sV0Ofww-Dc8jx-5hx_Ls,UgwsporjCpr3_hCXfcZ4AaABAg,"{'videoId': 'zEfTDpfyt1o', 'topLevelComment': {'kind': 'youtube#comment', 'etag': 'L3M-SZ-KIgHBvml0As0qBdCSYVU', 'id': 'UgwsporjCpr3_hCXfcZ4AaABAg', 'snippet': {'videoId': 'zEfTDpfyt1o', 'textDisplay': 'Tudo culpa desse judiciário contaminado.', 'textOriginal': 'Tudo culpa desse judiciário contaminado.', 'authorDisplayName': 'Eunice Capellini Moris', 'authorProfileImageUrl': 'https://yt3.ggpht.com/ytc/AGIKgqNalsuO8Y3Zz6cgUIWAJKhcdJz2suh8L41Uv5v5DPo=s48-c-k-c0x00ffffff-no-rj', 'authorChannelUrl': 'http://www.youtube.com/channel/UCRGPl_JBoSrKNIOgaodapUA', 'authorChannelId': {'value': 'UCRGPl_JBoSrKNIOgaodapUA'}, 'canRate': True, 'viewerRating': 'none', 'likeCount': 1, 'publishedAt': '2022-10-23T22:30:41Z', 'updatedAt': '2022-10-23T22:30:41Z'}}, 'canReply': True, 'totalReplyCount': 0, 'isPublic': True}",,UCRGPl_JBoSrKNIOgaodapUA,2022-10-23T22:30:41Z,Tudo culpa desse judiciário contaminado.,QURTSl9pMFR1ODVNWkY3cnU0TnNWcGxDOVY2aHF2T3ZjWjBGd0VWVENNd3NsTEJjYV9QbkxDaldWN2lJYzF5M0RwQkJpLUNRZGhCa2VJZw==,2023-06-08 14:52:44.649370
youtube#commentThread,wfe5k0I0DONoUNriSGRq-xzfsXs,UgxMAzYOtJhR1F1XCDZ4AaABAg,"{'videoId': 'zEfTDpfyt1o', 'topLevelComment': {'kind': 'youtube#comment', 'etag': 'uAJirG8KTUHmWAY-QIWUSir-F-U', 'id': 'UgxMAzYOtJhR1F1XCDZ4AaABAg', 'snippet': {'videoId': 'zEfTDpfyt1o', 'textDisplay': 'A globo q sempre colaboraram com  os q rasgam c Constituição começam a colher os frutos e isso eh só o início. A semeadura eh livre, mas a colheita eh obrigatória.', 'textOriginal': 'A globo q sempre colaboraram com  os q rasgam c Constituição começam a colher os frutos e isso eh só o início. A semeadura eh livre, mas a colheita eh obrigatória.', 'authorDisplayName': 'nelson claudio jackowski', 'authorProfileImageUrl': 'https://yt3.ggpht.com/ytc/AGIKgqMjWteewDAVemu0oym5W49lIAssK3bMSAx_YQ=s48-c-k-c0x00ffffff-no-rj', 'authorChannelUrl': 'http://www.youtube.com/channel/UCSjgToLPQzaGkpEcd_7q0Iw', 'authorChannelId': {'value': 'UCSjgToLPQzaGkpEcd_7q0Iw'}, 'canRate': True, 'viewerRating': 'none', 'likeCount': 0, 'publishedAt': '2022-10-23T22:30:41Z', 'updatedAt': '2022-10-23T22:30:41Z'}}, 'canReply': True, 'totalReplyCount': 0, 'isPublic': True}",,UCSjgToLPQzaGkpEcd_7q0Iw,2022-10-23T22:30:41Z,"A globo q sempre colaboraram com  os q rasgam c Constituição começam a colher os frutos e isso eh só o início. A semeadura eh livre, mas a colheita eh obrigatória.",QURTSl9pMFR1ODVNWkY3cnU0TnNWcGxDOVY2aHF2T3ZjWjBGd0VWVENNd3NsTEJjYV9QbkxDaldWN2lJYzF5M0RwQkJpLUNRZGhCa2VJZw==,2023-06-08 14:52:44.649370
youtube#commentThread,KRWJPcfCXGWR9NQtx65pK_BnRyw,UgxDCv1r5BELjiQPSSp4AaABAg,"{'videoId': 'zEfTDpfyt1o', 'topLevelComment': {'kind': 'youtube#comment', 'etag': '3tl3SOK2nnWWih3cBJoRjDoMQIc', 'id': 'UgxDCv1r5BELjiQPSSp4AaABAg', 'snippet': {'videoId': 'zEfTDpfyt1o', 'textDisplay': 'Eu não apoio violência de qualquer tipo . Discordância e uma coisa , agressão a uma pessoa e inadmissível . Isto tem que acabar no Brasil , no futebol ,na política em qualquer lugar .', 'textOriginal': 'Eu não apoio violência de qualquer tipo . Discordância e uma coisa , agressão a uma pessoa e inadmissível . Isto tem que acabar no Brasil , no futebol ,na política em qualquer lugar .', 'authorDisplayName': 'Rcesar53', 'authorProfileImageUrl': 'https://yt3.ggpht.com/ytc/AGIKgqPOth0aAwZGtoPbqTiCEo9EGOoJWwuk78VS0IWuWA=s48-c-k-c0x00ffffff-no-rj', 'authorChannelUrl': 'http://www.youtube.com/channel/UCPMSAfOsskvAXjsXGQwylSA', 'authorChannelId': {'value': 'UCPMSAfOsskvAXjsXGQwylSA'}, 'canRate': True, 'viewerRating': 'none', 'likeCount': 0, 'publishedAt': '2022-10-23T22:30:39Z', 'updatedAt': '2022-10-23T22:30:39Z'}}, 'canReply': True, 'totalReplyCount': 0, 'isPublic': True}",,UCPMSAfOsskvAXjsXGQwylSA,2022-10-23T22:30:39Z,"Eu não apoio violência de qualquer tipo . Discordância e uma coisa , agressão a uma pessoa e inadmissível . Isto tem que acabar no Brasil , no futebol ,na política em qualquer lugar .",QURTSl9pMFR1ODVNWkY3cnU0TnNWcGxDOVY2aHF2T3ZjWjBGd0VWVENNd3NsTEJjYV9QbkxDaldWN2lJYzF5M0RwQkJpLUNRZGhCa2VJZw==,2023-06-08 14:52:44.649370
youtube#commentThread,Wd5inrSMEfhT3IqhSBTMbfiRzbo,UgxH5i_uHpLoaCGuFVd4AaABAg,"{'videoId': 'zEfTDpfyt1o', 'topLevelComment': {'kind': 'youtube#comment', 'etag': 'nIe921A5GJi3IrOMeqLS8y_KNWU', 'id': 'UgxH5i_uHpLoaCGuFVd4AaABAg', 'snippet': {'videoId': 'zEfTDpfyt1o', 'textDisplay': 'Policiais federais não estudam direito ? Estão agindo por ordens inconstitucionais', 'textOriginal': 'Policiais federais não estudam direito ? Estão agindo por ordens inconstitucionais', 'authorDisplayName': 'Billy sincero', 'authorProfileImageUrl': 'https://yt3.ggpht.com/ytc/AGIKgqPJvjb1o_gVuZUMME40LtzKMd9_9V2fucmKRZNM=s48-c-k-c0x00ffffff-no-rj', 'authorChannelUrl': 'http://www.youtube.com/channel/UCSAsXII5ctdpMe0rkSpTsyw', 'authorChannelId': {'value': 'UCSAsXII5ctdpMe0rkSpTsyw'}, 'canRate': True, 'viewerRating': 'none', 'likeCount': 3, 'publishedAt': '2022-10-23T22:30:38Z', 'updatedAt': '2022-10-23T22:30:38Z'}}, 'canReply': True, 'totalReplyCount': 2, 'isPublic': True}","{'comments': [{'kind': 'youtube#comment', 'etag': 'E5nMG3SQO__urMU33TlrA4MFQgY', 'id': 'UgxH5i_uHpLoaCGuFVd4AaABAg.9hYB7goy3Qb9hZRtf5nrWl', 'snippet': {'videoId': 'zEfTDpfyt1o', 'textDisplay': '@Tiburcio Nascimento tô ligado', 'textOriginal': '@Tiburcio Nascimento tô ligado', 'parentId': 'UgxH5i_uHpLoaCGuFVd4AaABAg', 'authorDisplayName': 'Billy sincero', 'authorProfileImageUrl': 'https://yt3.ggpht.com/ytc/AGIKgqPJvjb1o_gVuZUMME40LtzKMd9_9V2fucmKRZNM=s48-c-k-c0x00ffffff-no-rj', 'authorChannelUrl': 'http://www.youtube.com/channel/UCSAsXII5ctdpMe0rkSpTsyw', 'authorChannelId': {'value': 'UCSAsXII5ctdpMe0rkSpTsyw'}, 'canRate': True, 'viewerRating': 'none', 'likeCount': 0, 'publishedAt': '2022-10-24T10:16:23Z', 'updatedAt': '2022-10-24T10:16:23Z'}}, {'kind': 'youtube#comment', 'etag': 'BdX3_OGvp-zY4Fi2oFAIyQNM9Ks', 'id': 'UgxH5i_uHpLoaCGuFVd4AaABAg.9hYB7goy3Qb9hYXU_OOsfi', 'snippet': {'videoId': 'zEfTDpfyt1o', 'textDisplay': 'Não, era só um bico para domingo ao meio dia com o fardamento para fazer grau...', 'textOriginal': 'Não, era só um bico para domingo ao meio dia com o fardamento para fazer grau...', 'parentId': 'UgxH5i_uHpLoaCGuFVd4AaABAg', 'authorDisplayName': 'Tiburcio Nascimento', 'authorProfileImageUrl': 'https://yt3.ggpht.com/ytc/AGIKgqPYJ16XbloZp1nRif2q9UiINjE9b3aLcJFllVpYZmGF8L32gAvFuJ_fm0H5T6oa=s48-c-k-c0x00ffffff-no-rj', 'authorChannelUrl': 'http://www.youtube.com/channel/UCOpVT2WBtvOTmNgRgNreY3Q', 'authorChannelId': {'value': 'UCOpVT2WBtvOTmNgRgNreY3Q'}, 'canRate': True, 'viewerRating': 'none', 'likeCount': 0, 'publishedAt': '2022-10-24T01:46:00Z', 'updatedAt': '2022-10-24T01:46:00Z'}}]}",UCSAsXII5ctdpMe0rkSpTsyw,2022-10-23T22:30:38Z,Policiais federais não estudam direito ? Estão agindo por ordens inconstitucionais,QURTSl9pMFR1ODVNWkY3cnU0TnNWcGxDOVY2aHF2T3ZjWjBGd0VWVENNd3NsTEJjYV9QbkxDaldWN2lJYzF5M0RwQkJpLUNRZGhCa2VJZw==,2023-06-08 14:52:44.649370
youtube#commentThread,VnJdJ6OWWNgOW6bwPRFQJeSIK2s,UgwpzFDpUhghh_QmU2t4AaABAg,"{'videoId': 'zEfTDpfyt1o', 'topLevelComment': {'kind': 'youtube#comment', 'etag': 'VWN3oSv_El3rLfdCqATLM87TQR8', 'id': 'UgwpzFDpUhghh_QmU2t4AaABAg', 'snippet': {'videoId': 'zEfTDpfyt1o', 'textDisplay': 'So tem mudança se tiver guerra! A história ta ai pra provar, o resto e bla bla bla todos contra o pt!!', 'textOriginal': 'So tem mudança se tiver guerra! A história ta ai pra provar, o resto e bla bla bla todos contra o pt!!', 'authorDisplayName': 'cleber guimaraes', 'authorProfileImageUrl': 'https://yt3.ggpht.com/ytc/AGIKgqOvApx5VGVrXNy27j77c4Oor5TgChLVZbA7Rw=s48-c-k-c0x00ffffff-no-rj', 'authorChannelUrl': 'http://www.youtube.com/channel/UC20GQiztI7Wh2maJRewswhQ', 'authorChannelId': {'value': 'UC20GQiztI7Wh2maJRewswhQ'}, 'canRate': True, 'viewerRating': 'none', 'likeCount': 0, 'publishedAt': '2022-10-23T22:30:38Z', 'updatedAt': '2022-10-23T22:31:10Z'}}, 'canReply': True, 'totalReplyCount': 0, 'isPublic': True}",,UC20GQiztI7Wh2maJRewswhQ,2022-10-23T22:30:38Z,"So tem mudança se tiver guerra! A história ta ai pra provar, o resto e bla bla bla todos contra o pt!!",QURTSl9pMFR1ODVNWkY3cnU0TnNWcGxDOVY2aHF2T3ZjWjBGd0VWVENNd3NsTEJjYV9QbkxDaldWN2lJYzF5M0RwQkJpLUNRZGhCa2VJZw==,2023-06-08 14:52:44.649370
youtube#commentThread,9biwKZI16najGCl1xTuPccw6igw,Ugzf7vQ1dF64u0_2qzt4AaABAg,"{'videoId': 'zEfTDpfyt1o', 'topLevelComment': {'kind': 'youtube#comment', 'etag': 'rLt8jhXwY7h_78Mps4C5HVFpJsE', 'id': 'Ugzf7vQ1dF64u0_2qzt4AaABAg', 'snippet': {'videoId': 'zEfTDpfyt1o', 'textDisplay': 'Põem na conta do Alexandre de Moraes e Carmen Lucia', 'textOriginal': 'Põem na conta do Alexandre de Moraes e Carmen Lucia', 'authorDisplayName': 'ADÃO RIBEIRO', 'authorProfileImageUrl': 'https://yt3.ggpht.com/cUsBSJ6ZyIJ_HBGIXJREr2nOc5NuMLa_4aCivDC0DKauadEdHNqMNHYjCeHd6YrbQ-BvNJ5jBQ=s48-c-k-c0x00ffffff-no-rj', 'authorChannelUrl': 'http://www.youtube.com/channel/UCDAOEM595T8QF9uzMh2OJjA', 'authorChannelId': {'value': 'UCDAOEM595T8QF9uzMh2OJjA'}, 'canRate': True, 'viewerRating': 'none', 'likeCount': 0, 'publishedAt': '2022-10-23T22:30:33Z', 'updatedAt': '2022-10-23T22:30:33Z'}}, 'canReply': True, 'totalReplyCount': 0, 'isPublic': True}",,UCDAOEM595T8QF9uzMh2OJjA,2022-10-23T22:30:33Z,Põem na conta do Alexandre de Moraes e Carmen Lucia,QURTSl9pMFR1ODVNWkY3cnU0TnNWcGxDOVY2aHF2T3ZjWjBGd0VWVENNd3NsTEJjYV9QbkxDaldWN2lJYzF5M0RwQkJpLUNRZGhCa2VJZw==,2023-06-08 14:52:44.649370
youtube#commentThread,7P2JqKLmAKHLnx2A7ajImRZza-k,Ugx5P1oQerKgrr9GcVp4AaABAg,"{'videoId': 'zEfTDpfyt1o', 'topLevelComment': {'kind': 'youtube#comment', 'etag': 'diCLPX7Ffz6FCVAIOUI7HkqUdhY', 'id': 'Ugx5P1oQerKgrr9GcVp4AaABAg', 'snippet': {'videoId': 'zEfTDpfyt1o', 'textDisplay': 'O terrorista aliado do governo, tentou matar os policiais, e os outros discípulos do terror agridem os periodistas. Bom futuro para o Brasil.', 'textOriginal': 'O terrorista aliado do governo, tentou matar os policiais, e os outros discípulos do terror agridem os periodistas. Bom futuro para o Brasil.', 'authorDisplayName': 'Mario', 'authorProfileImageUrl': 'https://yt3.ggpht.com/ytc/AGIKgqMpxLzzfATTe3a3hh6fisrJ3B1qrUWdiIL7TEcgrg=s48-c-k-c0x00ffffff-no-rj', 'authorChannelUrl': 'http://www.youtube.com/channel/UCV7nP56rHtOla9KGEvMTbgg', 'authorChannelId': {'value': 'UCV7nP56rHtOla9KGEvMTbgg'}, 'canRate': True, 'viewerRating': 'none', 'likeCount': 0, 'publishedAt': '2022-10-23T22:30:32Z', 'updatedAt': '2022-10-23T22:30:32Z'}}, 'canReply': True, 'totalReplyCount': 0, 'isPublic': True}",,UCV7nP56rHtOla9KGEvMTbgg,2022-10-23T22:30:32Z,"O terrorista aliado do governo, tentou matar os policiais, e os outros discípulos do terror agridem os periodistas. Bom futuro para o Brasil.",QURTSl9pMFR1ODVNWkY3cnU0TnNWcGxDOVY2aHF2T3ZjWjBGd0VWVENNd3NsTEJjYV9QbkxDaldWN2lJYzF5M0RwQkJpLUNRZGhCa2VJZw==,2023-06-08 14:52:44.649370
youtube#commentThread,Z8Y5NcZQuhYWctt7x_PWw98grqw,UgwD6gHApgB6Bsy17AB4AaABAg,"{'videoId': 'zEfTDpfyt1o', 'topLevelComment': {'kind': 'youtube#comment', 'etag': 'f1oajLm8LYE9PlO8F5j0obfbnwQ', 'id': 'UgwD6gHApgB6Bsy17AB4AaABAg', 'snippet': {'videoId': 'zEfTDpfyt1o', 'textDisplay': 'A melhor forma de agredir uma emissora não é bater no repórter mas sim deixar de assistir a emissora .', 'textOriginal': 'A melhor forma de agredir uma emissora não é bater no repórter mas sim deixar de assistir a emissora .', 'authorDisplayName': 'Jerson Claudio', 'authorProfileImageUrl': 'https://yt3.ggpht.com/ytc/AGIKgqNh5kIbF7PiJvaCHrodvKS9mfYJTXNY7Bzpf--6=s48-c-k-c0x00ffffff-no-rj', 'authorChannelUrl': 'http://www.youtube.com/channel/UC1ei5sktmYdMkzTSGRsOdZA', 'authorChannelId': {'value': 'UC1ei5sktmYdMkzTSGRsOdZA'}, 'canRate': True, 'viewerRating': 'none', 'likeCount': 350, 'publishedAt': '2022-10-23T22:30:25Z', 'updatedAt': '2022-10-23T22:30:25Z'}}, 'canReply': True, 'totalReplyCount': 19, 'isPublic': True}","{'comments': [{'kind': 'youtube#comment', 'etag': 'WVJhSr9Ys2as7ZCbw_QOq--Bm-c', 'id': 'UgwD6gHApgB6Bsy17AB4AaABAg.9hYB62hWPcb9hZeQrt-lPN', 'snippet': {'videoId': 'zEfTDpfyt1o', 'textDisplay': 'Meu Deus que gado irracional 🤦', 'textOriginal': 'Meu Deus que gado irracional 🤦', 'parentId': 'UgwD6gHApgB6Bsy17AB4AaABAg', 'authorDisplayName': 'Jonas', 'authorProfileImageUrl': 'https://yt3.ggpht.com/TKMiCFPpHMMVaPEQox_gMut_JuMgihSaZHnP2GZzQQirWqVOyGw7R0SUOB20JagjxPDteiJ9ZPc=s48-c-k-c0x00ffffff-no-rj', 'authorChannelUrl': 'http://www.youtube.com/channel/UCcaQkrzTPk6CAWASS8anACg', 'authorChannelId': {'value': 'UCcaQkrzTPk6CAWASS8anACg'}, 'canRate': True, 'viewerRating': 'none', 'likeCount': 1, 'publishedAt': '2022-10-24T12:14:39Z', 'updatedAt': '2022-10-24T12:14:39Z'}}, {'kind': 'youtube#comment', 'etag': 'BAgYRTOFTrjdultuFQGl5hCN3nw', 'id': 'UgwD6gHApgB6Bsy17AB4AaABAg.9hYB62hWPcb9hZGZP4PBtL', 'snippet': {'videoId': 'zEfTDpfyt1o', 'textDisplay': 'O stf é culpado por isso.', 'textOriginal': 'O stf é culpado por isso.', 'parentId': 'UgwD6gHApgB6Bsy17AB4AaABAg', 'authorDisplayName': 'HERBERT BETMAN', 'authorProfileImageUrl': 'https://yt3.ggpht.com/ytc/AGIKgqPIQcN9ZavOZc9kjz8RZuhVnmm7RrkuqNUpG5oL=s48-c-k-c0x00ffffff-no-rj', 'authorChannelUrl': 'http://www.youtube.com/channel/UCelgmmWdEZ_XvoK1yA4aAkA', 'authorChannelId': {'value': 'UCelgmmWdEZ_XvoK1yA4aAkA'}, 'canRate': True, 'viewerRating': 'none', 'likeCount': 3, 'publishedAt': '2022-10-24T08:37:21Z', 'updatedAt': '2022-10-24T08:37:21Z'}}, {'kind': 'youtube#comment', 'etag': '8ZbJFlSIog1tKFCqUoOnqmJIAlw', 'id': 'UgwD6gHApgB6Bsy17AB4AaABAg.9hYB62hWPcb9hZGVdHU1hI', 'snippet': {'videoId': 'zEfTDpfyt1o', 'textDisplay': 'Mas a ideia da globo stf. E isso mesmo colocar uns contra outros. Eles querem o caos.', 'textOriginal': 'Mas a ideia da globo stf. E isso mesmo colocar uns contra outros. Eles querem o caos.', 'parentId': 'UgwD6gHApgB6Bsy17AB4AaABAg', 'authorDisplayName': 'HERBERT BETMAN', 'authorProfileImageUrl': 'https://yt3.ggpht.com/ytc/AGIKgqPIQcN9ZavOZc9kjz8RZuhVnmm7RrkuqNUpG5oL=s48-c-k-c0x00ffffff-no-rj', 'authorChannelUrl': 'http://www.youtube.com/channel/UCelgmmWdEZ_XvoK1yA4aAkA', 'authorChannelId': {'value': 'UCelgmmWdEZ_XvoK1yA4aAkA'}, 'canRate': True, 'viewerRating': 'none', 'likeCount': 0, 'publishedAt': '2022-10-24T08:36:50Z', 'updatedAt': '2022-10-24T08:36:50Z'}}, {'kind': 'youtube#comment', 'etag': '2TvMXM9mrlsWmMQfSJPp7uGbIME', 'id': 'UgwD6gHApgB6Bsy17AB4AaABAg.9hYB62hWPcb9hZBnaxhm4v', 'snippet': {'videoId': 'zEfTDpfyt1o', 'textDisplay': 'Diferente dos esquerdistas comunistas extremistas do gabinete do ódio para com o Presidente da República e seus apoiadores, não concordamos com violência gratuita. E o melhor meio de mostrar indignação é não assistir a Globo Anti Pratriota. É Jair no 22 ou Já Era a ORDEM W PROGRESSO NO BRASIL. 🙏🇧🇷🙏🇧🇷🙏', 'textOriginal': 'Diferente dos esquerdistas comunistas extremistas do gabinete do ódio para com o Presidente da República e seus apoiadores, não concordamos com violência gratuita. E o melhor meio de mostrar indignação é não assistir a Globo Anti Pratriota. É Jair no 22 ou Já Era a ORDEM W PROGRESSO NO BRASIL. 🙏🇧🇷🙏🇧🇷🙏', 'parentId': 'UgwD6gHApgB6Bsy17AB4AaABAg', 'authorDisplayName': 'Jandilma Vasconcelos Porto de Lucena', 'authorProfileImageUrl': 'https://yt3.ggpht.com/ytc/AGIKgqOPBO4p__58dEeSgODdLPWiv6_LZpYq5FYoFVtKUg=s48-c-k-c0x00ffffff-no-rj', 'authorChannelUrl': 'http://www.youtube.com/channel/UCOlPOLJEUOMNzphTzV_D3mA', 'authorChannelId': {'value': 'UCOlPOLJEUOMNzphTzV_D3mA'}, 'canRate': True, 'viewerRating': 'none', 'likeCount': 1, 'publishedAt': '2022-10-24T07:55:44Z', 'updatedAt': '2022-10-24T07:55:44Z'}}, {'kind': 'youtube#comment', 'etag': '66VqCO58UTrEA2Auvettq11sk0A', 'id': 'UgwD6gHApgB6Bsy17AB4AaABAg.9hYB62hWPcb9hYurtoRi3T', 'snippet': {'videoId': 'zEfTDpfyt1o', 'textDisplay': 'Esqueceram o  que  fizeram com o povo na rua transmitindo  mentiras. Sou  contra  violência  de qq  tipo..', 'textOriginal': 'Esqueceram o  que  fizeram com o povo na rua transmitindo  mentiras. Sou  contra  violência  de qq  tipo..', 'parentId': 'UgwD6gHApgB6Bsy17AB4AaABAg', 'authorDisplayName': 'Maria Regina Landmayer', 'authorProfileImageUrl': 'https://yt3.ggpht.com/ytc/AGIKgqNzY1XW_jsvmVCZmid7F1vSXt6xpvLif94m=s48-c-k-c0x00ffffff-no-rj', 'authorChannelUrl': 'http://www.youtube.com/channel/UCj-66LXX0_rXwte9P12ga4Q', 'authorChannelId': {'value': 'UCj-66LXX0_rXwte9P12ga4Q'}, 'canRate': True, 'viewerRating': 'none', 'likeCount': 0, 'publishedAt': '2022-10-24T05:19:02Z', 'updatedAt': '2022-10-24T05:19:02Z'}}]}",UC1ei5sktmYdMkzTSGRsOdZA,2022-10-23T22:30:25Z,A melhor forma de agredir uma emissora não é bater no repórter mas sim deixar de assistir a emissora .,QURTSl9pMFR1ODVNWkY3cnU0TnNWcGxDOVY2aHF2T3ZjWjBGd0VWVENNd3NsTEJjYV9QbkxDaldWN2lJYzF5M0RwQkJpLUNRZGhCa2VJZw==,2023-06-08 14:52:44.649370
youtube#commentThread,1p7bOuyJEmVLn4NQ4LLlikTzT8Y,Ugx7ffWGAhZJVpOlJeV4AaABAg,"{'videoId': 'zEfTDpfyt1o', 'topLevelComment': {'kind': 'youtube#comment', 'etag': 'EynJQEee0udInhGLUX3CzJt85jk', 'id': 'Ugx7ffWGAhZJVpOlJeV4AaABAg', 'snippet': {'videoId': 'zEfTDpfyt1o', 'textDisplay': 'Kkkkkkk é lindo ver os gangsters do Bozo se ferrando. Só falta o resto da familia de salafrários pagarem por seus crimes. Assim que cair o sigilo. A verdade prevalecerá.', 'textOriginal': 'Kkkkkkk é lindo ver os gangsters do Bozo se ferrando. Só falta o resto da familia de salafrários pagarem por seus crimes. Assim que cair o sigilo. A verdade prevalecerá.', 'authorDisplayName': 'Byoo Byoo', 'authorProfileImageUrl': 'https://yt3.ggpht.com/ytc/AGIKgqOmv61qZpKLIMM8lN1xUU4249kXo2NeCsmbfXM_=s48-c-k-c0x00ffffff-no-rj', 'authorChannelUrl': 'http://www.youtube.com/channel/UCuQlOkBcQuo571LeY1UHkwg', 'authorChannelId': {'value': 'UCuQlOkBcQuo571LeY1UHkwg'}, 'canRate': True, 'viewerRating': 'none', 'likeCount': 0, 'publishedAt': '2022-10-23T22:30:22Z', 'updatedAt': '2022-10-23T22:30:22Z'}}, 'canReply': True, 'totalReplyCount': 0, 'isPublic': True}",,UCuQlOkBcQuo571LeY1UHkwg,2022-10-23T22:30:22Z,Kkkkkkk é lindo ver os gangsters do Bozo se ferrando. Só falta o resto da familia de salafrários pagarem por seus crimes. Assim que cair o sigilo. A verdade prevalecerá.,QURTSl9pMFR1ODVNWkY3cnU0TnNWcGxDOVY2aHF2T3ZjWjBGd0VWVENNd3NsTEJjYV9QbkxDaldWN2lJYzF5M0RwQkJpLUNRZGhCa2VJZw==,2023-06-08 14:52:44.649370
youtube#commentThread,ZtfIxuaZ3Ym_oVYeU9y4vDlSurg,UgyJD1Kfb-0-_lQMW5N4AaABAg,"{'videoId': 'zEfTDpfyt1o', 'topLevelComment': {'kind': 'youtube#comment', 'etag': '-aTekrv-w7S9MumyVAeeHoaaYxI', 'id': 'UgyJD1Kfb-0-_lQMW5N4AaABAg', 'snippet': {'videoId': 'zEfTDpfyt1o', 'textDisplay': 'a fumaça ainda vai aumentar culpa desse STF MALDITO.....', 'textOriginal': 'a fumaça ainda vai aumentar culpa desse STF MALDITO.....', 'authorDisplayName': 'ROSIVANLOBO PA', 'authorProfileImageUrl': 'https://yt3.ggpht.com/VQ0ia5Zlj-9yV3LJAllnjhCRraMrBLsII75IyP9SyGW1H7O9gPuJpOEeEaBEPlCL-WR35Ru3gw=s48-c-k-c0x00ffffff-no-rj', 'authorChannelUrl': 'http://www.youtube.com/channel/UCpG7Je4cqVBr5Vg--ngePEg', 'authorChannelId': {'value': 'UCpG7Je4cqVBr5Vg--ngePEg'}, 'canRate': True, 'viewerRating': 'none', 'likeCount': 0, 'publishedAt': '2022-10-23T22:30:22Z', 'updatedAt': '2022-10-23T22:30:22Z'}}, 'canReply': True, 'totalReplyCount': 0, 'isPublic': True}",,UCpG7Je4cqVBr5Vg--ngePEg,2022-10-23T22:30:22Z,a fumaça ainda vai aumentar culpa desse STF MALDITO.....,QURTSl9pMFR1ODVNWkY3cnU0TnNWcGxDOVY2aHF2T3ZjWjBGd0VWVENNd3NsTEJjYV9QbkxDaldWN2lJYzF5M0RwQkJpLUNRZGhCa2VJZw==,2023-06-08 14:52:44.649370
youtube#commentThread,Z6sD-z9h57VNRjS7rOv5GV65kh0,UgyHawwLc-4APKQLK1t4AaABAg,"{'videoId': 'zEfTDpfyt1o', 'topLevelComment': {'kind': 'youtube#comment', 'etag': 'Gpss3dMPZ6LusbwoRTRuPQe1nIw', 'id': 'UgyHawwLc-4APKQLK1t4AaABAg', 'snippet': {'videoId': 'zEfTDpfyt1o', 'textDisplay': 'O povo não pode ficar revoltado...vão tomá no ....', 'textOriginal': 'O povo não pode ficar revoltado...vão tomá no ....', 'authorDisplayName': 'Escuta Só', 'authorProfileImageUrl': 'https://yt3.ggpht.com/ytc/AGIKgqNv1aRCE7PH9uuMBr6ju9JIESTadF5tzDkywY8_=s48-c-k-c0x00ffffff-no-rj', 'authorChannelUrl': 'http://www.youtube.com/channel/UCdwA9oDK6PXmVzs0XwHpgQA', 'authorChannelId': {'value': 'UCdwA9oDK6PXmVzs0XwHpgQA'}, 'canRate': True, 'viewerRating': 'none', 'likeCount': 0, 'publishedAt': '2022-10-23T22:30:19Z', 'updatedAt': '2022-10-23T22:30:19Z'}}, 'canReply': True, 'totalReplyCount': 0, 'isPublic': True}",,UCdwA9oDK6PXmVzs0XwHpgQA,2022-10-23T22:30:19Z,O povo não pode ficar revoltado...vão tomá no ....,QURTSl9pMFR1ODVNWkY3cnU0TnNWcGxDOVY2aHF2T3ZjWjBGd0VWVENNd3NsTEJjYV9QbkxDaldWN2lJYzF5M0RwQkJpLUNRZGhCa2VJZw==,2023-06-08 14:52:44.649370
youtube#commentThread,-FAyaiceWW8PtsDU8u4J8RNkBDY,UgzokeE72IxSDd8tvOt4AaABAg,"{'videoId': 'zEfTDpfyt1o', 'topLevelComment': {'kind': 'youtube#comment', 'etag': '_YVPqAyieFTVsKuKQB7UJzYJccQ', 'id': 'UgzokeE72IxSDd8tvOt4AaABAg', 'snippet': {'videoId': 'zEfTDpfyt1o', 'textDisplay': 'Não eram apoiadores do BobJeff... ERAM APOIADORES DO JAIR MESSIAS BOLSONARO!!!!!!', 'textOriginal': 'Não eram apoiadores do BobJeff... ERAM APOIADORES DO JAIR MESSIAS BOLSONARO!!!!!!', 'authorDisplayName': 'Fernando Alves', 'authorProfileImageUrl': 'https://yt3.ggpht.com/ytc/AGIKgqPMxXuUSVOZXkik4aTDAWPkMER98uijFJGIIw=s48-c-k-c0x00ffffff-no-rj', 'authorChannelUrl': 'http://www.youtube.com/channel/UCAJy65bqVik-EdvwT0p89Hg', 'authorChannelId': {'value': 'UCAJy65bqVik-EdvwT0p89Hg'}, 'canRate': True, 'viewerRating': 'none', 'likeCount': 0, 'publishedAt': '2022-10-23T22:30:10Z', 'updatedAt': '2022-10-23T22:30:10Z'}}, 'canReply': True, 'totalReplyCount': 0, 'isPublic': True}",,UCAJy65bqVik-EdvwT0p89Hg,2022-10-23T22:30:10Z,Não eram apoiadores do BobJeff... ERAM APOIADORES DO JAIR MESSIAS BOLSONARO!!!!!!,QURTSl9pMFR1ODVNWkY3cnU0TnNWcGxDOVY2aHF2T3ZjWjBGd0VWVENNd3NsTEJjYV9QbkxDaldWN2lJYzF5M0RwQkJpLUNRZGhCa2VJZw==,2023-06-08 14:52:44.649370
youtube#commentThread,8fesIgoQoIDFBDYE_asqF_OLlao,UgwRKKhSv4TOyJEG8eN4AaABAg,"{'videoId': 'zEfTDpfyt1o', 'topLevelComment': {'kind': 'youtube#comment', 'etag': 'YYpfivWjnJ9Zftpe38hOD5EsmbY', 'id': 'UgwRKKhSv4TOyJEG8eN4AaABAg', 'snippet': {'videoId': 'zEfTDpfyt1o', 'textDisplay': 'Quem destrói o Brasil não é a globo , más , quem se sintoniza nessa lixeira.', 'textOriginal': 'Quem destrói o Brasil não é a globo , más , quem se sintoniza nessa lixeira.', 'authorDisplayName': 'Robisom Moreira', 'authorProfileImageUrl': 'https://yt3.ggpht.com/ytc/AGIKgqOiXfG-R0I-em_7-rXz017RK-ayfHx5ErXRlY4TiFcaYpBLnGhNN9gh_EZo11Wc=s48-c-k-c0x00ffffff-no-rj', 'authorChannelUrl': 'http://www.youtube.com/channel/UCSJXgPgiX629gZYeVJPt3SQ', 'authorChannelId': {'value': 'UCSJXgPgiX629gZYeVJPt3SQ'}, 'canRate': True, 'viewerRating': 'none', 'likeCount': 0, 'publishedAt': '2022-10-23T22:30:09Z', 'updatedAt': '2022-10-23T22:30:09Z'}}, 'canReply': True, 'totalReplyCount': 0, 'isPublic': True}",,UCSJXgPgiX629gZYeVJPt3SQ,2022-10-23T22:30:09Z,"Quem destrói o Brasil não é a globo , más , quem se sintoniza nessa lixeira.",QURTSl9pMFR1ODVNWkY3cnU0TnNWcGxDOVY2aHF2T3ZjWjBGd0VWVENNd3NsTEJjYV9QbkxDaldWN2lJYzF5M0RwQkJpLUNRZGhCa2VJZw==,2023-06-08 14:52:44.649370
youtube#commentThread,bpV_LxyZMMiRhNYoFqU17Fpg-4I,UgzassdjFJpqs0A4sRd4AaABAg,"{'videoId': 'zEfTDpfyt1o', 'topLevelComment': {'kind': 'youtube#comment', 'etag': 'vO7BlYMZtvW53CbyZsqmQdYM-kA', 'id': 'UgzassdjFJpqs0A4sRd4AaABAg', 'snippet': {'videoId': 'zEfTDpfyt1o', 'textDisplay': 'Essa é a verdade', 'textOriginal': 'Essa é a verdade', 'authorDisplayName': 'ADÃO RIBEIRO', 'authorProfileImageUrl': 'https://yt3.ggpht.com/cUsBSJ6ZyIJ_HBGIXJREr2nOc5NuMLa_4aCivDC0DKauadEdHNqMNHYjCeHd6YrbQ-BvNJ5jBQ=s48-c-k-c0x00ffffff-no-rj', 'authorChannelUrl': 'http://www.youtube.com/channel/UCDAOEM595T8QF9uzMh2OJjA', 'authorChannelId': {'value': 'UCDAOEM595T8QF9uzMh2OJjA'}, 'canRate': True, 'viewerRating': 'none', 'likeCount': 0, 'publishedAt': '2022-10-23T22:30:09Z', 'updatedAt': '2022-10-23T22:30:09Z'}}, 'canReply': True, 'totalReplyCount': 0, 'isPublic': True}",,UCDAOEM595T8QF9uzMh2OJjA,2022-10-23T22:30:09Z,Essa é a verdade,QURTSl9pMFR1ODVNWkY3cnU0TnNWcGxDOVY2aHF2T3ZjWjBGd0VWVENNd3NsTEJjYV9QbkxDaldWN2lJYzF5M0RwQkJpLUNRZGhCa2VJZw==,2023-06-08 14:52:44.649370
youtube#commentThread,9BlrKZ_hHbTd-ucYbthYmTSc0iI,UgzWlnVXtwu-2u4Agn14AaABAg,"{'videoId': 'zEfTDpfyt1o', 'topLevelComment': {'kind': 'youtube#comment', 'etag': 'G7JB8LeWGe6LGV6i5KXaM6cluvs', 'id': 'UgzWlnVXtwu-2u4Agn14AaABAg', 'snippet': {'videoId': 'zEfTDpfyt1o', 'textDisplay': 'Ordens ilicitas  não se cumprem ,como foi esbelecido pelo Tribunal de Nuremberg!', 'textOriginal': 'Ordens ilicitas  não se cumprem ,como foi esbelecido pelo Tribunal de Nuremberg!', 'authorDisplayName': 'Família Gasparini Lage', 'authorProfileImageUrl': 'https://yt3.ggpht.com/ytc/AGIKgqO_Ccgp7HqW97pCfcGI4aey8yfMoxPYZfeEYA=s48-c-k-c0x00ffffff-no-rj', 'authorChannelUrl': 'http://www.youtube.com/channel/UCmTM8Yau7WMUcd_yartdAuQ', 'authorChannelId': {'value': 'UCmTM8Yau7WMUcd_yartdAuQ'}, 'canRate': True, 'viewerRating': 'none', 'likeCount': 12, 'publishedAt': '2022-10-23T22:30:08Z', 'updatedAt': '2022-10-23T22:30:08Z'}}, 'canReply': True, 'totalReplyCount': 1, 'isPublic': True}","{'comments': [{'kind': 'youtube#comment', 'etag': 'uWuHEBEKciq5-Qbqtsc8dUGMq84', 'id': 'UgzWlnVXtwu-2u4Agn14AaABAg.9hYB41SzQwA9hYOlYwO6QX', 'snippet': {'videoId': 'zEfTDpfyt1o', 'textDisplay': 'Desobediência Civil é um direito e um dever...Na marra, não...O pau vai comer...', 'textOriginal': 'Desobediência Civil é um direito e um dever...Na marra, não...O pau vai comer...', 'parentId': 'UgzWlnVXtwu-2u4Agn14AaABAg', 'authorDisplayName': 'Tiburcio Nascimento', 'authorProfileImageUrl': 'https://yt3.ggpht.com/ytc/AGIKgqPYJ16XbloZp1nRif2q9UiINjE9b3aLcJFllVpYZmGF8L32gAvFuJ_fm0H5T6oa=s48-c-k-c0x00ffffff-no-rj', 'authorChannelUrl': 'http://www.youtube.com/channel/UCOpVT2WBtvOTmNgRgNreY3Q', 'authorChannelId': {'value': 'UCOpVT2WBtvOTmNgRgNreY3Q'}, 'canRate': True, 'viewerRating': 'none', 'likeCount': 0, 'publishedAt': '2022-10-24T00:29:49Z', 'updatedAt': '2022-10-24T00:29:49Z'}}]}",UCmTM8Yau7WMUcd_yartdAuQ,2022-10-23T22:30:08Z,"Ordens ilicitas  não se cumprem ,como foi esbelecido pelo Tribunal de Nuremberg!",QURTSl9pMFR1ODVNWkY3cnU0TnNWcGxDOVY2aHF2T3ZjWjBGd0VWVENNd3NsTEJjYV9QbkxDaldWN2lJYzF5M0RwQkJpLUNRZGhCa2VJZw==,2023-06-08 14:52:44.649370
youtube#commentThread,Yfkax24vqVRR-UH6iG5qTdNOaAc,UgzHTEcKh4ZoJOikRVV4AaABAg,"{'videoId': 'zEfTDpfyt1o', 'topLevelComment': {'kind': 'youtube#comment', 'etag': '0ahGQ-FPjIB6sfykyXxK3dKZ_vc', 'id': 'UgzHTEcKh4ZoJOikRVV4AaABAg', 'snippet': {'videoId': 'zEfTDpfyt1o', 'textDisplay': 'CALA boca pioto', 'textOriginal': 'CALA boca pioto', 'authorDisplayName': 'Concursino', 'authorProfileImageUrl': 'https://yt3.ggpht.com/zu1byt6QDyw1pAiQrT_uNFSeCRmJrFEz9a6krZKzSECqxh4ugGZzkyfz_bbtR-ZFSn3jS_-lFg=s48-c-k-c0x00ffffff-no-rj', 'authorChannelUrl': 'http://www.youtube.com/channel/UCs6qd6dFg8X5znSwhorZaFw', 'authorChannelId': {'value': 'UCs6qd6dFg8X5znSwhorZaFw'}, 'canRate': True, 'viewerRating': 'none', 'likeCount': 0, 'publishedAt': '2022-10-23T22:30:06Z', 'updatedAt': '2022-10-23T22:30:06Z'}}, 'canReply': True, 'totalReplyCount': 0, 'isPublic': True}",,UCs6qd6dFg8X5znSwhorZaFw,2022-10-23T22:30:06Z,CALA boca pioto,QURTSl9pMFR1ODVNWkY3cnU0TnNWcGxDOVY2aHF2T3ZjWjBGd0VWVENNd3NsTEJjYV9QbkxDaldWN2lJYzF5M0RwQkJpLUNRZGhCa2VJZw==,2023-06-08 14:52:44.649370
youtube#commentThread,nYNAwLIMTk7JlSO5TAJCq-n9VSg,UgzTPy35c1fto3X3w2p4AaABAg,"{'videoId': 'zEfTDpfyt1o', 'topLevelComment': {'kind': 'youtube#comment', 'etag': 'lwQI-zCvcBbpR_28igFbGyHzygE', 'id': 'UgzTPy35c1fto3X3w2p4AaABAg', 'snippet': {'videoId': 'zEfTDpfyt1o', 'textDisplay': 'A B U T R E S  de  FATOS<br>Quando se &quot;trabalha&quot; pra uma organização criminosa, seu dolo é implícito.', 'textOriginal': 'A B U T R E S  de  FATOS\\nQuando se ""trabalha"" pra uma organização criminosa, seu dolo é implícito.', 'authorDisplayName': '• X i c c o   K a i r ó s', 'authorProfileImageUrl': 'https://yt3.ggpht.com/xRswnGSC4QY2lIIamVdL27rf6MqlckkFYMwjsn9wYtSdxFr6NT1QSQ-fsDw9k6-8pTHJ8LaPew=s48-c-k-c0x00ffffff-no-rj', 'authorChannelUrl': 'http://www.youtube.com/channel/UCihpchs4D_JnZ_LPOw6st2Q', 'authorChannelId': {'value': 'UCihpchs4D_JnZ_LPOw6st2Q'}, 'canRate': True, 'viewerRating': 'none', 'likeCount': 1, 'publishedAt': '2022-10-23T22:30:03Z', 'updatedAt': '2022-10-23T22:30:03Z'}}, 'canReply': True, 'totalReplyCount': 0, 'isPublic': True}",,UCihpchs4D_JnZ_LPOw6st2Q,2022-10-23T22:30:03Z,"A B U T R E S  de  FATOS
Quando se ""trabalha"" pra uma organização criminosa, seu dolo é implícito.",QURTSl9pMFR1ODVNWkY3cnU0TnNWcGxDOVY2aHF2T3ZjWjBGd0VWVENNd3NsTEJjYV9QbkxDaldWN2lJYzF5M0RwQkJpLUNRZGhCa2VJZw==,2023-06-08 14:52:44.649370
youtube#commentThread,KKxXC8wGaGeKLJrmhIr_DK11S2Y,UgxMHNRc0C1bOEOQYIp4AaABAg,"{'videoId': 'zEfTDpfyt1o', 'topLevelComment': {'kind': 'youtube#comment', 'etag': 'HleXdmzdrlJ2EScyQ7yfxbMGw8I', 'id': 'UgxMHNRc0C1bOEOQYIp4AaABAg', 'snippet': {'videoId': 'zEfTDpfyt1o', 'textDisplay': 'A jovem pan sai em defesa da Globo, mas a Globo nunca defende a jovem pan nessa censura absurda. Sou contra essa agressão ao cinegrafista ou jornalistas.', 'textOriginal': 'A jovem pan sai em defesa da Globo, mas a Globo nunca defende a jovem pan nessa censura absurda. Sou contra essa agressão ao cinegrafista ou jornalistas.', 'authorDisplayName': ""Eadwalt Brittu's"", 'authorProfileImageUrl': 'https://yt3.ggpht.com/FaAmNDHusI9qMccFgt1jYCHlq0AL0Fz3stANzVcMaeDCxhu6FSN3Mh28STiSGh7Q5IGJIk1v=s48-c-k-c0x00ffffff-no-rj', 'authorChannelUrl': 'http://www.youtube.com/channel/UCLoLFm3dMKsxBl_LhjeNc0Q', 'authorChannelId': {'value': 'UCLoLFm3dMKsxBl_LhjeNc0Q'}, 'canRate': True, 'viewerRating': 'none', 'likeCount': 3, 'publishedAt': '2022-10-23T22:30:01Z', 'updatedAt': '2022-10-23T22:30:01Z'}}, 'canReply': True, 'totalReplyCount': 0, 'isPublic': True}",,UCLoLFm3dMKsxBl_LhjeNc0Q,2022-10-23T22:30:01Z,"A jovem pan sai em defesa da Globo, mas a Globo nunca defende a jovem pan nessa censura absurda. Sou contra essa agressão ao cinegrafista ou jornalistas.",QURTSl9pMFR1ODVNWkY3cnU0TnNWcGxDOVY2aHF2T3ZjWjBGd0VWVENNd3NsTEJjYV9QbkxDaldWN2lJYzF5M0RwQkJpLUNRZGhCa2VJZw==,2023-06-08 14:52:44.649370
youtube#commentThread,VRQFFXoBwNXGsSuhMjxtKGbGKxc,UgwP6uK_FNoZtQKKrg54AaABAg,"{'videoId': 'zEfTDpfyt1o', 'topLevelComment': {'kind': 'youtube#comment', 'etag': 'GpuzFuF-WYy8QM-LTgIi4lClxck', 'id': 'UgwP6uK_FNoZtQKKrg54AaABAg', 'snippet': {'videoId': 'zEfTDpfyt1o', 'textDisplay': 'Culpa do Alexandre de Moraes', 'textOriginal': 'Culpa do Alexandre de Moraes', 'authorDisplayName': 'ADÃO RIBEIRO', 'authorProfileImageUrl': 'https://yt3.ggpht.com/cUsBSJ6ZyIJ_HBGIXJREr2nOc5NuMLa_4aCivDC0DKauadEdHNqMNHYjCeHd6YrbQ-BvNJ5jBQ=s48-c-k-c0x00ffffff-no-rj', 'authorChannelUrl': 'http://www.youtube.com/channel/UCDAOEM595T8QF9uzMh2OJjA', 'authorChannelId': {'value': 'UCDAOEM595T8QF9uzMh2OJjA'}, 'canRate': True, 'viewerRating': 'none', 'likeCount': 0, 'publishedAt': '2022-10-23T22:29:57Z', 'updatedAt': '2022-10-23T22:29:57Z'}}, 'canReply': True, 'totalReplyCount': 0, 'isPublic': True}",,UCDAOEM595T8QF9uzMh2OJjA,2022-10-23T22:29:57Z,Culpa do Alexandre de Moraes,QURTSl9pMFR1ODVNWkY3cnU0TnNWcGxDOVY2aHF2T3ZjWjBGd0VWVENNd3NsTEJjYV9QbkxDaldWN2lJYzF5M0RwQkJpLUNRZGhCa2VJZw==,2023-06-08 14:52:44.649370
youtube#commentThread,WIAog5bI-N2xlBCtAmWvbF0Z6bo,Ugy2d9Z-bfTWrsIRluV4AaABAg,"{'videoId': 'zEfTDpfyt1o', 'topLevelComment': {'kind': 'youtube#comment', 'etag': 'o8adIK6bVTMYCDrtubpx4qakFGY', 'id': 'Ugy2d9Z-bfTWrsIRluV4AaABAg', 'snippet': {'videoId': 'zEfTDpfyt1o', 'textDisplay': 'ENTENDO QUE A MIDIA É CORPORATIVA MAS NÃO DEFENDAM A GLOBO FOLHA UOL SE LIXOU PARA O CALA BOCA QUE O TOGADO IMPOS A JOVEM PAN.  ESQUERDA JA ESTA TOCANDO O CAOS NO BRASIL USANDO JUDICIARIO POLITIZADO E O ATO ILEGAL DO TOGADO E SUA POLICIA COMUNISTA CONTRA UM CIVIL PRESIDENTE DE HONRA DE UM PARTIDO COM CANCER TERMINAL COVARDIA TOTAL', 'textOriginal': 'ENTENDO QUE A MIDIA É CORPORATIVA MAS NÃO DEFENDAM A GLOBO FOLHA UOL SE LIXOU PARA O CALA BOCA QUE O TOGADO IMPOS A JOVEM PAN.  ESQUERDA JA ESTA TOCANDO O CAOS NO BRASIL USANDO JUDICIARIO POLITIZADO E O ATO ILEGAL DO TOGADO E SUA POLICIA COMUNISTA CONTRA UM CIVIL PRESIDENTE DE HONRA DE UM PARTIDO COM CANCER TERMINAL COVARDIA TOTAL', 'authorDisplayName': 'jose edson Lisboa', 'authorProfileImageUrl': 'https://yt3.ggpht.com/ytc/AGIKgqPcR8Y93osyRle_A6F3HoXe_Z1kGNxxKNgksal8=s48-c-k-c0x00ffffff-no-rj', 'authorChannelUrl': 'http://www.youtube.com/channel/UCqgETLzWsjiThUKA12CQ9eA', 'authorChannelId': {'value': 'UCqgETLzWsjiThUKA12CQ9eA'}, 'canRate': True, 'viewerRating': 'none', 'likeCount': 0, 'publishedAt': '2022-10-23T22:29:50Z', 'updatedAt': '2022-10-23T22:29:50Z'}}, 'canReply': True, 'totalReplyCount': 0, 'isPublic': True}",,UCqgETLzWsjiThUKA12CQ9eA,2022-10-23T22:29:50Z,ENTENDO QUE A MIDIA É CORPORATIVA MAS NÃO DEFENDAM A GLOBO FOLHA UOL SE LIXOU PARA O CALA BOCA QUE O TOGADO IMPOS A JOVEM PAN.  ESQUERDA JA ESTA TOCANDO O CAOS NO BRASIL USANDO JUDICIARIO POLITIZADO E O ATO ILEGAL DO TOGADO E SUA POLICIA COMUNISTA CONTRA UM CIVIL PRESIDENTE DE HONRA DE UM PARTIDO COM CANCER TERMINAL COVARDIA TOTAL,QURTSl9pMFR1ODVNWkY3cnU0TnNWcGxDOVY2aHF2T3ZjWjBGd0VWVENNd3NsTEJjYV9QbkxDaldWN2lJYzF5M0RwQkJpLUNRZGhCa2VJZw==,2023-06-08 14:52:44.649370
youtube#commentThread,Uf7MiiRaCwOfyfW5hT4xQpdCNq4,Ugx3Bs2vgh3eR_FB9SB4AaABAg,"{'videoId': 'zEfTDpfyt1o', 'topLevelComment': {'kind': 'youtube#comment', 'etag': 'pak6haev14Y7_LtBtEY2dVOGjGw', 'id': 'Ugx3Bs2vgh3eR_FB9SB4AaABAg', 'snippet': {'videoId': 'zEfTDpfyt1o', 'textDisplay': 'N verdade jornalistas da rede Globo são abutres sem moral porém não justifica tal agressão', 'textOriginal': 'N verdade jornalistas da rede Globo são abutres sem moral porém não justifica tal agressão', 'authorDisplayName': 'Silvio Gomes de Souza', 'authorProfileImageUrl': 'https://yt3.ggpht.com/iJyUK-YE_mZpak2rmcbM41XgUkxoUVtW1q0PGDVRr6TOiMqqCO9U_H6E5ss4h-TrH7eZ_S6QKg=s48-c-k-c0x00ffffff-no-rj', 'authorChannelUrl': 'http://www.youtube.com/channel/UCRlMy_GirPvm69mUxOg4gYw', 'authorChannelId': {'value': 'UCRlMy_GirPvm69mUxOg4gYw'}, 'canRate': True, 'viewerRating': 'none', 'likeCount': 0, 'publishedAt': '2022-10-23T22:29:49Z', 'updatedAt': '2022-10-23T22:29:49Z'}}, 'canReply': True, 'totalReplyCount': 0, 'isPublic': True}",,UCRlMy_GirPvm69mUxOg4gYw,2022-10-23T22:29:49Z,N verdade jornalistas da rede Globo são abutres sem moral porém não justifica tal agressão,QURTSl9pMFR1ODVNWkY3cnU0TnNWcGxDOVY2aHF2T3ZjWjBGd0VWVENNd3NsTEJjYV9QbkxDaldWN2lJYzF5M0RwQkJpLUNRZGhCa2VJZw==,2023-06-08 14:52:44.649370
youtube#commentThread,RTQtLKhirt_tqyW6jYy6FiF_ErM,Ugzil_hcr6rLKMKVMll4AaABAg,"{'videoId': 'zEfTDpfyt1o', 'topLevelComment': {'kind': 'youtube#comment', 'etag': 'KJmJf04_iIn_DaSj_PafAmlE15U', 'id': 'Ugzil_hcr6rLKMKVMll4AaABAg', 'snippet': {'videoId': 'zEfTDpfyt1o', 'textDisplay': 'Se colocar em câmera lenta dá p ver que foi empurrado mas não foi pra tanto', 'textOriginal': 'Se colocar em câmera lenta dá p ver que foi empurrado mas não foi pra tanto', 'authorDisplayName': 'E X', 'authorProfileImageUrl': 'https://yt3.ggpht.com/ytc/AGIKgqPjXtsGcug7PxYJRZDDgU0zofw2HBAkeAMmStePOA=s48-c-k-c0x00ffffff-no-rj', 'authorChannelUrl': 'http://www.youtube.com/channel/UCWhmQgW1EmNmnqRBOFFBzAw', 'authorChannelId': {'value': 'UCWhmQgW1EmNmnqRBOFFBzAw'}, 'canRate': True, 'viewerRating': 'none', 'likeCount': 0, 'publishedAt': '2022-10-23T22:29:47Z', 'updatedAt': '2022-10-23T22:29:47Z'}}, 'canReply': True, 'totalReplyCount': 0, 'isPublic': True}",,UCWhmQgW1EmNmnqRBOFFBzAw,2022-10-23T22:29:47Z,Se colocar em câmera lenta dá p ver que foi empurrado mas não foi pra tanto,QURTSl9pMFR1ODVNWkY3cnU0TnNWcGxDOVY2aHF2T3ZjWjBGd0VWVENNd3NsTEJjYV9QbkxDaldWN2lJYzF5M0RwQkJpLUNRZGhCa2VJZw==,2023-06-08 14:52:44.649370
youtube#commentThread,2pPswSl9gVBCEiOCtP_Nf6z7vxU,UgywRRrKWwPl0oMt3oJ4AaABAg,"{'videoId': 'zEfTDpfyt1o', 'topLevelComment': {'kind': 'youtube#comment', 'etag': '_LnZ-D6BF9XITp67uwWl_-muXTM', 'id': 'UgywRRrKWwPl0oMt3oJ4AaABAg', 'snippet': {'videoId': 'zEfTDpfyt1o', 'textDisplay': 'MEU REPUDIO AO STF TAMBÉM', 'textOriginal': 'MEU REPUDIO AO STF TAMBÉM', 'authorDisplayName': 'willma rosado', 'authorProfileImageUrl': 'https://yt3.ggpht.com/ytc/AGIKgqPtZ42zjvTwVltPcKozeF16pZUhukMoMUctww=s48-c-k-c0x00ffffff-no-rj', 'authorChannelUrl': 'http://www.youtube.com/channel/UCsQ3U4f4h0OW1OGBzSEA3Ig', 'authorChannelId': {'value': 'UCsQ3U4f4h0OW1OGBzSEA3Ig'}, 'canRate': True, 'viewerRating': 'none', 'likeCount': 11, 'publishedAt': '2022-10-23T22:29:46Z', 'updatedAt': '2022-10-23T22:29:46Z'}}, 'canReply': True, 'totalReplyCount': 0, 'isPublic': True}",,UCsQ3U4f4h0OW1OGBzSEA3Ig,2022-10-23T22:29:46Z,MEU REPUDIO AO STF TAMBÉM,QURTSl9pMFR1ODVNWkY3cnU0TnNWcGxDOVY2aHF2T3ZjWjBGd0VWVENNd3NsTEJjYV9QbkxDaldWN2lJYzF5M0RwQkJpLUNRZGhCa2VJZw==,2023-06-08 14:52:44.649370
youtube#commentThread,47_5nURQkW3-UOYDxh7kKLSmDRM,Ugz6uTtpVckttohllB94AaABAg,"{'videoId': 'zEfTDpfyt1o', 'topLevelComment': {'kind': 'youtube#comment', 'etag': 'T4Zb3CRCWfSfr3t5Pj1FGZwg9r8', 'id': 'Ugz6uTtpVckttohllB94AaABAg', 'snippet': {'videoId': 'zEfTDpfyt1o', 'textDisplay': 'BO JEFF PODE SER CAVALO DE TROIA...E ESSES AGRESSORES SAO PAGOS POR QUEM COMBINOU A ARMAÇÃO DO BOB. FAZER ESSA CENA TODA, POSTAR O QUE POSTOU, NAS VESPERAS DAS ELEIÇÕES ???? ME AJUDA AI....', 'textOriginal': 'BO JEFF PODE SER CAVALO DE TROIA...E ESSES AGRESSORES SAO PAGOS POR QUEM COMBINOU A ARMAÇÃO DO BOB. FAZER ESSA CENA TODA, POSTAR O QUE POSTOU, NAS VESPERAS DAS ELEIÇÕES ???? ME AJUDA AI....', 'authorDisplayName': 'Rosely Julio', 'authorProfileImageUrl': 'https://yt3.ggpht.com/ytc/AGIKgqOXwSQduuEJZSV541DbBYjGpI1SHHAk7mdzkO7Ysw=s48-c-k-c0x00ffffff-no-rj', 'authorChannelUrl': 'http://www.youtube.com/channel/UC7qtKbXbKEvgcsqjEEVok_g', 'authorChannelId': {'value': 'UC7qtKbXbKEvgcsqjEEVok_g'}, 'canRate': True, 'viewerRating': 'none', 'likeCount': 0, 'publishedAt': '2022-10-23T22:29:45Z', 'updatedAt': '2022-10-23T22:30:11Z'}}, 'canReply': True, 'totalReplyCount': 0, 'isPublic': True}",,UC7qtKbXbKEvgcsqjEEVok_g,2022-10-23T22:29:45Z,"BO JEFF PODE SER CAVALO DE TROIA...E ESSES AGRESSORES SAO PAGOS POR QUEM COMBINOU A ARMAÇÃO DO BOB. FAZER ESSA CENA TODA, POSTAR O QUE POSTOU, NAS VESPERAS DAS ELEIÇÕES ???? ME AJUDA AI....",QURTSl9pMFR1ODVNWkY3cnU0TnNWcGxDOVY2aHF2T3ZjWjBGd0VWVENNd3NsTEJjYV9QbkxDaldWN2lJYzF5M0RwQkJpLUNRZGhCa2VJZw==,2023-06-08 14:52:44.649370
youtube#commentThread,Nbho0vxR8yAjwEUrPZ2b3zJjgzY,Ugwf1Oy6JbzlVLM1pjh4AaABAg,"{'videoId': 'zEfTDpfyt1o', 'topLevelComment': {'kind': 'youtube#comment', 'etag': 'cH6IXaUZU5vqOw01eYQopOHbYhc', 'id': 'Ugwf1Oy6JbzlVLM1pjh4AaABAg', 'snippet': {'videoId': 'zEfTDpfyt1o', 'textDisplay': 'QUEM CRIOU TUDO ISTO MESMO?', 'textOriginal': 'QUEM CRIOU TUDO ISTO MESMO?', 'authorDisplayName': 'banjoniro', 'authorProfileImageUrl': 'https://yt3.ggpht.com/ytc/AGIKgqP_QDtEfclLbnzRsD1uTSAv848GHTvjE3f_9M-I=s48-c-k-c0x00ffffff-no-rj', 'authorChannelUrl': 'http://www.youtube.com/channel/UC4fUvJBz4ozD1DPVtLTVkqg', 'authorChannelId': {'value': 'UC4fUvJBz4ozD1DPVtLTVkqg'}, 'canRate': True, 'viewerRating': 'none', 'likeCount': 0, 'publishedAt': '2022-10-23T22:29:45Z', 'updatedAt': '2022-10-23T22:29:45Z'}}, 'canReply': True, 'totalReplyCount': 0, 'isPublic': True}",,UC4fUvJBz4ozD1DPVtLTVkqg,2022-10-23T22:29:45Z,QUEM CRIOU TUDO ISTO MESMO?,QURTSl9pMFR1ODVNWkY3cnU0TnNWcGxDOVY2aHF2T3ZjWjBGd0VWVENNd3NsTEJjYV9QbkxDaldWN2lJYzF5M0RwQkJpLUNRZGhCa2VJZw==,2023-06-08 14:52:44.649370
youtube#commentThread,9DxNRgDJ3fsPHRWItxNoO6Kik2M,UgwRBp3HRBt1nNR0P314AaABAg,"{'videoId': 'zEfTDpfyt1o', 'topLevelComment': {'kind': 'youtube#comment', 'etag': 'C1IhrOy0aNut78njQb9vKiNT_mA', 'id': 'UgwRBp3HRBt1nNR0P314AaABAg', 'snippet': {'videoId': 'zEfTDpfyt1o', 'textDisplay': 'A ordem de prisão aponta o descumprimento de medidas cautelares por parte de Jefferson. Na decisão, Moraes pediu prisão, busca e apreensão e proibiu entrevistas. A decisão ocorreu depois de Jefferson xingar a ministra Cármen Lúcia, do STF, e a comparar com &quot;prostitutas&quot;, &quot;vagabundas&quot; e &quot;arrombadas&quot; em uma publicação na internet. Ele estava proibido de usar as redes sociais, justamente por outra ordem de Moraes. A ORDEM DE PRISÃO ESTÁ CORRETA E PRECISA SER CUMPIRDA', 'textOriginal': 'A ordem de prisão aponta o descumprimento de medidas cautelares por parte de Jefferson. Na decisão, Moraes pediu prisão, busca e apreensão e proibiu entrevistas. A decisão ocorreu depois de Jefferson xingar a ministra Cármen Lúcia, do STF, e a comparar com ""prostitutas"", ""vagabundas"" e ""arrombadas"" em uma publicação na internet. Ele estava proibido de usar as redes sociais, justamente por outra ordem de Moraes. A ORDEM DE PRISÃO ESTÁ CORRETA E PRECISA SER CUMPIRDA', 'authorDisplayName': 'Celso Silva Jose', 'authorProfileImageUrl': 'https://yt3.ggpht.com/ytc/AGIKgqPyuRlYfytLwWD0M-R8oqtizjVofxFoGivdXA=s48-c-k-c0x00ffffff-no-rj', 'authorChannelUrl': 'http://www.youtube.com/channel/UCJfO6fWKEABl4cYiHI-8JvA', 'authorChannelId': {'value': 'UCJfO6fWKEABl4cYiHI-8JvA'}, 'canRate': True, 'viewerRating': 'none', 'likeCount': 0, 'publishedAt': '2022-10-23T22:29:41Z', 'updatedAt': '2022-10-23T22:29:41Z'}}, 'canReply': True, 'totalReplyCount': 0, 'isPublic': True}",,UCJfO6fWKEABl4cYiHI-8JvA,2022-10-23T22:29:41Z,"A ordem de prisão aponta o descumprimento de medidas cautelares por parte de Jefferson. Na decisão, Moraes pediu prisão, busca e apreensão e proibiu entrevistas. A decisão ocorreu depois de Jefferson xingar a ministra Cármen Lúcia, do STF, e a comparar com ""prostitutas"", ""vagabundas"" e ""arrombadas"" em uma publicação na internet. Ele estava proibido de usar as redes sociais, justamente por outra ordem de Moraes. A ORDEM DE PRISÃO ESTÁ CORRETA E PRECISA SER CUMPIRDA",QURTSl9pMFR1ODVNWkY3cnU0TnNWcGxDOVY2aHF2T3ZjWjBGd0VWVENNd3NsTEJjYV9QbkxDaldWN2lJYzF5M0RwQkJpLUNRZGhCa2VJZw==,2023-06-08 14:52:44.649370
youtube#commentThread,bvdCpZt3s7lKC0yk0LkPJUv9t4Y,UgwjPK33OtRq4z1o4Dx4AaABAg,"{'videoId': 'zEfTDpfyt1o', 'topLevelComment': {'kind': 'youtube#comment', 'etag': '9O5l6bZre9JlA26n5r-tTNwgw6s', 'id': 'UgwjPK33OtRq4z1o4Dx4AaABAg', 'snippet': {'videoId': 'zEfTDpfyt1o', 'textDisplay': 'Fora comunista', 'textOriginal': 'Fora comunista', 'authorDisplayName': 'Raquel Pavan', 'authorProfileImageUrl': 'https://yt3.ggpht.com/ytc/AGIKgqMRkk2HXcPvYyKJ5FxXv-GYs9bpQWuiL6jY2Q=s48-c-k-c0x00ffffff-no-rj', 'authorChannelUrl': 'http://www.youtube.com/channel/UC_03uKOAq0ak4RzHu2o4XCA', 'authorChannelId': {'value': 'UC_03uKOAq0ak4RzHu2o4XCA'}, 'canRate': True, 'viewerRating': 'none', 'likeCount': 0, 'publishedAt': '2022-10-23T22:29:36Z', 'updatedAt': '2022-10-23T22:29:36Z'}}, 'canReply': True, 'totalReplyCount': 0, 'isPublic': True}",,UC_03uKOAq0ak4RzHu2o4XCA,2022-10-23T22:29:36Z,Fora comunista,QURTSl9pMFR1ODVNWkY3cnU0TnNWcGxDOVY2aHF2T3ZjWjBGd0VWVENNd3NsTEJjYV9QbkxDaldWN2lJYzF5M0RwQkJpLUNRZGhCa2VJZw==,2023-06-08 14:52:44.649370
youtube#commentThread,dppXqcbR5R8byHRLWeogB7BPcRg,UgxlE5U98eB-OWVaRgJ4AaABAg,"{'videoId': 'zEfTDpfyt1o', 'topLevelComment': {'kind': 'youtube#comment', 'etag': 'Pg6hgC6UzJF712vqwB8S647-8vg', 'id': 'UgxlE5U98eB-OWVaRgJ4AaABAg', 'snippet': {'videoId': 'zEfTDpfyt1o', 'textDisplay': 'A live da liberdade foi um su-ces-so!!!', 'textOriginal': 'A live da liberdade foi um su-ces-so!!!', 'authorDisplayName': 'Denise Hartmann Hubner', 'authorProfileImageUrl': 'https://yt3.ggpht.com/ytc/AGIKgqO67NUrfBSwMj1jntoiWu4CkQs_ygepNg0tBXb8Kg=s48-c-k-c0x00ffffff-no-rj', 'authorChannelUrl': 'http://www.youtube.com/channel/UC6PEwoUDz-YY6MPkFb3xZMQ', 'authorChannelId': {'value': 'UC6PEwoUDz-YY6MPkFb3xZMQ'}, 'canRate': True, 'viewerRating': 'none', 'likeCount': 2, 'publishedAt': '2022-10-23T22:29:36Z', 'updatedAt': '2022-10-23T22:29:36Z'}}, 'canReply': True, 'totalReplyCount': 0, 'isPublic': True}",,UC6PEwoUDz-YY6MPkFb3xZMQ,2022-10-23T22:29:36Z,A live da liberdade foi um su-ces-so!!!,QURTSl9pMFR1ODVNWkY3cnU0TnNWcGxDOVY2aHF2T3ZjWjBGd0VWVENNd3NsTEJjYV9QbkxDaldWN2lJYzF5M0RwQkJpLUNRZGhCa2VJZw==,2023-06-08 14:52:44.649370
youtube#commentThread,Mbqxim2RSJa2mITcJ-dH0u7k5xY,Ugw5rN8JCPzXVaXOXhl4AaABAg,"{'videoId': 'zEfTDpfyt1o', 'topLevelComment': {'kind': 'youtube#comment', 'etag': 'KNr-YSksFv8JtAStstgY2Rbvpj0', 'id': 'Ugw5rN8JCPzXVaXOXhl4AaABAg', 'snippet': {'videoId': 'zEfTDpfyt1o', 'textDisplay': 'O QUE A POLICA ESTAVA FAZENDO ALI PROTEGENDO O BANDIDO DO ATIRADOR OU O POVO. A JOVEN PAN APOIA O BOLSONARO ATÉ NA LIBERAÇÃO DE ARMAS.', 'textOriginal': 'O QUE A POLICA ESTAVA FAZENDO ALI PROTEGENDO O BANDIDO DO ATIRADOR OU O POVO. A JOVEN PAN APOIA O BOLSONARO ATÉ NA LIBERAÇÃO DE ARMAS.', 'authorDisplayName': 'Edson Podenciano', 'authorProfileImageUrl': 'https://yt3.ggpht.com/ytc/AGIKgqMU_GxalsgG8DZgWXusGuPxHgkZI_8caMUaJw=s48-c-k-c0x00ffffff-no-rj', 'authorChannelUrl': 'http://www.youtube.com/channel/UCTwkQXe3Zx3Z2L1itWQQVFA', 'authorChannelId': {'value': 'UCTwkQXe3Zx3Z2L1itWQQVFA'}, 'canRate': True, 'viewerRating': 'none', 'likeCount': 0, 'publishedAt': '2022-10-23T22:29:35Z', 'updatedAt': '2022-10-23T22:29:35Z'}}, 'canReply': True, 'totalReplyCount': 0, 'isPublic': True}",,UCTwkQXe3Zx3Z2L1itWQQVFA,2022-10-23T22:29:35Z,O QUE A POLICA ESTAVA FAZENDO ALI PROTEGENDO O BANDIDO DO ATIRADOR OU O POVO. A JOVEN PAN APOIA O BOLSONARO ATÉ NA LIBERAÇÃO DE ARMAS.,QURTSl9pMFR1ODVNWkY3cnU0TnNWcGxDOVY2aHF2T3ZjWjBGd0VWVENNd3NsTEJjYV9QbkxDaldWN2lJYzF5M0RwQkJpLUNRZGhCa2VJZw==,2023-06-08 14:52:44.649370
youtube#commentThread,__3nyQKmXbIZpYyp7yqWjF_AjFs,UgxTP-4mS-CoK-r4mRB4AaABAg,"{'videoId': 'zEfTDpfyt1o', 'topLevelComment': {'kind': 'youtube#comment', 'etag': 'q_h0O0JjrY6vaPunDvpMLSDTxjM', 'id': 'UgxTP-4mS-CoK-r4mRB4AaABAg', 'snippet': {'videoId': 'zEfTDpfyt1o', 'textDisplay': 'Rodrigo Pacheco é o responsável por tudo isso.<br>Ele sentou cima de milhares de pedidos de imptman do cabeça de ovo.<br>Homem cruel e vingativo que está perseguindo os brasileiros de bem.', 'textOriginal': 'Rodrigo Pacheco é o responsável por tudo isso.\\nEle sentou cima de milhares de pedidos de imptman do cabeça de ovo.\\nHomem cruel e vingativo que está perseguindo os brasileiros de bem.', 'authorDisplayName': 'Rosana  Soares', 'authorProfileImageUrl': 'https://yt3.ggpht.com/MHLhZHhlsbXmamksx9e79oRC9Sc5BTjAmnYPqmSFinYSeX3DdWs7s1_oQ08dg0qBKCP5m_CfxC8=s48-c-k-c0x00ffffff-no-rj', 'authorChannelUrl': 'http://www.youtube.com/channel/UCGt5oZ8Khp_kxFpoJtaGIPg', 'authorChannelId': {'value': 'UCGt5oZ8Khp_kxFpoJtaGIPg'}, 'canRate': True, 'viewerRating': 'none', 'likeCount': 0, 'publishedAt': '2022-10-23T22:29:34Z', 'updatedAt': '2022-10-23T22:29:58Z'}}, 'canReply': True, 'totalReplyCount': 0, 'isPublic': True}",,UCGt5oZ8Khp_kxFpoJtaGIPg,2022-10-23T22:29:34Z,"Rodrigo Pacheco é o responsável por tudo isso.
Ele sentou cima de milhares de pedidos de imptman do cabeça de ovo.
Homem cruel e vingativo que está perseguindo os brasileiros de bem.",QURTSl9pMFR1ODVNWkY3cnU0TnNWcGxDOVY2aHF2T3ZjWjBGd0VWVENNd3NsTEJjYV9QbkxDaldWN2lJYzF5M0RwQkJpLUNRZGhCa2VJZw==,2023-06-08 14:52:44.649370
youtube#commentThread,VcDHbkinaZfe70m4NKchEEdZEPM,Ugxx83nGZWE3ruFbYjR4AaABAg,"{'videoId': 'zEfTDpfyt1o', 'topLevelComment': {'kind': 'youtube#comment', 'etag': 'Uv_U3Ani5Z7A236XgRBfsPKKAoo', 'id': 'Ugxx83nGZWE3ruFbYjR4AaABAg', 'snippet': {'videoId': 'zEfTDpfyt1o', 'textDisplay': 'HIPOCRITAS, VALE SÓ  PARA OS JORNALISTAS ?', 'textOriginal': 'HIPOCRITAS, VALE SÓ  PARA OS JORNALISTAS ?', 'authorDisplayName': 'Maury C Brito', 'authorProfileImageUrl': 'https://yt3.ggpht.com/ytc/AGIKgqPYEcWn-0gs3LHkQUYT4QbNTxylHBkyiqHgGA=s48-c-k-c0x00ffffff-no-rj', 'authorChannelUrl': 'http://www.youtube.com/channel/UC80AcibSWT3UqJpEq_UjcFA', 'authorChannelId': {'value': 'UC80AcibSWT3UqJpEq_UjcFA'}, 'canRate': True, 'viewerRating': 'none', 'likeCount': 0, 'publishedAt': '2022-10-23T22:29:33Z', 'updatedAt': '2022-10-23T22:29:33Z'}}, 'canReply': True, 'totalReplyCount': 0, 'isPublic': True}",,UC80AcibSWT3UqJpEq_UjcFA,2022-10-23T22:29:33Z,"HIPOCRITAS, VALE SÓ  PARA OS JORNALISTAS ?",QURTSl9pMFR1ODVNWkY3cnU0TnNWcGxDOVY2aHF2T3ZjWjBGd0VWVENNd3NsTEJjYV9QbkxDaldWN2lJYzF5M0RwQkJpLUNRZGhCa2VJZw==,2023-06-08 14:52:44.649370
youtube#commentThread,QxSc54X_DnYYa-V0OpuHNQvWrWs,UgyQTD57ZyPS6Q_a1HV4AaABAg,"{'videoId': 'zEfTDpfyt1o', 'topLevelComment': {'kind': 'youtube#comment', 'etag': 'D7c8R3aD5I8L-JDPWEvl5Wjbtwg', 'id': 'UgyQTD57ZyPS6Q_a1HV4AaABAg', 'snippet': {'videoId': 'zEfTDpfyt1o', 'textDisplay': 'Se o STF deixar vocês jornalistas continuarem  trabalhando, essa agressão foi gerada justamente pelo STF desde o momento que a ministra Carmen Lúcia agiu como militante política,  é exatamente ISSO que eles querem, criar o caos', 'textOriginal': 'Se o STF deixar vocês jornalistas continuarem  trabalhando, essa agressão foi gerada justamente pelo STF desde o momento que a ministra Carmen Lúcia agiu como militante política,  é exatamente ISSO que eles querem, criar o caos', 'authorDisplayName': 'alahyde vieira', 'authorProfileImageUrl': 'https://yt3.ggpht.com/1EexNZqb0DjTxhxtzeE1p6ADxXtsZyfMNU8jzJeK3jzcB6QAb8Lup83leqamxCEX-Bvn1rNugQ=s48-c-k-c0x00ffffff-no-rj', 'authorChannelUrl': 'http://www.youtube.com/channel/UCJfUknzLHlOQU-F4A30d6Ww', 'authorChannelId': {'value': 'UCJfUknzLHlOQU-F4A30d6Ww'}, 'canRate': True, 'viewerRating': 'none', 'likeCount': 0, 'publishedAt': '2022-10-23T22:29:31Z', 'updatedAt': '2022-10-23T22:40:02Z'}}, 'canReply': True, 'totalReplyCount': 0, 'isPublic': True}",,UCJfUknzLHlOQU-F4A30d6Ww,2022-10-23T22:29:31Z,"Se o STF deixar vocês jornalistas continuarem  trabalhando, essa agressão foi gerada justamente pelo STF desde o momento que a ministra Carmen Lúcia agiu como militante política,  é exatamente ISSO que eles querem, criar o caos",QURTSl9pMFR1ODVNWkY3cnU0TnNWcGxDOVY2aHF2T3ZjWjBGd0VWVENNd3NsTEJjYV9QbkxDaldWN2lJYzF5M0RwQkJpLUNRZGhCa2VJZw==,2023-06-08 14:52:44.649370
youtube#commentThread,6xEXB2R0jJvvSUUSj2ns74tuxwY,UgxWNsBn7Crc9GvjMFl4AaABAg,"{'videoId': 'zEfTDpfyt1o', 'topLevelComment': {'kind': 'youtube#comment', 'etag': 'qRpEoLKrIqwoQyQYSntLkDGzbrI', 'id': 'UgxWNsBn7Crc9GvjMFl4AaABAg', 'snippet': {'videoId': 'zEfTDpfyt1o', 'textDisplay': 'ninguém suporta mais a TV Globo mas agredir jamais', 'textOriginal': 'ninguém suporta mais a TV Globo mas agredir jamais', 'authorDisplayName': '{LOBOCROS}', 'authorProfileImageUrl': 'https://yt3.ggpht.com/jtv4Q_9syb2mYkDQOAggstywXQe3xCYtqSkuaIiX3uciSpKCtCIXC-zY8k0p65rviO-7uV7T=s48-c-k-c0x00ffffff-no-rj', 'authorChannelUrl': 'http://www.youtube.com/channel/UCprLPgTGokEimqN48tJ3MUQ', 'authorChannelId': {'value': 'UCprLPgTGokEimqN48tJ3MUQ'}, 'canRate': True, 'viewerRating': 'none', 'likeCount': 1, 'publishedAt': '2022-10-23T22:29:29Z', 'updatedAt': '2022-10-23T22:29:29Z'}}, 'canReply': True, 'totalReplyCount': 0, 'isPublic': True}",,UCprLPgTGokEimqN48tJ3MUQ,2022-10-23T22:29:29Z,ninguém suporta mais a TV Globo mas agredir jamais,QURTSl9pMFR1ODVNWkY3cnU0TnNWcGxDOVY2aHF2T3ZjWjBGd0VWVENNd3NsTEJjYV9QbkxDaldWN2lJYzF5M0RwQkJpLUNRZGhCa2VJZw==,2023-06-08 14:52:44.649370
youtube#commentThread,2EKUiYSxc06DOdLwDGQby2geZxA,UgyOwDvh3NccB84Wd154AaABAg,"{'videoId': 'zEfTDpfyt1o', 'topLevelComment': {'kind': 'youtube#comment', 'etag': 'aYiB-0I28GSviS54ywmk5hc-VIQ', 'id': 'UgyOwDvh3NccB84Wd154AaABAg', 'snippet': {'videoId': 'zEfTDpfyt1o', 'textDisplay': 'Se foi da globo ta tudo bem , não foi nada , segue o jogo', 'textOriginal': 'Se foi da globo ta tudo bem , não foi nada , segue o jogo', 'authorDisplayName': '#PAIXAORUBRONEGRO #', 'authorProfileImageUrl': 'https://yt3.ggpht.com/ytc/AGIKgqPdieY71NN24xs3kgNsDEFdfW5ALr7kkE4Drw=s48-c-k-c0x00ffffff-no-rj', 'authorChannelUrl': 'http://www.youtube.com/channel/UC2je9Hj4BmVVHwHxv6rBL9Q', 'authorChannelId': {'value': 'UC2je9Hj4BmVVHwHxv6rBL9Q'}, 'canRate': True, 'viewerRating': 'none', 'likeCount': 0, 'publishedAt': '2022-10-23T22:29:29Z', 'updatedAt': '2022-10-23T22:29:29Z'}}, 'canReply': True, 'totalReplyCount': 0, 'isPublic': True}",,UC2je9Hj4BmVVHwHxv6rBL9Q,2022-10-23T22:29:29Z,"Se foi da globo ta tudo bem , não foi nada , segue o jogo",QURTSl9pMFR1ODVNWkY3cnU0TnNWcGxDOVY2aHF2T3ZjWjBGd0VWVENNd3NsTEJjYV9QbkxDaldWN2lJYzF5M0RwQkJpLUNRZGhCa2VJZw==,2023-06-08 14:52:44.649370
youtube#commentThread,OSc2yXKPPv-Vu-FAcmFKi1gksuA,Ugzk2nrUuzXlpFoxUIN4AaABAg,"{'videoId': 'zEfTDpfyt1o', 'topLevelComment': {'kind': 'youtube#comment', 'etag': 'r1gm6N7JpeiBMnDozDClbXzNsms', 'id': 'Ugzk2nrUuzXlpFoxUIN4AaABAg', 'snippet': {'videoId': 'zEfTDpfyt1o', 'textDisplay': 'Se o TSE agisse de forma pacífica, moderada, seguindo a constituição federal, casos como esses não aconteceriam, inclusive, a própria população não se revoltaria com o TSE/STF.', 'textOriginal': 'Se o TSE agisse de forma pacífica, moderada, seguindo a constituição federal, casos como esses não aconteceriam, inclusive, a própria população não se revoltaria com o TSE/STF.', 'authorDisplayName': 'Guto', 'authorProfileImageUrl': 'https://yt3.ggpht.com/ytc/AGIKgqMvnzHihrEg0B-JEiOXfCa2bKLnJL6MVUQmag=s48-c-k-c0x00ffffff-no-rj', 'authorChannelUrl': 'http://www.youtube.com/channel/UCwLADsMCBI2cGBy-4LjXKYA', 'authorChannelId': {'value': 'UCwLADsMCBI2cGBy-4LjXKYA'}, 'canRate': True, 'viewerRating': 'none', 'likeCount': 1, 'publishedAt': '2022-10-23T22:29:25Z', 'updatedAt': '2022-10-23T22:29:25Z'}}, 'canReply': True, 'totalReplyCount': 0, 'isPublic': True}",,UCwLADsMCBI2cGBy-4LjXKYA,2022-10-23T22:29:25Z,"Se o TSE agisse de forma pacífica, moderada, seguindo a constituição federal, casos como esses não aconteceriam, inclusive, a própria população não se revoltaria com o TSE/STF.",QURTSl9pMFR1ODVNWkY3cnU0TnNWcGxDOVY2aHF2T3ZjWjBGd0VWVENNd3NsTEJjYV9QbkxDaldWN2lJYzF5M0RwQkJpLUNRZGhCa2VJZw==,2023-06-08 14:52:44.649370
youtube#commentThread,EpBaKfFapavyMrHhLLT6ed4452I,UgwN0y53CCpJlh2V86Z4AaABAg,"{'videoId': 'zEfTDpfyt1o', 'topLevelComment': {'kind': 'youtube#comment', 'etag': 'SFk2hPg1YUV3sGCIYikk2k0Ot7I', 'id': 'UgwN0y53CCpJlh2V86Z4AaABAg', 'snippet': {'videoId': 'zEfTDpfyt1o', 'textDisplay': 'vcs sabem de quem é a culpa né de tudo isso', 'textOriginal': 'vcs sabem de quem é a culpa né de tudo isso', 'authorDisplayName': 'Rogério TA', 'authorProfileImageUrl': 'https://yt3.ggpht.com/ytc/AGIKgqO6QOhy-DNty63xbBx1_TQ-e5W6B43njcjtE1FWzQ=s48-c-k-c0x00ffffff-no-rj', 'authorChannelUrl': 'http://www.youtube.com/channel/UCHdZFBkjGf0pL_7b-YEAJFg', 'authorChannelId': {'value': 'UCHdZFBkjGf0pL_7b-YEAJFg'}, 'canRate': True, 'viewerRating': 'none', 'likeCount': 0, 'publishedAt': '2022-10-23T22:29:23Z', 'updatedAt': '2022-10-23T22:29:23Z'}}, 'canReply': True, 'totalReplyCount': 0, 'isPublic': True}",,UCHdZFBkjGf0pL_7b-YEAJFg,2022-10-23T22:29:23Z,vcs sabem de quem é a culpa né de tudo isso,QURTSl9pMFR1ODVNWkY3cnU0TnNWcGxDOVY2aHF2T3ZjWjBGd0VWVENNd3NsTEJjYV9QbkxDaldWN2lJYzF5M0RwQkJpLUNRZGhCa2VJZw==,2023-06-08 14:52:44.649370
youtube#commentThread,LySmzLkPhZbgVWevsOUbuYGuU10,UgwBQm8umk-gQNA1y4N4AaABAg,"{'videoId': 'zEfTDpfyt1o', 'topLevelComment': {'kind': 'youtube#comment', 'etag': 'bNH1f2G3VnMCNukTQyHmHoMSn30', 'id': 'UgwBQm8umk-gQNA1y4N4AaABAg', 'snippet': {'videoId': 'zEfTDpfyt1o', 'textDisplay': 'As injustiças começaram lá no STF/STE', 'textOriginal': 'As injustiças começaram lá no STF/STE', 'authorDisplayName': 'Marcia Santos', 'authorProfileImageUrl': 'https://yt3.ggpht.com/ytc/AGIKgqMMrK3XYUUXsSxQaEYoDCfg_D3SDPACd1WxzDXrSbrpUuT04IxWA5AIqItFud_V=s48-c-k-c0x00ffffff-no-rj', 'authorChannelUrl': 'http://www.youtube.com/channel/UC861I4nXya1KUofGMllWE8w', 'authorChannelId': {'value': 'UC861I4nXya1KUofGMllWE8w'}, 'canRate': True, 'viewerRating': 'none', 'likeCount': 4, 'publishedAt': '2022-10-23T22:29:20Z', 'updatedAt': '2022-10-23T22:29:20Z'}}, 'canReply': True, 'totalReplyCount': 0, 'isPublic': True}",,UC861I4nXya1KUofGMllWE8w,2022-10-23T22:29:20Z,As injustiças começaram lá no STF/STE,QURTSl9pMFR1ODVNWkY3cnU0TnNWcGxDOVY2aHF2T3ZjWjBGd0VWVENNd3NsTEJjYV9QbkxDaldWN2lJYzF5M0RwQkJpLUNRZGhCa2VJZw==,2023-06-08 14:52:44.649370
youtube#commentThread,wpxSvQxljWff7Sl3H8lLJ2LXlo4,Ugyr0Hbz-KVbqkflqlN4AaABAg,"{'videoId': 'zEfTDpfyt1o', 'topLevelComment': {'kind': 'youtube#comment', 'etag': 'zxH59wI5N4jceMJ5j6E-4WZBIdw', 'id': 'Ugyr0Hbz-KVbqkflqlN4AaABAg', 'snippet': {'videoId': 'zEfTDpfyt1o', 'textDisplay': 'Não distorce a matéria, APOIADODERES DE BOLSONARO,', 'textOriginal': 'Não distorce a matéria, APOIADODERES DE BOLSONARO,', 'authorDisplayName': 'Rinaldo Crippa', 'authorProfileImageUrl': 'https://yt3.ggpht.com/ytc/AGIKgqMIPdzp3nNfyhNKHyfLqaqWObBWrp3laRznQptwww=s48-c-k-c0x00ffffff-no-rj', 'authorChannelUrl': 'http://www.youtube.com/channel/UC8MNZvGwlAtCCF0TmN2A0dA', 'authorChannelId': {'value': 'UC8MNZvGwlAtCCF0TmN2A0dA'}, 'canRate': True, 'viewerRating': 'none', 'likeCount': 0, 'publishedAt': '2022-10-23T22:29:19Z', 'updatedAt': '2022-10-23T22:29:19Z'}}, 'canReply': True, 'totalReplyCount': 0, 'isPublic': True}",,UC8MNZvGwlAtCCF0TmN2A0dA,2022-10-23T22:29:19Z,"Não distorce a matéria, APOIADODERES DE BOLSONARO,",QURTSl9pMFR1ODVNWkY3cnU0TnNWcGxDOVY2aHF2T3ZjWjBGd0VWVENNd3NsTEJjYV9QbkxDaldWN2lJYzF5M0RwQkJpLUNRZGhCa2VJZw==,2023-06-08 14:52:44.649370
youtube#commentThread,BS5ijl4pWgJyW-CgMftJsgQfa8Q,Ugz1UEW2WUDFyB4nll14AaABAg,"{'videoId': 'zEfTDpfyt1o', 'topLevelComment': {'kind': 'youtube#comment', 'etag': '8IXqJsd4wHWzvTMiAWjczJHJWcw', 'id': 'Ugz1UEW2WUDFyB4nll14AaABAg', 'snippet': {'videoId': 'zEfTDpfyt1o', 'textDisplay': 'Ki legalllll', 'textOriginal': 'Ki legalllll', 'authorDisplayName': 'Kazemiro Jankunas', 'authorProfileImageUrl': 'https://yt3.ggpht.com/ytc/AGIKgqNR1IsOt6yTmz8Lf97YRKYbc9IrVDOBM1-xUg=s48-c-k-c0x00ffffff-no-rj', 'authorChannelUrl': 'http://www.youtube.com/channel/UCoYCj-nzs0YxtuUdd671pbg', 'authorChannelId': {'value': 'UCoYCj-nzs0YxtuUdd671pbg'}, 'canRate': True, 'viewerRating': 'none', 'likeCount': 0, 'publishedAt': '2022-10-23T22:29:13Z', 'updatedAt': '2022-10-23T22:29:13Z'}}, 'canReply': True, 'totalReplyCount': 0, 'isPublic': True}",,UCoYCj-nzs0YxtuUdd671pbg,2022-10-23T22:29:13Z,Ki legalllll,QURTSl9pMFR1ODVNWkY3cnU0TnNWcGxDOVY2aHF2T3ZjWjBGd0VWVENNd3NsTEJjYV9QbkxDaldWN2lJYzF5M0RwQkJpLUNRZGhCa2VJZw==,2023-06-08 14:52:44.649370
youtube#commentThread,SqJTDGBDS_kuSvJLF4U4Z7c2Cd8,UgzO_r775G8rgQ9Qt0t4AaABAg,"{'videoId': 'zEfTDpfyt1o', 'topLevelComment': {'kind': 'youtube#comment', 'etag': '8ADlIBTA6UDn-LhgzjxjoRjlROI', 'id': 'UgzO_r775G8rgQ9Qt0t4AaABAg', 'snippet': {'videoId': 'zEfTDpfyt1o', 'textDisplay': 'Essas pessoas não são amigas do Jefferson,são seguidores do Bozo.', 'textOriginal': 'Essas pessoas não são amigas do Jefferson,são seguidores do Bozo.', 'authorDisplayName': 'carlos de almeida maciel filho', 'authorProfileImageUrl': 'https://yt3.ggpht.com/ytc/AGIKgqNCYs3PMROnwQ74KsNwWO3c6RTBP7uXKpprAKcB-w=s48-c-k-c0x00ffffff-no-rj', 'authorChannelUrl': 'http://www.youtube.com/channel/UCJ5x0GWtd_Ltxfqp2UCPZ_Q', 'authorChannelId': {'value': 'UCJ5x0GWtd_Ltxfqp2UCPZ_Q'}, 'canRate': True, 'viewerRating': 'none', 'likeCount': 0, 'publishedAt': '2022-10-23T22:29:12Z', 'updatedAt': '2022-10-23T22:29:12Z'}}, 'canReply': True, 'totalReplyCount': 0, 'isPublic': True}",,UCJ5x0GWtd_Ltxfqp2UCPZ_Q,2022-10-23T22:29:12Z,"Essas pessoas não são amigas do Jefferson,são seguidores do Bozo.",QURTSl9pMFR1ODVNWkY3cnU0TnNWcGxDOVY2aHF2T3ZjWjBGd0VWVENNd3NsTEJjYV9QbkxDaldWN2lJYzF5M0RwQkJpLUNRZGhCa2VJZw==,2023-06-08 14:52:44.649370
youtube#commentThread,EsWT-DudR8gwYMKif4UvFt2GXRU,Ugw9Yj1rfBac46EuBSR4AaABAg,"{'videoId': 'zEfTDpfyt1o', 'topLevelComment': {'kind': 'youtube#comment', 'etag': 'zuEdA-kC-6zr9p2ozbe7tVVjqxM', 'id': 'Ugw9Yj1rfBac46EuBSR4AaABAg', 'snippet': {'videoId': 'zEfTDpfyt1o', 'textDisplay': 'Tudo BANDIDO.<br>SÓ ARRUACEIROS.<br>BANDO DE DROGADOS.<br>VAGABUNDOS..', 'textOriginal': 'Tudo BANDIDO.\\nSÓ ARRUACEIROS.\\nBANDO DE DROGADOS.\\nVAGABUNDOS..', 'authorDisplayName': 'Wagner Gomes', 'authorProfileImageUrl': 'https://yt3.ggpht.com/ytc/AGIKgqPHDBkR9LRfdKmDYS7iLKkccpLeu6QKRVURsA=s48-c-k-c0x00ffffff-no-rj', 'authorChannelUrl': 'http://www.youtube.com/channel/UCUeUcmtyIPYbHn1r_-dZq0g', 'authorChannelId': {'value': 'UCUeUcmtyIPYbHn1r_-dZq0g'}, 'canRate': True, 'viewerRating': 'none', 'likeCount': 0, 'publishedAt': '2022-10-23T22:29:12Z', 'updatedAt': '2022-10-23T22:29:12Z'}}, 'canReply': True, 'totalReplyCount': 0, 'isPublic': True}",,UCUeUcmtyIPYbHn1r_-dZq0g,2022-10-23T22:29:12Z,"Tudo BANDIDO.
SÓ ARRUACEIROS.
BANDO DE DROGADOS.
VAGABUNDOS..",QURTSl9pMFR1ODVNWkY3cnU0TnNWcGxDOVY2aHF2T3ZjWjBGd0VWVENNd3NsTEJjYV9QbkxDaldWN2lJYzF5M0RwQkJpLUNRZGhCa2VJZw==,2023-06-08 14:52:44.649370
youtube#commentThread,22AT-uxIwvx_5juFwtUpYlLy3aY,UgxO5mdu2tl4JpbzyZJ4AaABAg,"{'videoId': 'zEfTDpfyt1o', 'topLevelComment': {'kind': 'youtube#comment', 'etag': 'h_tr1ub2IGY3Tgtom967lBpqXgY', 'id': 'UgxO5mdu2tl4JpbzyZJ4AaABAg', 'snippet': {'videoId': 'zEfTDpfyt1o', 'textDisplay': '✳️✳️✳️Uma agressão de falsa bandeira, são sujos !', 'textOriginal': '✳️✳️✳️Uma agressão de falsa bandeira, são sujos !', 'authorDisplayName': 'Hildebrando Afonso da Mata', 'authorProfileImageUrl': 'https://yt3.ggpht.com/ytc/AGIKgqOnLFUBcX2UOBvxuBmE3LZXQgkLgmVAKxhXSw=s48-c-k-c0x00ffffff-no-rj', 'authorChannelUrl': 'http://www.youtube.com/channel/UCzWQD2dU7b5ODOyT2LRmI9Q', 'authorChannelId': {'value': 'UCzWQD2dU7b5ODOyT2LRmI9Q'}, 'canRate': True, 'viewerRating': 'none', 'likeCount': 0, 'publishedAt': '2022-10-23T22:29:09Z', 'updatedAt': '2022-10-23T22:29:09Z'}}, 'canReply': True, 'totalReplyCount': 0, 'isPublic': True}",,UCzWQD2dU7b5ODOyT2LRmI9Q,2022-10-23T22:29:09Z,"✳️✳️✳️Uma agressão de falsa bandeira, são sujos !",QURTSl9pMFR1ODVNWkY3cnU0TnNWcGxDOVY2aHF2T3ZjWjBGd0VWVENNd3NsTEJjYV9QbkxDaldWN2lJYzF5M0RwQkJpLUNRZGhCa2VJZw==,2023-06-08 14:52:44.649370
youtube#commentThread,fq1rLoI5o9s9FMhJ929Vk42m2-I,UgyvTUDxm5I1KoaR2fR4AaABAg,"{'videoId': 'zEfTDpfyt1o', 'topLevelComment': {'kind': 'youtube#comment', 'etag': 'dclc4IB3Big_7fP_gHoJUyOl1PQ', 'id': 'UgyvTUDxm5I1KoaR2fR4AaABAg', 'snippet': {'videoId': 'zEfTDpfyt1o', 'textDisplay': 'Na favela é pé na porta e execução! Tá cheio BO; o pouco que  conheço Direito Penal tá muitooooo lascado! Já contei uns 7 crimes affg', 'textOriginal': 'Na favela é pé na porta e execução! Tá cheio BO; o pouco que  conheço Direito Penal tá muitooooo lascado! Já contei uns 7 crimes affg', 'authorDisplayName': 'Elizabeth Araújo', 'authorProfileImageUrl': 'https://yt3.ggpht.com/ytc/AGIKgqOwV6D7bQE6huZHXn6iNsiWIvW8zdksTLwaqfA_zQ=s48-c-k-c0x00ffffff-no-rj', 'authorChannelUrl': 'http://www.youtube.com/channel/UCxLfuhhpUIQ30bQHtpps-9Q', 'authorChannelId': {'value': 'UCxLfuhhpUIQ30bQHtpps-9Q'}, 'canRate': True, 'viewerRating': 'none', 'likeCount': 0, 'publishedAt': '2022-10-23T22:29:09Z', 'updatedAt': '2022-10-23T22:29:09Z'}}, 'canReply': True, 'totalReplyCount': 0, 'isPublic': True}",,UCxLfuhhpUIQ30bQHtpps-9Q,2022-10-23T22:29:09Z,Na favela é pé na porta e execução! Tá cheio BO; o pouco que  conheço Direito Penal tá muitooooo lascado! Já contei uns 7 crimes affg,QURTSl9pMFR1ODVNWkY3cnU0TnNWcGxDOVY2aHF2T3ZjWjBGd0VWVENNd3NsTEJjYV9QbkxDaldWN2lJYzF5M0RwQkJpLUNRZGhCa2VJZw==,2023-06-08 14:52:44.649370
youtube#commentThread,82weWrWXPJBk8MeOu4pbYRYZCZw,Ugy_ocm9Uq1imbjbk4l4AaABAg,"{'videoId': 'zEfTDpfyt1o', 'topLevelComment': {'kind': 'youtube#comment', 'etag': 'OPwpcsRLMlrNqO0Vx0lOKq4L1mM', 'id': 'Ugy_ocm9Uq1imbjbk4l4AaABAg', 'snippet': {'videoId': 'zEfTDpfyt1o', 'textDisplay': 'Mas vejam bem, sempre é possível passar um paninho...', 'textOriginal': 'Mas vejam bem, sempre é possível passar um paninho...', 'authorDisplayName': 'Fernando Hjm', 'authorProfileImageUrl': 'https://yt3.ggpht.com/ytc/AGIKgqN53lPJvsQDh_VaXEgnZ4uORbEt6KruYewYQw=s48-c-k-c0x00ffffff-no-rj', 'authorChannelUrl': 'http://www.youtube.com/channel/UCSaWmNpV_E5x4vqHdcv56Bw', 'authorChannelId': {'value': 'UCSaWmNpV_E5x4vqHdcv56Bw'}, 'canRate': True, 'viewerRating': 'none', 'likeCount': 0, 'publishedAt': '2022-10-23T22:29:08Z', 'updatedAt': '2022-10-23T22:29:08Z'}}, 'canReply': True, 'totalReplyCount': 0, 'isPublic': True}",,UCSaWmNpV_E5x4vqHdcv56Bw,2022-10-23T22:29:08Z,"Mas vejam bem, sempre é possível passar um paninho...",QURTSl9pMFR1ODVNWkY3cnU0TnNWcGxDOVY2aHF2T3ZjWjBGd0VWVENNd3NsTEJjYV9QbkxDaldWN2lJYzF5M0RwQkJpLUNRZGhCa2VJZw==,2023-06-08 14:52:44.649370
youtube#commentThread,pQJlm1moJuOiCKyhVrxgJcMkJtY,UgyqqBYlqHc_2uGMhXZ4AaABAg,"{'videoId': 'zEfTDpfyt1o', 'topLevelComment': {'kind': 'youtube#comment', 'etag': 'E1OmKF5UEkrbNJPKsV4h9KjaMqY', 'id': 'UgyqqBYlqHc_2uGMhXZ4AaABAg', 'snippet': {'videoId': 'zEfTDpfyt1o', 'textDisplay': 'Não sou a favor de nenhum tipo de violência, mas os oprimidos nunca devem permitir que seus opressores pratiquem todo tipo de violência.', 'textOriginal': 'Não sou a favor de nenhum tipo de violência, mas os oprimidos nunca devem permitir que seus opressores pratiquem todo tipo de violência.', 'authorDisplayName': 'Eneida Scarambone', 'authorProfileImageUrl': 'https://yt3.ggpht.com/ytc/AGIKgqNUZ2FroyRzlCoBOqJSPA3jntSDOgF6txHpqw0NRA=s48-c-k-c0x00ffffff-no-rj', 'authorChannelUrl': 'http://www.youtube.com/channel/UCIh0_5rv56NcgSRVZOKN-sw', 'authorChannelId': {'value': 'UCIh0_5rv56NcgSRVZOKN-sw'}, 'canRate': True, 'viewerRating': 'none', 'likeCount': 3, 'publishedAt': '2022-10-23T22:29:02Z', 'updatedAt': '2022-10-23T22:29:02Z'}}, 'canReply': True, 'totalReplyCount': 1, 'isPublic': True}","{'comments': [{'kind': 'youtube#comment', 'etag': '7V1FZUmQipmNNix3nuKhJw4Qo2Y', 'id': 'UgyqqBYlqHc_2uGMhXZ4AaABAg.9hYAwwWJIdl9hYDMrgzYsh', 'snippet': {'videoId': 'zEfTDpfyt1o', 'textDisplay': 'Oprimido? Genteee, que sociedade é essa que estamos construindo!? Engraçado que quem não deve à justiça, está em casa descansando, com a família, pra amanhã voltar ao batente, como bom cidadão. Mas aí acontece algo tão grave, como o de hoje, e ainda há pessoas que passam pano pro ocorrido... E isso só porque é apoiador do candidato delas. Ainda que esse candidato tenha &quot;participado&quot; largamente do mensalão, coisa que todo bolsonarista critica. Valores flexíveis...', 'textOriginal': 'Oprimido? Genteee, que sociedade é essa que estamos construindo!? Engraçado que quem não deve à justiça, está em casa descansando, com a família, pra amanhã voltar ao batente, como bom cidadão. Mas aí acontece algo tão grave, como o de hoje, e ainda há pessoas que passam pano pro ocorrido... E isso só porque é apoiador do candidato delas. Ainda que esse candidato tenha ""participado"" largamente do mensalão, coisa que todo bolsonarista critica. Valores flexíveis...', 'parentId': 'UgyqqBYlqHc_2uGMhXZ4AaABAg', 'authorDisplayName': 'Ricardo', 'authorProfileImageUrl': 'https://yt3.ggpht.com/ytc/AGIKgqPx-S4l1k_st73kPaheByWN8gD4E_f0pg83XmNakYup7KprRz8hunAgYf7cMHOH=s48-c-k-c0x00ffffff-no-rj', 'authorChannelUrl': 'http://www.youtube.com/channel/UCJDeJNBpo7M-ne8o2bzxsgQ', 'authorChannelId': {'value': 'UCJDeJNBpo7M-ne8o2bzxsgQ'}, 'canRate': True, 'viewerRating': 'none', 'likeCount': 0, 'publishedAt': '2022-10-23T22:50:11Z', 'updatedAt': '2022-10-23T22:50:11Z'}}]}",UCIh0_5rv56NcgSRVZOKN-sw,2022-10-23T22:29:02Z,"Não sou a favor de nenhum tipo de violência, mas os oprimidos nunca devem permitir que seus opressores pratiquem todo tipo de violência.",QURTSl9pMFR1ODVNWkY3cnU0TnNWcGxDOVY2aHF2T3ZjWjBGd0VWVENNd3NsTEJjYV9QbkxDaldWN2lJYzF5M0RwQkJpLUNRZGhCa2VJZw==,2023-06-08 14:52:44.649370
youtube#commentThread,BFwEYaA3UjwxCxQ3xMSIDqT7U6w,UgwUTy82H0fSXUprwcd4AaABAg,"{'videoId': 'zEfTDpfyt1o', 'topLevelComment': {'kind': 'youtube#comment', 'etag': '4ZQJjbwsp2UoasD-RTHE6wzU8OI', 'id': 'UgwUTy82H0fSXUprwcd4AaABAg', 'snippet': {'videoId': 'zEfTDpfyt1o', 'textDisplay': 'Gente que inferno,,Lamentável o tecido social está se rasgando,,a violência é a ultimo degrau depois é  o caos.Que coisa triste,,vamos Orar.', 'textOriginal': 'Gente que inferno,,Lamentável o tecido social está se rasgando,,a violência é a ultimo degrau depois é  o caos.Que coisa triste,,vamos Orar.', 'authorDisplayName': 'Liliane Gaudie', 'authorProfileImageUrl': 'https://yt3.ggpht.com/ytc/AGIKgqNEQTY_LaP6OPPKawuS0gNrqsQb-O4g4dEgnXFw_MjhOFhV8DIUVmWpL0th2UcG=s48-c-k-c0x00ffffff-no-rj', 'authorChannelUrl': 'http://www.youtube.com/channel/UCz8UspgDAeQO1FWm1MBGT_A', 'authorChannelId': {'value': 'UCz8UspgDAeQO1FWm1MBGT_A'}, 'canRate': True, 'viewerRating': 'none', 'likeCount': 0, 'publishedAt': '2022-10-23T22:29:02Z', 'updatedAt': '2022-10-23T22:30:44Z'}}, 'canReply': True, 'totalReplyCount': 0, 'isPublic': True}",,UCz8UspgDAeQO1FWm1MBGT_A,2022-10-23T22:29:02Z,"Gente que inferno,,Lamentável o tecido social está se rasgando,,a violência é a ultimo degrau depois é  o caos.Que coisa triste,,vamos Orar.",QURTSl9pMFR1ODVNWkY3cnU0TnNWcGxDOVY2aHF2T3ZjWjBGd0VWVENNd3NsTEJjYV9QbkxDaldWN2lJYzF5M0RwQkJpLUNRZGhCa2VJZw==,2023-06-08 14:52:44.649370
youtube#commentThread,pOvpNmFfDNu-IASExm8UNLHpi5Q,UgyCVYxnOA7tyNRQg2l4AaABAg,"{'videoId': 'zEfTDpfyt1o', 'topLevelComment': {'kind': 'youtube#comment', 'etag': 'TuOGQsQRIiE1pa_ywkYicFHqP5g', 'id': 'UgyCVYxnOA7tyNRQg2l4AaABAg', 'snippet': {'videoId': 'zEfTDpfyt1o', 'textDisplay': '🥶🥶🥶🥶🥶Esses fascistas burros têm de serem parados agora, as autoridades judiciaárias precisam &quot;catar&quot; esses loucos e enfiar na cadeia.', 'textOriginal': '🥶🥶🥶🥶🥶Esses fascistas burros têm de serem parados agora, as autoridades judiciaárias precisam ""catar"" esses loucos e enfiar na cadeia.', 'authorDisplayName': 'Lazin Socialista', 'authorProfileImageUrl': 'https://yt3.ggpht.com/ytc/AGIKgqMbkE6nNuGpRutQu06wskefOpc4o5gOvF1oNlATMg=s48-c-k-c0x00ffffff-no-rj', 'authorChannelUrl': 'http://www.youtube.com/channel/UCO9m5ZHhcersNh25uuU_6ng', 'authorChannelId': {'value': 'UCO9m5ZHhcersNh25uuU_6ng'}, 'canRate': True, 'viewerRating': 'none', 'likeCount': 0, 'publishedAt': '2022-10-23T22:28:57Z', 'updatedAt': '2022-10-23T22:28:57Z'}}, 'canReply': True, 'totalReplyCount': 0, 'isPublic': True}",,UCO9m5ZHhcersNh25uuU_6ng,2022-10-23T22:28:57Z,"🥶🥶🥶🥶🥶Esses fascistas burros têm de serem parados agora, as autoridades judiciaárias precisam ""catar"" esses loucos e enfiar na cadeia.",QURTSl9pMFR1ODVNWkY3cnU0TnNWcGxDOVY2aHF2T3ZjWjBGd0VWVENNd3NsTEJjYV9QbkxDaldWN2lJYzF5M0RwQkJpLUNRZGhCa2VJZw==,2023-06-08 14:52:44.649370
youtube#commentThread,16y7bCEAk0zBc9Thb93joiZFrE8,Ugy-MFttvYtug2FT4xV4AaABAg,"{'videoId': 'zEfTDpfyt1o', 'topLevelComment': {'kind': 'youtube#comment', 'etag': 'LEkPPYnZC5abhC9npPFXzQKUnqE', 'id': 'Ugy-MFttvYtug2FT4xV4AaABAg', 'snippet': {'videoId': 'zEfTDpfyt1o', 'textDisplay': 'Infelizmente Roberto Geferson esta representando a população indguinada...mas, gente vamos ter calma,  dia 30 vamos as urnas votar Bolsonaro,  estamos quase conseguindo  ....temos maioria de direita no senado,  vamos mostrar que povo brasileiro vai vencer nas urnas e não com violência.', 'textOriginal': 'Infelizmente Roberto Geferson esta representando a população indguinada...mas, gente vamos ter calma,  dia 30 vamos as urnas votar Bolsonaro,  estamos quase conseguindo  ....temos maioria de direita no senado,  vamos mostrar que povo brasileiro vai vencer nas urnas e não com violência.', 'authorDisplayName': 'willma rosado', 'authorProfileImageUrl': 'https://yt3.ggpht.com/ytc/AGIKgqPtZ42zjvTwVltPcKozeF16pZUhukMoMUctww=s48-c-k-c0x00ffffff-no-rj', 'authorChannelUrl': 'http://www.youtube.com/channel/UCsQ3U4f4h0OW1OGBzSEA3Ig', 'authorChannelId': {'value': 'UCsQ3U4f4h0OW1OGBzSEA3Ig'}, 'canRate': True, 'viewerRating': 'none', 'likeCount': 1, 'publishedAt': '2022-10-23T22:28:56Z', 'updatedAt': '2022-10-23T22:28:56Z'}}, 'canReply': True, 'totalReplyCount': 0, 'isPublic': True}",,UCsQ3U4f4h0OW1OGBzSEA3Ig,2022-10-23T22:28:56Z,"Infelizmente Roberto Geferson esta representando a população indguinada...mas, gente vamos ter calma,  dia 30 vamos as urnas votar Bolsonaro,  estamos quase conseguindo  ....temos maioria de direita no senado,  vamos mostrar que povo brasileiro vai vencer nas urnas e não com violência.",QURTSl9pMFR1ODVNWkY3cnU0TnNWcGxDOVY2aHF2T3ZjWjBGd0VWVENNd3NsTEJjYV9QbkxDaldWN2lJYzF5M0RwQkJpLUNRZGhCa2VJZw==,2023-06-08 14:52:44.649370
youtube#commentThread,5-Wu0ULIpLVu89vRK1XG5w929qA,UgyH11rCPx6Ic2qB3mB4AaABAg,"{'videoId': 'zEfTDpfyt1o', 'topLevelComment': {'kind': 'youtube#comment', 'etag': 'PRVDlkT9lloDGZem_1oSPXAlIIY', 'id': 'UgyH11rCPx6Ic2qB3mB4AaABAg', 'snippet': {'videoId': 'zEfTDpfyt1o', 'textDisplay': 'Tirando a época da ditadura, eu nunca vi, tanta instabilidade no nosso PAÍS. É muito triste 😌', 'textOriginal': 'Tirando a época da ditadura, eu nunca vi, tanta instabilidade no nosso PAÍS. É muito triste 😌', 'authorDisplayName': 'Marcia Eliza Silva', 'authorProfileImageUrl': 'https://yt3.ggpht.com/ytc/AGIKgqNDFkmKL3dB3fAJJerc3jrcX6QWNI4g7Zk_jg=s48-c-k-c0x00ffffff-no-rj', 'authorChannelUrl': 'http://www.youtube.com/channel/UCmAnoVkJI8K4wYv0Bz-XHmA', 'authorChannelId': {'value': 'UCmAnoVkJI8K4wYv0Bz-XHmA'}, 'canRate': True, 'viewerRating': 'none', 'likeCount': 53, 'publishedAt': '2022-10-23T22:28:55Z', 'updatedAt': '2022-10-23T22:28:55Z'}}, 'canReply': True, 'totalReplyCount': 6, 'isPublic': True}","{'comments': [{'kind': 'youtube#comment', 'etag': 'XlmfuFbDwx1h6XxzWkClwHkrOSE', 'id': 'UgyH11rCPx6Ic2qB3mB4AaABAg.9hYAw1VP8Vl9hZh1hlI9Yc', 'snippet': {'videoId': 'zEfTDpfyt1o', 'textDisplay': 'Marcia, ditadura que você fala, era quando o comunismo queria tomar o Brasil, e o exército não deixou???', 'textOriginal': 'Marcia, ditadura que você fala, era quando o comunismo queria tomar o Brasil, e o exército não deixou???', 'parentId': 'UgyH11rCPx6Ic2qB3mB4AaABAg', 'authorDisplayName': 'TT Alien', 'authorProfileImageUrl': 'https://yt3.ggpht.com/ytc/AGIKgqPYJ16XbloZp1nRif2q9UiINjE9b3aLcJFllVpYZmGF8L32gAvFuJ_fm0H5T6oa=s48-c-k-c0x00ffffff-no-rj', 'authorChannelUrl': 'http://www.youtube.com/channel/UCW2wfnPMnXYcWEKcqKjArAA', 'authorChannelId': {'value': 'UCW2wfnPMnXYcWEKcqKjArAA'}, 'canRate': True, 'viewerRating': 'none', 'likeCount': 0, 'publishedAt': '2022-10-24T12:37:25Z', 'updatedAt': '2022-10-24T12:37:25Z'}}, {'kind': 'youtube#comment', 'etag': 'zkKobvxTrDf3ihDR2GshE9jvt9A', 'id': 'UgyH11rCPx6Ic2qB3mB4AaABAg.9hYAw1VP8Vl9hZf4gFcxh9', 'snippet': {'videoId': 'zEfTDpfyt1o', 'textDisplay': 'Mas vc gritou nas ruas eu autorizo mito 😏 uma ditadura conservadora, kkkk', 'textOriginal': 'Mas vc gritou nas ruas eu autorizo mito 😏 uma ditadura conservadora, kkkk', 'parentId': 'UgyH11rCPx6Ic2qB3mB4AaABAg', 'authorDisplayName': 'Jonas', 'authorProfileImageUrl': 'https://yt3.ggpht.com/TKMiCFPpHMMVaPEQox_gMut_JuMgihSaZHnP2GZzQQirWqVOyGw7R0SUOB20JagjxPDteiJ9ZPc=s48-c-k-c0x00ffffff-no-rj', 'authorChannelUrl': 'http://www.youtube.com/channel/UCcaQkrzTPk6CAWASS8anACg', 'authorChannelId': {'value': 'UCcaQkrzTPk6CAWASS8anACg'}, 'canRate': True, 'viewerRating': 'none', 'likeCount': 1, 'publishedAt': '2022-10-24T12:20:21Z', 'updatedAt': '2022-10-24T12:20:21Z'}}, {'kind': 'youtube#comment', 'etag': 'mFYm6kIXqp1OOf91UECSycs9gNQ', 'id': 'UgyH11rCPx6Ic2qB3mB4AaABAg.9hYAw1VP8Vl9hYRp-DHsrY', 'snippet': {'videoId': 'zEfTDpfyt1o', 'textDisplay': '@Lulala Lula Claro, ele n deixou os riquinhos roubar.', 'textOriginal': '@Lulala Lula Claro, ele n deixou os riquinhos roubar.', 'parentId': 'UgyH11rCPx6Ic2qB3mB4AaABAg', 'authorDisplayName': '𝔈𝔲 𝔫𝔞𝔬 𝔰𝔢𝔦', 'authorProfileImageUrl': 'https://yt3.ggpht.com/RC3ZzixKiSHvVWwFjtBpM2fCAdIoSvAOzg2ETY1NTR0PWayl9LhAyoOvacJBH4hSILcMH507=s48-c-k-c0x00ffffff-no-rj', 'authorChannelUrl': 'http://www.youtube.com/channel/UClkPgk9ySw38fxffos1dv3A', 'authorChannelId': {'value': 'UClkPgk9ySw38fxffos1dv3A'}, 'canRate': True, 'viewerRating': 'none', 'likeCount': 2, 'publishedAt': '2022-10-24T00:56:30Z', 'updatedAt': '2022-10-24T00:56:30Z'}}, {'kind': 'youtube#comment', 'etag': 'mYfm4oqiIrincshyJNusrXHbL7A', 'id': 'UgyH11rCPx6Ic2qB3mB4AaABAg.9hYAw1VP8Vl9hYKj-pigok', 'snippet': {'videoId': 'zEfTDpfyt1o', 'textDisplay': 'São os derrotados  de 18 querendo bater de frente...nem começamos ainda...logo o faremos...', 'textOriginal': 'São os derrotados  de 18 querendo bater de frente...nem começamos ainda...logo o faremos...', 'parentId': 'UgyH11rCPx6Ic2qB3mB4AaABAg', 'authorDisplayName': 'Tiburcio Nascimento', 'authorProfileImageUrl': 'https://yt3.ggpht.com/ytc/AGIKgqPYJ16XbloZp1nRif2q9UiINjE9b3aLcJFllVpYZmGF8L32gAvFuJ_fm0H5T6oa=s48-c-k-c0x00ffffff-no-rj', 'authorChannelUrl': 'http://www.youtube.com/channel/UCOpVT2WBtvOTmNgRgNreY3Q', 'authorChannelId': {'value': 'UCOpVT2WBtvOTmNgRgNreY3Q'}, 'canRate': True, 'viewerRating': 'none', 'likeCount': 0, 'publishedAt': '2022-10-23T23:54:31Z', 'updatedAt': '2022-10-23T23:54:31Z'}}, {'kind': 'youtube#comment', 'etag': 'Kv0T7pduvp9Jlp1-Zo24gVvKWU4', 'id': 'UgyH11rCPx6Ic2qB3mB4AaABAg.9hYAw1VP8Vl9hYKWiC9ueA', 'snippet': {'videoId': 'zEfTDpfyt1o', 'textDisplay': '@romebr não! Pela saída de bolsonaro, desde que ele entrou que as coisas ficaram assim.', 'textOriginal': '@romebr não! Pela saída de bolsonaro, desde que ele entrou que as coisas ficaram assim.', 'parentId': 'UgyH11rCPx6Ic2qB3mB4AaABAg', 'authorDisplayName': 'Lulala Lula', 'authorProfileImageUrl': 'https://yt3.ggpht.com/ytc/AGIKgqMq2eFZblw5v2Ia09Wm9pJq7orB3Aoft6U3_MwPs0KglwOfuw5O20f8pkX-hl2g=s48-c-k-c0x00ffffff-no-rj', 'authorChannelUrl': 'http://www.youtube.com/channel/UC8XjRk0fjZyFRotn_1egBSA', 'authorChannelId': {'value': 'UC8XjRk0fjZyFRotn_1egBSA'}, 'canRate': True, 'viewerRating': 'none', 'likeCount': 11, 'publishedAt': '2022-10-23T23:52:42Z', 'updatedAt': '2022-10-23T23:52:42Z'}}]}",UCmAnoVkJI8K4wYv0Bz-XHmA,2022-10-23T22:28:55Z,"Tirando a época da ditadura, eu nunca vi, tanta instabilidade no nosso PAÍS. É muito triste 😌",QURTSl9pMFR1ODVNWkY3cnU0TnNWcGxDOVY2aHF2T3ZjWjBGd0VWVENNd3NsTEJjYV9QbkxDaldWN2lJYzF5M0RwQkJpLUNRZGhCa2VJZw==,2023-06-08 14:52:44.649370
youtube#commentThread,fUTePeIVnCifaFtPr5NnnHqfXRk,UgyPFTUNuewlmXcXOzl4AaABAg,"{'videoId': 'zEfTDpfyt1o', 'topLevelComment': {'kind': 'youtube#comment', 'etag': 'zqanWGA19Lk6S1lkBVhCFabSFj0', 'id': 'UgyPFTUNuewlmXcXOzl4AaABAg', 'snippet': {'videoId': 'zEfTDpfyt1o', 'textDisplay': 'A Rede Globo está colhendo oque plantou.', 'textOriginal': 'A Rede Globo está colhendo oque plantou.', 'authorDisplayName': 'Carlos Moraes', 'authorProfileImageUrl': 'https://yt3.ggpht.com/ytc/AGIKgqOd2wRKoqcRON0z_uikYEhjTNDkx9tf3oJGjA=s48-c-k-c0x00ffffff-no-rj', 'authorChannelUrl': 'http://www.youtube.com/channel/UCY6z5FEd-J2pmDuHscazmBA', 'authorChannelId': {'value': 'UCY6z5FEd-J2pmDuHscazmBA'}, 'canRate': True, 'viewerRating': 'none', 'likeCount': 0, 'publishedAt': '2022-10-23T22:28:51Z', 'updatedAt': '2022-10-23T22:28:51Z'}}, 'canReply': True, 'totalReplyCount': 0, 'isPublic': True}",,UCY6z5FEd-J2pmDuHscazmBA,2022-10-23T22:28:51Z,A Rede Globo está colhendo oque plantou.,QURTSl9pMFR1ODVNWkY3cnU0TnNWcGxDOVY2aHF2T3ZjWjBGd0VWVENNd3NsTEJjYV9QbkxDaldWN2lJYzF5M0RwQkJpLUNRZGhCa2VJZw==,2023-06-08 14:52:44.649370
youtube#commentThread,CxAhLQibC4aBX7uUTewIX9nEdaM,UgxZFP0gd7Sv4MjHVep4AaABAg,"{'videoId': 'zEfTDpfyt1o', 'topLevelComment': {'kind': 'youtube#comment', 'etag': 'qxYMhadrk2j7GGp-ii0GY2OC_Eg', 'id': 'UgxZFP0gd7Sv4MjHVep4AaABAg', 'snippet': {'videoId': 'zEfTDpfyt1o', 'textDisplay': 'Estão querendo acender o estopim da bomba !!!', 'textOriginal': 'Estão querendo acender o estopim da bomba !!!', 'authorDisplayName': 'Espedito Duarte Florencio', 'authorProfileImageUrl': 'https://yt3.ggpht.com/ytc/AGIKgqO2jp4H54eijjwB5wFh07Mp-WXxPabYOqe2QA=s48-c-k-c0x00ffffff-no-rj', 'authorChannelUrl': 'http://www.youtube.com/channel/UCmwRCISRl0L5i6tWtgqIfWw', 'authorChannelId': {'value': 'UCmwRCISRl0L5i6tWtgqIfWw'}, 'canRate': True, 'viewerRating': 'none', 'likeCount': 0, 'publishedAt': '2022-10-23T22:28:49Z', 'updatedAt': '2022-10-23T22:28:49Z'}}, 'canReply': True, 'totalReplyCount': 0, 'isPublic': True}",,UCmwRCISRl0L5i6tWtgqIfWw,2022-10-23T22:28:49Z,Estão querendo acender o estopim da bomba !!!,QURTSl9pMFR1ODVNWkY3cnU0TnNWcGxDOVY2aHF2T3ZjWjBGd0VWVENNd3NsTEJjYV9QbkxDaldWN2lJYzF5M0RwQkJpLUNRZGhCa2VJZw==,2023-06-08 14:52:44.649370
youtube#commentThread,wRquZFVg98OM0ov3O_pj4IB033M,UgxNoQaLVCK6Q444ylJ4AaABAg,"{'videoId': 'zEfTDpfyt1o', 'topLevelComment': {'kind': 'youtube#comment', 'etag': '0srIJ4xSCPJ1AImim-jlim3ppuE', 'id': 'UgxNoQaLVCK6Q444ylJ4AaABAg', 'snippet': {'videoId': 'zEfTDpfyt1o', 'textDisplay': 'Alexandre causa DESORDEMNO BRASIL', 'textOriginal': 'Alexandre causa DESORDEMNO BRASIL', 'authorDisplayName': 'Patrícia Passos', 'authorProfileImageUrl': 'https://yt3.ggpht.com/ytc/AGIKgqP8bJ15TspVq-Ui2zTFlZmvpwxKCXZy4O4Mj-yBQWU=s48-c-k-c0x00ffffff-no-rj', 'authorChannelUrl': 'http://www.youtube.com/channel/UCViRYmOobRERS8MCCA9_NDw', 'authorChannelId': {'value': 'UCViRYmOobRERS8MCCA9_NDw'}, 'canRate': True, 'viewerRating': 'none', 'likeCount': 0, 'publishedAt': '2022-10-23T22:28:48Z', 'updatedAt': '2022-10-23T22:28:48Z'}}, 'canReply': True, 'totalReplyCount': 0, 'isPublic': True}",,UCViRYmOobRERS8MCCA9_NDw,2022-10-23T22:28:48Z,Alexandre causa DESORDEMNO BRASIL,QURTSl9pMFR1ODVNWkY3cnU0TnNWcGxDOVY2aHF2T3ZjWjBGd0VWVENNd3NsTEJjYV9QbkxDaldWN2lJYzF5M0RwQkJpLUNRZGhCa2VJZw==,2023-06-08 14:52:44.649370
youtube#commentThread,vO1HRkVLlSh9z_VPGPJ9X-aClRI,Ugze3gpaFeLkuPN2PPV4AaABAg,"{'videoId': 'zEfTDpfyt1o', 'topLevelComment': {'kind': 'youtube#comment', 'etag': 'cKVnUShYLbjmUznTKwYFxEtzpiw', 'id': 'Ugze3gpaFeLkuPN2PPV4AaABAg', 'snippet': {'videoId': 'zEfTDpfyt1o', 'textDisplay': 'TÊM  EMISSORA  QUE. NÃO  FAZ  REPORTAGEM , FAZ  É  ILAÇÕES  E  CALÚNIAS.', 'textOriginal': 'TÊM  EMISSORA  QUE. NÃO  FAZ  REPORTAGEM , FAZ  É  ILAÇÕES  E  CALÚNIAS.', 'authorDisplayName': 'Robisom Moreira', 'authorProfileImageUrl': 'https://yt3.ggpht.com/ytc/AGIKgqOiXfG-R0I-em_7-rXz017RK-ayfHx5ErXRlY4TiFcaYpBLnGhNN9gh_EZo11Wc=s48-c-k-c0x00ffffff-no-rj', 'authorChannelUrl': 'http://www.youtube.com/channel/UCSJXgPgiX629gZYeVJPt3SQ', 'authorChannelId': {'value': 'UCSJXgPgiX629gZYeVJPt3SQ'}, 'canRate': True, 'viewerRating': 'none', 'likeCount': 0, 'publishedAt': '2022-10-23T22:28:45Z', 'updatedAt': '2022-10-23T22:28:45Z'}}, 'canReply': True, 'totalReplyCount': 0, 'isPublic': True}",,UCSJXgPgiX629gZYeVJPt3SQ,2022-10-23T22:28:45Z,"TÊM  EMISSORA  QUE. NÃO  FAZ  REPORTAGEM , FAZ  É  ILAÇÕES  E  CALÚNIAS.",QURTSl9pMFR1ODVNWkY3cnU0TnNWcGxDOVY2aHF2T3ZjWjBGd0VWVENNd3NsTEJjYV9QbkxDaldWN2lJYzF5M0RwQkJpLUNRZGhCa2VJZw==,2023-06-08 14:52:44.649370
youtube#commentThread,ceNQIuDFagMDCVBghaVcOUKoSog,UgxbfbRDnjFq9g6Z_rl4AaABAg,"{'videoId': 'zEfTDpfyt1o', 'topLevelComment': {'kind': 'youtube#comment', 'etag': '0_KE-QOglNVIrs5pJhEJSqV5JLA', 'id': 'UgxbfbRDnjFq9g6Z_rl4AaABAg', 'snippet': {'videoId': 'zEfTDpfyt1o', 'textDisplay': 'Misericórdia gente! Sem violência. Não se pode chegar a esse ponto. Sei que estão todos muito nervosos,mas é só se afastar.', 'textOriginal': 'Misericórdia gente! Sem violência. Não se pode chegar a esse ponto. Sei que estão todos muito nervosos,mas é só se afastar.', 'authorDisplayName': 'Bete Lucia', 'authorProfileImageUrl': 'https://yt3.ggpht.com/ytc/AGIKgqNvg3csHyrcH0d9T4_JjVPubCqkc-bUAfT0WQ=s48-c-k-c0x00ffffff-no-rj', 'authorChannelUrl': 'http://www.youtube.com/channel/UCFcpVFJOp3jKj-xoFJ37m9A', 'authorChannelId': {'value': 'UCFcpVFJOp3jKj-xoFJ37m9A'}, 'canRate': True, 'viewerRating': 'none', 'likeCount': 97, 'publishedAt': '2022-10-23T22:28:41Z', 'updatedAt': '2022-10-23T22:28:41Z'}}, 'canReply': True, 'totalReplyCount': 11, 'isPublic': True}","{'comments': [{'kind': 'youtube#comment', 'etag': 'JgQw5xoK1wuJH2AZMNMhOa2vK_Q', 'id': 'UgxbfbRDnjFq9g6Z_rl4AaABAg.9hYAuOE2zKr9hawY3rAza_', 'snippet': {'videoId': 'zEfTDpfyt1o', 'textDisplay': 'Bolsonarista age na violência, e agride em no e de Deus.', 'textOriginal': 'Bolsonarista age na violência, e agride em no e de Deus.', 'parentId': 'UgxbfbRDnjFq9g6Z_rl4AaABAg', 'authorDisplayName': 'Alberto Silva', 'authorProfileImageUrl': 'https://yt3.ggpht.com/ytc/AGIKgqONGURnt2jTvtcyn2sPTP8axK2xletocUfLDcYqRQ=s48-c-k-c0x00ffffff-no-rj', 'authorChannelUrl': 'http://www.youtube.com/channel/UCsV2wmC9NXxEo4HfhYIse_Q', 'authorChannelId': {'value': 'UCsV2wmC9NXxEo4HfhYIse_Q'}, 'canRate': True, 'viewerRating': 'none', 'likeCount': 0, 'publishedAt': '2022-10-25T09:31:24Z', 'updatedAt': '2022-10-25T09:31:24Z'}}, {'kind': 'youtube#comment', 'etag': 'NrgUQrBLdr8SU8xClSXQ6V5wqu8', 'id': 'UgxbfbRDnjFq9g6Z_rl4AaABAg.9hYAuOE2zKr9h_6WgA0GNz', 'snippet': {'videoId': 'zEfTDpfyt1o', 'textDisplay': '@Tiburcio Nascimento e você tem valor coragem dignidade covarde 😝😝😝', 'textOriginal': '@Tiburcio Nascimento e você tem valor coragem dignidade covarde 😝😝😝', 'parentId': 'UgxbfbRDnjFq9g6Z_rl4AaABAg', 'authorDisplayName': 'Eulalito Vendramini filho', 'authorProfileImageUrl': 'https://yt3.ggpht.com/G0Aq3e9oSq718ma53Z20FqGXk2MPxue3bNDMp2kwRvc3b_Z4kUgMgOklDqHMy9XEhNa-Y1DULA=s48-c-k-c0x00ffffff-no-rj', 'authorChannelUrl': 'http://www.youtube.com/channel/UCwIBH-Tmrwcpk2k5JLI7FeQ', 'authorChannelId': {'value': 'UCwIBH-Tmrwcpk2k5JLI7FeQ'}, 'canRate': True, 'viewerRating': 'none', 'likeCount': 0, 'publishedAt': '2022-10-24T16:28:50Z', 'updatedAt': '2022-10-24T16:28:50Z'}}, {'kind': 'youtube#comment', 'etag': 'SYfyqOd7YVsnsBnSKfw-940tV5o', 'id': 'UgxbfbRDnjFq9g6Z_rl4AaABAg.9hYAuOE2zKr9hZqLv-CMQ3', 'snippet': {'videoId': 'zEfTDpfyt1o', 'textDisplay': '@Tiburcio Nascimento  vc tá é louco né, ou tá brincando ??', 'textOriginal': '@Tiburcio Nascimento  vc tá é louco né, ou tá brincando ??', 'parentId': 'UgxbfbRDnjFq9g6Z_rl4AaABAg', 'authorDisplayName': '🇧🇷 Angel 🇧🇷', 'authorProfileImageUrl': 'https://yt3.ggpht.com/Ej99lmOypffQb5HHkBk4U-iyzWMGlZNICKt3VAwWbnybWygAuAGpVAA8LSw7mnuUzk_1EGAPHw=s48-c-k-c0x00ffffff-no-rj', 'authorChannelUrl': 'http://www.youtube.com/channel/UCI2GVU01wzbKVpyAU41hvlg', 'authorChannelId': {'value': 'UCI2GVU01wzbKVpyAU41hvlg'}, 'canRate': True, 'viewerRating': 'none', 'likeCount': 0, 'publishedAt': '2022-10-24T13:58:49Z', 'updatedAt': '2022-10-24T13:58:49Z'}}, {'kind': 'youtube#comment', 'etag': 'EBZWYs6METfeM4CBHBNZPEapVjQ', 'id': 'UgxbfbRDnjFq9g6Z_rl4AaABAg.9hYAuOE2zKr9hYwE2GE931', 'snippet': {'videoId': 'zEfTDpfyt1o', 'textDisplay': '@Joelma Teles s dois sexo masculino', 'textOriginal': '@Joelma Teles s dois sexo masculino', 'parentId': 'UgxbfbRDnjFq9g6Z_rl4AaABAg', 'authorDisplayName': 'Rogerio Tumelero', 'authorProfileImageUrl': 'https://yt3.ggpht.com/ytc/AGIKgqNxSS5sRRS0JTlGFkuHxl-KCfS8ZoYhILcm1XSi=s48-c-k-c0x00ffffff-no-rj', 'authorChannelUrl': 'http://www.youtube.com/channel/UCocVtTc9_HA3LjLGmcAIRvA', 'authorChannelId': {'value': 'UCocVtTc9_HA3LjLGmcAIRvA'}, 'canRate': True, 'viewerRating': 'none', 'likeCount': 0, 'publishedAt': '2022-10-24T05:30:56Z', 'updatedAt': '2022-10-24T05:30:56Z'}}, {'kind': 'youtube#comment', 'etag': 'aeNIryBFNEwLR5Bbxpd0rp98U6s', 'id': 'UgxbfbRDnjFq9g6Z_rl4AaABAg.9hYAuOE2zKr9hYv-i4bqHd', 'snippet': {'videoId': 'zEfTDpfyt1o', 'textDisplay': '@Tiburcio Nascimento Uq cê tá falando cara kkkkkkkk', 'textOriginal': '@Tiburcio Nascimento Uq cê tá falando cara kkkkkkkk', 'parentId': 'UgxbfbRDnjFq9g6Z_rl4AaABAg', 'authorDisplayName': 'Gb_rlk🏳️', 'authorProfileImageUrl': 'https://yt3.ggpht.com/CYSu5VfTDI6jp80xyYbzGavjnDu14J-rmTLgczaTxAAdbcXWUMgv_oGvlfF_MM2e0q8lUwmmhK4=s48-c-k-c0x00ffffff-no-rj', 'authorChannelUrl': 'http://www.youtube.com/channel/UC50yXMVXuj59nP3-ECPa0FA', 'authorChannelId': {'value': 'UC50yXMVXuj59nP3-ECPa0FA'}, 'canRate': True, 'viewerRating': 'none', 'likeCount': 3, 'publishedAt': '2022-10-24T05:20:15Z', 'updatedAt': '2022-10-24T05:20:15Z'}}]}",UCFcpVFJOp3jKj-xoFJ37m9A,2022-10-23T22:28:41Z,"Misericórdia gente! Sem violência. Não se pode chegar a esse ponto. Sei que estão todos muito nervosos,mas é só se afastar.",QURTSl9pMFR1ODVNWkY3cnU0TnNWcGxDOVY2aHF2T3ZjWjBGd0VWVENNd3NsTEJjYV9QbkxDaldWN2lJYzF5M0RwQkJpLUNRZGhCa2VJZw==,2023-06-08 14:52:44.649370
youtube#commentThread,W7PjenjrG1nVjAjMPfpUqq0up0I,UgzfQQ5EfOMNuvJX5ht4AaABAg,"{'videoId': 'zEfTDpfyt1o', 'topLevelComment': {'kind': 'youtube#comment', 'etag': 'qLnSN_T17h-7Qo0JNFvgMQ74b1A', 'id': 'UgzfQQ5EfOMNuvJX5ht4AaABAg', 'snippet': {'videoId': 'zEfTDpfyt1o', 'textDisplay': 'O povo esta vendo tudo, e já não aguenta mais ver os jornalistas distorcendo tudo oque é vdd em mentiras!!!', 'textOriginal': 'O povo esta vendo tudo, e já não aguenta mais ver os jornalistas distorcendo tudo oque é vdd em mentiras!!!', 'authorDisplayName': 'TT Alien', 'authorProfileImageUrl': 'https://yt3.ggpht.com/ytc/AGIKgqPYJ16XbloZp1nRif2q9UiINjE9b3aLcJFllVpYZmGF8L32gAvFuJ_fm0H5T6oa=s48-c-k-c0x00ffffff-no-rj', 'authorChannelUrl': 'http://www.youtube.com/channel/UCW2wfnPMnXYcWEKcqKjArAA', 'authorChannelId': {'value': 'UCW2wfnPMnXYcWEKcqKjArAA'}, 'canRate': True, 'viewerRating': 'none', 'likeCount': 2, 'publishedAt': '2022-10-23T22:28:39Z', 'updatedAt': '2022-10-23T22:28:39Z'}}, 'canReply': True, 'totalReplyCount': 0, 'isPublic': True}",,UCW2wfnPMnXYcWEKcqKjArAA,2022-10-23T22:28:39Z,"O povo esta vendo tudo, e já não aguenta mais ver os jornalistas distorcendo tudo oque é vdd em mentiras!!!",QURTSl9pMFR1ODVNWkY3cnU0TnNWcGxDOVY2aHF2T3ZjWjBGd0VWVENNd3NsTEJjYV9QbkxDaldWN2lJYzF5M0RwQkJpLUNRZGhCa2VJZw==,2023-06-08 14:52:44.649370
youtube#commentThread,JyZQZ9bF10KicH2yFy8cFBJwbvk,UgwEzC2cwEZAH_CAFpt4AaABAg,"{'videoId': 'zEfTDpfyt1o', 'topLevelComment': {'kind': 'youtube#comment', 'etag': 'l-G6FTLU1-tORjKDn3ONV6Kw59E', 'id': 'UgwEzC2cwEZAH_CAFpt4AaABAg', 'snippet': {'videoId': 'zEfTDpfyt1o', 'textDisplay': 'O que vão usar agora esses fatos contra o Bolsonaro não vai ser brincadeira !<br>Esse doido varrido do Jefferson não podia deixar pra ter pit depois das eleições?', 'textOriginal': 'O que vão usar agora esses fatos contra o Bolsonaro não vai ser brincadeira !\\nEsse doido varrido do Jefferson não podia deixar pra ter pit depois das eleições?', 'authorDisplayName': 'Re Garge', 'authorProfileImageUrl': 'https://yt3.ggpht.com/ytc/AGIKgqOlvAVFf0k5cQitkHzhbCtqscGM7WA1A3EQoE-TrWG5iz3tLvqKhVATC9DJtM-T=s48-c-k-c0x00ffffff-no-rj', 'authorChannelUrl': 'http://www.youtube.com/channel/UCXGJiM5K0yqkEe3uD2t7Fkg', 'authorChannelId': {'value': 'UCXGJiM5K0yqkEe3uD2t7Fkg'}, 'canRate': True, 'viewerRating': 'none', 'likeCount': 0, 'publishedAt': '2022-10-23T22:28:39Z', 'updatedAt': '2022-10-23T22:31:01Z'}}, 'canReply': True, 'totalReplyCount': 0, 'isPublic': True}",,UCXGJiM5K0yqkEe3uD2t7Fkg,2022-10-23T22:28:39Z,"O que vão usar agora esses fatos contra o Bolsonaro não vai ser brincadeira !
Esse doido varrido do Jefferson não podia deixar pra ter pit depois das eleições?",QURTSl9pMWwtbEthQnFKZmJuZy13cmk3NmtQcWFaSVpyYXVJYnZrVTZJa2Q3RnppTVhfTFBNazg2dkZqa0VrQUx4RmQzaEhQR0psUk1pUQ==,2023-06-08 14:52:45.506398
youtube#commentThread,NqQKtVlw_JDVLHIRhoazC_rzuPM,Ugzomo145vAovqm5PwN4AaABAg,"{'videoId': 'zEfTDpfyt1o', 'topLevelComment': {'kind': 'youtube#comment', 'etag': 'AFaMp26ol0KvNX1c73rQ9sCE-Fk', 'id': 'Ugzomo145vAovqm5PwN4AaABAg', 'snippet': {'videoId': 'zEfTDpfyt1o', 'textDisplay': 'A violência não é justificavel<br>Isso não justifica é lamentável <br>O problema é que o povo está <br>Cansado de tantas injustiças<br>Nesse pais😡😡+ o cara só tá <br>Fazendo o seu trabalho e com<br>Certeza é um pai de familia. <br>Muito triste tudo isso😢', 'textOriginal': 'A violência não é justificavel\\nIsso não justifica é lamentável \\nO problema é que o povo está \\nCansado de tantas injustiças\\nNesse pais😡😡+ o cara só tá \\nFazendo o seu trabalho e com\\nCerteza é um pai de familia. \\nMuito triste tudo isso😢', 'authorDisplayName': 'Ana Paula', 'authorProfileImageUrl': 'https://yt3.ggpht.com/ytc/AGIKgqPbLypS6Gexe4SSV4nILJemORpVkdLm39wfCg=s48-c-k-c0x00ffffff-no-rj', 'authorChannelUrl': 'http://www.youtube.com/channel/UCE3ZE7DMpAncVkaugK8AYEA', 'authorChannelId': {'value': 'UCE3ZE7DMpAncVkaugK8AYEA'}, 'canRate': True, 'viewerRating': 'none', 'likeCount': 38, 'publishedAt': '2022-10-23T22:28:37Z', 'updatedAt': '2022-10-23T22:28:37Z'}}, 'canReply': True, 'totalReplyCount': 5, 'isPublic': True}","{'comments': [{'kind': 'youtube#comment', 'etag': 'YdiIM4e9d_9ijcBmjQfZJCcLM00', 'id': 'Ugzomo145vAovqm5PwN4AaABAg.9hYAtrM5qOh9hYSlhNdJVe', 'snippet': {'videoId': 'zEfTDpfyt1o', 'textDisplay': '@FuckTheState Vivem de sangue e lacração..párias da sociedade se passando por repórteres', 'textOriginal': '@FuckTheState Vivem de sangue e lacração..párias da sociedade se passando por repórteres', 'parentId': 'Ugzomo145vAovqm5PwN4AaABAg', 'authorDisplayName': 'Tiburcio Nascimento', 'authorProfileImageUrl': 'https://yt3.ggpht.com/ytc/AGIKgqPYJ16XbloZp1nRif2q9UiINjE9b3aLcJFllVpYZmGF8L32gAvFuJ_fm0H5T6oa=s48-c-k-c0x00ffffff-no-rj', 'authorChannelUrl': 'http://www.youtube.com/channel/UCOpVT2WBtvOTmNgRgNreY3Q', 'authorChannelId': {'value': 'UCOpVT2WBtvOTmNgRgNreY3Q'}, 'canRate': True, 'viewerRating': 'none', 'likeCount': 0, 'publishedAt': '2022-10-24T01:04:47Z', 'updatedAt': '2022-10-24T01:04:47Z'}}, {'kind': 'youtube#comment', 'etag': 'uRU2h0T_bA6JwvvdaUk5Y1oMBNU', 'id': 'Ugzomo145vAovqm5PwN4AaABAg.9hYAtrM5qOh9hYD-tgWPox', 'snippet': {'videoId': 'zEfTDpfyt1o', 'textDisplay': 'Com certeza!', 'textOriginal': 'Com certeza!', 'parentId': 'Ugzomo145vAovqm5PwN4AaABAg', 'authorDisplayName': 'Edna Diniz', 'authorProfileImageUrl': 'https://yt3.ggpht.com/ytc/AGIKgqOFW2EAg3PlsScqvA4ijpfMKzL--4BC5onxcw=s48-c-k-c0x00ffffff-no-rj', 'authorChannelUrl': 'http://www.youtube.com/channel/UCvHpD-PnRXl9tn5yiD4ezqw', 'authorChannelId': {'value': 'UCvHpD-PnRXl9tn5yiD4ezqw'}, 'canRate': True, 'viewerRating': 'none', 'likeCount': 0, 'publishedAt': '2022-10-23T22:47:03Z', 'updatedAt': '2022-10-23T22:47:03Z'}}, {'kind': 'youtube#comment', 'etag': 'L3SQ98bHTPnxiPias3-LhCkHzXM', 'id': 'Ugzomo145vAovqm5PwN4AaABAg.9hYAtrM5qOh9hYCq-wHBmH', 'snippet': {'videoId': 'zEfTDpfyt1o', 'textDisplay': 'Ele é apenas um profissional. De repente ele nem tem a mesma ideologia da empresa em que ele trabalha. E se tiver ele é livre e tem direito a ter as suas opiniões também, assim como nós temos as nossas. Mas isso tudo poderia ter sido evitado se não fosse essa ditadura desse maluco desse Alexandre de Moraes que faz tudo errado, tudo inconstitucional. Totalmente despreparado. A culpa de tudo isso que está acontecendo é dele! E ele vai pagar caro por isso! Tenho fé em Deus! Tenho fé na justiça de Deus.', 'textOriginal': 'Ele é apenas um profissional. De repente ele nem tem a mesma ideologia da empresa em que ele trabalha. E se tiver ele é livre e tem direito a ter as suas opiniões também, assim como nós temos as nossas. Mas isso tudo poderia ter sido evitado se não fosse essa ditadura desse maluco desse Alexandre de Moraes que faz tudo errado, tudo inconstitucional. Totalmente despreparado. A culpa de tudo isso que está acontecendo é dele! E ele vai pagar caro por isso! Tenho fé em Deus! Tenho fé na justiça de Deus.', 'parentId': 'Ugzomo145vAovqm5PwN4AaABAg', 'authorDisplayName': 'Cristine Amarante', 'authorProfileImageUrl': 'https://yt3.ggpht.com/ytc/AGIKgqPVfnmSaHR9Obx41yFFZYgCfp70uoTjA1ro4g=s48-c-k-c0x00ffffff-no-rj', 'authorChannelUrl': 'http://www.youtube.com/channel/UCHkE-osu3-O4UL84VlPCX0Q', 'authorChannelId': {'value': 'UCHkE-osu3-O4UL84VlPCX0Q'}, 'canRate': True, 'viewerRating': 'none', 'likeCount': 5, 'publishedAt': '2022-10-23T22:45:34Z', 'updatedAt': '2022-10-23T22:47:35Z'}}, {'kind': 'youtube#comment', 'etag': 'FKqlGDgS4TXJnVnbx2V8dV_dgtU', 'id': 'Ugzomo145vAovqm5PwN4AaABAg.9hYAtrM5qOh9hYCMrmSqyI', 'snippet': {'videoId': 'zEfTDpfyt1o', 'textDisplay': 'absurdo  principalmente quando um autoridade incentiva  a violência. <br>.. né', 'textOriginal': 'absurdo  principalmente quando um autoridade incentiva  a violência. \\n.. né', 'parentId': 'Ugzomo145vAovqm5PwN4AaABAg', 'authorDisplayName': 'Alferes Ferreira', 'authorProfileImageUrl': 'https://yt3.ggpht.com/ytc/AGIKgqP_CdQnIDCmXYguE_VKHGJfGegViC49QaIuA7Am5A=s48-c-k-c0x00ffffff-no-rj', 'authorChannelUrl': 'http://www.youtube.com/channel/UCqHnkpvSALtlSuZgJV6fqBQ', 'authorChannelId': {'value': 'UCqHnkpvSALtlSuZgJV6fqBQ'}, 'canRate': True, 'viewerRating': 'none', 'likeCount': 2, 'publishedAt': '2022-10-23T22:41:27Z', 'updatedAt': '2022-10-23T22:41:27Z'}}, {'kind': 'youtube#comment', 'etag': '7I0oXIXGuMzMhWMQe10YUEKbfJk', 'id': 'Ugzomo145vAovqm5PwN4AaABAg.9hYAtrM5qOh9hYBCSuDCf-', 'snippet': {'videoId': 'zEfTDpfyt1o', 'textDisplay': 'É justificável sim. Esse tipo de gente que você defende é aquele mesmo grupo que na pandemia aplaudiu a polícia batendo em cidadão na rua.', 'textOriginal': 'É justificável sim. Esse tipo de gente que você defende é aquele mesmo grupo que na pandemia aplaudiu a polícia batendo em cidadão na rua.', 'parentId': 'Ugzomo145vAovqm5PwN4AaABAg', 'authorDisplayName': 'FuckTheState', 'authorProfileImageUrl': 'https://yt3.ggpht.com/ytc/AGIKgqPHdgXc_-NnUPpyAiwhaY4y69h7gBq4nM2jfEwH=s48-c-k-c0x00ffffff-no-rj', 'authorChannelUrl': 'http://www.youtube.com/channel/UCx0qgYKDPFxRxPhLfTBfCDQ', 'authorChannelId': {'value': 'UCx0qgYKDPFxRxPhLfTBfCDQ'}, 'canRate': True, 'viewerRating': 'none', 'likeCount': 3, 'publishedAt': '2022-10-23T22:31:17Z', 'updatedAt': '2022-10-23T22:31:17Z'}}]}",UCE3ZE7DMpAncVkaugK8AYEA,2022-10-23T22:28:37Z,"A violência não é justificavel
Isso não justifica é lamentável 
O problema é que o povo está 
Cansado de tantas injustiças
Nesse pais😡😡+ o cara só tá 
Fazendo o seu trabalho e com
Certeza é um pai de familia. 
Muito triste tudo isso😢",QURTSl9pMWwtbEthQnFKZmJuZy13cmk3NmtQcWFaSVpyYXVJYnZrVTZJa2Q3RnppTVhfTFBNazg2dkZqa0VrQUx4RmQzaEhQR0psUk1pUQ==,2023-06-08 14:52:45.506398
youtube#commentThread,11GD0SLkYYbJwHNuFMyNdOonGWA,Ugyycq92102zI0ZtPLl4AaABAg,"{'videoId': 'zEfTDpfyt1o', 'topLevelComment': {'kind': 'youtube#comment', 'etag': 'UGK3VCLKzD46LE7Fm9DWy7giPf4', 'id': 'Ugyycq92102zI0ZtPLl4AaABAg', 'snippet': {'videoId': 'zEfTDpfyt1o', 'textDisplay': 'Tenho medo deste episódio ruim respingue no Nosso Presidente  depois de uma linda live de 23 horas!!!', 'textOriginal': 'Tenho medo deste episódio ruim respingue no Nosso Presidente  depois de uma linda live de 23 horas!!!', 'authorDisplayName': 'Luzia Cristina', 'authorProfileImageUrl': 'https://yt3.ggpht.com/ytc/AGIKgqMQ_00gwFg-YKqO1rIpg1KLPnVjx5seSG7mhw=s48-c-k-c0x00ffffff-no-rj', 'authorChannelUrl': 'http://www.youtube.com/channel/UCvEGMyy6abwiAize1n_xJfw', 'authorChannelId': {'value': 'UCvEGMyy6abwiAize1n_xJfw'}, 'canRate': True, 'viewerRating': 'none', 'likeCount': 2, 'publishedAt': '2022-10-23T22:28:35Z', 'updatedAt': '2022-10-23T22:28:35Z'}}, 'canReply': True, 'totalReplyCount': 0, 'isPublic': True}",,UCvEGMyy6abwiAize1n_xJfw,2022-10-23T22:28:35Z,Tenho medo deste episódio ruim respingue no Nosso Presidente  depois de uma linda live de 23 horas!!!,QURTSl9pMWwtbEthQnFKZmJuZy13cmk3NmtQcWFaSVpyYXVJYnZrVTZJa2Q3RnppTVhfTFBNazg2dkZqa0VrQUx4RmQzaEhQR0psUk1pUQ==,2023-06-08 14:52:45.506398
youtube#commentThread,tygM8QcYRTWqNwtLj4uGmFSnkmM,UgwHhrP9bfAFQL-Xc2J4AaABAg,"{'videoId': 'zEfTDpfyt1o', 'topLevelComment': {'kind': 'youtube#comment', 'etag': 'C-kYqrtGh4GTgfy8QmG4OWHrX94', 'id': 'UgwHhrP9bfAFQL-Xc2J4AaABAg', 'snippet': {'videoId': 'zEfTDpfyt1o', 'textDisplay': 'A imprensa está provocando e esticando acorda! São responsáveis em parte pelo que está acontecendo. Sabemos o que esse reporter fez, para que isso acontecesse?  Todo reporter agora é SANTO?', 'textOriginal': 'A imprensa está provocando e esticando acorda! São responsáveis em parte pelo que está acontecendo. Sabemos o que esse reporter fez, para que isso acontecesse?  Todo reporter agora é SANTO?', 'authorDisplayName': 'Criador Tomaz - Criatório Progresso - Imbituba-SC', 'authorProfileImageUrl': 'https://yt3.ggpht.com/ESxAua4p8xAkqs5HHcb4Wb8ZBic4cFw9lYlQ95QsQiG58C2KS6r8uxpyzTwQKSEiAeQoF4b_aA=s48-c-k-c0x00ffffff-no-rj', 'authorChannelUrl': 'http://www.youtube.com/channel/UCIT6qp71G_jI3vYqjJZrYqA', 'authorChannelId': {'value': 'UCIT6qp71G_jI3vYqjJZrYqA'}, 'canRate': True, 'viewerRating': 'none', 'likeCount': 0, 'publishedAt': '2022-10-23T22:28:31Z', 'updatedAt': '2022-10-23T22:28:31Z'}}, 'canReply': True, 'totalReplyCount': 0, 'isPublic': True}",,UCIT6qp71G_jI3vYqjJZrYqA,2022-10-23T22:28:31Z,"A imprensa está provocando e esticando acorda! São responsáveis em parte pelo que está acontecendo. Sabemos o que esse reporter fez, para que isso acontecesse?  Todo reporter agora é SANTO?",QURTSl9pMWwtbEthQnFKZmJuZy13cmk3NmtQcWFaSVpyYXVJYnZrVTZJa2Q3RnppTVhfTFBNazg2dkZqa0VrQUx4RmQzaEhQR0psUk1pUQ==,2023-06-08 14:52:45.506398
youtube#commentThread,Dx1ba2tRHeWKy7GtUupOJBRi8M0,UgyqJwHpOuE3ZH29fI54AaABAg,"{'videoId': 'zEfTDpfyt1o', 'topLevelComment': {'kind': 'youtube#comment', 'etag': 'XbnCI62EaFOaBrvf12MKMKWEp6s', 'id': 'UgyqJwHpOuE3ZH29fI54AaABAg', 'snippet': {'videoId': 'zEfTDpfyt1o', 'textDisplay': 'Nossa que estranho esse empurrão causar tanto no cinegrafista, aposto que ele já está escalado para a próxima novela das 8 pq a atuação dele foi perfeita, Fagundes é Staff perto da atuação deste cinegrafista!', 'textOriginal': 'Nossa que estranho esse empurrão causar tanto no cinegrafista, aposto que ele já está escalado para a próxima novela das 8 pq a atuação dele foi perfeita, Fagundes é Staff perto da atuação deste cinegrafista!', 'authorDisplayName': 'Sem Firula Oficial', 'authorProfileImageUrl': 'https://yt3.ggpht.com/9yIki2pKiYRqbRgjoF5NP6M-ZKSs28bZV3ICwG0ezl0s2jimeFqEYi04WKWjkfqLH9t0Ezs6PzQ=s48-c-k-c0x00ffffff-no-rj', 'authorChannelUrl': 'http://www.youtube.com/channel/UCwI8smL6vqsCbwNCh2Hdiag', 'authorChannelId': {'value': 'UCwI8smL6vqsCbwNCh2Hdiag'}, 'canRate': True, 'viewerRating': 'none', 'likeCount': 2, 'publishedAt': '2022-10-23T22:28:30Z', 'updatedAt': '2022-10-23T22:28:30Z'}}, 'canReply': True, 'totalReplyCount': 3, 'isPublic': True}","{'comments': [{'kind': 'youtube#comment', 'etag': 'vTyIlniAw1svyzao2JXQeQoHxME', 'id': 'UgyqJwHpOuE3ZH29fI54AaABAg.9hYAt1ISa0-9hYUtOy-KvT', 'snippet': {'videoId': 'zEfTDpfyt1o', 'textDisplay': 'É cada ignorante que aparece.', 'textOriginal': 'É cada ignorante que aparece.', 'parentId': 'UgyqJwHpOuE3ZH29fI54AaABAg', 'authorDisplayName': 'Diego Amaral', 'authorProfileImageUrl': 'https://yt3.ggpht.com/ytc/AGIKgqOR9dOhC37JYTk2H6TfRM5YwqFxZ68Zi9YM=s48-c-k-c0x00ffffff-no-rj', 'authorChannelUrl': 'http://www.youtube.com/channel/UCvgmPwBEe94F-RCTGtTz0YQ', 'authorChannelId': {'value': 'UCvgmPwBEe94F-RCTGtTz0YQ'}, 'canRate': True, 'viewerRating': 'none', 'likeCount': 0, 'publishedAt': '2022-10-24T01:23:19Z', 'updatedAt': '2022-10-24T01:23:19Z'}}, {'kind': 'youtube#comment', 'etag': 'eXeQNYo3_Y5mMFFVXFbzNTHhlq4', 'id': 'UgyqJwHpOuE3ZH29fI54AaABAg.9hYAt1ISa0-9hYHiUgdZHp', 'snippet': {'videoId': 'zEfTDpfyt1o', 'textDisplay': '@Luis Fernando Foi bem oq imaginei! kkkkkk', 'textOriginal': '@Luis Fernando Foi bem oq imaginei! kkkkkk', 'parentId': 'UgyqJwHpOuE3ZH29fI54AaABAg', 'authorDisplayName': 'Sem Firula Oficial', 'authorProfileImageUrl': 'https://yt3.ggpht.com/9yIki2pKiYRqbRgjoF5NP6M-ZKSs28bZV3ICwG0ezl0s2jimeFqEYi04WKWjkfqLH9t0Ezs6PzQ=s48-c-k-c0x00ffffff-no-rj', 'authorChannelUrl': 'http://www.youtube.com/channel/UCwI8smL6vqsCbwNCh2Hdiag', 'authorChannelId': {'value': 'UCwI8smL6vqsCbwNCh2Hdiag'}, 'canRate': True, 'viewerRating': 'none', 'likeCount': 0, 'publishedAt': '2022-10-23T23:28:14Z', 'updatedAt': '2022-10-23T23:28:14Z'}}, {'kind': 'youtube#comment', 'etag': 'XQk4BHR2OpVxrbrLRISJ77KaecM', 'id': 'UgyqJwHpOuE3ZH29fI54AaABAg.9hYAt1ISa0-9hYBgJfsYtw', 'snippet': {'videoId': 'zEfTDpfyt1o', 'textDisplay': 'A camera caiu na cabeça dele após uma cirurgia.', 'textOriginal': 'A camera caiu na cabeça dele após uma cirurgia.', 'parentId': 'UgyqJwHpOuE3ZH29fI54AaABAg', 'authorDisplayName': 'Luis Fernando', 'authorProfileImageUrl': 'https://yt3.ggpht.com/ytc/AGIKgqMcv_ly4LupEH0dXMLaNnEs8mv8qCTiwNzVCw=s48-c-k-c0x00ffffff-no-rj', 'authorChannelUrl': 'http://www.youtube.com/channel/UC4IGLXaXUrFZCvH4pjWQ9Vw', 'authorChannelId': {'value': 'UC4IGLXaXUrFZCvH4pjWQ9Vw'}, 'canRate': True, 'viewerRating': 'none', 'likeCount': 2, 'publishedAt': '2022-10-23T22:35:30Z', 'updatedAt': '2022-10-23T22:35:30Z'}}]}",UCwI8smL6vqsCbwNCh2Hdiag,2022-10-23T22:28:30Z,"Nossa que estranho esse empurrão causar tanto no cinegrafista, aposto que ele já está escalado para a próxima novela das 8 pq a atuação dele foi perfeita, Fagundes é Staff perto da atuação deste cinegrafista!",QURTSl9pMWwtbEthQnFKZmJuZy13cmk3NmtQcWFaSVpyYXVJYnZrVTZJa2Q3RnppTVhfTFBNazg2dkZqa0VrQUx4RmQzaEhQR0psUk1pUQ==,2023-06-08 14:52:45.506398
youtube#commentThread,527q6k4Dhjys4slmj9KX4kHNYkU,UgydYkanMCvam4pazUl4AaABAg,"{'videoId': 'zEfTDpfyt1o', 'topLevelComment': {'kind': 'youtube#comment', 'etag': 'kZ-vjsRnrivUMjwdCD8JfK41OA4', 'id': 'UgydYkanMCvam4pazUl4AaABAg', 'snippet': {'videoId': 'zEfTDpfyt1o', 'textDisplay': 'O único culpado de tudo isso eh o xandao e o STF, inclusive os q foram nomeados pelo presidente.', 'textOriginal': 'O único culpado de tudo isso eh o xandao e o STF, inclusive os q foram nomeados pelo presidente.', 'authorDisplayName': 'nelson claudio jackowski', 'authorProfileImageUrl': 'https://yt3.ggpht.com/ytc/AGIKgqMjWteewDAVemu0oym5W49lIAssK3bMSAx_YQ=s48-c-k-c0x00ffffff-no-rj', 'authorChannelUrl': 'http://www.youtube.com/channel/UCSjgToLPQzaGkpEcd_7q0Iw', 'authorChannelId': {'value': 'UCSjgToLPQzaGkpEcd_7q0Iw'}, 'canRate': True, 'viewerRating': 'none', 'likeCount': 0, 'publishedAt': '2022-10-23T22:28:30Z', 'updatedAt': '2022-10-23T22:28:30Z'}}, 'canReply': True, 'totalReplyCount': 0, 'isPublic': True}",,UCSjgToLPQzaGkpEcd_7q0Iw,2022-10-23T22:28:30Z,"O único culpado de tudo isso eh o xandao e o STF, inclusive os q foram nomeados pelo presidente.",QURTSl9pMWwtbEthQnFKZmJuZy13cmk3NmtQcWFaSVpyYXVJYnZrVTZJa2Q3RnppTVhfTFBNazg2dkZqa0VrQUx4RmQzaEhQR0psUk1pUQ==,2023-06-08 14:52:45.506398
youtube#commentThread,pfQCHTU9SZmP97s4c-YWwwFwmgI,Ugx5Ipup8gC9dt4i0OV4AaABAg,"{'videoId': 'zEfTDpfyt1o', 'topLevelComment': {'kind': 'youtube#comment', 'etag': 'iE_I0K-4WHNVbcThc-26tdvpd8A', 'id': 'Ugx5Ipup8gC9dt4i0OV4AaABAg', 'snippet': {'videoId': 'zEfTDpfyt1o', 'textDisplay': 'VERDADE, CONCORDO INDEPENDENTE DE QUALQUER COISA. NÃO A VIOLÊNCIA.', 'textOriginal': 'VERDADE, CONCORDO INDEPENDENTE DE QUALQUER COISA. NÃO A VIOLÊNCIA.', 'authorDisplayName': 'Josete Farias', 'authorProfileImageUrl': 'https://yt3.ggpht.com/2OMpg1QlGa9ZGl0L82d1DeQ3AxdYdmL6JtTHTGR7_Mc5ytps_W5tj--FCUaSuEnzffTsbvaAXA=s48-c-k-c0x00ffffff-no-rj', 'authorChannelUrl': 'http://www.youtube.com/channel/UCsFFtAF0YbANsoeSb5FazGQ', 'authorChannelId': {'value': 'UCsFFtAF0YbANsoeSb5FazGQ'}, 'canRate': True, 'viewerRating': 'none', 'likeCount': 1, 'publishedAt': '2022-10-23T22:28:22Z', 'updatedAt': '2022-10-23T22:28:22Z'}}, 'canReply': True, 'totalReplyCount': 0, 'isPublic': True}",,UCsFFtAF0YbANsoeSb5FazGQ,2022-10-23T22:28:22Z,"VERDADE, CONCORDO INDEPENDENTE DE QUALQUER COISA. NÃO A VIOLÊNCIA.",QURTSl9pMWwtbEthQnFKZmJuZy13cmk3NmtQcWFaSVpyYXVJYnZrVTZJa2Q3RnppTVhfTFBNazg2dkZqa0VrQUx4RmQzaEhQR0psUk1pUQ==,2023-06-08 14:52:45.506398
youtube#commentThread,BpQAVIMMXi-CwUnbbbDiTrh9LD0,UgzQnHs1wufueSfY_x14AaABAg,"{'videoId': 'zEfTDpfyt1o', 'topLevelComment': {'kind': 'youtube#comment', 'etag': 'P4d4GX8A8SVoExvuTRvwyMQZ7QM', 'id': 'UgzQnHs1wufueSfY_x14AaABAg', 'snippet': {'videoId': 'zEfTDpfyt1o', 'textDisplay': 'A Globo nada fez em defesa da JOVEM PAN... só um mínimo  indigesta e fraca menção do Ederval Pereira. Vejam a postura diferente.', 'textOriginal': 'A Globo nada fez em defesa da JOVEM PAN... só um mínimo  indigesta e fraca menção do Ederval Pereira. Vejam a postura diferente.', 'authorDisplayName': 'Abraão Ghinzelli', 'authorProfileImageUrl': 'https://yt3.ggpht.com/ytc/AGIKgqOFDObO2E1R_50InNLsOcO-pmz1pIdpYHVsaXQV=s48-c-k-c0x00ffffff-no-rj', 'authorChannelUrl': 'http://www.youtube.com/channel/UCyTHkOEVX87wVT1P0QyTV8w', 'authorChannelId': {'value': 'UCyTHkOEVX87wVT1P0QyTV8w'}, 'canRate': True, 'viewerRating': 'none', 'likeCount': 0, 'publishedAt': '2022-10-23T22:28:18Z', 'updatedAt': '2022-10-23T22:28:18Z'}}, 'canReply': True, 'totalReplyCount': 0, 'isPublic': True}",,UCyTHkOEVX87wVT1P0QyTV8w,2022-10-23T22:28:18Z,A Globo nada fez em defesa da JOVEM PAN... só um mínimo  indigesta e fraca menção do Ederval Pereira. Vejam a postura diferente.,QURTSl9pMWwtbEthQnFKZmJuZy13cmk3NmtQcWFaSVpyYXVJYnZrVTZJa2Q3RnppTVhfTFBNazg2dkZqa0VrQUx4RmQzaEhQR0psUk1pUQ==,2023-06-08 14:52:45.506398
youtube#commentThread,R64eU9FHyJK5_uEgUW0VB9Fx130,Ugw-ZQWm4d301esCUlJ4AaABAg,"{'videoId': 'zEfTDpfyt1o', 'topLevelComment': {'kind': 'youtube#comment', 'etag': '0SrXgq5wegoknblxB5adwde0kWE', 'id': 'Ugw-ZQWm4d301esCUlJ4AaABAg', 'snippet': {'videoId': 'zEfTDpfyt1o', 'textDisplay': 'MARCELO  ESTA DE PARABÉNS <br>DISSE TUDO', 'textOriginal': 'MARCELO  ESTA DE PARABÉNS \\nDISSE TUDO', 'authorDisplayName': 'Elinete Guimarães', 'authorProfileImageUrl': 'https://yt3.ggpht.com/ytc/AGIKgqMYSASYyKG1lLz2rHUH9wYad9dAFVCJQlh4xQ=s48-c-k-c0x00ffffff-no-rj', 'authorChannelUrl': 'http://www.youtube.com/channel/UCJ3b_F--v4ctAKM1QmjNMxw', 'authorChannelId': {'value': 'UCJ3b_F--v4ctAKM1QmjNMxw'}, 'canRate': True, 'viewerRating': 'none', 'likeCount': 0, 'publishedAt': '2022-10-23T22:28:17Z', 'updatedAt': '2022-10-23T22:28:17Z'}}, 'canReply': True, 'totalReplyCount': 0, 'isPublic': True}",,UCJ3b_F--v4ctAKM1QmjNMxw,2022-10-23T22:28:17Z,"MARCELO  ESTA DE PARABÉNS 
DISSE TUDO",QURTSl9pMWwtbEthQnFKZmJuZy13cmk3NmtQcWFaSVpyYXVJYnZrVTZJa2Q3RnppTVhfTFBNazg2dkZqa0VrQUx4RmQzaEhQR0psUk1pUQ==,2023-06-08 14:52:45.506398
youtube#commentThread,gsZ8ucMwl77a8kfSncMokzhxo2Q,UgwjYphyrODPhExD3Wh4AaABAg,"{'videoId': 'zEfTDpfyt1o', 'topLevelComment': {'kind': 'youtube#comment', 'etag': 'vMD902D2ZfCeWQVkb20mPdNb2Xc', 'id': 'UgwjYphyrODPhExD3Wh4AaABAg', 'snippet': {'videoId': 'zEfTDpfyt1o', 'textDisplay': 'Agressão é sempre reprovável, mas a globo provoca!!!!', 'textOriginal': 'Agressão é sempre reprovável, mas a globo provoca!!!!', 'authorDisplayName': 'wanderley neves', 'authorProfileImageUrl': 'https://yt3.ggpht.com/ytc/AGIKgqOGhKSr_91cuKsR0QoiV0SWljVdIngMdxT-P8F5=s48-c-k-c0x00ffffff-no-rj', 'authorChannelUrl': 'http://www.youtube.com/channel/UCWyUOjIfN11UQELhZfr3_4w', 'authorChannelId': {'value': 'UCWyUOjIfN11UQELhZfr3_4w'}, 'canRate': True, 'viewerRating': 'none', 'likeCount': 6, 'publishedAt': '2022-10-23T22:28:15Z', 'updatedAt': '2022-10-23T22:28:15Z'}}, 'canReply': True, 'totalReplyCount': 1, 'isPublic': True}","{'comments': [{'kind': 'youtube#comment', 'etag': 'KkEP_0ezq0lEX2wrQ4xiLUVLHEk', 'id': 'UgwjYphyrODPhExD3Wh4AaABAg.9hYArAqxCqP9hYXCgQe_G8', 'snippet': {'videoId': 'zEfTDpfyt1o', 'textDisplay': 'E leva o troco..', 'textOriginal': 'E leva o troco..', 'parentId': 'UgwjYphyrODPhExD3Wh4AaABAg', 'authorDisplayName': 'Tiburcio Nascimento', 'authorProfileImageUrl': 'https://yt3.ggpht.com/ytc/AGIKgqPYJ16XbloZp1nRif2q9UiINjE9b3aLcJFllVpYZmGF8L32gAvFuJ_fm0H5T6oa=s48-c-k-c0x00ffffff-no-rj', 'authorChannelUrl': 'http://www.youtube.com/channel/UCOpVT2WBtvOTmNgRgNreY3Q', 'authorChannelId': {'value': 'UCOpVT2WBtvOTmNgRgNreY3Q'}, 'canRate': True, 'viewerRating': 'none', 'likeCount': 0, 'publishedAt': '2022-10-24T01:43:34Z', 'updatedAt': '2022-10-24T01:43:34Z'}}]}",UCWyUOjIfN11UQELhZfr3_4w,2022-10-23T22:28:15Z,"Agressão é sempre reprovável, mas a globo provoca!!!!",QURTSl9pMWwtbEthQnFKZmJuZy13cmk3NmtQcWFaSVpyYXVJYnZrVTZJa2Q3RnppTVhfTFBNazg2dkZqa0VrQUx4RmQzaEhQR0psUk1pUQ==,2023-06-08 14:52:45.506398
youtube#commentThread,o9UESfTmeWD7KEo5hmEPU77CjHA,UgxIcRPcJX8zm_cRcYZ4AaABAg,"{'videoId': 'zEfTDpfyt1o', 'topLevelComment': {'kind': 'youtube#comment', 'etag': 'Bdop_cN3qj3EzfD7ChmfXzE8VzQ', 'id': 'UgxIcRPcJX8zm_cRcYZ4AaABAg', 'snippet': {'videoId': 'zEfTDpfyt1o', 'textDisplay': 'A culpa é desse Alexandre Moraes  n', 'textOriginal': 'A culpa é desse Alexandre Moraes  n', 'authorDisplayName': 'Rubenita Bento', 'authorProfileImageUrl': 'https://yt3.ggpht.com/ytc/AGIKgqPx-S4l1k_st73kPaheByWN8gD4E_f0pg83XmNakYup7KprRz8hunAgYf7cMHOH=s48-c-k-c0x00ffffff-no-rj', 'authorChannelUrl': 'http://www.youtube.com/channel/UCn_mfjSzKXVworKXYtni4PA', 'authorChannelId': {'value': 'UCn_mfjSzKXVworKXYtni4PA'}, 'canRate': True, 'viewerRating': 'none', 'likeCount': 0, 'publishedAt': '2022-10-23T22:28:14Z', 'updatedAt': '2022-10-23T22:28:14Z'}}, 'canReply': True, 'totalReplyCount': 0, 'isPublic': True}",,UCn_mfjSzKXVworKXYtni4PA,2022-10-23T22:28:14Z,A culpa é desse Alexandre Moraes  n,QURTSl9pMWwtbEthQnFKZmJuZy13cmk3NmtQcWFaSVpyYXVJYnZrVTZJa2Q3RnppTVhfTFBNazg2dkZqa0VrQUx4RmQzaEhQR0psUk1pUQ==,2023-06-08 14:52:45.506398
youtube#commentThread,BQTumAJ4pAwaEPQemGvm0AY95yE,UgyOMsdlMFJJHp26Oc94AaABAg,"{'videoId': 'zEfTDpfyt1o', 'topLevelComment': {'kind': 'youtube#comment', 'etag': 'OZwtA83XaGSYT8S708TVRdoeqbk', 'id': 'UgyOMsdlMFJJHp26Oc94AaABAg', 'snippet': {'videoId': 'zEfTDpfyt1o', 'textDisplay': 'Veja até que ponto chegou a política brasileira. Hoje,  dia 23/10/2022. Imaginem dia 30/10/2022 após o resultado das eleições?', 'textOriginal': 'Veja até que ponto chegou a política brasileira. Hoje,  dia 23/10/2022. Imaginem dia 30/10/2022 após o resultado das eleições?', 'authorDisplayName': 'Eli Pacheco', 'authorProfileImageUrl': 'https://yt3.ggpht.com/ytc/AGIKgqMa6fOPg_7ggobAlyMhS2_Sllau7gyjaCVtIQ=s48-c-k-c0x00ffffff-no-rj', 'authorChannelUrl': 'http://www.youtube.com/channel/UCW9nxxQJ7-MxVdx7jeDrHag', 'authorChannelId': {'value': 'UCW9nxxQJ7-MxVdx7jeDrHag'}, 'canRate': True, 'viewerRating': 'none', 'likeCount': 0, 'publishedAt': '2022-10-23T22:28:12Z', 'updatedAt': '2022-10-23T22:28:12Z'}}, 'canReply': True, 'totalReplyCount': 0, 'isPublic': True}",,UCW9nxxQJ7-MxVdx7jeDrHag,2022-10-23T22:28:12Z,"Veja até que ponto chegou a política brasileira. Hoje,  dia 23/10/2022. Imaginem dia 30/10/2022 após o resultado das eleições?",QURTSl9pMWwtbEthQnFKZmJuZy13cmk3NmtQcWFaSVpyYXVJYnZrVTZJa2Q3RnppTVhfTFBNazg2dkZqa0VrQUx4RmQzaEhQR0psUk1pUQ==,2023-06-08 14:52:45.506398
youtube#commentThread,CfwXH-oZpja5mAJYbPqwY4qL9qU,Ugw2bSVCVR22HSnd4W94AaABAg,"{'videoId': 'zEfTDpfyt1o', 'topLevelComment': {'kind': 'youtube#comment', 'etag': 'nRuqH8eWnMfEj_UhMFkLV0jY7Uk', 'id': 'Ugw2bSVCVR22HSnd4W94AaABAg', 'snippet': {'videoId': 'zEfTDpfyt1o', 'textDisplay': 'Será que essa agressão foi por um acaso ou teve alguma provocação?', 'textOriginal': 'Será que essa agressão foi por um acaso ou teve alguma provocação?', 'authorDisplayName': 'Antonio Cardoso', 'authorProfileImageUrl': 'https://yt3.ggpht.com/ytc/AGIKgqPEclljAmszFs74zlZ_u6izByGzu-87DZ3P2DT856oKmSZzCq5mN3uTdjPcyvYi=s48-c-k-c0x00ffffff-no-rj', 'authorChannelUrl': 'http://www.youtube.com/channel/UCCa3dRNmJe4XRLWYFAK9GoA', 'authorChannelId': {'value': 'UCCa3dRNmJe4XRLWYFAK9GoA'}, 'canRate': True, 'viewerRating': 'none', 'likeCount': 0, 'publishedAt': '2022-10-23T22:28:11Z', 'updatedAt': '2022-10-23T22:28:11Z'}}, 'canReply': True, 'totalReplyCount': 0, 'isPublic': True}",,UCCa3dRNmJe4XRLWYFAK9GoA,2022-10-23T22:28:11Z,Será que essa agressão foi por um acaso ou teve alguma provocação?,QURTSl9pMWwtbEthQnFKZmJuZy13cmk3NmtQcWFaSVpyYXVJYnZrVTZJa2Q3RnppTVhfTFBNazg2dkZqa0VrQUx4RmQzaEhQR0psUk1pUQ==,2023-06-08 14:52:45.506398
youtube#commentThread,W_RLpT7TGIH4EJDbMmE2Yhj9OqU,Ugz7KXe6z2pJQ-h5qAJ4AaABAg,"{'videoId': 'zEfTDpfyt1o', 'topLevelComment': {'kind': 'youtube#comment', 'etag': 'rwjnYIx8doB2gl0LxI9Isf9eqFo', 'id': 'Ugz7KXe6z2pJQ-h5qAJ4AaABAg', 'snippet': {'videoId': 'zEfTDpfyt1o', 'textDisplay': 'JP, vcs estão de parabéns, pena que não tiveram o mesmo tratamento pelos outros veiculos de comunicação. Isso sim é reporta as verdades.', 'textOriginal': 'JP, vcs estão de parabéns, pena que não tiveram o mesmo tratamento pelos outros veiculos de comunicação. Isso sim é reporta as verdades.', 'authorDisplayName': 'Ihara Alves', 'authorProfileImageUrl': 'https://yt3.ggpht.com/ytc/AGIKgqPyD4gNfsYCB4GP2WzotQbftPkMahtEQQPb30Q_Eg=s48-c-k-c0x00ffffff-no-rj', 'authorChannelUrl': 'http://www.youtube.com/channel/UCgGbbe1KB1gO3TRuIcCE_dQ', 'authorChannelId': {'value': 'UCgGbbe1KB1gO3TRuIcCE_dQ'}, 'canRate': True, 'viewerRating': 'none', 'likeCount': 27, 'publishedAt': '2022-10-23T22:28:11Z', 'updatedAt': '2022-10-23T22:28:11Z'}}, 'canReply': True, 'totalReplyCount': 2, 'isPublic': True}","{'comments': [{'kind': 'youtube#comment', 'etag': 'biP8ux-8HoN39s7cnYtHV4ESBPw', 'id': 'Ugz7KXe6z2pJQ-h5qAJ4AaABAg.9hYAqfqFjwT9hYBwsVaHyL', 'snippet': {'videoId': 'zEfTDpfyt1o', 'textDisplay': 'vdd', 'textOriginal': 'vdd', 'parentId': 'Ugz7KXe6z2pJQ-h5qAJ4AaABAg', 'authorDisplayName': 'Sergio Sampaio', 'authorProfileImageUrl': 'https://yt3.ggpht.com/F-4o26vhOIYlC6lThrXpi2_et1_s9Iz8aaHP9yEH0081GCmji_SptPikSPSKiCRqBA8HHbpe22o=s48-c-k-c0x00ffffff-no-rj', 'authorChannelUrl': 'http://www.youtube.com/channel/UCNQGphvsal8VNR8bSFxtBiw', 'authorChannelId': {'value': 'UCNQGphvsal8VNR8bSFxtBiw'}, 'canRate': True, 'viewerRating': 'none', 'likeCount': 2, 'publishedAt': '2022-10-23T22:37:46Z', 'updatedAt': '2022-10-23T22:37:46Z'}}, {'kind': 'youtube#comment', 'etag': '7Gyo8fKq7WkiDBBN-UFjo--p5OA', 'id': 'Ugz7KXe6z2pJQ-h5qAJ4AaABAg.9hYAqfqFjwT9hYBbzVJMGd', 'snippet': {'videoId': 'zEfTDpfyt1o', 'textDisplay': 'Jesus Cristo.', 'textOriginal': 'Jesus Cristo.', 'parentId': 'Ugz7KXe6z2pJQ-h5qAJ4AaABAg', 'authorDisplayName': 'Irne Xavier do Valle', 'authorProfileImageUrl': 'https://yt3.ggpht.com/ytc/AGIKgqOHZkEFx7eFuPyeonzDeykt0At-7IRdI0BY_A=s48-c-k-c0x00ffffff-no-rj', 'authorChannelUrl': 'http://www.youtube.com/channel/UCYFSXphFCMBbrEDYk4D2TtA', 'authorChannelId': {'value': 'UCYFSXphFCMBbrEDYk4D2TtA'}, 'canRate': True, 'viewerRating': 'none', 'likeCount': 0, 'publishedAt': '2022-10-23T22:34:55Z', 'updatedAt': '2022-10-23T22:34:55Z'}}]}",UCgGbbe1KB1gO3TRuIcCE_dQ,2022-10-23T22:28:11Z,"JP, vcs estão de parabéns, pena que não tiveram o mesmo tratamento pelos outros veiculos de comunicação. Isso sim é reporta as verdades.",QURTSl9pMWwtbEthQnFKZmJuZy13cmk3NmtQcWFaSVpyYXVJYnZrVTZJa2Q3RnppTVhfTFBNazg2dkZqa0VrQUx4RmQzaEhQR0psUk1pUQ==,2023-06-08 14:52:45.506398
youtube#commentThread,YI3MBw2Xj_eG-C8I8KDkq6mOPbM,UgxmuuNG85bn-LSYJYp4AaABAg,"{'videoId': 'zEfTDpfyt1o', 'topLevelComment': {'kind': 'youtube#comment', 'etag': '-04ww5jKHpaGqAtdA1j-iJ_pftM', 'id': 'UgxmuuNG85bn-LSYJYp4AaABAg', 'snippet': {'videoId': 'zEfTDpfyt1o', 'textDisplay': 'TÁ NA HORA DA JOVEM PAN ASSUMIR QUE ESTÁ ERRANDO APOIANDO DESCARADAMENTE UM GENOCIDA', 'textOriginal': 'TÁ NA HORA DA JOVEM PAN ASSUMIR QUE ESTÁ ERRANDO APOIANDO DESCARADAMENTE UM GENOCIDA', 'authorDisplayName': 'Heitor paf', 'authorProfileImageUrl': 'https://yt3.ggpht.com/ytc/AGIKgqO4kajRGlskQxIzTX9QvdFVmIAdLtEbGAWbjhG4Yg=s48-c-k-c0x00ffffff-no-rj', 'authorChannelUrl': 'http://www.youtube.com/channel/UCdA77UMPXijlohGo35uBmOg', 'authorChannelId': {'value': 'UCdA77UMPXijlohGo35uBmOg'}, 'canRate': True, 'viewerRating': 'none', 'likeCount': 0, 'publishedAt': '2022-10-23T22:28:09Z', 'updatedAt': '2022-10-23T22:28:09Z'}}, 'canReply': True, 'totalReplyCount': 0, 'isPublic': True}",,UCdA77UMPXijlohGo35uBmOg,2022-10-23T22:28:09Z,TÁ NA HORA DA JOVEM PAN ASSUMIR QUE ESTÁ ERRANDO APOIANDO DESCARADAMENTE UM GENOCIDA,QURTSl9pMWwtbEthQnFKZmJuZy13cmk3NmtQcWFaSVpyYXVJYnZrVTZJa2Q3RnppTVhfTFBNazg2dkZqa0VrQUx4RmQzaEhQR0psUk1pUQ==,2023-06-08 14:52:45.506398
youtube#commentThread,dg1ac9y0fOztetC0cWpYB9MXAgc,UgyOBpI5MnzLPQjjSxF4AaABAg,"{'videoId': 'zEfTDpfyt1o', 'topLevelComment': {'kind': 'youtube#comment', 'etag': 'c8b0VKd1dcm2MzdlPF7XPDGU7Xg', 'id': 'UgyOBpI5MnzLPQjjSxF4AaABAg', 'snippet': {'videoId': 'zEfTDpfyt1o', 'textDisplay': 'APOIADORES?<br>Foi somente UMA PESSOA de Camisa Verde.', 'textOriginal': 'APOIADORES?\\nFoi somente UMA PESSOA de Camisa Verde.', 'authorDisplayName': 'MARIOJACCOUD', 'authorProfileImageUrl': 'https://yt3.ggpht.com/ytc/AGIKgqOc9Nhg7ADAiBu8mmA30-PIbHCL7Ln6C-ihthBu9Q=s48-c-k-c0x00ffffff-no-rj', 'authorChannelUrl': 'http://www.youtube.com/channel/UCHW78bHoczCWdObWGSej2Xg', 'authorChannelId': {'value': 'UCHW78bHoczCWdObWGSej2Xg'}, 'canRate': True, 'viewerRating': 'none', 'likeCount': 0, 'publishedAt': '2022-10-23T22:28:06Z', 'updatedAt': '2022-10-23T22:28:06Z'}}, 'canReply': True, 'totalReplyCount': 0, 'isPublic': True}",,UCHW78bHoczCWdObWGSej2Xg,2022-10-23T22:28:06Z,"APOIADORES?
Foi somente UMA PESSOA de Camisa Verde.",QURTSl9pMWwtbEthQnFKZmJuZy13cmk3NmtQcWFaSVpyYXVJYnZrVTZJa2Q3RnppTVhfTFBNazg2dkZqa0VrQUx4RmQzaEhQR0psUk1pUQ==,2023-06-08 14:52:45.506398
youtube#commentThread,-1klUXUhI_x5rgKRwqOj2AXWbJU,UgwQf0jOapr7WK1QCat4AaABAg,"{'videoId': 'zEfTDpfyt1o', 'topLevelComment': {'kind': 'youtube#comment', 'etag': 'kyp-7Tq2NIqH4sWAlfBIWTroHso', 'id': 'UgwQf0jOapr7WK1QCat4AaABAg', 'snippet': {'videoId': 'zEfTDpfyt1o', 'textDisplay': 'Vai começar o mi-mi-mi, o Bob também não está se representando, ele foi alvitrado de seus afazeres, não conta isso, de algo modo a JP.', 'textOriginal': 'Vai começar o mi-mi-mi, o Bob também não está se representando, ele foi alvitrado de seus afazeres, não conta isso, de algo modo a JP.', 'authorDisplayName': 'Matias Santos', 'authorProfileImageUrl': 'https://yt3.ggpht.com/ytc/AGIKgqNxUH8wzzlm5-lkMWLNVJC1_IVhXeBBaRkbwg=s48-c-k-c0x00ffffff-no-rj', 'authorChannelUrl': 'http://www.youtube.com/channel/UCKMoVNVt69Vf_YMYhT8M7wQ', 'authorChannelId': {'value': 'UCKMoVNVt69Vf_YMYhT8M7wQ'}, 'canRate': True, 'viewerRating': 'none', 'likeCount': 0, 'publishedAt': '2022-10-23T22:28:05Z', 'updatedAt': '2022-10-23T22:28:05Z'}}, 'canReply': True, 'totalReplyCount': 0, 'isPublic': True}",,UCKMoVNVt69Vf_YMYhT8M7wQ,2022-10-23T22:28:05Z,"Vai começar o mi-mi-mi, o Bob também não está se representando, ele foi alvitrado de seus afazeres, não conta isso, de algo modo a JP.",QURTSl9pMWwtbEthQnFKZmJuZy13cmk3NmtQcWFaSVpyYXVJYnZrVTZJa2Q3RnppTVhfTFBNazg2dkZqa0VrQUx4RmQzaEhQR0psUk1pUQ==,2023-06-08 14:52:45.506398
youtube#commentThread,L3-b9jMXny4zW5ij8f92Kf9yIY8,UgziGZRzHaEA55-NM5p4AaABAg,"{'videoId': 'zEfTDpfyt1o', 'topLevelComment': {'kind': 'youtube#comment', 'etag': 'OcyT6E0NOezUHtuKkbX9sjaehf8', 'id': 'UgziGZRzHaEA55-NM5p4AaABAg', 'snippet': {'videoId': 'zEfTDpfyt1o', 'textDisplay': 'O gado passando pano', 'textOriginal': 'O gado passando pano', 'authorDisplayName': 'Juca', 'authorProfileImageUrl': 'https://yt3.ggpht.com/ytc/AGIKgqOTrRDbRNJRsvMnWDbzjbxSZfDu-4_cR-I7hAfV7A=s48-c-k-c0x00ffffff-no-rj', 'authorChannelUrl': 'http://www.youtube.com/channel/UClIlDhpQcoVFG2JOjxXeOPA', 'authorChannelId': {'value': 'UClIlDhpQcoVFG2JOjxXeOPA'}, 'canRate': True, 'viewerRating': 'none', 'likeCount': 0, 'publishedAt': '2022-10-23T22:28:04Z', 'updatedAt': '2022-10-23T22:28:04Z'}}, 'canReply': True, 'totalReplyCount': 0, 'isPublic': True}",,UClIlDhpQcoVFG2JOjxXeOPA,2022-10-23T22:28:04Z,O gado passando pano,QURTSl9pMWwtbEthQnFKZmJuZy13cmk3NmtQcWFaSVpyYXVJYnZrVTZJa2Q3RnppTVhfTFBNazg2dkZqa0VrQUx4RmQzaEhQR0psUk1pUQ==,2023-06-08 14:52:45.506398
youtube#commentThread,9SODkW57w0LQ7EX1rcYUWuMv-Nw,UgyoCC_8vzHuFVBJtSN4AaABAg,"{'videoId': 'zEfTDpfyt1o', 'topLevelComment': {'kind': 'youtube#comment', 'etag': 'XYAHAzbCdkUFiU2VE6EIZOmuuhU', 'id': 'UgyoCC_8vzHuFVBJtSN4AaABAg', 'snippet': {'videoId': 'zEfTDpfyt1o', 'textDisplay': 'É  isso que dá  censura .', 'textOriginal': 'É  isso que dá  censura .', 'authorDisplayName': 'Ivete Trigo', 'authorProfileImageUrl': 'https://yt3.ggpht.com/ytc/AGIKgqNxMq0_X-Bx_wHeQlLOj1wSS-5SSBwWWceNaQ=s48-c-k-c0x00ffffff-no-rj', 'authorChannelUrl': 'http://www.youtube.com/channel/UCA877-7uRET_Bc2IepRzxPg', 'authorChannelId': {'value': 'UCA877-7uRET_Bc2IepRzxPg'}, 'canRate': True, 'viewerRating': 'none', 'likeCount': 0, 'publishedAt': '2022-10-23T22:28:03Z', 'updatedAt': '2022-10-23T22:28:03Z'}}, 'canReply': True, 'totalReplyCount': 0, 'isPublic': True}",,UCA877-7uRET_Bc2IepRzxPg,2022-10-23T22:28:03Z,É  isso que dá  censura .,QURTSl9pMWwtbEthQnFKZmJuZy13cmk3NmtQcWFaSVpyYXVJYnZrVTZJa2Q3RnppTVhfTFBNazg2dkZqa0VrQUx4RmQzaEhQR0psUk1pUQ==,2023-06-08 14:52:45.506398
youtube#commentThread,Kdusq8id40aSl3McWyfu16iS-kM,UgyhINFBW0bK9dZlS6V4AaABAg,"{'videoId': 'zEfTDpfyt1o', 'topLevelComment': {'kind': 'youtube#comment', 'etag': 'QBBnpOhH68995eeUr5bxQvmTzAE', 'id': 'UgyhINFBW0bK9dZlS6V4AaABAg', 'snippet': {'videoId': 'zEfTDpfyt1o', 'textDisplay': 'Eu acho o que esse homem fez e errado nas a globo está andando por terrenos perigoso eles tem que rever o seu conceito', 'textOriginal': 'Eu acho o que esse homem fez e errado nas a globo está andando por terrenos perigoso eles tem que rever o seu conceito', 'authorDisplayName': 'Rhayane rauta', 'authorProfileImageUrl': 'https://yt3.ggpht.com/ytc/AGIKgqPwGJroQIKD6oXK5aXCQMjWpOY6jkVeaR1m1VFAkg=s48-c-k-c0x00ffffff-no-rj', 'authorChannelUrl': 'http://www.youtube.com/channel/UCAcHrkDKBE6ZSiYr3zUfo0w', 'authorChannelId': {'value': 'UCAcHrkDKBE6ZSiYr3zUfo0w'}, 'canRate': True, 'viewerRating': 'none', 'likeCount': 0, 'publishedAt': '2022-10-23T22:28:02Z', 'updatedAt': '2022-10-23T22:28:02Z'}}, 'canReply': True, 'totalReplyCount': 0, 'isPublic': True}",,UCAcHrkDKBE6ZSiYr3zUfo0w,2022-10-23T22:28:02Z,Eu acho o que esse homem fez e errado nas a globo está andando por terrenos perigoso eles tem que rever o seu conceito,QURTSl9pMWwtbEthQnFKZmJuZy13cmk3NmtQcWFaSVpyYXVJYnZrVTZJa2Q3RnppTVhfTFBNazg2dkZqa0VrQUx4RmQzaEhQR0psUk1pUQ==,2023-06-08 14:52:45.506398
youtube#commentThread,-3huKUiKVI-E4buZ-F8x9VEYkPg,UgwTf6BmCpQwUn15Dk14AaABAg,"{'videoId': 'zEfTDpfyt1o', 'topLevelComment': {'kind': 'youtube#comment', 'etag': '99Ccf_7L7VV3TOjkIyl_D-cYvGg', 'id': 'UgwTf6BmCpQwUn15Dk14AaABAg', 'snippet': {'videoId': 'zEfTDpfyt1o', 'textDisplay': 'Da Globo? BEM FEITO!!!', 'textOriginal': 'Da Globo? BEM FEITO!!!', 'authorDisplayName': 'Mar cos', 'authorProfileImageUrl': 'https://yt3.ggpht.com/ytc/AGIKgqMEi1p4oc9i1jciZTy19_nhDUYilTqvqVapCZ85cw=s48-c-k-c0x00ffffff-no-rj', 'authorChannelUrl': 'http://www.youtube.com/channel/UCJMuEkUsBaJr9Jo92G5KgTA', 'authorChannelId': {'value': 'UCJMuEkUsBaJr9Jo92G5KgTA'}, 'canRate': True, 'viewerRating': 'none', 'likeCount': 1, 'publishedAt': '2022-10-23T22:27:58Z', 'updatedAt': '2022-10-23T22:27:58Z'}}, 'canReply': True, 'totalReplyCount': 0, 'isPublic': True}",,UCJMuEkUsBaJr9Jo92G5KgTA,2022-10-23T22:27:58Z,Da Globo? BEM FEITO!!!,QURTSl9pMWwtbEthQnFKZmJuZy13cmk3NmtQcWFaSVpyYXVJYnZrVTZJa2Q3RnppTVhfTFBNazg2dkZqa0VrQUx4RmQzaEhQR0psUk1pUQ==,2023-06-08 14:52:45.506398
youtube#commentThread,9Ggs8FX419I_g-ThtusbuGez5d8,Ugww1Y5UUbvWfypPzQB4AaABAg,"{'videoId': 'zEfTDpfyt1o', 'topLevelComment': {'kind': 'youtube#comment', 'etag': 'VFOF9rt65wRP_0s_ZpLei1DPv-8', 'id': 'Ugww1Y5UUbvWfypPzQB4AaABAg', 'snippet': {'videoId': 'zEfTDpfyt1o', 'textDisplay': 'Nos ja vimos isto no 1 turno,na pandemia!<br>Agora dizer que  no momento,e ditadura! <br>A imprensa(velha), ja insitava esse movimento de esquerda,entao voces esta tapando o sol com a peneira,so estamos reverenciando um ciclo do plano ja implantado desde a pandemia,onde discursoes,politicas,vacancias dos magistrados,gerou tudo isso!<br>Engracado ,na pandemia,os reportes da globo apanhavao e ninguem se manifestava,o que esta havendo agora!<br>A mesma vara que bate em chico tambem bate em francisco parece que so agora a ficha caiu!', 'textOriginal': 'Nos ja vimos isto no 1 turno,na pandemia!\\nAgora dizer que  no momento,e ditadura! \\nA imprensa(velha), ja insitava esse movimento de esquerda,entao voces esta tapando o sol com a peneira,so estamos reverenciando um ciclo do plano ja implantado desde a pandemia,onde discursoes,politicas,vacancias dos magistrados,gerou tudo isso!\\nEngracado ,na pandemia,os reportes da globo apanhavao e ninguem se manifestava,o que esta havendo agora!\\nA mesma vara que bate em chico tambem bate em francisco parece que so agora a ficha caiu!', 'authorDisplayName': 'Marcos Andrademoreira', 'authorProfileImageUrl': 'https://yt3.ggpht.com/ytc/AGIKgqMBeUcr_k687uMxTd3Q1PlS9tRbunRT1Tln9w=s48-c-k-c0x00ffffff-no-rj', 'authorChannelUrl': 'http://www.youtube.com/channel/UC0GwucEwZgC0ww2PPez8RCQ', 'authorChannelId': {'value': 'UC0GwucEwZgC0ww2PPez8RCQ'}, 'canRate': True, 'viewerRating': 'none', 'likeCount': 0, 'publishedAt': '2022-10-23T22:27:57Z', 'updatedAt': '2022-10-23T22:27:57Z'}}, 'canReply': True, 'totalReplyCount': 0, 'isPublic': True}",,UC0GwucEwZgC0ww2PPez8RCQ,2022-10-23T22:27:57Z,"Nos ja vimos isto no 1 turno,na pandemia!
Agora dizer que  no momento,e ditadura! 
A imprensa(velha), ja insitava esse movimento de esquerda,entao voces esta tapando o sol com a peneira,so estamos reverenciando um ciclo do plano ja implantado desde a pandemia,onde discursoes,politicas,vacancias dos magistrados,gerou tudo isso!
Engracado ,na pandemia,os reportes da globo apanhavao e ninguem se manifestava,o que esta havendo agora!
A mesma vara que bate em chico tambem bate em francisco parece que so agora a ficha caiu!",QURTSl9pMWwtbEthQnFKZmJuZy13cmk3NmtQcWFaSVpyYXVJYnZrVTZJa2Q3RnppTVhfTFBNazg2dkZqa0VrQUx4RmQzaEhQR0psUk1pUQ==,2023-06-08 14:52:45.506398
youtube#commentThread,QhPpqIcBj3M-utC2QxizTS0_LNQ,Ugw-7W1R1m7IX5ESTB14AaABAg,"{'videoId': 'zEfTDpfyt1o', 'topLevelComment': {'kind': 'youtube#comment', 'etag': 'qrm8PGE5Vw4DmV3jpZ6Cj-pvDiU', 'id': 'Ugw-7W1R1m7IX5ESTB14AaABAg', 'snippet': {'videoId': 'zEfTDpfyt1o', 'textDisplay': 'Bom... em se tratando de <i>GLOBO</i> ... acho que a fúria do povo já não da mais pra brecar...', 'textOriginal': 'Bom... em se tratando de _GLOBO_ ... acho que a fúria do povo já não da mais pra brecar...', 'authorDisplayName': 'Hope is back', 'authorProfileImageUrl': 'https://yt3.ggpht.com/ytc/AGIKgqMj31Kd8NWQoZWhVAU9wSK0sXUvy1mO-9P6pxVz=s48-c-k-c0x00ffffff-no-rj', 'authorChannelUrl': 'http://www.youtube.com/channel/UCjDaghf8sW70bI1F1n7VIhA', 'authorChannelId': {'value': 'UCjDaghf8sW70bI1F1n7VIhA'}, 'canRate': True, 'viewerRating': 'none', 'likeCount': 0, 'publishedAt': '2022-10-23T22:27:55Z', 'updatedAt': '2022-10-23T22:27:55Z'}}, 'canReply': True, 'totalReplyCount': 0, 'isPublic': True}",,UCjDaghf8sW70bI1F1n7VIhA,2022-10-23T22:27:55Z,Bom... em se tratando de _GLOBO_ ... acho que a fúria do povo já não da mais pra brecar...,QURTSl9pMWwtbEthQnFKZmJuZy13cmk3NmtQcWFaSVpyYXVJYnZrVTZJa2Q3RnppTVhfTFBNazg2dkZqa0VrQUx4RmQzaEhQR0psUk1pUQ==,2023-06-08 14:52:45.506398
youtube#commentThread,GcD8BmLAUL8dBJ2Qiz5a6wue8tM,Ugx5pZHSzbx5Lz1LPpN4AaABAg,"{'videoId': 'zEfTDpfyt1o', 'topLevelComment': {'kind': 'youtube#comment', 'etag': 'xegoz0YsBgkRVRzQZtkEWiKBhSc', 'id': 'Ugx5pZHSzbx5Lz1LPpN4AaABAg', 'snippet': {'videoId': 'zEfTDpfyt1o', 'textDisplay': 'É impressão minha ou esse cara é esquerdopata?<br>Globolixo é urubu, so vai p denegrir a direita', 'textOriginal': 'É impressão minha ou esse cara é esquerdopata?\\nGlobolixo é urubu, so vai p denegrir a direita', 'authorDisplayName': 'Djashba', 'authorProfileImageUrl': 'https://yt3.ggpht.com/2pEIGyNsaQR-V7A8TqMACYiTZtaK-X1LgEsAhztCoLL0-uHcZby9Q4tOcNbmmrdryBlW2J86vQY=s48-c-k-c0x00ffffff-no-rj', 'authorChannelUrl': 'http://www.youtube.com/channel/UCUK0prBde452gFwxste6_Kw', 'authorChannelId': {'value': 'UCUK0prBde452gFwxste6_Kw'}, 'canRate': True, 'viewerRating': 'none', 'likeCount': 0, 'publishedAt': '2022-10-23T22:27:54Z', 'updatedAt': '2022-10-23T22:27:54Z'}}, 'canReply': True, 'totalReplyCount': 0, 'isPublic': True}",,UCUK0prBde452gFwxste6_Kw,2022-10-23T22:27:54Z,"É impressão minha ou esse cara é esquerdopata?
Globolixo é urubu, so vai p denegrir a direita",QURTSl9pMWwtbEthQnFKZmJuZy13cmk3NmtQcWFaSVpyYXVJYnZrVTZJa2Q3RnppTVhfTFBNazg2dkZqa0VrQUx4RmQzaEhQR0psUk1pUQ==,2023-06-08 14:52:45.506398
youtube#commentThread,wpFVPeyRemIdnyW43jSJHcR0jkQ,UgwmnMCG1LQjK-7UdPl4AaABAg,"{'videoId': 'zEfTDpfyt1o', 'topLevelComment': {'kind': 'youtube#comment', 'etag': 'nqC1o2ThpqLZSH3kKLxkPKWwf2M', 'id': 'UgwmnMCG1LQjK-7UdPl4AaABAg', 'snippet': {'videoId': 'zEfTDpfyt1o', 'textDisplay': 'Nada justifica agressão!!! mas quem começou com agressão a um homen que ja estava preso foi STF. Porém não podemos falar nada, só pensar senão nossas contas serão bloqueadas. 😭', 'textOriginal': 'Nada justifica agressão!!! mas quem começou com agressão a um homen que ja estava preso foi STF. Porém não podemos falar nada, só pensar senão nossas contas serão bloqueadas. 😭', 'authorDisplayName': 'Daiane Souza Educativo', 'authorProfileImageUrl': 'https://yt3.ggpht.com/KrX-grYetWh7-Ups1CmtzHumPUHwmCt1Bly68z2ytPn7cLzjE5AlbqmcuGDdHH65oJDOaW7uGQ=s48-c-k-c0x00ffffff-no-rj', 'authorChannelUrl': 'http://www.youtube.com/channel/UC2dGU58BQprEGQdbxaNMrzA', 'authorChannelId': {'value': 'UC2dGU58BQprEGQdbxaNMrzA'}, 'canRate': True, 'viewerRating': 'none', 'likeCount': 0, 'publishedAt': '2022-10-23T22:27:52Z', 'updatedAt': '2022-10-23T22:27:52Z'}}, 'canReply': True, 'totalReplyCount': 0, 'isPublic': True}",,UC2dGU58BQprEGQdbxaNMrzA,2022-10-23T22:27:52Z,"Nada justifica agressão!!! mas quem começou com agressão a um homen que ja estava preso foi STF. Porém não podemos falar nada, só pensar senão nossas contas serão bloqueadas. 😭",QURTSl9pMWwtbEthQnFKZmJuZy13cmk3NmtQcWFaSVpyYXVJYnZrVTZJa2Q3RnppTVhfTFBNazg2dkZqa0VrQUx4RmQzaEhQR0psUk1pUQ==,2023-06-08 14:52:45.506398
youtube#commentThread,l-j2eaBH7NjrC4T2z9yMOmcnOb4,UgxmxNyey8qPyhGzVgh4AaABAg,"{'videoId': 'zEfTDpfyt1o', 'topLevelComment': {'kind': 'youtube#comment', 'etag': 'FmfdxLhA7A9m49N1uCL_hkilJEw', 'id': 'UgxmxNyey8qPyhGzVgh4AaABAg', 'snippet': {'videoId': 'zEfTDpfyt1o', 'textDisplay': 'PARABÉNS JOVEM PAM', 'textOriginal': 'PARABÉNS JOVEM PAM', 'authorDisplayName': 'Elinete Guimarães', 'authorProfileImageUrl': 'https://yt3.ggpht.com/ytc/AGIKgqMYSASYyKG1lLz2rHUH9wYad9dAFVCJQlh4xQ=s48-c-k-c0x00ffffff-no-rj', 'authorChannelUrl': 'http://www.youtube.com/channel/UCJ3b_F--v4ctAKM1QmjNMxw', 'authorChannelId': {'value': 'UCJ3b_F--v4ctAKM1QmjNMxw'}, 'canRate': True, 'viewerRating': 'none', 'likeCount': 2, 'publishedAt': '2022-10-23T22:27:41Z', 'updatedAt': '2022-10-23T22:27:41Z'}}, 'canReply': True, 'totalReplyCount': 0, 'isPublic': True}",,UCJ3b_F--v4ctAKM1QmjNMxw,2022-10-23T22:27:41Z,PARABÉNS JOVEM PAM,QURTSl9pMWwtbEthQnFKZmJuZy13cmk3NmtQcWFaSVpyYXVJYnZrVTZJa2Q3RnppTVhfTFBNazg2dkZqa0VrQUx4RmQzaEhQR0psUk1pUQ==,2023-06-08 14:52:45.506398
youtube#commentThread,gll4WErqGGtKZSArQZX82_FVWRk,UgyOQ4W244ahVy_64fB4AaABAg,"{'videoId': 'zEfTDpfyt1o', 'topLevelComment': {'kind': 'youtube#comment', 'etag': 'y7vMvJHjCw55h4hcDgFfJsgjHTI', 'id': 'UgyOQ4W244ahVy_64fB4AaABAg', 'snippet': {'videoId': 'zEfTDpfyt1o', 'textDisplay': 'Estes são os apoidores de Jair Bousonaro um presidente que cempre esta do lado do crime', 'textOriginal': 'Estes são os apoidores de Jair Bousonaro um presidente que cempre esta do lado do crime', 'authorDisplayName': 'Sebastão Sabino Moreira Moreira', 'authorProfileImageUrl': 'https://yt3.ggpht.com/ytc/AGIKgqP2dsv0OoYrrWy4ui60AArQQsQMDvJMag6Cvg=s48-c-k-c0x00ffffff-no-rj', 'authorChannelUrl': 'http://www.youtube.com/channel/UCogePBnrxTXNwL1LMfMl-aw', 'authorChannelId': {'value': 'UCogePBnrxTXNwL1LMfMl-aw'}, 'canRate': True, 'viewerRating': 'none', 'likeCount': 0, 'publishedAt': '2022-10-23T22:27:35Z', 'updatedAt': '2022-10-23T22:27:35Z'}}, 'canReply': True, 'totalReplyCount': 0, 'isPublic': True}",,UCogePBnrxTXNwL1LMfMl-aw,2022-10-23T22:27:35Z,Estes são os apoidores de Jair Bousonaro um presidente que cempre esta do lado do crime,QURTSl9pMWwtbEthQnFKZmJuZy13cmk3NmtQcWFaSVpyYXVJYnZrVTZJa2Q3RnppTVhfTFBNazg2dkZqa0VrQUx4RmQzaEhQR0psUk1pUQ==,2023-06-08 14:52:45.506398
youtube#commentThread,fnuMJK7KgTPGBr0PHkg9xxR_Dr8,UgykAu0bkjolFMova5V4AaABAg,"{'videoId': 'zEfTDpfyt1o', 'topLevelComment': {'kind': 'youtube#comment', 'etag': 'Sm_GvPDcvjCtcPQpH3eyprTHZog', 'id': 'UgykAu0bkjolFMova5V4AaABAg', 'snippet': {'videoId': 'zEfTDpfyt1o', 'textDisplay': 'A culpa toda e de quem dos senadores deputados federais que não assumiram seu papel de colocar o STF no seu lugar.<br><br>E que agora a situação está aí um trabalhador sendo agredido,tudo isto é o que leva a omissão de senadores e deputados,o STF todos os dias tem uma vítima Jp, contra Daniel silveira, repórter, da jp outros canais de informação como o Brasil paralelo.allan dos santos..<br><br>Nada justifica a violência contra o trabalhador.<br><br>Porém a paciência do povo está sem paciência da e os nervos ficando aflorados...', 'textOriginal': 'A culpa toda e de quem dos senadores deputados federais que não assumiram seu papel de colocar o STF no seu lugar.\\n\\nE que agora a situação está aí um trabalhador sendo agredido,tudo isto é o que leva a omissão de senadores e deputados,o STF todos os dias tem uma vítima Jp, contra Daniel silveira, repórter, da jp outros canais de informação como o Brasil paralelo.allan dos santos..\\n\\nNada justifica a violência contra o trabalhador.\\n\\nPorém a paciência do povo está sem paciência da e os nervos ficando aflorados...', 'authorDisplayName': 'Laudenilson Gomes', 'authorProfileImageUrl': 'https://yt3.ggpht.com/ytc/AGIKgqPJr3_zX27QwzDy3q-FZfSNs7twoh0jzLbPlw=s48-c-k-c0x00ffffff-no-rj', 'authorChannelUrl': 'http://www.youtube.com/channel/UCkZjrgeZ9wBalbids-6vHSQ', 'authorChannelId': {'value': 'UCkZjrgeZ9wBalbids-6vHSQ'}, 'canRate': True, 'viewerRating': 'none', 'likeCount': 1, 'publishedAt': '2022-10-23T22:27:32Z', 'updatedAt': '2022-10-23T22:27:32Z'}}, 'canReply': True, 'totalReplyCount': 0, 'isPublic': True}",,UCkZjrgeZ9wBalbids-6vHSQ,2022-10-23T22:27:32Z,"A culpa toda e de quem dos senadores deputados federais que não assumiram seu papel de colocar o STF no seu lugar.

E que agora a situação está aí um trabalhador sendo agredido,tudo isto é o que leva a omissão de senadores e deputados,o STF todos os dias tem uma vítima Jp, contra Daniel silveira, repórter, da jp outros canais de informação como o Brasil paralelo.allan dos santos..

Nada justifica a violência contra o trabalhador.

Porém a paciência do povo está sem paciência da e os nervos ficando aflorados...",QURTSl9pMWwtbEthQnFKZmJuZy13cmk3NmtQcWFaSVpyYXVJYnZrVTZJa2Q3RnppTVhfTFBNazg2dkZqa0VrQUx4RmQzaEhQR0psUk1pUQ==,2023-06-08 14:52:45.506398
youtube#commentThread,QFKTeFkpG9WncFgkaXZHCrluDL0,Ugwt_JE0TADo0ZPTwF94AaABAg,"{'videoId': 'zEfTDpfyt1o', 'topLevelComment': {'kind': 'youtube#comment', 'etag': '8TLbGuykHLqFZ-MTT_TIi2T5wMc', 'id': 'Ugwt_JE0TADo0ZPTwF94AaABAg', 'snippet': {'videoId': 'zEfTDpfyt1o', 'textDisplay': 'Tudo isso sabemos que é o culpado.', 'textOriginal': 'Tudo isso sabemos que é o culpado.', 'authorDisplayName': 'Daniel André', 'authorProfileImageUrl': 'https://yt3.ggpht.com/ytc/AGIKgqNZ11USXU5aFWmDD0avR_1OFCCAIkMseNF_sg=s48-c-k-c0x00ffffff-no-rj', 'authorChannelUrl': 'http://www.youtube.com/channel/UCAmquxy_LCOJ5LyuoW8zMkg', 'authorChannelId': {'value': 'UCAmquxy_LCOJ5LyuoW8zMkg'}, 'canRate': True, 'viewerRating': 'none', 'likeCount': 0, 'publishedAt': '2022-10-23T22:27:31Z', 'updatedAt': '2022-10-23T22:27:31Z'}}, 'canReply': True, 'totalReplyCount': 0, 'isPublic': True}",,UCAmquxy_LCOJ5LyuoW8zMkg,2022-10-23T22:27:31Z,Tudo isso sabemos que é o culpado.,QURTSl9pMWwtbEthQnFKZmJuZy13cmk3NmtQcWFaSVpyYXVJYnZrVTZJa2Q3RnppTVhfTFBNazg2dkZqa0VrQUx4RmQzaEhQR0psUk1pUQ==,2023-06-08 14:52:45.506398
youtube#commentThread,jzBP4TkYZDVnEDYSB43JXT5FqkQ,UgxLVh3DO-DWeAxHt714AaABAg,"{'videoId': 'zEfTDpfyt1o', 'topLevelComment': {'kind': 'youtube#comment', 'etag': 'KazdGANCAjLcxCn4e2qBrcrJU2s', 'id': 'UgxLVh3DO-DWeAxHt714AaABAg', 'snippet': {'videoId': 'zEfTDpfyt1o', 'textDisplay': 'O povo já chegou a seu extremo com à imprensa que mente e manipula os fatos do país,temo que isso é só o começo de uma explosão de manifestações mais agressivas,os ministros e a mídia de esquerda já ultrapassaram a todos os limites!', 'textOriginal': 'O povo já chegou a seu extremo com à imprensa que mente e manipula os fatos do país,temo que isso é só o começo de uma explosão de manifestações mais agressivas,os ministros e a mídia de esquerda já ultrapassaram a todos os limites!', 'authorDisplayName': 'Thiaguinhoo Souza', 'authorProfileImageUrl': 'https://yt3.ggpht.com/Qy28FgtFFOccnW6B7NA9U8HmsKSRqFpZx9Bs-s1psXSmnH_HdmABNvd_n09W8IeQae3jKVFVwlc=s48-c-k-c0x00ffffff-no-rj', 'authorChannelUrl': 'http://www.youtube.com/channel/UCFMPJdqTLSC3VlQrYnPgBlA', 'authorChannelId': {'value': 'UCFMPJdqTLSC3VlQrYnPgBlA'}, 'canRate': True, 'viewerRating': 'none', 'likeCount': 0, 'publishedAt': '2022-10-23T22:27:30Z', 'updatedAt': '2022-10-23T22:27:30Z'}}, 'canReply': True, 'totalReplyCount': 0, 'isPublic': True}",,UCFMPJdqTLSC3VlQrYnPgBlA,2022-10-23T22:27:30Z,"O povo já chegou a seu extremo com à imprensa que mente e manipula os fatos do país,temo que isso é só o começo de uma explosão de manifestações mais agressivas,os ministros e a mídia de esquerda já ultrapassaram a todos os limites!",QURTSl9pMWwtbEthQnFKZmJuZy13cmk3NmtQcWFaSVpyYXVJYnZrVTZJa2Q3RnppTVhfTFBNazg2dkZqa0VrQUx4RmQzaEhQR0psUk1pUQ==,2023-06-08 14:52:45.506398
youtube#commentThread,5oFjSuuADPpst_yDyhVm8qWv0qU,UgycptmLlxl7vDjb8Bp4AaABAg,"{'videoId': 'zEfTDpfyt1o', 'topLevelComment': {'kind': 'youtube#comment', 'etag': 'VzhOsvnl8Aodit3hiEdJ5G3yVBk', 'id': 'UgycptmLlxl7vDjb8Bp4AaABAg', 'snippet': {'videoId': 'zEfTDpfyt1o', 'textDisplay': 'ESTÃO a APOIAR  o criminoso LULA, Santa ingenuidade, ACORDEM', 'textOriginal': 'ESTÃO a APOIAR  o criminoso LULA, Santa ingenuidade, ACORDEM', 'authorDisplayName': 'joão silva', 'authorProfileImageUrl': 'https://yt3.ggpht.com/ytc/AGIKgqMPZWaBhk8vZrddethupGxRExG5uF_9opmxeQ=s48-c-k-c0x00ffffff-no-rj', 'authorChannelUrl': 'http://www.youtube.com/channel/UCPiboADake5_rBpwXD7LT4w', 'authorChannelId': {'value': 'UCPiboADake5_rBpwXD7LT4w'}, 'canRate': True, 'viewerRating': 'none', 'likeCount': 0, 'publishedAt': '2022-10-23T22:27:28Z', 'updatedAt': '2022-10-23T22:27:28Z'}}, 'canReply': True, 'totalReplyCount': 0, 'isPublic': True}",,UCPiboADake5_rBpwXD7LT4w,2022-10-23T22:27:28Z,"ESTÃO a APOIAR  o criminoso LULA, Santa ingenuidade, ACORDEM",QURTSl9pMWwtbEthQnFKZmJuZy13cmk3NmtQcWFaSVpyYXVJYnZrVTZJa2Q3RnppTVhfTFBNazg2dkZqa0VrQUx4RmQzaEhQR0psUk1pUQ==,2023-06-08 14:52:45.506398
youtube#commentThread,q5i04iWe-v6PsfjqFC_qtrNrpOg,UgyvcTqGgjpxVxS35Wp4AaABAg,"{'videoId': 'zEfTDpfyt1o', 'topLevelComment': {'kind': 'youtube#comment', 'etag': 'vLifuI4GWT7_Y2OfI2ANzQzdX3k', 'id': 'UgyvcTqGgjpxVxS35Wp4AaABAg', 'snippet': {'videoId': 'zEfTDpfyt1o', 'textDisplay': '🥲🥲🥲', 'textOriginal': '🥲🥲🥲', 'authorDisplayName': 'Léo Milão', 'authorProfileImageUrl': 'https://yt3.ggpht.com/Mp-qsSX0LCDHOMY-JU-Il4K9aBjNVPn-DDDmIbu7SPAZTLgP8GJxY-85yyXUIJBY1_6EOrwBzA=s48-c-k-c0x00ffffff-no-rj', 'authorChannelUrl': 'http://www.youtube.com/channel/UCWBKX8-6AudiBZIkmOPGGBg', 'authorChannelId': {'value': 'UCWBKX8-6AudiBZIkmOPGGBg'}, 'canRate': True, 'viewerRating': 'none', 'likeCount': 1, 'publishedAt': '2022-10-23T22:27:24Z', 'updatedAt': '2022-10-23T22:27:24Z'}}, 'canReply': True, 'totalReplyCount': 0, 'isPublic': True}",,UCWBKX8-6AudiBZIkmOPGGBg,2022-10-23T22:27:24Z,🥲🥲🥲,QURTSl9pMWwtbEthQnFKZmJuZy13cmk3NmtQcWFaSVpyYXVJYnZrVTZJa2Q3RnppTVhfTFBNazg2dkZqa0VrQUx4RmQzaEhQR0psUk1pUQ==,2023-06-08 14:52:45.506398
youtube#commentThread,YsDvLFwPxnoClSwvVVLbBKOVLb0,Ugyt4kpCBJItbJQNOmR4AaABAg,"{'videoId': 'zEfTDpfyt1o', 'topLevelComment': {'kind': 'youtube#comment', 'etag': '-F_8hvq4jbekb2IeVXGISBOkie4', 'id': 'Ugyt4kpCBJItbJQNOmR4AaABAg', 'snippet': {'videoId': 'zEfTDpfyt1o', 'textDisplay': 'O STF transformou esse país num barril de pólvora porque é guiado por ideologias que representam o maior massacre humano da história.', 'textOriginal': 'O STF transformou esse país num barril de pólvora porque é guiado por ideologias que representam o maior massacre humano da história.', 'authorDisplayName': 'Marco Aurélio', 'authorProfileImageUrl': 'https://yt3.ggpht.com/ytc/AGIKgqPg9uER0awGXEmzbwL6ccSbCfKEUlHb7-YF4eOHrw=s48-c-k-c0x00ffffff-no-rj', 'authorChannelUrl': 'http://www.youtube.com/channel/UCRs_LMn6I620oKAtK_DTlVg', 'authorChannelId': {'value': 'UCRs_LMn6I620oKAtK_DTlVg'}, 'canRate': True, 'viewerRating': 'none', 'likeCount': 0, 'publishedAt': '2022-10-23T22:27:23Z', 'updatedAt': '2022-10-23T22:27:23Z'}}, 'canReply': True, 'totalReplyCount': 0, 'isPublic': True}",,UCRs_LMn6I620oKAtK_DTlVg,2022-10-23T22:27:23Z,O STF transformou esse país num barril de pólvora porque é guiado por ideologias que representam o maior massacre humano da história.,QURTSl9pMWwtbEthQnFKZmJuZy13cmk3NmtQcWFaSVpyYXVJYnZrVTZJa2Q3RnppTVhfTFBNazg2dkZqa0VrQUx4RmQzaEhQR0psUk1pUQ==,2023-06-08 14:52:45.506398
youtube#commentThread,ZJLDxCPPRPerq1S_TwH5G1Of3dc,UgwqXRVsVRUC51AmceZ4AaABAg,"{'videoId': 'zEfTDpfyt1o', 'topLevelComment': {'kind': 'youtube#comment', 'etag': 'OS309aWhJXevQg6xHb0dmee5M5M', 'id': 'UgwqXRVsVRUC51AmceZ4AaABAg', 'snippet': {'videoId': 'zEfTDpfyt1o', 'textDisplay': 'Sou contra agressão. <br>E sou contra a Globo.<br>Sou contra a Censura', 'textOriginal': 'Sou contra agressão. \\nE sou contra a Globo.\\nSou contra a Censura', 'authorDisplayName': 'Hodlaniery Santos', 'authorProfileImageUrl': 'https://yt3.ggpht.com/ytc/AGIKgqNJ0i5od4lAdPsFGe4DQqKA1JMQnWk_EHtBDqrhIQ=s48-c-k-c0x00ffffff-no-rj', 'authorChannelUrl': 'http://www.youtube.com/channel/UCCuYLcvnzzlJQZzX5hmv5-A', 'authorChannelId': {'value': 'UCCuYLcvnzzlJQZzX5hmv5-A'}, 'canRate': True, 'viewerRating': 'none', 'likeCount': 0, 'publishedAt': '2022-10-23T22:27:22Z', 'updatedAt': '2022-10-23T22:27:22Z'}}, 'canReply': True, 'totalReplyCount': 0, 'isPublic': True}",,UCCuYLcvnzzlJQZzX5hmv5-A,2022-10-23T22:27:22Z,"Sou contra agressão. 
E sou contra a Globo.
Sou contra a Censura",QURTSl9pMWwtbEthQnFKZmJuZy13cmk3NmtQcWFaSVpyYXVJYnZrVTZJa2Q3RnppTVhfTFBNazg2dkZqa0VrQUx4RmQzaEhQR0psUk1pUQ==,2023-06-08 14:52:45.506398
youtube#commentThread,Xxi38Hva8fmsc368_7eeYKSIvGI,UgwIHOHAIYFHV4z98El4AaABAg,"{'videoId': 'zEfTDpfyt1o', 'topLevelComment': {'kind': 'youtube#comment', 'etag': 'bmHFSuTy-J9tFbns2S1fh3inSj4', 'id': 'UgwIHOHAIYFHV4z98El4AaABAg', 'snippet': {'videoId': 'zEfTDpfyt1o', 'textDisplay': 'Verdade!!! Total repúdio sobre qualquer ato de violência.', 'textOriginal': 'Verdade!!! Total repúdio sobre qualquer ato de violência.', 'authorDisplayName': 'Lucimeire Azevedo', 'authorProfileImageUrl': 'https://yt3.ggpht.com/ytc/AGIKgqO7Fh9LCqset1ExxOGkPda9fT91MIbjdNeIdmnciw=s48-c-k-c0x00ffffff-no-rj', 'authorChannelUrl': 'http://www.youtube.com/channel/UCjm3ofnbCeVIZK84huHK9GQ', 'authorChannelId': {'value': 'UCjm3ofnbCeVIZK84huHK9GQ'}, 'canRate': True, 'viewerRating': 'none', 'likeCount': 2, 'publishedAt': '2022-10-23T22:27:21Z', 'updatedAt': '2022-10-23T22:27:21Z'}}, 'canReply': True, 'totalReplyCount': 0, 'isPublic': True}",,UCjm3ofnbCeVIZK84huHK9GQ,2022-10-23T22:27:21Z,Verdade!!! Total repúdio sobre qualquer ato de violência.,QURTSl9pMWwtbEthQnFKZmJuZy13cmk3NmtQcWFaSVpyYXVJYnZrVTZJa2Q3RnppTVhfTFBNazg2dkZqa0VrQUx4RmQzaEhQR0psUk1pUQ==,2023-06-08 14:52:45.506398
youtube#commentThread,VoR1b_aV67OIciSJ5CCpIb49tG4,Ugy4DmZNkQ2PJBqRryl4AaABAg,"{'videoId': 'zEfTDpfyt1o', 'topLevelComment': {'kind': 'youtube#comment', 'etag': 'bn4U1WzY9BbrJPeNIYkA7BggP0A', 'id': 'Ugy4DmZNkQ2PJBqRryl4AaABAg', 'snippet': {'videoId': 'zEfTDpfyt1o', 'textDisplay': 'Agora uma pergunta porque o Brasil esta a sim ?<br>Hoje vi um advogado na reportagem de Roberto Jefferson falando teria que cancelar esse CPF....<br>Cadê a OAB para ver esse caso ainda deve estar lá o recado dele ..<br>Cancelar cpf quem não sabe e matar...', 'textOriginal': 'Agora uma pergunta porque o Brasil esta a sim ?\\nHoje vi um advogado na reportagem de Roberto Jefferson falando teria que cancelar esse CPF....\\nCadê a OAB para ver esse caso ainda deve estar lá o recado dele ..\\nCancelar cpf quem não sabe e matar...', 'authorDisplayName': 'Alexandre Santa Croce', 'authorProfileImageUrl': 'https://yt3.ggpht.com/ytc/AGIKgqMQ082XuP7hvbuNpPgLv4GiuRyroyC0I1Osq9k73A=s48-c-k-c0x00ffffff-no-rj', 'authorChannelUrl': 'http://www.youtube.com/channel/UCKhawtOvSGS8-rNIAY1ww5A', 'authorChannelId': {'value': 'UCKhawtOvSGS8-rNIAY1ww5A'}, 'canRate': True, 'viewerRating': 'none', 'likeCount': 0, 'publishedAt': '2022-10-23T22:27:21Z', 'updatedAt': '2022-10-23T22:27:21Z'}}, 'canReply': True, 'totalReplyCount': 0, 'isPublic': True}",,UCKhawtOvSGS8-rNIAY1ww5A,2022-10-23T22:27:21Z,"Agora uma pergunta porque o Brasil esta a sim ?
Hoje vi um advogado na reportagem de Roberto Jefferson falando teria que cancelar esse CPF....
Cadê a OAB para ver esse caso ainda deve estar lá o recado dele ..
Cancelar cpf quem não sabe e matar...",QURTSl9pMWwtbEthQnFKZmJuZy13cmk3NmtQcWFaSVpyYXVJYnZrVTZJa2Q3RnppTVhfTFBNazg2dkZqa0VrQUx4RmQzaEhQR0psUk1pUQ==,2023-06-08 14:52:45.506398
youtube#commentThread,b0bJHy0O0gosefjIJkcDv5H-BnM,UgysyA0a-5cJCO81HPR4AaABAg,"{'videoId': 'zEfTDpfyt1o', 'topLevelComment': {'kind': 'youtube#comment', 'etag': 'weq93YjDzDVPUQoexB5LWxPhi_0', 'id': 'UgysyA0a-5cJCO81HPR4AaABAg', 'snippet': {'videoId': 'zEfTDpfyt1o', 'textDisplay': 'QUERO VER SE A JOVEM PAN VAI CONTINUAR APOIANDO ESSES BANDIDOS OU VAI PASSART A TER UMA ATITUDE DE IMPRENSA HONRADA', 'textOriginal': 'QUERO VER SE A JOVEM PAN VAI CONTINUAR APOIANDO ESSES BANDIDOS OU VAI PASSART A TER UMA ATITUDE DE IMPRENSA HONRADA', 'authorDisplayName': 'Heitor paf', 'authorProfileImageUrl': 'https://yt3.ggpht.com/ytc/AGIKgqO4kajRGlskQxIzTX9QvdFVmIAdLtEbGAWbjhG4Yg=s48-c-k-c0x00ffffff-no-rj', 'authorChannelUrl': 'http://www.youtube.com/channel/UCdA77UMPXijlohGo35uBmOg', 'authorChannelId': {'value': 'UCdA77UMPXijlohGo35uBmOg'}, 'canRate': True, 'viewerRating': 'none', 'likeCount': 0, 'publishedAt': '2022-10-23T22:27:21Z', 'updatedAt': '2022-10-23T22:27:21Z'}}, 'canReply': True, 'totalReplyCount': 0, 'isPublic': True}",,UCdA77UMPXijlohGo35uBmOg,2022-10-23T22:27:21Z,QUERO VER SE A JOVEM PAN VAI CONTINUAR APOIANDO ESSES BANDIDOS OU VAI PASSART A TER UMA ATITUDE DE IMPRENSA HONRADA,QURTSl9pMWwtbEthQnFKZmJuZy13cmk3NmtQcWFaSVpyYXVJYnZrVTZJa2Q3RnppTVhfTFBNazg2dkZqa0VrQUx4RmQzaEhQR0psUk1pUQ==,2023-06-08 14:52:45.506398
youtube#commentThread,vLUI-aa1o6zNFVsW6MPOVDZWofw,Ugyutrdh05QjDuwiJuh4AaABAg,"{'videoId': 'zEfTDpfyt1o', 'topLevelComment': {'kind': 'youtube#comment', 'etag': 'kbM5D1HwX515MV2gpmX2PGmIWJw', 'id': 'Ugyutrdh05QjDuwiJuh4AaABAg', 'snippet': {'videoId': 'zEfTDpfyt1o', 'textDisplay': 'Taca o pau doido😂😂😂💝', 'textOriginal': 'Taca o pau doido😂😂😂💝', 'authorDisplayName': 'seu menino em Blumenau', 'authorProfileImageUrl': 'https://yt3.ggpht.com/nKte1WLUgWmWpLt1LJVyWAYPAhumqN73jvKDt0gTD1c0ierkzdeVitSEd3swDfZ_fVh2xAMXPw=s48-c-k-c0x00ffffff-no-rj', 'authorChannelUrl': 'http://www.youtube.com/channel/UCguW-XN8BXbhKDS71YRbVeQ', 'authorChannelId': {'value': 'UCguW-XN8BXbhKDS71YRbVeQ'}, 'canRate': True, 'viewerRating': 'none', 'likeCount': 0, 'publishedAt': '2022-10-23T22:27:20Z', 'updatedAt': '2022-10-23T22:27:20Z'}}, 'canReply': True, 'totalReplyCount': 0, 'isPublic': True}",,UCguW-XN8BXbhKDS71YRbVeQ,2022-10-23T22:27:20Z,Taca o pau doido😂😂😂💝,QURTSl9pMWwtbEthQnFKZmJuZy13cmk3NmtQcWFaSVpyYXVJYnZrVTZJa2Q3RnppTVhfTFBNazg2dkZqa0VrQUx4RmQzaEhQR0psUk1pUQ==,2023-06-08 14:52:45.506398
youtube#commentThread,WaT3xoHMdOtjeDrspEClvlUNFf8,UgwtizDVgxLJWNAScdF4AaABAg,"{'videoId': 'zEfTDpfyt1o', 'topLevelComment': {'kind': 'youtube#comment', 'etag': 'kqPBhWBFeDHjMeM69UsncW2KsGI', 'id': 'UgwtizDVgxLJWNAScdF4AaABAg', 'snippet': {'videoId': 'zEfTDpfyt1o', 'textDisplay': 'STF está provocando isso tudo muita injustiça, a pergunta é foi real mesmo ?... não duvido nada da esquerda!!', 'textOriginal': 'STF está provocando isso tudo muita injustiça, a pergunta é foi real mesmo ?... não duvido nada da esquerda!!', 'authorDisplayName': 'Adriana Pires', 'authorProfileImageUrl': 'https://yt3.ggpht.com/ytc/AGIKgqNiwtXUHkAa-JqhoI1Tuib0BLTprAQInVSJaQ=s48-c-k-c0x00ffffff-no-rj', 'authorChannelUrl': 'http://www.youtube.com/channel/UCq6crsrOKNZkObFNqVU-amg', 'authorChannelId': {'value': 'UCq6crsrOKNZkObFNqVU-amg'}, 'canRate': True, 'viewerRating': 'none', 'likeCount': 1, 'publishedAt': '2022-10-23T22:27:18Z', 'updatedAt': '2022-10-23T22:27:18Z'}}, 'canReply': True, 'totalReplyCount': 0, 'isPublic': True}",,UCq6crsrOKNZkObFNqVU-amg,2022-10-23T22:27:18Z,"STF está provocando isso tudo muita injustiça, a pergunta é foi real mesmo ?... não duvido nada da esquerda!!",QURTSl9pMWwtbEthQnFKZmJuZy13cmk3NmtQcWFaSVpyYXVJYnZrVTZJa2Q3RnppTVhfTFBNazg2dkZqa0VrQUx4RmQzaEhQR0psUk1pUQ==,2023-06-08 14:52:45.506398
youtube#commentThread,uYNOxX02yiGDVA6iWT45w0LMi48,UgzZgNzbAkuaBfPXrAN4AaABAg,"{'videoId': 'zEfTDpfyt1o', 'topLevelComment': {'kind': 'youtube#comment', 'etag': 'NK4LlHoA5wCX7Pva5cG31kM3Yg4', 'id': 'UgzZgNzbAkuaBfPXrAN4AaABAg', 'snippet': {'videoId': 'zEfTDpfyt1o', 'textDisplay': 'Parabéns,  Jovem Pan. Vcs são o EXEMPLO DE JORNALISMO.', 'textOriginal': 'Parabéns,  Jovem Pan. Vcs são o EXEMPLO DE JORNALISMO.', 'authorDisplayName': 'RAFAEL', 'authorProfileImageUrl': 'https://yt3.ggpht.com/WOLyx3MEv0-4hspyJ54lJ7FEWAwcAoawqJfKtrEWlrjHiUVZCzH1HXlkPuAHdkZ5F7ioCIWBzCA=s48-c-k-c0x00ffffff-no-rj', 'authorChannelUrl': 'http://www.youtube.com/channel/UCLJYDEflUMPM-ZoW-5F1WiQ', 'authorChannelId': {'value': 'UCLJYDEflUMPM-ZoW-5F1WiQ'}, 'canRate': True, 'viewerRating': 'none', 'likeCount': 6, 'publishedAt': '2022-10-23T22:27:17Z', 'updatedAt': '2022-10-23T22:27:17Z'}}, 'canReply': True, 'totalReplyCount': 0, 'isPublic': True}",,UCLJYDEflUMPM-ZoW-5F1WiQ,2022-10-23T22:27:17Z,"Parabéns,  Jovem Pan. Vcs são o EXEMPLO DE JORNALISMO.",QURTSl9pMWwtbEthQnFKZmJuZy13cmk3NmtQcWFaSVpyYXVJYnZrVTZJa2Q3RnppTVhfTFBNazg2dkZqa0VrQUx4RmQzaEhQR0psUk1pUQ==,2023-06-08 14:52:45.506398
youtube#commentThread,q-HU6-ish1_Y2clIy6QZWmBymMo,Ugxh5xRgy2Fg1COcMU54AaABAg,"{'videoId': 'zEfTDpfyt1o', 'topLevelComment': {'kind': 'youtube#comment', 'etag': 'mXKlQ_wazeonviX4b2t06FDi9DY', 'id': 'Ugxh5xRgy2Fg1COcMU54AaABAg', 'snippet': {'videoId': 'zEfTDpfyt1o', 'textDisplay': 'Bob Jeff acaba de eleger o Lula! Parabéns gados que foram lá bater no repórter. Lula agradece.', 'textOriginal': 'Bob Jeff acaba de eleger o Lula! Parabéns gados que foram lá bater no repórter. Lula agradece.', 'authorDisplayName': 'Talles Barkka', 'authorProfileImageUrl': 'https://yt3.ggpht.com/gHGYm0jAOX_MrNYAvcKxAIK7yXwtRh0f5oxZCYwSBQl0DUgHYF99XcZirSTAC9iiYOFh9KSWGQ=s48-c-k-c0x00ffffff-no-rj', 'authorChannelUrl': 'http://www.youtube.com/channel/UCM6KQzEbQncn-ytSzvQDOEA', 'authorChannelId': {'value': 'UCM6KQzEbQncn-ytSzvQDOEA'}, 'canRate': True, 'viewerRating': 'none', 'likeCount': 1, 'publishedAt': '2022-10-23T22:27:11Z', 'updatedAt': '2022-10-23T22:27:11Z'}}, 'canReply': True, 'totalReplyCount': 0, 'isPublic': True}",,UCM6KQzEbQncn-ytSzvQDOEA,2022-10-23T22:27:11Z,Bob Jeff acaba de eleger o Lula! Parabéns gados que foram lá bater no repórter. Lula agradece.,QURTSl9pMWwtbEthQnFKZmJuZy13cmk3NmtQcWFaSVpyYXVJYnZrVTZJa2Q3RnppTVhfTFBNazg2dkZqa0VrQUx4RmQzaEhQR0psUk1pUQ==,2023-06-08 14:52:45.506398
youtube#commentThread,mFg_rTrANbhCWJDj4VhL1RTbnqQ,UgzDaqB0NXqBMLg-60B4AaABAg,"{'videoId': 'zEfTDpfyt1o', 'topLevelComment': {'kind': 'youtube#comment', 'etag': 'wn7betZsRANeHqgTomtOObp2oCk', 'id': 'UgzDaqB0NXqBMLg-60B4AaABAg', 'snippet': {'videoId': 'zEfTDpfyt1o', 'textDisplay': 'O Estado de Direito brasileiro deu errado.', 'textOriginal': 'O Estado de Direito brasileiro deu errado.', 'authorDisplayName': 'Ayorya L', 'authorProfileImageUrl': 'https://yt3.ggpht.com/ytc/AGIKgqMWc8PazqgVnuFjHS0Sf28ObExHeSUXG_6Mw8xA4Q=s48-c-k-c0x00ffffff-no-rj', 'authorChannelUrl': 'http://www.youtube.com/channel/UCmZlCVJ1qwY8J9SaubRRY1Q', 'authorChannelId': {'value': 'UCmZlCVJ1qwY8J9SaubRRY1Q'}, 'canRate': True, 'viewerRating': 'none', 'likeCount': 0, 'publishedAt': '2022-10-23T22:27:09Z', 'updatedAt': '2022-10-23T22:27:09Z'}}, 'canReply': True, 'totalReplyCount': 0, 'isPublic': True}",,UCmZlCVJ1qwY8J9SaubRRY1Q,2022-10-23T22:27:09Z,O Estado de Direito brasileiro deu errado.,QURTSl9pMWwtbEthQnFKZmJuZy13cmk3NmtQcWFaSVpyYXVJYnZrVTZJa2Q3RnppTVhfTFBNazg2dkZqa0VrQUx4RmQzaEhQR0psUk1pUQ==,2023-06-08 14:52:45.506398
youtube#commentThread,3hco71BK481jJJmiFLq9zr4m9Go,Ugzh2KdwejN-39oMnGh4AaABAg,"{'videoId': 'zEfTDpfyt1o', 'topLevelComment': {'kind': 'youtube#comment', 'etag': 'aZ60dI_auNoy8CxkoBXTCeTVqUI', 'id': 'Ugzh2KdwejN-39oMnGh4AaABAg', 'snippet': {'videoId': 'zEfTDpfyt1o', 'textDisplay': 'Estão desesperados por audiência pública daí criam situações sinistras envolvendo Bolsonaro pena que nao colou pois foi tudo armado o cará que agrediu o repórter é PT de cabresto', 'textOriginal': 'Estão desesperados por audiência pública daí criam situações sinistras envolvendo Bolsonaro pena que nao colou pois foi tudo armado o cará que agrediu o repórter é PT de cabresto', 'authorDisplayName': 'José Paulo Silva', 'authorProfileImageUrl': 'https://yt3.ggpht.com/ytc/AGIKgqPleLFKVbRnSJqgeF3zYs-TwvTRq46g0YcGTQ=s48-c-k-c0x00ffffff-no-rj', 'authorChannelUrl': 'http://www.youtube.com/channel/UCdsNjbuT-o5h6pLLu8u6glw', 'authorChannelId': {'value': 'UCdsNjbuT-o5h6pLLu8u6glw'}, 'canRate': True, 'viewerRating': 'none', 'likeCount': 0, 'publishedAt': '2022-10-23T22:27:04Z', 'updatedAt': '2022-10-23T22:27:04Z'}}, 'canReply': True, 'totalReplyCount': 0, 'isPublic': True}",,UCdsNjbuT-o5h6pLLu8u6glw,2022-10-23T22:27:04Z,Estão desesperados por audiência pública daí criam situações sinistras envolvendo Bolsonaro pena que nao colou pois foi tudo armado o cará que agrediu o repórter é PT de cabresto,QURTSl9pMWwtbEthQnFKZmJuZy13cmk3NmtQcWFaSVpyYXVJYnZrVTZJa2Q3RnppTVhfTFBNazg2dkZqa0VrQUx4RmQzaEhQR0psUk1pUQ==,2023-06-08 14:52:45.506398
youtube#commentThread,jWSgd9stjbV-fY2XQzkWGITswPE,UgyEOT0Cnz9a4eaObWN4AaABAg,"{'videoId': 'zEfTDpfyt1o', 'topLevelComment': {'kind': 'youtube#comment', 'etag': 'p6nHsrXhn2kM4Iv57ZVM5sIVVfw', 'id': 'UgyEOT0Cnz9a4eaObWN4AaABAg', 'snippet': {'videoId': 'zEfTDpfyt1o', 'textDisplay': 'Quem garante que o autor dessa agressão ,não é um petista infiltrado,  para culpar Bolsonaro ?', 'textOriginal': 'Quem garante que o autor dessa agressão ,não é um petista infiltrado,  para culpar Bolsonaro ?', 'authorDisplayName': 'Paulo Augusto', 'authorProfileImageUrl': 'https://yt3.ggpht.com/ytc/AGIKgqNEasIPUnmkZFQ67_Cv1sEBT3Fftlbem9FDfbgv=s48-c-k-c0x00ffffff-no-rj', 'authorChannelUrl': 'http://www.youtube.com/channel/UCLoFycw3a1oYcXBnYHdldkA', 'authorChannelId': {'value': 'UCLoFycw3a1oYcXBnYHdldkA'}, 'canRate': True, 'viewerRating': 'none', 'likeCount': 0, 'publishedAt': '2022-10-23T22:27:00Z', 'updatedAt': '2022-10-23T22:27:00Z'}}, 'canReply': True, 'totalReplyCount': 0, 'isPublic': True}",,UCLoFycw3a1oYcXBnYHdldkA,2022-10-23T22:27:00Z,"Quem garante que o autor dessa agressão ,não é um petista infiltrado,  para culpar Bolsonaro ?",QURTSl9pMWwtbEthQnFKZmJuZy13cmk3NmtQcWFaSVpyYXVJYnZrVTZJa2Q3RnppTVhfTFBNazg2dkZqa0VrQUx4RmQzaEhQR0psUk1pUQ==,2023-06-08 14:52:45.506398
youtube#commentThread,wH7YOBGHpm5jALH9RmR3jETo2DA,UgxseCqYTv1wMLZF7dR4AaABAg,"{'videoId': 'zEfTDpfyt1o', 'topLevelComment': {'kind': 'youtube#comment', 'etag': '1l3aMlBhOVSeiv3KtfSM-ckzx4c', 'id': 'UgxseCqYTv1wMLZF7dR4AaABAg', 'snippet': {'videoId': 'zEfTDpfyt1o', 'textDisplay': 'Jovem pan tem culpa nisso, incentivando a violência..', 'textOriginal': 'Jovem pan tem culpa nisso, incentivando a violência..', 'authorDisplayName': 'Fernando Caitano', 'authorProfileImageUrl': 'https://yt3.ggpht.com/y0qjJ5ylghUffhsgsSX3ty9vRouygVp3C6HMeOp5C9XTUuljOCWWmHH8jMyDqNSTYyU-zzMqRQ=s48-c-k-c0x00ffffff-no-rj', 'authorChannelUrl': 'http://www.youtube.com/channel/UC4dBxtg3G4-9MYEJEVy9yOw', 'authorChannelId': {'value': 'UC4dBxtg3G4-9MYEJEVy9yOw'}, 'canRate': True, 'viewerRating': 'none', 'likeCount': 0, 'publishedAt': '2022-10-23T22:26:59Z', 'updatedAt': '2022-10-23T22:26:59Z'}}, 'canReply': True, 'totalReplyCount': 0, 'isPublic': True}",,UC4dBxtg3G4-9MYEJEVy9yOw,2022-10-23T22:26:59Z,"Jovem pan tem culpa nisso, incentivando a violência..",QURTSl9pMWwtbEthQnFKZmJuZy13cmk3NmtQcWFaSVpyYXVJYnZrVTZJa2Q3RnppTVhfTFBNazg2dkZqa0VrQUx4RmQzaEhQR0psUk1pUQ==,2023-06-08 14:52:45.506398
youtube#commentThread,x7KHeN6jhh7uz9Awo9z6IovKoMk,Ugy8GCfO-75O-3fYtOd4AaABAg,"{'videoId': 'zEfTDpfyt1o', 'topLevelComment': {'kind': 'youtube#comment', 'etag': 'cEGYg5Tit5PpsGOwoU37ID-Abx4', 'id': 'Ugy8GCfO-75O-3fYtOd4AaABAg', 'snippet': {'videoId': 'zEfTDpfyt1o', 'textDisplay': 'AONDE O STF COLOCA A MÃO É MALÉFICO', 'textOriginal': 'AONDE O STF COLOCA A MÃO É MALÉFICO', 'authorDisplayName': 'Guilherme Barros', 'authorProfileImageUrl': 'https://yt3.ggpht.com/ytc/AGIKgqMO04kOKyT9ARVdZV15htjevKqBMgGvBwSM3ZnG=s48-c-k-c0x00ffffff-no-rj', 'authorChannelUrl': 'http://www.youtube.com/channel/UC9p7OrntGFygL5rG3pzlMUw', 'authorChannelId': {'value': 'UC9p7OrntGFygL5rG3pzlMUw'}, 'canRate': True, 'viewerRating': 'none', 'likeCount': 0, 'publishedAt': '2022-10-23T22:26:56Z', 'updatedAt': '2022-10-23T22:26:56Z'}}, 'canReply': True, 'totalReplyCount': 0, 'isPublic': True}",,UC9p7OrntGFygL5rG3pzlMUw,2022-10-23T22:26:56Z,AONDE O STF COLOCA A MÃO É MALÉFICO,QURTSl9pMWwtbEthQnFKZmJuZy13cmk3NmtQcWFaSVpyYXVJYnZrVTZJa2Q3RnppTVhfTFBNazg2dkZqa0VrQUx4RmQzaEhQR0psUk1pUQ==,2023-06-08 14:52:45.506398
youtube#commentThread,WMsJpzifdOG_7PK_AFy87ApymBM,UgwpX_zHUsjQPFBBjFp4AaABAg,"{'videoId': 'zEfTDpfyt1o', 'topLevelComment': {'kind': 'youtube#comment', 'etag': '9qMRjcDDKzcuot0OlMZF2LBd17o', 'id': 'UgwpX_zHUsjQPFBBjFp4AaABAg', 'snippet': {'videoId': 'zEfTDpfyt1o', 'textDisplay': 'Creio q ę sø o começo', 'textOriginal': 'Creio q ę sø o começo', 'authorDisplayName': 'Marcos Dos santos', 'authorProfileImageUrl': 'https://yt3.ggpht.com/ytc/AGIKgqNLTfYucS0xek446eIojidqlcIIFNNlQgC1RgytMCdcdMrn3-IBn0BvRRUaQZ19=s48-c-k-c0x00ffffff-no-rj', 'authorChannelUrl': 'http://www.youtube.com/channel/UCan90ZLFZ9Af4EV0p8WQhGA', 'authorChannelId': {'value': 'UCan90ZLFZ9Af4EV0p8WQhGA'}, 'canRate': True, 'viewerRating': 'none', 'likeCount': 0, 'publishedAt': '2022-10-23T22:26:55Z', 'updatedAt': '2022-10-23T22:26:55Z'}}, 'canReply': True, 'totalReplyCount': 0, 'isPublic': True}",,UCan90ZLFZ9Af4EV0p8WQhGA,2022-10-23T22:26:55Z,Creio q ę sø o começo,QURTSl9pMWwtbEthQnFKZmJuZy13cmk3NmtQcWFaSVpyYXVJYnZrVTZJa2Q3RnppTVhfTFBNazg2dkZqa0VrQUx4RmQzaEhQR0psUk1pUQ==,2023-06-08 14:52:45.506398
youtube#commentThread,fePx-Ww_eQz_vUJr2E-g2tMPkvE,UgxR9TKZSkn09L3oCCd4AaABAg,"{'videoId': 'zEfTDpfyt1o', 'topLevelComment': {'kind': 'youtube#comment', 'etag': 'C7IBTkoN3Mk68hBpNDsyxI1a3ZU', 'id': 'UgxR9TKZSkn09L3oCCd4AaABAg', 'snippet': {'videoId': 'zEfTDpfyt1o', 'textDisplay': 'PARABENS JOVEM PAM . VCS QUE ESTÃO CRIANDO ESSES MONSTROS .', 'textOriginal': 'PARABENS JOVEM PAM . VCS QUE ESTÃO CRIANDO ESSES MONSTROS .', 'authorDisplayName': 'Thalyne Jadson  Fernandes', 'authorProfileImageUrl': 'https://yt3.ggpht.com/GOjejOiCOZ9LzdVTUrOj16xOEDfVPuEF0ctBCuIVV41e-_oMAOhl6hTAbqD3OgZEhA_0hpf3ekI=s48-c-k-c0x00ffffff-no-rj', 'authorChannelUrl': 'http://www.youtube.com/channel/UCpx48m2IUfwkKeOdHZ_YCDg', 'authorChannelId': {'value': 'UCpx48m2IUfwkKeOdHZ_YCDg'}, 'canRate': True, 'viewerRating': 'none', 'likeCount': 1, 'publishedAt': '2022-10-23T22:26:54Z', 'updatedAt': '2022-10-23T22:26:54Z'}}, 'canReply': True, 'totalReplyCount': 5, 'isPublic': True}","{'comments': [{'kind': 'youtube#comment', 'etag': 'WfMaDgBMrjJh33yA209ASvbjNqo', 'id': 'UgxR9TKZSkn09L3oCCd4AaABAg.9hYAhFyx41B9hYWp6-QFh4', 'snippet': {'videoId': 'zEfTDpfyt1o', 'textDisplay': '@Thalyne Jadson  Fernandes PITBULL NADA, TU É PINSCHER🐩 ZÉ BÙNDISTA DE INTERNET... 😂😂😂👃👃👃👃👃👃👃👃👃', 'textOriginal': '@Thalyne Jadson  Fernandes PITBULL NADA, TU É PINSCHER🐩 ZÉ BÙNDISTA DE INTERNET... 😂😂😂👃👃👃👃👃👃👃👃👃', 'parentId': 'UgxR9TKZSkn09L3oCCd4AaABAg', 'authorDisplayName': 'Col. Bill Kilgore', 'authorProfileImageUrl': 'https://yt3.ggpht.com/ytc/AGIKgqNtJZT4kKVA4vEA8uEZ5KPRMzhIjBA1WxUyKQUD=s48-c-k-c0x00ffffff-no-rj', 'authorChannelUrl': 'http://www.youtube.com/channel/UCKkW2aT1sOYNggMMBP46uMw', 'authorChannelId': {'value': 'UCKkW2aT1sOYNggMMBP46uMw'}, 'canRate': True, 'viewerRating': 'none', 'likeCount': 0, 'publishedAt': '2022-10-24T01:40:12Z', 'updatedAt': '2022-10-24T01:41:33Z'}}, {'kind': 'youtube#comment', 'etag': 'XJm4M8eUBT6yXeCcaCYlmStgf9w', 'id': 'UgxR9TKZSkn09L3oCCd4AaABAg.9hYAhFyx41B9hYVMJ3lyhy', 'snippet': {'videoId': 'zEfTDpfyt1o', 'textDisplay': '@Col. Bill Kilgore SP JUNDIAI VILA COLONIA  .<br>TENTA A SORTE  . MEU PITBUL  TA COM MUITA APETITE SEU BABACA .', 'textOriginal': '@Col. Bill Kilgore SP JUNDIAI VILA COLONIA  .\\nTENTA A SORTE  . MEU PITBUL  TA COM MUITA APETITE SEU BABACA .', 'parentId': 'UgxR9TKZSkn09L3oCCd4AaABAg', 'authorDisplayName': 'Thalyne Jadson  Fernandes', 'authorProfileImageUrl': 'https://yt3.ggpht.com/GOjejOiCOZ9LzdVTUrOj16xOEDfVPuEF0ctBCuIVV41e-_oMAOhl6hTAbqD3OgZEhA_0hpf3ekI=s48-c-k-c0x00ffffff-no-rj', 'authorChannelUrl': 'http://www.youtube.com/channel/UCpx48m2IUfwkKeOdHZ_YCDg', 'authorChannelId': {'value': 'UCpx48m2IUfwkKeOdHZ_YCDg'}, 'canRate': True, 'viewerRating': 'none', 'likeCount': 0, 'publishedAt': '2022-10-24T01:27:24Z', 'updatedAt': '2022-10-24T01:27:24Z'}}, {'kind': 'youtube#comment', 'etag': '9OxpsxEuJQoZQyU7BjWnkyb0Vuo', 'id': 'UgxR9TKZSkn09L3oCCd4AaABAg.9hYAhFyx41B9hYGySO_s2w', 'snippet': {'videoId': 'zEfTDpfyt1o', 'textDisplay': '@Thalyne Jadson  Fernandes Aiiiin... macho de YouTube', 'textOriginal': '@Thalyne Jadson  Fernandes Aiiiin... macho de YouTube', 'parentId': 'UgxR9TKZSkn09L3oCCd4AaABAg', 'authorDisplayName': 'Col. Bill Kilgore', 'authorProfileImageUrl': 'https://yt3.ggpht.com/ytc/AGIKgqNtJZT4kKVA4vEA8uEZ5KPRMzhIjBA1WxUyKQUD=s48-c-k-c0x00ffffff-no-rj', 'authorChannelUrl': 'http://www.youtube.com/channel/UCKkW2aT1sOYNggMMBP46uMw', 'authorChannelId': {'value': 'UCKkW2aT1sOYNggMMBP46uMw'}, 'canRate': True, 'viewerRating': 'none', 'likeCount': 0, 'publishedAt': '2022-10-23T23:21:40Z', 'updatedAt': '2022-10-23T23:21:40Z'}}, {'kind': 'youtube#comment', 'etag': 'Uy4YD_o0QzmoBJChEYY4Heg6T8M', 'id': 'UgxR9TKZSkn09L3oCCd4AaABAg.9hYAhFyx41B9hYBSEmpJ2S', 'snippet': {'videoId': 'zEfTDpfyt1o', 'textDisplay': '@Col. Bill Kilgore TENTA A SORTE .<br>QUE MEU ENDEREÇO?', 'textOriginal': '@Col. Bill Kilgore TENTA A SORTE .\\nQUE MEU ENDEREÇO?', 'parentId': 'UgxR9TKZSkn09L3oCCd4AaABAg', 'authorDisplayName': 'Thalyne Jadson  Fernandes', 'authorProfileImageUrl': 'https://yt3.ggpht.com/GOjejOiCOZ9LzdVTUrOj16xOEDfVPuEF0ctBCuIVV41e-_oMAOhl6hTAbqD3OgZEhA_0hpf3ekI=s48-c-k-c0x00ffffff-no-rj', 'authorChannelUrl': 'http://www.youtube.com/channel/UCpx48m2IUfwkKeOdHZ_YCDg', 'authorChannelId': {'value': 'UCpx48m2IUfwkKeOdHZ_YCDg'}, 'canRate': True, 'viewerRating': 'none', 'likeCount': 0, 'publishedAt': '2022-10-23T22:33:27Z', 'updatedAt': '2022-10-23T22:33:27Z'}}, {'kind': 'youtube#comment', 'etag': 'X5uXSRgLXNc7L7Kb4zoCjRT1d-Q', 'id': 'UgxR9TKZSkn09L3oCCd4AaABAg.9hYAhFyx41B9hYB2PpR0UH', 'snippet': {'videoId': 'zEfTDpfyt1o', 'textDisplay': 'cala ti! mentecapto', 'textOriginal': 'cala ti! mentecapto', 'parentId': 'UgxR9TKZSkn09L3oCCd4AaABAg', 'authorDisplayName': 'Col. Bill Kilgore', 'authorProfileImageUrl': 'https://yt3.ggpht.com/ytc/AGIKgqNtJZT4kKVA4vEA8uEZ5KPRMzhIjBA1WxUyKQUD=s48-c-k-c0x00ffffff-no-rj', 'authorChannelUrl': 'http://www.youtube.com/channel/UCKkW2aT1sOYNggMMBP46uMw', 'authorChannelId': {'value': 'UCKkW2aT1sOYNggMMBP46uMw'}, 'canRate': True, 'viewerRating': 'none', 'likeCount': 0, 'publishedAt': '2022-10-23T22:29:55Z', 'updatedAt': '2022-10-23T22:29:55Z'}}]}",UCpx48m2IUfwkKeOdHZ_YCDg,2022-10-23T22:26:54Z,PARABENS JOVEM PAM . VCS QUE ESTÃO CRIANDO ESSES MONSTROS .,QURTSl9pMWwtbEthQnFKZmJuZy13cmk3NmtQcWFaSVpyYXVJYnZrVTZJa2Q3RnppTVhfTFBNazg2dkZqa0VrQUx4RmQzaEhQR0psUk1pUQ==,2023-06-08 14:52:45.506398
youtube#commentThread,N1II7mCVCKB2BBlpw8HE2uy3LDw,UgwZCYngmXqlCP0cE3V4AaABAg,"{'videoId': 'zEfTDpfyt1o', 'topLevelComment': {'kind': 'youtube#comment', 'etag': 'KtbvseZ63pXC79ZJD5mKSr-Gt_Q', 'id': 'UgwZCYngmXqlCP0cE3V4AaABAg', 'snippet': {'videoId': 'zEfTDpfyt1o', 'textDisplay': 'O povo não  está  suportando  mais abra o olho  porque  coisas  piores  viram.', 'textOriginal': 'O povo não  está  suportando  mais abra o olho  porque  coisas  piores  viram.', 'authorDisplayName': 'Cicero Aparecido', 'authorProfileImageUrl': 'https://yt3.ggpht.com/ytc/AGIKgqPLC6bPSIz5qoB8lKecH7bTp1rJVq2D8A9uzQ=s48-c-k-c0x00ffffff-no-rj', 'authorChannelUrl': 'http://www.youtube.com/channel/UCWIbfG5Pn8ETYNR3bLSoJcw', 'authorChannelId': {'value': 'UCWIbfG5Pn8ETYNR3bLSoJcw'}, 'canRate': True, 'viewerRating': 'none', 'likeCount': 58, 'publishedAt': '2022-10-23T22:26:49Z', 'updatedAt': '2022-10-23T22:26:49Z'}}, 'canReply': True, 'totalReplyCount': 0, 'isPublic': True}",,UCWIbfG5Pn8ETYNR3bLSoJcw,2022-10-23T22:26:49Z,O povo não  está  suportando  mais abra o olho  porque  coisas  piores  viram.,QURTSl9pMWwtbEthQnFKZmJuZy13cmk3NmtQcWFaSVpyYXVJYnZrVTZJa2Q3RnppTVhfTFBNazg2dkZqa0VrQUx4RmQzaEhQR0psUk1pUQ==,2023-06-08 14:52:45.506398
youtube#commentThread,3EbOu4IgqQMusYbkfPRdAulX26A,UgyF9NTE6xgVABWLYiR4AaABAg,"{'videoId': 'zEfTDpfyt1o', 'topLevelComment': {'kind': 'youtube#comment', 'etag': 'jpU2cRb8Wv9J_3Do7YqqeYClFF8', 'id': 'UgyF9NTE6xgVABWLYiR4AaABAg', 'snippet': {'videoId': 'zEfTDpfyt1o', 'textDisplay': 'O cara estava trabalhando.   É um crime', 'textOriginal': 'O cara estava trabalhando.   É um crime', 'authorDisplayName': 'Luiza Vigato', 'authorProfileImageUrl': 'https://yt3.ggpht.com/ytc/AGIKgqNDBx2Nf_8mKInXGzDndGST9fegrsIClX_DWg=s48-c-k-c0x00ffffff-no-rj', 'authorChannelUrl': 'http://www.youtube.com/channel/UCN1YOJTWVk7io-hFwriHhyA', 'authorChannelId': {'value': 'UCN1YOJTWVk7io-hFwriHhyA'}, 'canRate': True, 'viewerRating': 'none', 'likeCount': 0, 'publishedAt': '2022-10-23T22:26:49Z', 'updatedAt': '2022-10-23T22:26:49Z'}}, 'canReply': True, 'totalReplyCount': 0, 'isPublic': True}",,UCN1YOJTWVk7io-hFwriHhyA,2022-10-23T22:26:49Z,O cara estava trabalhando.   É um crime,QURTSl9pMWwtbEthQnFKZmJuZy13cmk3NmtQcWFaSVpyYXVJYnZrVTZJa2Q3RnppTVhfTFBNazg2dkZqa0VrQUx4RmQzaEhQR0psUk1pUQ==,2023-06-08 14:52:45.506398
youtube#commentThread,BCjNRy765wwx4lGcanM3C4bhtLg,UgyNm45_iZM0VJ83HOF4AaABAg,"{'videoId': 'zEfTDpfyt1o', 'topLevelComment': {'kind': 'youtube#comment', 'etag': 'JA9qFy1jLLPr5JRC2tLPGrnls4k', 'id': 'UgyNm45_iZM0VJ83HOF4AaABAg', 'snippet': {'videoId': 'zEfTDpfyt1o', 'textDisplay': 'Apoiadores do Jeferson kkkk<br>Só vcs estão falando isso<br>TODA A IMPRENSA ESTÃO FALANDO APOIADORES DO BOLSONARO', 'textOriginal': 'Apoiadores do Jeferson kkkk\\nSó vcs estão falando isso\\nTODA A IMPRENSA ESTÃO FALANDO APOIADORES DO BOLSONARO', 'authorDisplayName': '☆ SAMUEL ☆', 'authorProfileImageUrl': 'https://yt3.ggpht.com/fcpXVhI12DmSJgfZf5qKtXUR4Ix42DWzTZ8w0vBfu2jQd0CSS3KxdRMuIdhYptvsVdsqMOq8ng=s48-c-k-c0x00ffffff-no-rj', 'authorChannelUrl': 'http://www.youtube.com/channel/UCh9j2Qd-1hXZCWkalx7pxQQ', 'authorChannelId': {'value': 'UCh9j2Qd-1hXZCWkalx7pxQQ'}, 'canRate': True, 'viewerRating': 'none', 'likeCount': 0, 'publishedAt': '2022-10-23T22:26:43Z', 'updatedAt': '2022-10-23T22:26:43Z'}}, 'canReply': True, 'totalReplyCount': 0, 'isPublic': True}",,UCh9j2Qd-1hXZCWkalx7pxQQ,2022-10-23T22:26:43Z,"Apoiadores do Jeferson kkkk
Só vcs estão falando isso
TODA A IMPRENSA ESTÃO FALANDO APOIADORES DO BOLSONARO",QURTSl9pMWwtbEthQnFKZmJuZy13cmk3NmtQcWFaSVpyYXVJYnZrVTZJa2Q3RnppTVhfTFBNazg2dkZqa0VrQUx4RmQzaEhQR0psUk1pUQ==,2023-06-08 14:52:45.506398
youtube#commentThread,brhGs7MEx_JqY3siazmkP8birkw,Ugxcluffl-ebiY6EBt54AaABAg,"{'videoId': 'zEfTDpfyt1o', 'topLevelComment': {'kind': 'youtube#comment', 'etag': 'wTERY3GICj7txoO6qKuDSRQHfj4', 'id': 'Ugxcluffl-ebiY6EBt54AaABAg', 'snippet': {'videoId': 'zEfTDpfyt1o', 'textDisplay': 'Verdade  a agressão  jamais', 'textOriginal': 'Verdade  a agressão  jamais', 'authorDisplayName': 'Maria do Socorro', 'authorProfileImageUrl': 'https://yt3.ggpht.com/ytc/AGIKgqPVS79mkZa_h5yczgFfSt-f_gzMzdyOBR-kP6JExdg=s48-c-k-c0x00ffffff-no-rj', 'authorChannelUrl': 'http://www.youtube.com/channel/UCqBJ32Z-LcGpjzY6M688NnQ', 'authorChannelId': {'value': 'UCqBJ32Z-LcGpjzY6M688NnQ'}, 'canRate': True, 'viewerRating': 'none', 'likeCount': 0, 'publishedAt': '2022-10-23T22:26:41Z', 'updatedAt': '2022-10-23T22:26:41Z'}}, 'canReply': True, 'totalReplyCount': 0, 'isPublic': True}",,UCqBJ32Z-LcGpjzY6M688NnQ,2022-10-23T22:26:41Z,Verdade  a agressão  jamais,QURTSl9pMWwtbEthQnFKZmJuZy13cmk3NmtQcWFaSVpyYXVJYnZrVTZJa2Q3RnppTVhfTFBNazg2dkZqa0VrQUx4RmQzaEhQR0psUk1pUQ==,2023-06-08 14:52:45.506398
youtube#commentThread,A7KMO8sbH1dkXN658SxVTj-p1sM,UgyF_ZHCcdLN_nlhb7N4AaABAg,"{'videoId': 'zEfTDpfyt1o', 'topLevelComment': {'kind': 'youtube#comment', 'etag': '9BttfyPlmdq_gzNxYzEq8pFTmdQ', 'id': 'UgyF_ZHCcdLN_nlhb7N4AaABAg', 'snippet': {'videoId': 'zEfTDpfyt1o', 'textDisplay': 'A culpa é da imprensa que só faz mentiras', 'textOriginal': 'A culpa é da imprensa que só faz mentiras', 'authorDisplayName': 'Fábio Calassa', 'authorProfileImageUrl': 'https://yt3.ggpht.com/ytc/AGIKgqMvjv61PcnvEVZBu3O_yRyglecTJRAKwqBTla8K2QAvxXnIT8qarPS_EA5Gc4R4=s48-c-k-c0x00ffffff-no-rj', 'authorChannelUrl': 'http://www.youtube.com/channel/UC_mBc4ZfznZ9F_XULVV43Yg', 'authorChannelId': {'value': 'UC_mBc4ZfznZ9F_XULVV43Yg'}, 'canRate': True, 'viewerRating': 'none', 'likeCount': 0, 'publishedAt': '2022-10-23T22:26:38Z', 'updatedAt': '2022-10-23T22:26:38Z'}}, 'canReply': True, 'totalReplyCount': 0, 'isPublic': True}",,UC_mBc4ZfznZ9F_XULVV43Yg,2022-10-23T22:26:38Z,A culpa é da imprensa que só faz mentiras,QURTSl9pMWwtbEthQnFKZmJuZy13cmk3NmtQcWFaSVpyYXVJYnZrVTZJa2Q3RnppTVhfTFBNazg2dkZqa0VrQUx4RmQzaEhQR0psUk1pUQ==,2023-06-08 14:52:45.506398
youtube#commentThread,T9FT9nyPODNPoCY9Kh7ZXMQJOUY,Ugw5zCCqSRwne_GOxrx4AaABAg,"{'videoId': 'zEfTDpfyt1o', 'topLevelComment': {'kind': 'youtube#comment', 'etag': 'z5q0P2v7k7FrjfWimevCRQ7D1Kk', 'id': 'Ugw5zCCqSRwne_GOxrx4AaABAg', 'snippet': {'videoId': 'zEfTDpfyt1o', 'textDisplay': 'caiu q nem neymar.nao foi nada', 'textOriginal': 'caiu q nem neymar.nao foi nada', 'authorDisplayName': 'marcia guedes', 'authorProfileImageUrl': 'https://yt3.ggpht.com/ytc/AGIKgqMWBl75rWY_qul6dmteemAd4lqlA3Jad4YNBb40sG0=s48-c-k-c0x00ffffff-no-rj', 'authorChannelUrl': 'http://www.youtube.com/channel/UC-No7cMgXZeIFGX_NR3KOTA', 'authorChannelId': {'value': 'UC-No7cMgXZeIFGX_NR3KOTA'}, 'canRate': True, 'viewerRating': 'none', 'likeCount': 0, 'publishedAt': '2022-10-23T22:26:33Z', 'updatedAt': '2022-10-23T22:26:33Z'}}, 'canReply': True, 'totalReplyCount': 0, 'isPublic': True}",,UC-No7cMgXZeIFGX_NR3KOTA,2022-10-23T22:26:33Z,caiu q nem neymar.nao foi nada,QURTSl9pMWwtbEthQnFKZmJuZy13cmk3NmtQcWFaSVpyYXVJYnZrVTZJa2Q3RnppTVhfTFBNazg2dkZqa0VrQUx4RmQzaEhQR0psUk1pUQ==,2023-06-08 14:52:45.506398
youtube#commentThread,N4iAmaPO2ksENqKBblbiTDLhIio,UgzH3g0zlni9ZccvxN14AaABAg,"{'videoId': 'zEfTDpfyt1o', 'topLevelComment': {'kind': 'youtube#comment', 'etag': '3fq32Jhdx05lR3iS_298mAbhMU4', 'id': 'UgzH3g0zlni9ZccvxN14AaABAg', 'snippet': {'videoId': 'zEfTDpfyt1o', 'textDisplay': 'o povo de bem já não aguenta mais!!!!', 'textOriginal': 'o povo de bem já não aguenta mais!!!!', 'authorDisplayName': 'Eliton silva', 'authorProfileImageUrl': 'https://yt3.ggpht.com/ytc/AGIKgqMV6VKKSJFwq4LZGkyd0-P-b9KCCKAhJpi7JHRr1A=s48-c-k-c0x00ffffff-no-rj', 'authorChannelUrl': 'http://www.youtube.com/channel/UCoQOcvsEpLjS4-W04PToVDA', 'authorChannelId': {'value': 'UCoQOcvsEpLjS4-W04PToVDA'}, 'canRate': True, 'viewerRating': 'none', 'likeCount': 2, 'publishedAt': '2022-10-23T22:26:32Z', 'updatedAt': '2022-10-23T22:26:32Z'}}, 'canReply': True, 'totalReplyCount': 1, 'isPublic': True}","{'comments': [{'kind': 'youtube#comment', 'etag': '891GYAzCmwPcAB6VCIS6qBCiRH4', 'id': 'UgzH3g0zlni9ZccvxN14AaABAg.9hYAedMd8Mj9hYCLsyzjXg', 'snippet': {'videoId': 'zEfTDpfyt1o', 'textDisplay': 'Cansa muito todo isso mesmo.', 'textOriginal': 'Cansa muito todo isso mesmo.', 'parentId': 'UgzH3g0zlni9ZccvxN14AaABAg', 'authorDisplayName': 'Ivan paulo camilo', 'authorProfileImageUrl': 'https://yt3.ggpht.com/ytc/AGIKgqMfhrwAem-hOUsTrLKKDSogzYFXNjDG0A7Wj_iOHw=s48-c-k-c0x00ffffff-no-rj', 'authorChannelUrl': 'http://www.youtube.com/channel/UCtlE8Xks0r2uniC46pUk9qg', 'authorChannelId': {'value': 'UCtlE8Xks0r2uniC46pUk9qg'}, 'canRate': True, 'viewerRating': 'none', 'likeCount': 0, 'publishedAt': '2022-10-23T22:41:19Z', 'updatedAt': '2022-10-23T22:41:19Z'}}]}",UCoQOcvsEpLjS4-W04PToVDA,2022-10-23T22:26:32Z,o povo de bem já não aguenta mais!!!!,QURTSl9pMWwtbEthQnFKZmJuZy13cmk3NmtQcWFaSVpyYXVJYnZrVTZJa2Q3RnppTVhfTFBNazg2dkZqa0VrQUx4RmQzaEhQR0psUk1pUQ==,2023-06-08 14:52:45.506398
youtube#commentThread,RaRoqyqsQHH06w6mkksB4XtDCYo,UgyNDdynacU3WSF09_J4AaABAg,"{'videoId': 'zEfTDpfyt1o', 'topLevelComment': {'kind': 'youtube#comment', 'etag': 'kzdJyjbZ4I9p6oszUvPbOCo65yo', 'id': 'UgyNDdynacU3WSF09_J4AaABAg', 'snippet': {'videoId': 'zEfTDpfyt1o', 'textDisplay': 'vcs procura guerra vcs vão encontrar  o povo ja não aguenta mais  esse STF e TSE mais agressão contra os jornalistas e o que morais esta fazendo jornalistas da globo distoce os fatos', 'textOriginal': 'vcs procura guerra vcs vão encontrar  o povo ja não aguenta mais  esse STF e TSE mais agressão contra os jornalistas e o que morais esta fazendo jornalistas da globo distoce os fatos', 'authorDisplayName': 'Joyce Santos', 'authorProfileImageUrl': 'https://yt3.ggpht.com/ytc/AGIKgqOa0e1MrBe-H-2PryGIHXuKdY9_3Ffc7AugxQvilzk=s48-c-k-c0x00ffffff-no-rj', 'authorChannelUrl': 'http://www.youtube.com/channel/UCDhJHh0GcvOzDIbGJWCBkug', 'authorChannelId': {'value': 'UCDhJHh0GcvOzDIbGJWCBkug'}, 'canRate': True, 'viewerRating': 'none', 'likeCount': 0, 'publishedAt': '2022-10-23T22:26:31Z', 'updatedAt': '2022-10-23T22:26:31Z'}}, 'canReply': True, 'totalReplyCount': 0, 'isPublic': True}",,UCDhJHh0GcvOzDIbGJWCBkug,2022-10-23T22:26:31Z,vcs procura guerra vcs vão encontrar  o povo ja não aguenta mais  esse STF e TSE mais agressão contra os jornalistas e o que morais esta fazendo jornalistas da globo distoce os fatos,QURTSl9pMWwtbEthQnFKZmJuZy13cmk3NmtQcWFaSVpyYXVJYnZrVTZJa2Q3RnppTVhfTFBNazg2dkZqa0VrQUx4RmQzaEhQR0psUk1pUQ==,2023-06-08 14:52:45.506398
youtube#commentThread,DumFOE9ufKyC1gO3BTfg5EG6oLk,UgzYQt7qoRPbN0y57dN4AaABAg,"{'videoId': 'zEfTDpfyt1o', 'topLevelComment': {'kind': 'youtube#comment', 'etag': 'XwUoactCeS_BHw_AanQpF9aVtoo', 'id': 'UgzYQt7qoRPbN0y57dN4AaABAg', 'snippet': {'videoId': 'zEfTDpfyt1o', 'textDisplay': 'Tem que prender na hora, agrediu o rapaz covardia', 'textOriginal': 'Tem que prender na hora, agrediu o rapaz covardia', 'authorDisplayName': 'Lia Melo', 'authorProfileImageUrl': 'https://yt3.ggpht.com/ytc/AGIKgqOnTCi9yUb3MVoT5eESqfBYJ4bd_Qq2I6tF3Rrc0w=s48-c-k-c0x00ffffff-no-rj', 'authorChannelUrl': 'http://www.youtube.com/channel/UClZ7QDSYRc6i9_YznoobeWg', 'authorChannelId': {'value': 'UClZ7QDSYRc6i9_YznoobeWg'}, 'canRate': True, 'viewerRating': 'none', 'likeCount': 0, 'publishedAt': '2022-10-23T22:26:29Z', 'updatedAt': '2022-10-23T22:26:29Z'}}, 'canReply': True, 'totalReplyCount': 0, 'isPublic': True}",,UClZ7QDSYRc6i9_YznoobeWg,2022-10-23T22:26:29Z,"Tem que prender na hora, agrediu o rapaz covardia",QURTSl9pMWwtbEthQnFKZmJuZy13cmk3NmtQcWFaSVpyYXVJYnZrVTZJa2Q3RnppTVhfTFBNazg2dkZqa0VrQUx4RmQzaEhQR0psUk1pUQ==,2023-06-08 14:52:45.506398
youtube#commentThread,UtNahLgRBqECnagyGQv6Jpk574I,UgyagZwmNnmYOlWSbAZ4AaABAg,"{'videoId': 'zEfTDpfyt1o', 'topLevelComment': {'kind': 'youtube#comment', 'etag': 'QAD9JyvgWkwjDRPRiM8ge5vVWO0', 'id': 'UgyagZwmNnmYOlWSbAZ4AaABAg', 'snippet': {'videoId': 'zEfTDpfyt1o', 'textDisplay': 'Força Roberto Jeferson!!!!!!!! Não desista!!!!!!!!!!!!!!', 'textOriginal': 'Força Roberto Jeferson!!!!!!!! Não desista!!!!!!!!!!!!!!', 'authorDisplayName': 'Miguel Ribeiro', 'authorProfileImageUrl': 'https://yt3.ggpht.com/ytc/AGIKgqNcs8EtuwlvEmMfcAwZ7rBIJtsEx1oTxyq9WmK4Xw=s48-c-k-c0x00ffffff-no-rj', 'authorChannelUrl': 'http://www.youtube.com/channel/UC5a-sngsju53AQ0OETzYerA', 'authorChannelId': {'value': 'UC5a-sngsju53AQ0OETzYerA'}, 'canRate': True, 'viewerRating': 'none', 'likeCount': 13, 'publishedAt': '2022-10-23T22:26:21Z', 'updatedAt': '2022-10-23T22:26:21Z'}}, 'canReply': True, 'totalReplyCount': 4, 'isPublic': True}","{'comments': [{'kind': 'youtube#comment', 'etag': 'zPo90aavaLtOFP2uqzn0_pX87kE', 'id': 'UgyagZwmNnmYOlWSbAZ4AaABAg.9hYAdIz9oQM9hYDA-JxJdZ', 'snippet': {'videoId': 'zEfTDpfyt1o', 'textDisplay': 'Ué, e se fosse na favela? O cara tinha morrido por resistir a prisão. Amiguinho do Bolsonaro é bandido bom, né coisa????', 'textOriginal': 'Ué, e se fosse na favela? O cara tinha morrido por resistir a prisão. Amiguinho do Bolsonaro é bandido bom, né coisa????', 'parentId': 'UgyagZwmNnmYOlWSbAZ4AaABAg', 'authorDisplayName': 'sergio marguleski', 'authorProfileImageUrl': 'https://yt3.ggpht.com/ytc/AGIKgqN1LgGUM8pTDQ2guseL1gTpOf_P0wlHmYq7XjCO=s48-c-k-c0x00ffffff-no-rj', 'authorChannelUrl': 'http://www.youtube.com/channel/UCrS745RyQ8AZ1X2B76kKvzA', 'authorChannelId': {'value': 'UCrS745RyQ8AZ1X2B76kKvzA'}, 'canRate': True, 'viewerRating': 'none', 'likeCount': 0, 'publishedAt': '2022-10-23T22:48:26Z', 'updatedAt': '2022-10-23T22:48:26Z'}}, {'kind': 'youtube#comment', 'etag': '6e5Bb9HtbmVSJzVwTJ8ybL0eYfY', 'id': 'UgyagZwmNnmYOlWSbAZ4AaABAg.9hYAdIz9oQM9hYCVHEJSK5', 'snippet': {'videoId': 'zEfTDpfyt1o', 'textDisplay': 'Dar força pra vagabundo 🙄', 'textOriginal': 'Dar força pra vagabundo 🙄', 'parentId': 'UgyagZwmNnmYOlWSbAZ4AaABAg', 'authorDisplayName': 'Kerlen Cabrera', 'authorProfileImageUrl': 'https://yt3.ggpht.com/CvgAxrQ9DGO580YKuiWe6VoV7y5QcfPP7mgTV9Wj_tSex8xLcqPD_89-WgWTrLHBl0n7IOHrAFU=s48-c-k-c0x00ffffff-no-rj', 'authorChannelUrl': 'http://www.youtube.com/channel/UCIj7PLnBOZGD6VDZnq0dutQ', 'authorChannelId': {'value': 'UCIj7PLnBOZGD6VDZnq0dutQ'}, 'canRate': True, 'viewerRating': 'none', 'likeCount': 0, 'publishedAt': '2022-10-23T22:42:36Z', 'updatedAt': '2022-10-23T22:42:36Z'}}, {'kind': 'youtube#comment', 'etag': 'pJXT4SAAOWccReAo4JsrKfaLWUM', 'id': 'UgyagZwmNnmYOlWSbAZ4AaABAg.9hYAdIz9oQM9hYC11Fr5Jy', 'snippet': {'videoId': 'zEfTDpfyt1o', 'textDisplay': 'para de defender bandido', 'textOriginal': 'para de defender bandido', 'parentId': 'UgyagZwmNnmYOlWSbAZ4AaABAg', 'authorDisplayName': 'rafael', 'authorProfileImageUrl': 'https://yt3.ggpht.com/ytc/AGIKgqNKrYTBoBeafaB6LLdsrU0fznXH8-rShoY3d5cCNiw=s48-c-k-c0x00ffffff-no-rj', 'authorChannelUrl': 'http://www.youtube.com/channel/UC4KK4TPsLuhthKbIGmjMZog', 'authorChannelId': {'value': 'UC4KK4TPsLuhthKbIGmjMZog'}, 'canRate': True, 'viewerRating': 'none', 'likeCount': 0, 'publishedAt': '2022-10-23T22:38:28Z', 'updatedAt': '2022-10-23T22:38:28Z'}}, {'kind': 'youtube#comment', 'etag': 'yags23JM7GxwbTSSkwuUf6CIepc', 'id': 'UgyagZwmNnmYOlWSbAZ4AaABAg.9hYAdIz9oQM9hYBB5BU8Kf', 'snippet': {'videoId': 'zEfTDpfyt1o', 'textDisplay': 'o cara é condenado do mensalão e tu defende ele?', 'textOriginal': 'o cara é condenado do mensalão e tu defende ele?', 'parentId': 'UgyagZwmNnmYOlWSbAZ4AaABAg', 'authorDisplayName': 'brunoallexsander', 'authorProfileImageUrl': 'https://yt3.ggpht.com/ytc/AGIKgqPn_HmolYJb3BvYjFtL9uwMVuINNJxbM0i2-J3j=s48-c-k-c0x00ffffff-no-rj', 'authorChannelUrl': 'http://www.youtube.com/channel/UCvBcNGa8I_z9CVwMulB-Jqw', 'authorChannelId': {'value': 'UCvBcNGa8I_z9CVwMulB-Jqw'}, 'canRate': True, 'viewerRating': 'none', 'likeCount': 0, 'publishedAt': '2022-10-23T22:31:06Z', 'updatedAt': '2022-10-23T22:31:06Z'}}]}",UC5a-sngsju53AQ0OETzYerA,2022-10-23T22:26:21Z,Força Roberto Jeferson!!!!!!!! Não desista!!!!!!!!!!!!!!,QURTSl9pMWwtbEthQnFKZmJuZy13cmk3NmtQcWFaSVpyYXVJYnZrVTZJa2Q3RnppTVhfTFBNazg2dkZqa0VrQUx4RmQzaEhQR0psUk1pUQ==,2023-06-08 14:52:45.506398
youtube#commentThread,NmeiccmYs74OQD56QBHp17naaEs,UgwdOeedHVGsHNZQF5R4AaABAg,"{'videoId': 'zEfTDpfyt1o', 'topLevelComment': {'kind': 'youtube#comment', 'etag': 'tkAEqIEkAnGnCZ9wW8Qku18ZFFw', 'id': 'UgwdOeedHVGsHNZQF5R4AaABAg', 'snippet': {'videoId': 'zEfTDpfyt1o', 'textDisplay': 'Não defendam a esquerda,ela é muito mais violenta', 'textOriginal': 'Não defendam a esquerda,ela é muito mais violenta', 'authorDisplayName': 'Juliano Caetano', 'authorProfileImageUrl': 'https://yt3.ggpht.com/ytc/AGIKgqNWL6bohkrAqxbMUhQXstoBYBJeAooPM_x3_9pe=s48-c-k-c0x00ffffff-no-rj', 'authorChannelUrl': 'http://www.youtube.com/channel/UCw0WnVUYY1HMWB2cQIBzERA', 'authorChannelId': {'value': 'UCw0WnVUYY1HMWB2cQIBzERA'}, 'canRate': True, 'viewerRating': 'none', 'likeCount': 0, 'publishedAt': '2022-10-23T22:26:19Z', 'updatedAt': '2022-10-23T22:26:19Z'}}, 'canReply': True, 'totalReplyCount': 0, 'isPublic': True}",,UCw0WnVUYY1HMWB2cQIBzERA,2022-10-23T22:26:19Z,"Não defendam a esquerda,ela é muito mais violenta",QURTSl9pMWwtbEthQnFKZmJuZy13cmk3NmtQcWFaSVpyYXVJYnZrVTZJa2Q3RnppTVhfTFBNazg2dkZqa0VrQUx4RmQzaEhQR0psUk1pUQ==,2023-06-08 14:52:45.506398
youtube#commentThread,xqNVceNWVI5PD_TNYdLgoH_rxx4,UgyDbOV7piRboYQjqrJ4AaABAg,"{'videoId': 'zEfTDpfyt1o', 'topLevelComment': {'kind': 'youtube#comment', 'etag': 'DJtD0CuOFkUs4Ps6-2iCCJBw9pY', 'id': 'UgyDbOV7piRboYQjqrJ4AaABAg', 'snippet': {'videoId': 'zEfTDpfyt1o', 'textDisplay': 'O Título deste vídeo é totalmente descabido! Houve apenas um agressor e não agressores! O título leva a uma perigosa interpretação!  A verdade é que, mesmo não se podendo admitir a violência, todo cidadão e o povo tem seus limites e estamos chegando num limite perigoso!', 'textOriginal': 'O Título deste vídeo é totalmente descabido! Houve apenas um agressor e não agressores! O título leva a uma perigosa interpretação!  A verdade é que, mesmo não se podendo admitir a violência, todo cidadão e o povo tem seus limites e estamos chegando num limite perigoso!', 'authorDisplayName': 'Carmilla Karnstein', 'authorProfileImageUrl': 'https://yt3.ggpht.com/ytc/AGIKgqPjVCB-FF2rGlt7puqcLxFrl282IvW9bPx7jeVOjQ=s48-c-k-c0x00ffffff-no-rj', 'authorChannelUrl': 'http://www.youtube.com/channel/UCsFk9vIgZpVL_k6IEB12HRQ', 'authorChannelId': {'value': 'UCsFk9vIgZpVL_k6IEB12HRQ'}, 'canRate': True, 'viewerRating': 'none', 'likeCount': 0, 'publishedAt': '2022-10-23T22:26:18Z', 'updatedAt': '2022-10-23T22:26:18Z'}}, 'canReply': True, 'totalReplyCount': 0, 'isPublic': True}",,UCsFk9vIgZpVL_k6IEB12HRQ,2022-10-23T22:26:18Z,"O Título deste vídeo é totalmente descabido! Houve apenas um agressor e não agressores! O título leva a uma perigosa interpretação!  A verdade é que, mesmo não se podendo admitir a violência, todo cidadão e o povo tem seus limites e estamos chegando num limite perigoso!",QURTSl9pMWwtbEthQnFKZmJuZy13cmk3NmtQcWFaSVpyYXVJYnZrVTZJa2Q3RnppTVhfTFBNazg2dkZqa0VrQUx4RmQzaEhQR0psUk1pUQ==,2023-06-08 14:52:45.506398
youtube#commentThread,9pfDLGlbsY5ZlhxCTfu4ECFdfXw,Ugz5mqy-ZokHZUlL10Z4AaABAg,"{'videoId': 'zEfTDpfyt1o', 'topLevelComment': {'kind': 'youtube#comment', 'etag': 'e1Yf8AFdemTw7xJuJRGmJZfDSgc', 'id': 'Ugz5mqy-ZokHZUlL10Z4AaABAg', 'snippet': {'videoId': 'zEfTDpfyt1o', 'textDisplay': 'Aposto que ali só tem petista, e muito bem pagos,!!🤬😡💪', 'textOriginal': 'Aposto que ali só tem petista, e muito bem pagos,!!🤬😡💪', 'authorDisplayName': 'Aparecida Mussi', 'authorProfileImageUrl': 'https://yt3.ggpht.com/ytc/AGIKgqPIZK7b9aIIaHpe3XZhUSS5dL17TaO7Vw3wWA=s48-c-k-c0x00ffffff-no-rj', 'authorChannelUrl': 'http://www.youtube.com/channel/UCPgDkJ_NwFkhQJNa_5FfcPQ', 'authorChannelId': {'value': 'UCPgDkJ_NwFkhQJNa_5FfcPQ'}, 'canRate': True, 'viewerRating': 'none', 'likeCount': 0, 'publishedAt': '2022-10-23T22:26:15Z', 'updatedAt': '2022-10-23T22:26:15Z'}}, 'canReply': True, 'totalReplyCount': 0, 'isPublic': True}",,UCPgDkJ_NwFkhQJNa_5FfcPQ,2022-10-23T22:26:15Z,"Aposto que ali só tem petista, e muito bem pagos,!!🤬😡💪",QURTSl9pMWwtbEthQnFKZmJuZy13cmk3NmtQcWFaSVpyYXVJYnZrVTZJa2Q3RnppTVhfTFBNazg2dkZqa0VrQUx4RmQzaEhQR0psUk1pUQ==,2023-06-08 14:52:45.506398
youtube#commentThread,sGG_P35k5ppnXQIXcumgBfkulVE,UgyCoaFNY-gOakn_U4p4AaABAg,"{'videoId': 'zEfTDpfyt1o', 'topLevelComment': {'kind': 'youtube#comment', 'etag': 'zIWvgXebfA_PGVT3LgBw1kx3waY', 'id': 'UgyCoaFNY-gOakn_U4p4AaABAg', 'snippet': {'videoId': 'zEfTDpfyt1o', 'textDisplay': 'Sou contra agressão mas ,  tem maluco pra tudo', 'textOriginal': 'Sou contra agressão mas ,  tem maluco pra tudo', 'authorDisplayName': 'Elizabete Peixoto', 'authorProfileImageUrl': 'https://yt3.ggpht.com/ytc/AGIKgqNzEV_nVsRYRgT5yGpdhLX7DRtsGR_i-cT7sQ=s48-c-k-c0x00ffffff-no-rj', 'authorChannelUrl': 'http://www.youtube.com/channel/UCmnmhl_dJjauZivS8hVxI4g', 'authorChannelId': {'value': 'UCmnmhl_dJjauZivS8hVxI4g'}, 'canRate': True, 'viewerRating': 'none', 'likeCount': 0, 'publishedAt': '2022-10-23T22:26:14Z', 'updatedAt': '2022-10-23T22:26:14Z'}}, 'canReply': True, 'totalReplyCount': 0, 'isPublic': True}",,UCmnmhl_dJjauZivS8hVxI4g,2022-10-23T22:26:14Z,"Sou contra agressão mas ,  tem maluco pra tudo",QURTSl9pMWwtbEthQnFKZmJuZy13cmk3NmtQcWFaSVpyYXVJYnZrVTZJa2Q3RnppTVhfTFBNazg2dkZqa0VrQUx4RmQzaEhQR0psUk1pUQ==,2023-06-08 14:52:45.506398
youtube#commentThread,pkaXg4zeOKH8cq6it_n5GPKc7Zk,UgwG6hAUsmE_OFQRu7t4AaABAg,"{'videoId': 'zEfTDpfyt1o', 'topLevelComment': {'kind': 'youtube#comment', 'etag': 'T-6rTBXmYKqHFL31oq3HWvujP1M', 'id': 'UgwG6hAUsmE_OFQRu7t4AaABAg', 'snippet': {'videoId': 'zEfTDpfyt1o', 'textDisplay': 'Eu sou de esquerda eu também acho que polícia tem que ser recebida assim, parabéns Roberto Jeferson!!', 'textOriginal': 'Eu sou de esquerda eu também acho que polícia tem que ser recebida assim, parabéns Roberto Jeferson!!', 'authorDisplayName': 'AnalisedaCadela', 'authorProfileImageUrl': 'https://yt3.ggpht.com/vwCEKJzPmyz241kgbU4bpRwewhsBH-H2N_n8wAKwEqKyLc-JRiNl99BYWiaJohZKe0hnsAA0wA=s48-c-k-c0x00ffffff-no-rj', 'authorChannelUrl': 'http://www.youtube.com/channel/UCmnwVXQwxQUktUlpb1GQY5A', 'authorChannelId': {'value': 'UCmnwVXQwxQUktUlpb1GQY5A'}, 'canRate': True, 'viewerRating': 'none', 'likeCount': 1, 'publishedAt': '2022-10-23T22:26:13Z', 'updatedAt': '2022-10-23T22:26:13Z'}}, 'canReply': True, 'totalReplyCount': 0, 'isPublic': True}",,UCmnwVXQwxQUktUlpb1GQY5A,2022-10-23T22:26:13Z,"Eu sou de esquerda eu também acho que polícia tem que ser recebida assim, parabéns Roberto Jeferson!!",QURTSl9pMWwtbEthQnFKZmJuZy13cmk3NmtQcWFaSVpyYXVJYnZrVTZJa2Q3RnppTVhfTFBNazg2dkZqa0VrQUx4RmQzaEhQR0psUk1pUQ==,2023-06-08 14:52:45.506398
youtube#commentThread,GGfZVZJ069KiHEDrT8x9aqdfzZs,UgwIYRgdr8SZsM0bkJ54AaABAg,"{'videoId': 'zEfTDpfyt1o', 'topLevelComment': {'kind': 'youtube#comment', 'etag': '5Fm8TkKmq6pZQxfT9CfoTvkU-Ko', 'id': 'UgwIYRgdr8SZsM0bkJ54AaABAg', 'snippet': {'videoId': 'zEfTDpfyt1o', 'textDisplay': 'Verdade não agredir as pessoas qualquer trabalhador não merece ser agredido por ninguém', 'textOriginal': 'Verdade não agredir as pessoas qualquer trabalhador não merece ser agredido por ninguém', 'authorDisplayName': 'Luzia Nery', 'authorProfileImageUrl': 'https://yt3.ggpht.com/ytc/AGIKgqORR7ONz0pNfK2hPJK2m0vt5ipv6dH0RcD6uS-sAIu0WqEVEPHOPn4qJ5WPL16n=s48-c-k-c0x00ffffff-no-rj', 'authorChannelUrl': 'http://www.youtube.com/channel/UCaWJ1Z7DqQdKcYv8cSjiPsw', 'authorChannelId': {'value': 'UCaWJ1Z7DqQdKcYv8cSjiPsw'}, 'canRate': True, 'viewerRating': 'none', 'likeCount': 0, 'publishedAt': '2022-10-23T22:26:13Z', 'updatedAt': '2022-10-23T22:26:13Z'}}, 'canReply': True, 'totalReplyCount': 0, 'isPublic': True}",,UCaWJ1Z7DqQdKcYv8cSjiPsw,2022-10-23T22:26:13Z,Verdade não agredir as pessoas qualquer trabalhador não merece ser agredido por ninguém,QURTSl9pMWwtbEthQnFKZmJuZy13cmk3NmtQcWFaSVpyYXVJYnZrVTZJa2Q3RnppTVhfTFBNazg2dkZqa0VrQUx4RmQzaEhQR0psUk1pUQ==,2023-06-08 14:52:45.506398
youtube#commentThread,7n87whNf_7bxi2lO87K1X5TNBh0,Ugy8Ihy06G2cQYF68Od4AaABAg,"{'videoId': 'zEfTDpfyt1o', 'topLevelComment': {'kind': 'youtube#comment', 'etag': 'yjzjvMMX76i6LnXo2lnKcOt_pyU', 'id': 'Ugy8Ihy06G2cQYF68Od4AaABAg', 'snippet': {'videoId': 'zEfTDpfyt1o', 'textDisplay': 'foraBolsonaro', 'textOriginal': 'foraBolsonaro', 'authorDisplayName': 'Matheus Barbieri', 'authorProfileImageUrl': 'https://yt3.ggpht.com/VwF97pOOA7NVm7KBogUKEKcHHNefXYYQcsD2Jip40Wk_88xGtd6qrIINQlCXQsAqb_vGM-Jf2Ms=s48-c-k-c0x00ffffff-no-rj', 'authorChannelUrl': 'http://www.youtube.com/channel/UC6t8Gmg_7q6545dIbjtL5rA', 'authorChannelId': {'value': 'UC6t8Gmg_7q6545dIbjtL5rA'}, 'canRate': True, 'viewerRating': 'none', 'likeCount': 1, 'publishedAt': '2022-10-23T22:26:10Z', 'updatedAt': '2022-10-23T22:26:10Z'}}, 'canReply': True, 'totalReplyCount': 0, 'isPublic': True}",,UC6t8Gmg_7q6545dIbjtL5rA,2022-10-23T22:26:10Z,foraBolsonaro,QURTSl9pMWwtbEthQnFKZmJuZy13cmk3NmtQcWFaSVpyYXVJYnZrVTZJa2Q3RnppTVhfTFBNazg2dkZqa0VrQUx4RmQzaEhQR0psUk1pUQ==,2023-06-08 14:52:45.506398
youtube#commentThread,QYTB6aw_kl_Aj75ZLmO0WtILj4Y,UgwFHjo2aGUFfLk0YSt4AaABAg,"{'videoId': 'zEfTDpfyt1o', 'topLevelComment': {'kind': 'youtube#comment', 'etag': 'SPAjdjCACj-sSC3WMeTaqneLR4M', 'id': 'UgwFHjo2aGUFfLk0YSt4AaABAg', 'snippet': {'videoId': 'zEfTDpfyt1o', 'textDisplay': 'A burrice das pessoas não tem limite !!!!! Era toda essa propaganda negativa que o pessoal da esquerda queria !! Faltando uma semana pra eleição ! Inacreditável!!!', 'textOriginal': 'A burrice das pessoas não tem limite !!!!! Era toda essa propaganda negativa que o pessoal da esquerda queria !! Faltando uma semana pra eleição ! Inacreditável!!!', 'authorDisplayName': 'Ed.', 'authorProfileImageUrl': 'https://yt3.ggpht.com/ytc/AGIKgqOYfyVoKEqWWtkaHUTgaHTLZ2H1qArrXjW09hXLF2uBA7ZzHPv4Fumy15s-9aOB=s48-c-k-c0x00ffffff-no-rj', 'authorChannelUrl': 'http://www.youtube.com/channel/UCz5-CusP3X0dusHuRVMyDWQ', 'authorChannelId': {'value': 'UCz5-CusP3X0dusHuRVMyDWQ'}, 'canRate': True, 'viewerRating': 'none', 'likeCount': 0, 'publishedAt': '2022-10-23T22:26:09Z', 'updatedAt': '2022-10-23T22:26:09Z'}}, 'canReply': True, 'totalReplyCount': 0, 'isPublic': True}",,UCz5-CusP3X0dusHuRVMyDWQ,2022-10-23T22:26:09Z,A burrice das pessoas não tem limite !!!!! Era toda essa propaganda negativa que o pessoal da esquerda queria !! Faltando uma semana pra eleição ! Inacreditável!!!,QURTSl9pMWwtbEthQnFKZmJuZy13cmk3NmtQcWFaSVpyYXVJYnZrVTZJa2Q3RnppTVhfTFBNazg2dkZqa0VrQUx4RmQzaEhQR0psUk1pUQ==,2023-06-08 14:52:45.506398
youtube#commentThread,JdDfq1Nc731h_DbX_JOc1rcurkY,UgzT-QQII0-bXumVsLB4AaABAg,"{'videoId': 'zEfTDpfyt1o', 'topLevelComment': {'kind': 'youtube#comment', 'etag': 'FRLkp854KcKcBSCWb3lHaf4hMgA', 'id': 'UgzT-QQII0-bXumVsLB4AaABAg', 'snippet': {'videoId': 'zEfTDpfyt1o', 'textDisplay': 'Vocês nem saber quem é ele já estão dizendo que ele é apoiador. Vocês são todos iguais do jornalismo.', 'textOriginal': 'Vocês nem saber quem é ele já estão dizendo que ele é apoiador. Vocês são todos iguais do jornalismo.', 'authorDisplayName': 'Berdjuna Augustin HECTOR', 'authorProfileImageUrl': 'https://yt3.ggpht.com/ytc/AGIKgqNSBTiUUhf_D9OMuC6vF6pvmaTNrfZno9O0Dg=s48-c-k-c0x00ffffff-no-rj', 'authorChannelUrl': 'http://www.youtube.com/channel/UCtPp3YZDWWRw-TjEIRs1U_g', 'authorChannelId': {'value': 'UCtPp3YZDWWRw-TjEIRs1U_g'}, 'canRate': True, 'viewerRating': 'none', 'likeCount': 0, 'publishedAt': '2022-10-23T22:26:04Z', 'updatedAt': '2022-10-23T22:26:04Z'}}, 'canReply': True, 'totalReplyCount': 0, 'isPublic': True}",,UCtPp3YZDWWRw-TjEIRs1U_g,2022-10-23T22:26:04Z,Vocês nem saber quem é ele já estão dizendo que ele é apoiador. Vocês são todos iguais do jornalismo.,QURTSl9pMWwtbEthQnFKZmJuZy13cmk3NmtQcWFaSVpyYXVJYnZrVTZJa2Q3RnppTVhfTFBNazg2dkZqa0VrQUx4RmQzaEhQR0psUk1pUQ==,2023-06-08 14:52:45.506398
youtube#commentThread,ihOvxFqN9HmlGC_bP8Lzt9RvhRs,UgyvJLpxF-ftEMS13yd4AaABAg,"{'videoId': 'zEfTDpfyt1o', 'topLevelComment': {'kind': 'youtube#comment', 'etag': '8DUMRadh8FlKiA-fh5AmQkuiYgQ', 'id': 'UgyvJLpxF-ftEMS13yd4AaABAg', 'snippet': {'videoId': 'zEfTDpfyt1o', 'textDisplay': 'Eusouglobofóbica!!!', 'textOriginal': 'Eusouglobofóbica!!!', 'authorDisplayName': 'Maria De Fatima Menezes Guimaraes', 'authorProfileImageUrl': 'https://yt3.ggpht.com/ytc/AGIKgqO-vSTAhTZXW1DqB2GhS3NK5No0NAJAV0Wb9zNrEw=s48-c-k-c0x00ffffff-no-rj', 'authorChannelUrl': 'http://www.youtube.com/channel/UC6cGGGomCeWfB5YngFLvGNg', 'authorChannelId': {'value': 'UC6cGGGomCeWfB5YngFLvGNg'}, 'canRate': True, 'viewerRating': 'none', 'likeCount': 0, 'publishedAt': '2022-10-23T22:26:02Z', 'updatedAt': '2022-10-23T22:26:02Z'}}, 'canReply': True, 'totalReplyCount': 0, 'isPublic': True}",,UC6cGGGomCeWfB5YngFLvGNg,2022-10-23T22:26:02Z,Eusouglobofóbica!!!,QURTSl9pMWwtbEthQnFKZmJuZy13cmk3NmtQcWFaSVpyYXVJYnZrVTZJa2Q3RnppTVhfTFBNazg2dkZqa0VrQUx4RmQzaEhQR0psUk1pUQ==,2023-06-08 14:52:45.506398
youtube#commentThread,iHysi987DAS89yhb7c7LPk4xZMY,Ugywifrgg9TZOuGmEEV4AaABAg,"{'videoId': 'zEfTDpfyt1o', 'topLevelComment': {'kind': 'youtube#comment', 'etag': 'yQYAJBg0JkgC8kdPz2DKJvahKk0', 'id': 'Ugywifrgg9TZOuGmEEV4AaABAg', 'snippet': {'videoId': 'zEfTDpfyt1o', 'textDisplay': 'Tudo isso está acontecendo por causa de alechandre de Morais,quer faser o que quer e o povo já não aguenta mais o desmando dele, Morais é Lula estão acabando com o Brasil,o que ele tem que apoiar u ladrão.', 'textOriginal': 'Tudo isso está acontecendo por causa de alechandre de Morais,quer faser o que quer e o povo já não aguenta mais o desmando dele, Morais é Lula estão acabando com o Brasil,o que ele tem que apoiar u ladrão.', 'authorDisplayName': 'Lucimar Faria', 'authorProfileImageUrl': 'https://yt3.ggpht.com/ytc/AGIKgqMltgPVuOfz5wlpmJWX229BZLgm_Hzg_a_IXw=s48-c-k-c0x00ffffff-no-rj', 'authorChannelUrl': 'http://www.youtube.com/channel/UCQzGoykF51vgTgczcYJ8UQA', 'authorChannelId': {'value': 'UCQzGoykF51vgTgczcYJ8UQA'}, 'canRate': True, 'viewerRating': 'none', 'likeCount': 0, 'publishedAt': '2022-10-23T22:26:00Z', 'updatedAt': '2022-10-23T22:26:00Z'}}, 'canReply': True, 'totalReplyCount': 0, 'isPublic': True}",,UCQzGoykF51vgTgczcYJ8UQA,2022-10-23T22:26:00Z,"Tudo isso está acontecendo por causa de alechandre de Morais,quer faser o que quer e o povo já não aguenta mais o desmando dele, Morais é Lula estão acabando com o Brasil,o que ele tem que apoiar u ladrão.",QURTSl9pMWwtbEthQnFKZmJuZy13cmk3NmtQcWFaSVpyYXVJYnZrVTZJa2Q3RnppTVhfTFBNazg2dkZqa0VrQUx4RmQzaEhQR0psUk1pUQ==,2023-06-08 14:52:45.506398
youtube#commentThread,VPlTq9G-EK26kSVF_JYlBldSo44,UgxdO-WZM49YrjpBwwV4AaABAg,"{'videoId': 'zEfTDpfyt1o', 'topLevelComment': {'kind': 'youtube#comment', 'etag': 'oJ_SXahrol2SRguCsjJYWlOA16Q', 'id': 'UgxdO-WZM49YrjpBwwV4AaABAg', 'snippet': {'videoId': 'zEfTDpfyt1o', 'textDisplay': '✳️✳️✳️Mas, o que a globo quer com  suas mentiras e farsas nesses locais. Sua presença  é uma agressão, uma afronta pelos seus precedentes!', 'textOriginal': '✳️✳️✳️Mas, o que a globo quer com  suas mentiras e farsas nesses locais. Sua presença  é uma agressão, uma afronta pelos seus precedentes!', 'authorDisplayName': 'Hildebrando Afonso da Mata', 'authorProfileImageUrl': 'https://yt3.ggpht.com/ytc/AGIKgqOnLFUBcX2UOBvxuBmE3LZXQgkLgmVAKxhXSw=s48-c-k-c0x00ffffff-no-rj', 'authorChannelUrl': 'http://www.youtube.com/channel/UCzWQD2dU7b5ODOyT2LRmI9Q', 'authorChannelId': {'value': 'UCzWQD2dU7b5ODOyT2LRmI9Q'}, 'canRate': True, 'viewerRating': 'none', 'likeCount': 0, 'publishedAt': '2022-10-23T22:25:57Z', 'updatedAt': '2022-10-23T22:26:51Z'}}, 'canReply': True, 'totalReplyCount': 0, 'isPublic': True}",,UCzWQD2dU7b5ODOyT2LRmI9Q,2022-10-23T22:25:57Z,"✳️✳️✳️Mas, o que a globo quer com  suas mentiras e farsas nesses locais. Sua presença  é uma agressão, uma afronta pelos seus precedentes!",QURTSl9pMWwtbEthQnFKZmJuZy13cmk3NmtQcWFaSVpyYXVJYnZrVTZJa2Q3RnppTVhfTFBNazg2dkZqa0VrQUx4RmQzaEhQR0psUk1pUQ==,2023-06-08 14:52:45.506398
youtube#commentThread,tluBKklPvY_MfmzFAkrAs6gLS60,UgwKTmFZ58KSw6CBIUR4AaABAg,"{'videoId': 'zEfTDpfyt1o', 'topLevelComment': {'kind': 'youtube#comment', 'etag': 'NSIUEuxILwOX07aCbUf2Y7VSun8', 'id': 'UgwKTmFZ58KSw6CBIUR4AaABAg', 'snippet': {'videoId': 'zEfTDpfyt1o', 'textDisplay': 'Reporte não tem mais vez, pois os da jovem pan, foram censurados, isso é culpa do supremo e dos senadores que uns banda moles.', 'textOriginal': 'Reporte não tem mais vez, pois os da jovem pan, foram censurados, isso é culpa do supremo e dos senadores que uns banda moles.', 'authorDisplayName': 'Franco Andrei', 'authorProfileImageUrl': 'https://yt3.ggpht.com/ytc/AGIKgqO6loxraokHtKFc5Cq7aO2Qv-g6wyIVgTzHCQ=s48-c-k-c0x00ffffff-no-rj', 'authorChannelUrl': 'http://www.youtube.com/channel/UCAWyumMLFFlwz-YV1yrYTaA', 'authorChannelId': {'value': 'UCAWyumMLFFlwz-YV1yrYTaA'}, 'canRate': True, 'viewerRating': 'none', 'likeCount': 0, 'publishedAt': '2022-10-23T22:25:54Z', 'updatedAt': '2022-10-23T22:25:54Z'}}, 'canReply': True, 'totalReplyCount': 0, 'isPublic': True}",,UCAWyumMLFFlwz-YV1yrYTaA,2022-10-23T22:25:54Z,"Reporte não tem mais vez, pois os da jovem pan, foram censurados, isso é culpa do supremo e dos senadores que uns banda moles.",QURTSl9pMWwtbEthQnFKZmJuZy13cmk3NmtQcWFaSVpyYXVJYnZrVTZJa2Q3RnppTVhfTFBNazg2dkZqa0VrQUx4RmQzaEhQR0psUk1pUQ==,2023-06-08 14:52:45.506398
youtube#commentThread,GhRx_nHOd3DJCTu3D1sE25OkoEM,Ugy7CPZnQgMhtsHP4pl4AaABAg,"{'videoId': 'zEfTDpfyt1o', 'topLevelComment': {'kind': 'youtube#comment', 'etag': 'bCg2Azq6y7g1lcNVPT9RUKWd7yc', 'id': 'Ugy7CPZnQgMhtsHP4pl4AaABAg', 'snippet': {'videoId': 'zEfTDpfyt1o', 'textDisplay': 'Putz! Isso não é bom, indepedente das diferenças,  temos o dever de respeitar. Não concordo c/ agressão', 'textOriginal': 'Putz! Isso não é bom, indepedente das diferenças,  temos o dever de respeitar. Não concordo c/ agressão', 'authorDisplayName': 'Lucimeire Azevedo', 'authorProfileImageUrl': 'https://yt3.ggpht.com/ytc/AGIKgqO7Fh9LCqset1ExxOGkPda9fT91MIbjdNeIdmnciw=s48-c-k-c0x00ffffff-no-rj', 'authorChannelUrl': 'http://www.youtube.com/channel/UCjm3ofnbCeVIZK84huHK9GQ', 'authorChannelId': {'value': 'UCjm3ofnbCeVIZK84huHK9GQ'}, 'canRate': True, 'viewerRating': 'none', 'likeCount': 0, 'publishedAt': '2022-10-23T22:25:53Z', 'updatedAt': '2022-10-23T22:25:53Z'}}, 'canReply': True, 'totalReplyCount': 0, 'isPublic': True}",,UCjm3ofnbCeVIZK84huHK9GQ,2022-10-23T22:25:53Z,"Putz! Isso não é bom, indepedente das diferenças,  temos o dever de respeitar. Não concordo c/ agressão",QURTSl9pMWwtbEthQnFKZmJuZy13cmk3NmtQcWFaSVpyYXVJYnZrVTZJa2Q3RnppTVhfTFBNazg2dkZqa0VrQUx4RmQzaEhQR0psUk1pUQ==,2023-06-08 14:52:45.506398
youtube#commentThread,R4hhmza9AVqWmEeGfFiEyyMptwg,UgzQTGxLHg_2MKshSnx4AaABAg,"{'videoId': 'zEfTDpfyt1o', 'topLevelComment': {'kind': 'youtube#comment', 'etag': '0Y-ApYjZIEMur0XCS2Y2bTVXCdE', 'id': 'UgzQTGxLHg_2MKshSnx4AaABAg', 'snippet': {'videoId': 'zEfTDpfyt1o', 'textDisplay': 'Estão agredindo aquilo que eles dizem defender, A Liberdade', 'textOriginal': 'Estão agredindo aquilo que eles dizem defender, A Liberdade', 'authorDisplayName': 'Timoteo De matos', 'authorProfileImageUrl': 'https://yt3.ggpht.com/ytc/AGIKgqPQh_urkBDwAX_8bkH-38TeY_g7XMvJYClkPg=s48-c-k-c0x00ffffff-no-rj', 'authorChannelUrl': 'http://www.youtube.com/channel/UCWW4FqMrpFh58bp60yarI2A', 'authorChannelId': {'value': 'UCWW4FqMrpFh58bp60yarI2A'}, 'canRate': True, 'viewerRating': 'none', 'likeCount': 0, 'publishedAt': '2022-10-23T22:25:44Z', 'updatedAt': '2022-10-23T22:25:44Z'}}, 'canReply': True, 'totalReplyCount': 0, 'isPublic': True}",,UCWW4FqMrpFh58bp60yarI2A,2022-10-23T22:25:44Z,"Estão agredindo aquilo que eles dizem defender, A Liberdade",QURTSl9pMWwtbEthQnFKZmJuZy13cmk3NmtQcWFaSVpyYXVJYnZrVTZJa2Q3RnppTVhfTFBNazg2dkZqa0VrQUx4RmQzaEhQR0psUk1pUQ==,2023-06-08 14:52:45.506398
youtube#commentThread,m29aH5sYAqWkOtXzEHGM_1TXr38,Ugzrp4-6sLKL_G3RekZ4AaABAg,"{'videoId': 'zEfTDpfyt1o', 'topLevelComment': {'kind': 'youtube#comment', 'etag': 'Tx1pGLjFIuDwFRT77Q4Mk0mPDMg', 'id': 'Ugzrp4-6sLKL_G3RekZ4AaABAg', 'snippet': {'videoId': 'zEfTDpfyt1o', 'textDisplay': 'Bob Jef é um infiltrado do STF, cuidado', 'textOriginal': 'Bob Jef é um infiltrado do STF, cuidado', 'authorDisplayName': 'Rito Silva', 'authorProfileImageUrl': 'https://yt3.ggpht.com/ytc/AGIKgqPJdpoF9JMTd34uUQDenI9ie0FHzFUWEY4_1r_-AzN_e6WMglEZ2n-nGeJF92Yf=s48-c-k-c0x00ffffff-no-rj', 'authorChannelUrl': 'http://www.youtube.com/channel/UCCXua7RVlMJ71o3egr6ePFA', 'authorChannelId': {'value': 'UCCXua7RVlMJ71o3egr6ePFA'}, 'canRate': True, 'viewerRating': 'none', 'likeCount': 0, 'publishedAt': '2022-10-23T22:25:43Z', 'updatedAt': '2022-10-23T22:25:43Z'}}, 'canReply': True, 'totalReplyCount': 0, 'isPublic': True}",,UCCXua7RVlMJ71o3egr6ePFA,2022-10-23T22:25:43Z,"Bob Jef é um infiltrado do STF, cuidado",QURTSl9pMWwtbEthQnFKZmJuZy13cmk3NmtQcWFaSVpyYXVJYnZrVTZJa2Q3RnppTVhfTFBNazg2dkZqa0VrQUx4RmQzaEhQR0psUk1pUQ==,2023-06-08 14:52:45.506398
youtube#commentThread,dyGATKTZt96f-s5pgBl52pJVT8E,UgzW0I02k4ThGhnmD8p4AaABAg,"{'videoId': 'zEfTDpfyt1o', 'topLevelComment': {'kind': 'youtube#comment', 'etag': 'SO5ODmtDDWEKrKlx3kbix3MaSjA', 'id': 'UgzW0I02k4ThGhnmD8p4AaABAg', 'snippet': {'videoId': 'zEfTDpfyt1o', 'textDisplay': 'Ratos da rede globo.Ela não é bem vinda no meio das pessoas q querem a verdade.É o xandão só traz o caos', 'textOriginal': 'Ratos da rede globo.Ela não é bem vinda no meio das pessoas q querem a verdade.É o xandão só traz o caos', 'authorDisplayName': 'Regina de Fatima Chiarelli', 'authorProfileImageUrl': 'https://yt3.ggpht.com/ytc/AGIKgqPJdpoF9JMTd34uUQDenI9ie0FHzFUWEY4_1r_-AzN_e6WMglEZ2n-nGeJF92Yf=s48-c-k-c0x00ffffff-no-rj', 'authorChannelUrl': 'http://www.youtube.com/channel/UCoAOO7Rm4EKOa2NoLzO-SFg', 'authorChannelId': {'value': 'UCoAOO7Rm4EKOa2NoLzO-SFg'}, 'canRate': True, 'viewerRating': 'none', 'likeCount': 0, 'publishedAt': '2022-10-23T22:25:43Z', 'updatedAt': '2022-10-23T22:27:05Z'}}, 'canReply': True, 'totalReplyCount': 0, 'isPublic': True}",,UCoAOO7Rm4EKOa2NoLzO-SFg,2022-10-23T22:25:43Z,Ratos da rede globo.Ela não é bem vinda no meio das pessoas q querem a verdade.É o xandão só traz o caos,QURTSl9pMWwtbEthQnFKZmJuZy13cmk3NmtQcWFaSVpyYXVJYnZrVTZJa2Q3RnppTVhfTFBNazg2dkZqa0VrQUx4RmQzaEhQR0psUk1pUQ==,2023-06-08 14:52:45.506398
youtube#commentThread,QOm9zVByNSik7lOYucGic1mbh6U,UgynIrbP6drfjBhHfxt4AaABAg,"{'videoId': 'zEfTDpfyt1o', 'topLevelComment': {'kind': 'youtube#comment', 'etag': 'gwVeOosp0xRPCz_3aZO6-lvsDts', 'id': 'UgynIrbP6drfjBhHfxt4AaABAg', 'snippet': {'videoId': 'zEfTDpfyt1o', 'textDisplay': 'E meus caros o que o Alexandre de Moraes aranjou', 'textOriginal': 'E meus caros o que o Alexandre de Moraes aranjou', 'authorDisplayName': 'Sebastião Lourenço', 'authorProfileImageUrl': 'https://yt3.ggpht.com/ytc/AGIKgqNPerbMsga4DWqAKXifndpQ7MqgQxU5ZV0g-A=s48-c-k-c0x00ffffff-no-rj', 'authorChannelUrl': 'http://www.youtube.com/channel/UCqej9q-igzlxCJUtNH85MGw', 'authorChannelId': {'value': 'UCqej9q-igzlxCJUtNH85MGw'}, 'canRate': True, 'viewerRating': 'none', 'likeCount': 0, 'publishedAt': '2022-10-23T22:25:41Z', 'updatedAt': '2022-10-23T22:25:41Z'}}, 'canReply': True, 'totalReplyCount': 0, 'isPublic': True}",,UCqej9q-igzlxCJUtNH85MGw,2022-10-23T22:25:41Z,E meus caros o que o Alexandre de Moraes aranjou,QURTSl9pMWwtbEthQnFKZmJuZy13cmk3NmtQcWFaSVpyYXVJYnZrVTZJa2Q3RnppTVhfTFBNazg2dkZqa0VrQUx4RmQzaEhQR0psUk1pUQ==,2023-06-08 14:52:45.506398
youtube#commentThread,lhZNlLj72CZtUfrf8SjgrPnIFR4,UgxM_Bydm_4m4ppHD6p4AaABAg,"{'videoId': 'zEfTDpfyt1o', 'topLevelComment': {'kind': 'youtube#comment', 'etag': 'SPkRR7tGzpoo1efAoQCWFXU_axc', 'id': 'UgxM_Bydm_4m4ppHD6p4AaABAg', 'snippet': {'videoId': 'zEfTDpfyt1o', 'textDisplay': 'A culpa é da própria emissora. quem com ferro fere com ferro Será ferido.', 'textOriginal': 'A culpa é da própria emissora. quem com ferro fere com ferro Será ferido.', 'authorDisplayName': 'Gilson Junior', 'authorProfileImageUrl': 'https://yt3.ggpht.com/ytc/AGIKgqPVMzEFdVUkYioxzeUwjx3mKyQhjaquwHEHZA=s48-c-k-c0x00ffffff-no-rj', 'authorChannelUrl': 'http://www.youtube.com/channel/UCHn2ddV8ayqq7-G9raowDUg', 'authorChannelId': {'value': 'UCHn2ddV8ayqq7-G9raowDUg'}, 'canRate': True, 'viewerRating': 'none', 'likeCount': 0, 'publishedAt': '2022-10-23T22:25:39Z', 'updatedAt': '2022-10-23T22:25:39Z'}}, 'canReply': True, 'totalReplyCount': 0, 'isPublic': True}",,UCHn2ddV8ayqq7-G9raowDUg,2022-10-23T22:25:39Z,A culpa é da própria emissora. quem com ferro fere com ferro Será ferido.,QURTSl9pMWwtbEthQnFKZmJuZy13cmk3NmtQcWFaSVpyYXVJYnZrVTZJa2Q3RnppTVhfTFBNazg2dkZqa0VrQUx4RmQzaEhQR0psUk1pUQ==,2023-06-08 14:52:45.506398
youtube#commentThread,oCcStmwsJ1sNb5UzwrmH-XJsOGo,Ugx6sowBc5V7Ylbhu494AaABAg,"{'videoId': 'zEfTDpfyt1o', 'topLevelComment': {'kind': 'youtube#comment', 'etag': '1YFwPJYqcCpJNeoRH6jesZMtRls', 'id': 'Ugx6sowBc5V7Ylbhu494AaABAg', 'snippet': {'videoId': 'zEfTDpfyt1o', 'textDisplay': 'A corda já arrebentou', 'textOriginal': 'A corda já arrebentou', 'authorDisplayName': 'Juliano Caetano', 'authorProfileImageUrl': 'https://yt3.ggpht.com/ytc/AGIKgqNWL6bohkrAqxbMUhQXstoBYBJeAooPM_x3_9pe=s48-c-k-c0x00ffffff-no-rj', 'authorChannelUrl': 'http://www.youtube.com/channel/UCw0WnVUYY1HMWB2cQIBzERA', 'authorChannelId': {'value': 'UCw0WnVUYY1HMWB2cQIBzERA'}, 'canRate': True, 'viewerRating': 'none', 'likeCount': 1, 'publishedAt': '2022-10-23T22:25:35Z', 'updatedAt': '2022-10-23T22:25:35Z'}}, 'canReply': True, 'totalReplyCount': 0, 'isPublic': True}",,UCw0WnVUYY1HMWB2cQIBzERA,2022-10-23T22:25:35Z,A corda já arrebentou,QURTSl9pMWwtbEthQnFKZmJuZy13cmk3NmtQcWFaSVpyYXVJYnZrVTZJa2Q3RnppTVhfTFBNazg2dkZqa0VrQUx4RmQzaEhQR0psUk1pUQ==,2023-06-08 14:52:45.506398
youtube#commentThread,cGuhynPDDLjWpKJ9R2utavDIGq4,UgwExCCbD-SnetYX2o54AaABAg,"{'videoId': 'zEfTDpfyt1o', 'topLevelComment': {'kind': 'youtube#comment', 'etag': '2Zw2-W8xp-ig_nVJkxTjhbXH0kI', 'id': 'UgwExCCbD-SnetYX2o54AaABAg', 'snippet': {'videoId': 'zEfTDpfyt1o', 'textDisplay': 'BANDIDOS APOADORES DE BANDIDO. . . LUGAR DE BANDIDO É NA CADEIA, O HOMICIDA POTENCIAL ROBERTO JEFFERSON DEVIA ESTAR EM PRISÃO DE SEGURANÇA MÁXIMA, NO ENTANTO ESTAVA EM PRISÃO DOMICILIAR COM ARMAS, GRANADA, METRALHADORA . . . . COISA TÍPICA DE BOLSONARISTAS', 'textOriginal': 'BANDIDOS APOADORES DE BANDIDO. . . LUGAR DE BANDIDO É NA CADEIA, O HOMICIDA POTENCIAL ROBERTO JEFFERSON DEVIA ESTAR EM PRISÃO DE SEGURANÇA MÁXIMA, NO ENTANTO ESTAVA EM PRISÃO DOMICILIAR COM ARMAS, GRANADA, METRALHADORA . . . . COISA TÍPICA DE BOLSONARISTAS', 'authorDisplayName': 'Heitor paf', 'authorProfileImageUrl': 'https://yt3.ggpht.com/ytc/AGIKgqO4kajRGlskQxIzTX9QvdFVmIAdLtEbGAWbjhG4Yg=s48-c-k-c0x00ffffff-no-rj', 'authorChannelUrl': 'http://www.youtube.com/channel/UCdA77UMPXijlohGo35uBmOg', 'authorChannelId': {'value': 'UCdA77UMPXijlohGo35uBmOg'}, 'canRate': True, 'viewerRating': 'none', 'likeCount': 0, 'publishedAt': '2022-10-23T22:25:34Z', 'updatedAt': '2022-10-23T22:25:34Z'}}, 'canReply': True, 'totalReplyCount': 0, 'isPublic': True}",,UCdA77UMPXijlohGo35uBmOg,2022-10-23T22:25:34Z,"BANDIDOS APOADORES DE BANDIDO. . . LUGAR DE BANDIDO É NA CADEIA, O HOMICIDA POTENCIAL ROBERTO JEFFERSON DEVIA ESTAR EM PRISÃO DE SEGURANÇA MÁXIMA, NO ENTANTO ESTAVA EM PRISÃO DOMICILIAR COM ARMAS, GRANADA, METRALHADORA . . . . COISA TÍPICA DE BOLSONARISTAS",QURTSl9pMWwtbEthQnFKZmJuZy13cmk3NmtQcWFaSVpyYXVJYnZrVTZJa2Q3RnppTVhfTFBNazg2dkZqa0VrQUx4RmQzaEhQR0psUk1pUQ==,2023-06-08 14:52:45.506398
youtube#commentThread,sfv9rorfLHF00PeNG-B8-z4L7Nc,UgxkOSZEbjT2HIAx9jV4AaABAg,"{'videoId': 'zEfTDpfyt1o', 'topLevelComment': {'kind': 'youtube#comment', 'etag': 'S2mkBRLwnKxyV9Y0joXZJRNe4XE', 'id': 'UgxkOSZEbjT2HIAx9jV4AaABAg', 'snippet': {'videoId': 'zEfTDpfyt1o', 'textDisplay': 'Porque o Xandao não foi lá...fazer o trabalho pesado!!!? Deveria ter ido!!! Se ele manda....tem de fazer!!! Mega covarde esse careca!!!', 'textOriginal': 'Porque o Xandao não foi lá...fazer o trabalho pesado!!!? Deveria ter ido!!! Se ele manda....tem de fazer!!! Mega covarde esse careca!!!', 'authorDisplayName': 'Luzia Cristina', 'authorProfileImageUrl': 'https://yt3.ggpht.com/ytc/AGIKgqMQ_00gwFg-YKqO1rIpg1KLPnVjx5seSG7mhw=s48-c-k-c0x00ffffff-no-rj', 'authorChannelUrl': 'http://www.youtube.com/channel/UCvEGMyy6abwiAize1n_xJfw', 'authorChannelId': {'value': 'UCvEGMyy6abwiAize1n_xJfw'}, 'canRate': True, 'viewerRating': 'none', 'likeCount': 0, 'publishedAt': '2022-10-23T22:25:28Z', 'updatedAt': '2022-10-23T22:25:28Z'}}, 'canReply': True, 'totalReplyCount': 0, 'isPublic': True}",,UCvEGMyy6abwiAize1n_xJfw,2022-10-23T22:25:28Z,Porque o Xandao não foi lá...fazer o trabalho pesado!!!? Deveria ter ido!!! Se ele manda....tem de fazer!!! Mega covarde esse careca!!!,QURTSl9pMWwtbEthQnFKZmJuZy13cmk3NmtQcWFaSVpyYXVJYnZrVTZJa2Q3RnppTVhfTFBNazg2dkZqa0VrQUx4RmQzaEhQR0psUk1pUQ==,2023-06-08 14:52:45.506398
youtube#commentThread,9b10SGPboSXxCqWRkvSPzg72x_4,UgygLREKFT4xcWtdYJ54AaABAg,"{'videoId': 'zEfTDpfyt1o', 'topLevelComment': {'kind': 'youtube#comment', 'etag': '_X3efoCotN-7aAAiEGvvDcst0jE', 'id': 'UgygLREKFT4xcWtdYJ54AaABAg', 'snippet': {'videoId': 'zEfTDpfyt1o', 'textDisplay': 'Gente.  Isso é muito horroroso', 'textOriginal': 'Gente.  Isso é muito horroroso', 'authorDisplayName': 'Luiza Vigato', 'authorProfileImageUrl': 'https://yt3.ggpht.com/ytc/AGIKgqNDBx2Nf_8mKInXGzDndGST9fegrsIClX_DWg=s48-c-k-c0x00ffffff-no-rj', 'authorChannelUrl': 'http://www.youtube.com/channel/UCN1YOJTWVk7io-hFwriHhyA', 'authorChannelId': {'value': 'UCN1YOJTWVk7io-hFwriHhyA'}, 'canRate': True, 'viewerRating': 'none', 'likeCount': 0, 'publishedAt': '2022-10-23T22:25:27Z', 'updatedAt': '2022-10-23T22:25:27Z'}}, 'canReply': True, 'totalReplyCount': 0, 'isPublic': True}",,UCN1YOJTWVk7io-hFwriHhyA,2022-10-23T22:25:27Z,Gente.  Isso é muito horroroso,QURTSl9pMWwtbEthQnFKZmJuZy13cmk3NmtQcWFaSVpyYXVJYnZrVTZJa2Q3RnppTVhfTFBNazg2dkZqa0VrQUx4RmQzaEhQR0psUk1pUQ==,2023-06-08 14:52:45.506398
youtube#commentThread,Wv5TNrYpac8PC4q0kf27C-MeRQg,Ugy39ag9mj6HtneRUmV4AaABAg,"{'videoId': 'zEfTDpfyt1o', 'topLevelComment': {'kind': 'youtube#comment', 'etag': 'ix7B6ynCI12Nit-Ade82FBuYLzM', 'id': 'Ugy39ag9mj6HtneRUmV4AaABAg', 'snippet': {'videoId': 'zEfTDpfyt1o', 'textDisplay': 'É isso que acontece, tentar cumprir ordem ilegal.', 'textOriginal': 'É isso que acontece, tentar cumprir ordem ilegal.', 'authorDisplayName': 'Carlos Rébola', 'authorProfileImageUrl': 'https://yt3.ggpht.com/ytc/AGIKgqP9aerFe8Xqc3dzGV4g44DOF6OIzwvCvETWeA=s48-c-k-c0x00ffffff-no-rj', 'authorChannelUrl': 'http://www.youtube.com/channel/UCw28V3cWmZcbycHTcUED2GA', 'authorChannelId': {'value': 'UCw28V3cWmZcbycHTcUED2GA'}, 'canRate': True, 'viewerRating': 'none', 'likeCount': 0, 'publishedAt': '2022-10-23T22:25:25Z', 'updatedAt': '2022-10-23T22:25:25Z'}}, 'canReply': True, 'totalReplyCount': 0, 'isPublic': True}",,UCw28V3cWmZcbycHTcUED2GA,2022-10-23T22:25:25Z,"É isso que acontece, tentar cumprir ordem ilegal.",QURTSl9pMWwtbEthQnFKZmJuZy13cmk3NmtQcWFaSVpyYXVJYnZrVTZJa2Q3RnppTVhfTFBNazg2dkZqa0VrQUx4RmQzaEhQR0psUk1pUQ==,2023-06-08 14:52:45.506398
youtube#commentThread,5n0MZoVNcZdGc9tuWEMtYi9zXqw,UgxC-AlT8Z4C7c5K-q94AaABAg,"{'videoId': 'zEfTDpfyt1o', 'topLevelComment': {'kind': 'youtube#comment', 'etag': '4m2fl1cgWkI-C5JzD8t1DOPbanI', 'id': 'UgxC-AlT8Z4C7c5K-q94AaABAg', 'snippet': {'videoId': 'zEfTDpfyt1o', 'textDisplay': 'Roberto Jeferson PRESO político e humilhado.. graças ao STF em especial Alexandre de Moraes', 'textOriginal': 'Roberto Jeferson PRESO político e humilhado.. graças ao STF em especial Alexandre de Moraes', 'authorDisplayName': 'Vilma Aparecida', 'authorProfileImageUrl': 'https://yt3.ggpht.com/ytc/AGIKgqNy3un9WT6-9An5f-n16WJm8wsOEGbHE7cpqxdb=s48-c-k-c0x00ffffff-no-rj', 'authorChannelUrl': 'http://www.youtube.com/channel/UCnqsQB9Oqex5OxpcPrBGzBQ', 'authorChannelId': {'value': 'UCnqsQB9Oqex5OxpcPrBGzBQ'}, 'canRate': True, 'viewerRating': 'none', 'likeCount': 0, 'publishedAt': '2022-10-23T22:25:23Z', 'updatedAt': '2022-10-23T22:25:23Z'}}, 'canReply': True, 'totalReplyCount': 0, 'isPublic': True}",,UCnqsQB9Oqex5OxpcPrBGzBQ,2022-10-23T22:25:23Z,Roberto Jeferson PRESO político e humilhado.. graças ao STF em especial Alexandre de Moraes,QURTSl9pMWwtbEthQnFKZmJuZy13cmk3NmtQcWFaSVpyYXVJYnZrVTZJa2Q3RnppTVhfTFBNazg2dkZqa0VrQUx4RmQzaEhQR0psUk1pUQ==,2023-06-08 14:52:45.506398
youtube#commentThread,uVxpccETvZHF0cS1IwGkkx-DDzc,UgwD4N48Xj8ieLzDV3x4AaABAg,"{'videoId': 'zEfTDpfyt1o', 'topLevelComment': {'kind': 'youtube#comment', 'etag': '4bAFlke2TsbCeh35E-P1FV__Kbo', 'id': 'UgwD4N48Xj8ieLzDV3x4AaABAg', 'snippet': {'videoId': 'zEfTDpfyt1o', 'textDisplay': 'De certa forma, nesse momento as coisas estão sendo esclarecidas, para que dizia que o presidente interferia na polícia federal, ficou agora, claro e evidente para a nação a qual poder está subjugada ou melhor, a qual poder a polícia federal deve, constitucionalmente a responder, NÃO É A PRESIDÊNCIA, da república, será que os leigos vão entender agora? O problema deste país é a falta de conhecimento da maioria do povo, por isso se fala tanta besteira', 'textOriginal': 'De certa forma, nesse momento as coisas estão sendo esclarecidas, para que dizia que o presidente interferia na polícia federal, ficou agora, claro e evidente para a nação a qual poder está subjugada ou melhor, a qual poder a polícia federal deve, constitucionalmente a responder, NÃO É A PRESIDÊNCIA, da república, será que os leigos vão entender agora? O problema deste país é a falta de conhecimento da maioria do povo, por isso se fala tanta besteira', 'authorDisplayName': 'Mari Melo', 'authorProfileImageUrl': 'https://yt3.ggpht.com/ytc/AGIKgqMJx9DnGdUhh5wgYE5eLdKF1jUUmC5MaNNYCg=s48-c-k-c0x00ffffff-no-rj', 'authorChannelUrl': 'http://www.youtube.com/channel/UC0Vu1WYOllWkjhbKpRx86hA', 'authorChannelId': {'value': 'UC0Vu1WYOllWkjhbKpRx86hA'}, 'canRate': True, 'viewerRating': 'none', 'likeCount': 0, 'publishedAt': '2022-10-23T22:25:20Z', 'updatedAt': '2022-10-23T22:25:20Z'}}, 'canReply': True, 'totalReplyCount': 0, 'isPublic': True}",,UC0Vu1WYOllWkjhbKpRx86hA,2022-10-23T22:25:20Z,"De certa forma, nesse momento as coisas estão sendo esclarecidas, para que dizia que o presidente interferia na polícia federal, ficou agora, claro e evidente para a nação a qual poder está subjugada ou melhor, a qual poder a polícia federal deve, constitucionalmente a responder, NÃO É A PRESIDÊNCIA, da república, será que os leigos vão entender agora? O problema deste país é a falta de conhecimento da maioria do povo, por isso se fala tanta besteira",QURTSl9pMWwtbEthQnFKZmJuZy13cmk3NmtQcWFaSVpyYXVJYnZrVTZJa2Q3RnppTVhfTFBNazg2dkZqa0VrQUx4RmQzaEhQR0psUk1pUQ==,2023-06-08 14:52:45.506398
youtube#commentThread,bod8rgJajjTxemp6a0R71iUzdpQ,UgwOhQ829SctBMRQsRt4AaABAg,"{'videoId': 'zEfTDpfyt1o', 'topLevelComment': {'kind': 'youtube#comment', 'etag': '7wymRfrHYcenBKgQuAMlmKevU08', 'id': 'UgwOhQ829SctBMRQsRt4AaABAg', 'snippet': {'videoId': 'zEfTDpfyt1o', 'textDisplay': 'Cometem todo o tipo de crimes, e querem que não haja reação <br>Francamente...<br>E quem pune  os juizes ? Que COMETEM todos estes desmandos, se a JUSTIÇA e os POLÍTICOS não respeitam o POVO querem estar impunes a reações <br>SEJAM isentos', 'textOriginal': 'Cometem todo o tipo de crimes, e querem que não haja reação \\nFrancamente...\\nE quem pune  os juizes ? Que COMETEM todos estes desmandos, se a JUSTIÇA e os POLÍTICOS não respeitam o POVO querem estar impunes a reações \\nSEJAM isentos', 'authorDisplayName': 'joão silva', 'authorProfileImageUrl': 'https://yt3.ggpht.com/ytc/AGIKgqMPZWaBhk8vZrddethupGxRExG5uF_9opmxeQ=s48-c-k-c0x00ffffff-no-rj', 'authorChannelUrl': 'http://www.youtube.com/channel/UCPiboADake5_rBpwXD7LT4w', 'authorChannelId': {'value': 'UCPiboADake5_rBpwXD7LT4w'}, 'canRate': True, 'viewerRating': 'none', 'likeCount': 0, 'publishedAt': '2022-10-23T22:25:20Z', 'updatedAt': '2022-10-23T22:25:20Z'}}, 'canReply': True, 'totalReplyCount': 0, 'isPublic': True}",,UCPiboADake5_rBpwXD7LT4w,2022-10-23T22:25:20Z,"Cometem todo o tipo de crimes, e querem que não haja reação 
Francamente...
E quem pune  os juizes ? Que COMETEM todos estes desmandos, se a JUSTIÇA e os POLÍTICOS não respeitam o POVO querem estar impunes a reações 
SEJAM isentos",QURTSl9pMWwtbEthQnFKZmJuZy13cmk3NmtQcWFaSVpyYXVJYnZrVTZJa2Q3RnppTVhfTFBNazg2dkZqa0VrQUx4RmQzaEhQR0psUk1pUQ==,2023-06-08 14:52:45.506398
youtube#commentThread,W-8mymlNa-dA7-9XCELv6LfGZHA,UgxXRcNAit4vVrTqYfF4AaABAg,"{'videoId': 'zEfTDpfyt1o', 'topLevelComment': {'kind': 'youtube#comment', 'etag': 'ZC91tEdy_JvZ0fj09Tfh9i0XHVI', 'id': 'UgxXRcNAit4vVrTqYfF4AaABAg', 'snippet': {'videoId': 'zEfTDpfyt1o', 'textDisplay': 'Puxa.  Coitado do rapaz, Censura dá nisso,esse ministro não tem coração e nem alma,e começou tudo isso e vai descambar,está na cara, orem pelo Brasil! Deus tenha misericórdia de nós', 'textOriginal': 'Puxa.  Coitado do rapaz, Censura dá nisso,esse ministro não tem coração e nem alma,e começou tudo isso e vai descambar,está na cara, orem pelo Brasil! Deus tenha misericórdia de nós', 'authorDisplayName': 'Lilly', 'authorProfileImageUrl': 'https://yt3.ggpht.com/ytc/AGIKgqMf-KLdLgtZqOO4i6TH9IpuVF1YuFCnhPP29qme1zI=s48-c-k-c0x00ffffff-no-rj', 'authorChannelUrl': 'http://www.youtube.com/channel/UC5pI3CZv_DI-lgI3iw5lKRw', 'authorChannelId': {'value': 'UC5pI3CZv_DI-lgI3iw5lKRw'}, 'canRate': True, 'viewerRating': 'none', 'likeCount': 0, 'publishedAt': '2022-10-23T22:25:13Z', 'updatedAt': '2022-10-23T22:25:13Z'}}, 'canReply': True, 'totalReplyCount': 0, 'isPublic': True}",,UC5pI3CZv_DI-lgI3iw5lKRw,2022-10-23T22:25:13Z,"Puxa.  Coitado do rapaz, Censura dá nisso,esse ministro não tem coração e nem alma,e começou tudo isso e vai descambar,está na cara, orem pelo Brasil! Deus tenha misericórdia de nós",QURTSl9pMWwtbEthQnFKZmJuZy13cmk3NmtQcWFaSVpyYXVJYnZrVTZJa2Q3RnppTVhfTFBNazg2dkZqa0VrQUx4RmQzaEhQR0psUk1pUQ==,2023-06-08 14:52:45.506398
youtube#commentThread,07_EUEGE2jH87ydVEyahc4TLd50,UgxaE5_GVm9W7eS55K54AaABAg,"{'videoId': 'zEfTDpfyt1o', 'topLevelComment': {'kind': 'youtube#comment', 'etag': 'VCltaiRKN2wfwk1nk3R1dCWkVsQ', 'id': 'UgxaE5_GVm9W7eS55K54AaABAg', 'snippet': {'videoId': 'zEfTDpfyt1o', 'textDisplay': 'Agora jovem pan não adianta repudiar vcs fez parte de tudo que está acontecendo e o que vai acontecer de agora em diante.', 'textOriginal': 'Agora jovem pan não adianta repudiar vcs fez parte de tudo que está acontecendo e o que vai acontecer de agora em diante.', 'authorDisplayName': 'Maria Teresa Rocha', 'authorProfileImageUrl': 'https://yt3.ggpht.com/ytc/AGIKgqMksXW38O-1VU80mB-lFs3T9aYZQUVPnlLg3fY9_DyCahA_Q4vrL3-uSrL3SZ4U=s48-c-k-c0x00ffffff-no-rj', 'authorChannelUrl': 'http://www.youtube.com/channel/UCQw_x16zDuCXQZRKmP0C0eg', 'authorChannelId': {'value': 'UCQw_x16zDuCXQZRKmP0C0eg'}, 'canRate': True, 'viewerRating': 'none', 'likeCount': 0, 'publishedAt': '2022-10-23T22:25:13Z', 'updatedAt': '2022-10-23T22:25:13Z'}}, 'canReply': True, 'totalReplyCount': 0, 'isPublic': True}",,UCQw_x16zDuCXQZRKmP0C0eg,2022-10-23T22:25:13Z,Agora jovem pan não adianta repudiar vcs fez parte de tudo que está acontecendo e o que vai acontecer de agora em diante.,QURTSl9pMWwtbEthQnFKZmJuZy13cmk3NmtQcWFaSVpyYXVJYnZrVTZJa2Q3RnppTVhfTFBNazg2dkZqa0VrQUx4RmQzaEhQR0psUk1pUQ==,2023-06-08 14:52:45.506398
youtube#commentThread,DoriTMfBOQx0I8eUiwlLEJx9ztQ,Ugw0Eb8MoruogO1swj14AaABAg,"{'videoId': 'zEfTDpfyt1o', 'topLevelComment': {'kind': 'youtube#comment', 'etag': 'KBGxYMVZMquKJ_ywSIgib29RW40', 'id': 'Ugw0Eb8MoruogO1swj14AaABAg', 'snippet': {'videoId': 'zEfTDpfyt1o', 'textDisplay': 'Mas vocês da jovem pan são quem fica provocando isto', 'textOriginal': 'Mas vocês da jovem pan são quem fica provocando isto', 'authorDisplayName': 'Renato Sontag', 'authorProfileImageUrl': 'https://yt3.ggpht.com/ytc/AGIKgqOCm1imuO89CmFzBXuMcznhH2TY7yV8bN_NzwU1zQaNP1ZXUZ9fvNDKRq2wKl-S=s48-c-k-c0x00ffffff-no-rj', 'authorChannelUrl': 'http://www.youtube.com/channel/UCAZkM_LeKVQhKrhDKuaCYnQ', 'authorChannelId': {'value': 'UCAZkM_LeKVQhKrhDKuaCYnQ'}, 'canRate': True, 'viewerRating': 'none', 'likeCount': 0, 'publishedAt': '2022-10-23T22:25:11Z', 'updatedAt': '2022-10-23T22:25:11Z'}}, 'canReply': True, 'totalReplyCount': 0, 'isPublic': True}",,UCAZkM_LeKVQhKrhDKuaCYnQ,2022-10-23T22:25:11Z,Mas vocês da jovem pan são quem fica provocando isto,QURTSl9pMWwtbEthQnFKZmJuZy13cmk3NmtQcWFaSVpyYXVJYnZrVTZJa2Q3RnppTVhfTFBNazg2dkZqa0VrQUx4RmQzaEhQR0psUk1pUQ==,2023-06-08 14:52:45.506398
youtube#commentThread,46x6nNTvsNODMcdnKB-GdFw5iY0,UgwDfYx0LkVB9lEkt_14AaABAg,"{'videoId': 'zEfTDpfyt1o', 'topLevelComment': {'kind': 'youtube#comment', 'etag': 'bc48K59cQSD4mbodGh0gMqYTah8', 'id': 'UgwDfYx0LkVB9lEkt_14AaABAg', 'snippet': {'videoId': 'zEfTDpfyt1o', 'textDisplay': 'Que coisa boa', 'textOriginal': 'Que coisa boa', 'authorDisplayName': 'Maurílio Souza', 'authorProfileImageUrl': 'https://yt3.ggpht.com/ytc/AGIKgqOoCUDdRPG_eFbN5m16FF4kLHg-aY0_dD-IWiVHjYo=s48-c-k-c0x00ffffff-no-rj', 'authorChannelUrl': 'http://www.youtube.com/channel/UCPU6Ee2nCV0OzxO4a_azEfQ', 'authorChannelId': {'value': 'UCPU6Ee2nCV0OzxO4a_azEfQ'}, 'canRate': True, 'viewerRating': 'none', 'likeCount': 0, 'publishedAt': '2022-10-23T22:25:09Z', 'updatedAt': '2022-10-23T22:25:09Z'}}, 'canReply': True, 'totalReplyCount': 0, 'isPublic': True}",,UCPU6Ee2nCV0OzxO4a_azEfQ,2022-10-23T22:25:09Z,Que coisa boa,QURTSl9pMWwtbEthQnFKZmJuZy13cmk3NmtQcWFaSVpyYXVJYnZrVTZJa2Q3RnppTVhfTFBNazg2dkZqa0VrQUx4RmQzaEhQR0psUk1pUQ==,2023-06-08 14:52:45.506398
youtube#commentThread,qCzZhJ0vGXg4X6PoaaNVJOnGi6M,Ugzcw_wIyBZmoTHgbZB4AaABAg,"{'videoId': 'zEfTDpfyt1o', 'topLevelComment': {'kind': 'youtube#comment', 'etag': 'xddfUw7_1FYaaPFxly7hBlcFEtw', 'id': 'Ugzcw_wIyBZmoTHgbZB4AaABAg', 'snippet': {'videoId': 'zEfTDpfyt1o', 'textDisplay': 'Prendam esse agressor.', 'textOriginal': 'Prendam esse agressor.', 'authorDisplayName': 'Gullit Van Bastem', 'authorProfileImageUrl': 'https://yt3.ggpht.com/ytc/AGIKgqMEHcY-Kt8MTbJcc6FYkAmok2jp6MbrcMlwCjyhFw=s48-c-k-c0x00ffffff-no-rj', 'authorChannelUrl': 'http://www.youtube.com/channel/UC8lWV3i9qEBFN0l42bzc1CQ', 'authorChannelId': {'value': 'UC8lWV3i9qEBFN0l42bzc1CQ'}, 'canRate': True, 'viewerRating': 'none', 'likeCount': 0, 'publishedAt': '2022-10-23T22:25:08Z', 'updatedAt': '2022-10-23T22:25:08Z'}}, 'canReply': True, 'totalReplyCount': 0, 'isPublic': True}",,UC8lWV3i9qEBFN0l42bzc1CQ,2022-10-23T22:25:08Z,Prendam esse agressor.,QURTSl9pMWwtbEthQnFKZmJuZy13cmk3NmtQcWFaSVpyYXVJYnZrVTZJa2Q3RnppTVhfTFBNazg2dkZqa0VrQUx4RmQzaEhQR0psUk1pUQ==,2023-06-08 14:52:45.506398
youtube#commentThread,09XKoEMbRmvttNrIJnuFVDzX1fQ,UgyS1CExeAqXWiFHqJR4AaABAg,"{'videoId': 'zEfTDpfyt1o', 'topLevelComment': {'kind': 'youtube#comment', 'etag': 'Os6qj-ke45NpNCeO2J9M4-q5XuU', 'id': 'UgyS1CExeAqXWiFHqJR4AaABAg', 'snippet': {'videoId': 'zEfTDpfyt1o', 'textDisplay': 'Eu fico impressionado com a quantidade de gente SEM NOÇÃO nesses comentários passando pano pra Roberto Jefferson. E ainda por cima terceirizando a culpa, dizendo que foi &quot;Globo, STF, TSE ou Alexandre de Moraes que começou isso&quot;. Mas o que esperar de um bando de GADOS, que não tem noção do que é responsabilidade? Esse cara tem que ser preso já, pra pagar pelo que ELE fez!', 'textOriginal': 'Eu fico impressionado com a quantidade de gente SEM NOÇÃO nesses comentários passando pano pra Roberto Jefferson. E ainda por cima terceirizando a culpa, dizendo que foi ""Globo, STF, TSE ou Alexandre de Moraes que começou isso"". Mas o que esperar de um bando de GADOS, que não tem noção do que é responsabilidade? Esse cara tem que ser preso já, pra pagar pelo que ELE fez!', 'authorDisplayName': 'GilverZ', 'authorProfileImageUrl': 'https://yt3.ggpht.com/OH-XrfI16twXSBRN0hWaJQ1X_aBKOeCrV01oXoSiFnM7GFMOvuON-_1zASIMi-hUxsDZBD80yg=s48-c-k-c0x00ffffff-no-rj', 'authorChannelUrl': 'http://www.youtube.com/channel/UCbAY2rZrmZTrCsXdCj95BfA', 'authorChannelId': {'value': 'UCbAY2rZrmZTrCsXdCj95BfA'}, 'canRate': True, 'viewerRating': 'none', 'likeCount': 0, 'publishedAt': '2022-10-23T22:25:05Z', 'updatedAt': '2022-10-23T22:25:05Z'}}, 'canReply': True, 'totalReplyCount': 0, 'isPublic': True}",,UCbAY2rZrmZTrCsXdCj95BfA,2022-10-23T22:25:05Z,"Eu fico impressionado com a quantidade de gente SEM NOÇÃO nesses comentários passando pano pra Roberto Jefferson. E ainda por cima terceirizando a culpa, dizendo que foi ""Globo, STF, TSE ou Alexandre de Moraes que começou isso"". Mas o que esperar de um bando de GADOS, que não tem noção do que é responsabilidade? Esse cara tem que ser preso já, pra pagar pelo que ELE fez!",QURTSl9pMWwtbEthQnFKZmJuZy13cmk3NmtQcWFaSVpyYXVJYnZrVTZJa2Q3RnppTVhfTFBNazg2dkZqa0VrQUx4RmQzaEhQR0psUk1pUQ==,2023-06-08 14:52:45.506398
youtube#commentThread,qaq7-k_WIwIF0UkL1IRg3GBqhq8,UgyPTkAqTrbv1LakExp4AaABAg,"{'videoId': 'zEfTDpfyt1o', 'topLevelComment': {'kind': 'youtube#comment', 'etag': 'VbEUWccQQYRCH2nc7DPQOTkBt-w', 'id': 'UgyPTkAqTrbv1LakExp4AaABAg', 'snippet': {'videoId': 'zEfTDpfyt1o', 'textDisplay': 'Agora a globo vai pra cima falar que foi bolsonaristas so que foi uma pessoa que fez vai botar a culpa em todos pra prejudicar o Bolsonaro', 'textOriginal': 'Agora a globo vai pra cima falar que foi bolsonaristas so que foi uma pessoa que fez vai botar a culpa em todos pra prejudicar o Bolsonaro', 'authorDisplayName': 'Dayana Nicolas', 'authorProfileImageUrl': 'https://yt3.ggpht.com/mXpX-hCTMEoY2uyJhQ2yIm8lNavpSMa-OpBulBraWsbQn2M4OJ1D16Sodh5gLgovAzFhlnuZbw=s48-c-k-c0x00ffffff-no-rj', 'authorChannelUrl': 'http://www.youtube.com/channel/UCF-Ijg8oRZn0iG9sX7OF_8g', 'authorChannelId': {'value': 'UCF-Ijg8oRZn0iG9sX7OF_8g'}, 'canRate': True, 'viewerRating': 'none', 'likeCount': 0, 'publishedAt': '2022-10-23T22:25:02Z', 'updatedAt': '2022-10-23T22:25:02Z'}}, 'canReply': True, 'totalReplyCount': 0, 'isPublic': True}",,UCF-Ijg8oRZn0iG9sX7OF_8g,2022-10-23T22:25:02Z,Agora a globo vai pra cima falar que foi bolsonaristas so que foi uma pessoa que fez vai botar a culpa em todos pra prejudicar o Bolsonaro,QURTSl9pMWwtbEthQnFKZmJuZy13cmk3NmtQcWFaSVpyYXVJYnZrVTZJa2Q3RnppTVhfTFBNazg2dkZqa0VrQUx4RmQzaEhQR0psUk1pUQ==,2023-06-08 14:52:45.506398
youtube#commentThread,4teQ9ltvCPE48PVAaquS90Dr6F4,UgxFoIn28l9bHkTjr3d4AaABAg,"{'videoId': 'zEfTDpfyt1o', 'topLevelComment': {'kind': 'youtube#comment', 'etag': 'PPSnXCTiGUJIN11-_djkWMRPKuw', 'id': 'UgxFoIn28l9bHkTjr3d4AaABAg', 'snippet': {'videoId': 'zEfTDpfyt1o', 'textDisplay': 'Com certeza era um petista infiltrado.', 'textOriginal': 'Com certeza era um petista infiltrado.', 'authorDisplayName': 'Renato Reis', 'authorProfileImageUrl': 'https://yt3.ggpht.com/ytc/AGIKgqNWFS7RMK6wTxp5QDARmKQhyOTDLz6SCkKarnl0gw=s48-c-k-c0x00ffffff-no-rj', 'authorChannelUrl': 'http://www.youtube.com/channel/UCMT5aYTgCdHiEcQXnOJCLWw', 'authorChannelId': {'value': 'UCMT5aYTgCdHiEcQXnOJCLWw'}, 'canRate': True, 'viewerRating': 'none', 'likeCount': 0, 'publishedAt': '2022-10-23T22:25:01Z', 'updatedAt': '2022-10-23T22:25:01Z'}}, 'canReply': True, 'totalReplyCount': 0, 'isPublic': True}",,UCMT5aYTgCdHiEcQXnOJCLWw,2022-10-23T22:25:01Z,Com certeza era um petista infiltrado.,QURTSl9pMWwtbEthQnFKZmJuZy13cmk3NmtQcWFaSVpyYXVJYnZrVTZJa2Q3RnppTVhfTFBNazg2dkZqa0VrQUx4RmQzaEhQR0psUk1pUQ==,2023-06-08 14:52:45.506398
youtube#commentThread,UnCAm618J1DhfpsBXslUwbE0sFM,UgyV_wDmfmiti2Hajmx4AaABAg,"{'videoId': 'zEfTDpfyt1o', 'topLevelComment': {'kind': 'youtube#comment', 'etag': 'iEIgBgBDFjCgJETCIXoYSvFAef4', 'id': 'UgyV_wDmfmiti2Hajmx4AaABAg', 'snippet': {'videoId': 'zEfTDpfyt1o', 'textDisplay': 'Falou tudo. JP vcs são ótimos...', 'textOriginal': 'Falou tudo. JP vcs são ótimos...', 'authorDisplayName': 'Ricsolar Soluções', 'authorProfileImageUrl': 'https://yt3.ggpht.com/jUVyWCmsZqGjo5tNNprjhTXjwgwfh0TatC80ogS3cHWYY1oyS2g_47pZVNBbwkIO792pjqlq-Q=s48-c-k-c0x00ffffff-no-rj', 'authorChannelUrl': 'http://www.youtube.com/channel/UCTOwZyxZBEegJWPO2JW3gcw', 'authorChannelId': {'value': 'UCTOwZyxZBEegJWPO2JW3gcw'}, 'canRate': True, 'viewerRating': 'none', 'likeCount': 2, 'publishedAt': '2022-10-23T22:25:01Z', 'updatedAt': '2022-10-23T22:25:01Z'}}, 'canReply': True, 'totalReplyCount': 0, 'isPublic': True}",,UCTOwZyxZBEegJWPO2JW3gcw,2022-10-23T22:25:01Z,Falou tudo. JP vcs são ótimos...,QURTSl9pMWwtbEthQnFKZmJuZy13cmk3NmtQcWFaSVpyYXVJYnZrVTZJa2Q3RnppTVhfTFBNazg2dkZqa0VrQUx4RmQzaEhQR0psUk1pUQ==,2023-06-08 14:52:45.506398
youtube#commentThread,65H_Hmyu84F5fCENXjcdkGOPI5o,UgzHtuSxvH4zDbyBAG14AaABAg,"{'videoId': 'zEfTDpfyt1o', 'topLevelComment': {'kind': 'youtube#comment', 'etag': 'qmkw27nGmVCqPhjmziRAOqeUQg4', 'id': 'UgzHtuSxvH4zDbyBAG14AaABAg', 'snippet': {'videoId': 'zEfTDpfyt1o', 'textDisplay': 'TODO DESENROLAR É UM ABSURDO', 'textOriginal': 'TODO DESENROLAR É UM ABSURDO', 'authorDisplayName': 'Guilherme Barros', 'authorProfileImageUrl': 'https://yt3.ggpht.com/ytc/AGIKgqMO04kOKyT9ARVdZV15htjevKqBMgGvBwSM3ZnG=s48-c-k-c0x00ffffff-no-rj', 'authorChannelUrl': 'http://www.youtube.com/channel/UC9p7OrntGFygL5rG3pzlMUw', 'authorChannelId': {'value': 'UC9p7OrntGFygL5rG3pzlMUw'}, 'canRate': True, 'viewerRating': 'none', 'likeCount': 0, 'publishedAt': '2022-10-23T22:25:00Z', 'updatedAt': '2022-10-23T22:25:00Z'}}, 'canReply': True, 'totalReplyCount': 0, 'isPublic': True}",,UC9p7OrntGFygL5rG3pzlMUw,2022-10-23T22:25:00Z,TODO DESENROLAR É UM ABSURDO,QURTSl9pMWwtbEthQnFKZmJuZy13cmk3NmtQcWFaSVpyYXVJYnZrVTZJa2Q3RnppTVhfTFBNazg2dkZqa0VrQUx4RmQzaEhQR0psUk1pUQ==,2023-06-08 14:52:45.506398
youtube#commentThread,y0Xs0HiMib55qeRaENZsFhyRnqs,UgzSPG_n9Yb80ByoY_x4AaABAg,"{'videoId': 'zEfTDpfyt1o', 'topLevelComment': {'kind': 'youtube#comment', 'etag': 'sBl7pYFoBa0iqRo6c3tChmAiAd0', 'id': 'UgzSPG_n9Yb80ByoY_x4AaABAg', 'snippet': {'videoId': 'zEfTDpfyt1o', 'textDisplay': 'Repudiam veementemente!!! <br>E contra a censura do XANDÃO, será que seria tão veementemente assim o repúdio de vcs ??? Se é por quê não vi vcs falando desse jeitinho?<br>Registrando: tbm sou contra qualquer agressão, mas o fato é que se vcs pressionassem o verdadeiro CULPADO por tudo (RODRIGO PACHECO) que tem acontecido , talvez não se chegasse a esse ponto, de uma pessoa ter que resistir a bala contra a TIRANIA do XANDÃO!!!', 'textOriginal': 'Repudiam veementemente!!! \\nE contra a censura do XANDÃO, será que seria tão veementemente assim o repúdio de vcs ??? Se é por quê não vi vcs falando desse jeitinho?\\nRegistrando: tbm sou contra qualquer agressão, mas o fato é que se vcs pressionassem o verdadeiro CULPADO por tudo (RODRIGO PACHECO) que tem acontecido , talvez não se chegasse a esse ponto, de uma pessoa ter que resistir a bala contra a TIRANIA do XANDÃO!!!', 'authorDisplayName': 'augusto samir ferraz moraes', 'authorProfileImageUrl': 'https://yt3.ggpht.com/ytc/AGIKgqNjSm6RfWSC7lDIf_1ju7HPVPJBHKzImnQ7GQ=s48-c-k-c0x00ffffff-no-rj', 'authorChannelUrl': 'http://www.youtube.com/channel/UC2GeHaWEa8ylvrcd8JQVx9w', 'authorChannelId': {'value': 'UC2GeHaWEa8ylvrcd8JQVx9w'}, 'canRate': True, 'viewerRating': 'none', 'likeCount': 1, 'publishedAt': '2022-10-23T22:24:59Z', 'updatedAt': '2022-10-23T22:24:59Z'}}, 'canReply': True, 'totalReplyCount': 0, 'isPublic': True}",,UC2GeHaWEa8ylvrcd8JQVx9w,2022-10-23T22:24:59Z,"Repudiam veementemente!!! 
E contra a censura do XANDÃO, será que seria tão veementemente assim o repúdio de vcs ??? Se é por quê não vi vcs falando desse jeitinho?
Registrando: tbm sou contra qualquer agressão, mas o fato é que se vcs pressionassem o verdadeiro CULPADO por tudo (RODRIGO PACHECO) que tem acontecido , talvez não se chegasse a esse ponto, de uma pessoa ter que resistir a bala contra a TIRANIA do XANDÃO!!!",QURTSl9pMWwtbEthQnFKZmJuZy13cmk3NmtQcWFaSVpyYXVJYnZrVTZJa2Q3RnppTVhfTFBNazg2dkZqa0VrQUx4RmQzaEhQR0psUk1pUQ==,2023-06-08 14:52:45.506398
youtube#commentThread,4Bin1B0fo0aT1rHuHSrF_XkBQVg,UgxanIPl0jwWJ1k0Gs94AaABAg,"{'videoId': 'zEfTDpfyt1o', 'topLevelComment': {'kind': 'youtube#comment', 'etag': 'VhVdfGMDXbq_0ioYWZSoVmiAIAQ', 'id': 'UgxanIPl0jwWJ1k0Gs94AaABAg', 'snippet': {'videoId': 'zEfTDpfyt1o', 'textDisplay': 'Quando agride não e apoiador de Bolsonaro , kkkkkkkkkkkkkkkkkkkkkk vão dormir .', 'textOriginal': 'Quando agride não e apoiador de Bolsonaro , kkkkkkkkkkkkkkkkkkkkkk vão dormir .', 'authorDisplayName': 'arlindo caria', 'authorProfileImageUrl': 'https://yt3.ggpht.com/ytc/AGIKgqMbhBCploONAZw1JB4nQPVIFNbmQR3GsQBPjDCFbFKeKVcyBld_zSXsTiF_BGpN=s48-c-k-c0x00ffffff-no-rj', 'authorChannelUrl': 'http://www.youtube.com/channel/UCQJxTzSSAjFx6QUJklV_EFg', 'authorChannelId': {'value': 'UCQJxTzSSAjFx6QUJklV_EFg'}, 'canRate': True, 'viewerRating': 'none', 'likeCount': 0, 'publishedAt': '2022-10-23T22:24:56Z', 'updatedAt': '2022-10-23T22:24:56Z'}}, 'canReply': True, 'totalReplyCount': 0, 'isPublic': True}",,UCQJxTzSSAjFx6QUJklV_EFg,2022-10-23T22:24:56Z,"Quando agride não e apoiador de Bolsonaro , kkkkkkkkkkkkkkkkkkkkkk vão dormir .",QURTSl9pMWwtbEthQnFKZmJuZy13cmk3NmtQcWFaSVpyYXVJYnZrVTZJa2Q3RnppTVhfTFBNazg2dkZqa0VrQUx4RmQzaEhQR0psUk1pUQ==,2023-06-08 14:52:45.506398
youtube#commentThread,5VQXxbKtiY1mCxCbvpCBfvZUoQU,UgxjSOl1ajpKqS52y9Z4AaABAg,"{'videoId': 'zEfTDpfyt1o', 'topLevelComment': {'kind': 'youtube#comment', 'etag': 'Yq1RzgOLKpqHIeupzq9zN-m08g4', 'id': 'UgxjSOl1ajpKqS52y9Z4AaABAg', 'snippet': {'videoId': 'zEfTDpfyt1o', 'textDisplay': 'Kkkkkkk', 'textOriginal': 'Kkkkkkk', 'authorDisplayName': 'Jesus te ama', 'authorProfileImageUrl': 'https://yt3.ggpht.com/dAANePatN8hj-1Pvu0RQ3N6t-9RuHJhGIkSTMe2GLDJgc83crNEEdBcCrhZ22ZCaYuR1u96Z=s48-c-k-c0x00ffffff-no-rj', 'authorChannelUrl': 'http://www.youtube.com/channel/UCswkRL18VURC5vIG5nlzb6w', 'authorChannelId': {'value': 'UCswkRL18VURC5vIG5nlzb6w'}, 'canRate': True, 'viewerRating': 'none', 'likeCount': 0, 'publishedAt': '2022-10-23T22:24:50Z', 'updatedAt': '2022-10-23T22:24:50Z'}}, 'canReply': True, 'totalReplyCount': 0, 'isPublic': True}",,UCswkRL18VURC5vIG5nlzb6w,2022-10-23T22:24:50Z,Kkkkkkk,QURTSl9pMWwtbEthQnFKZmJuZy13cmk3NmtQcWFaSVpyYXVJYnZrVTZJa2Q3RnppTVhfTFBNazg2dkZqa0VrQUx4RmQzaEhQR0psUk1pUQ==,2023-06-08 14:52:45.506398
youtube#commentThread,NS5W_emjZEiSwFJ2znKg5jgz4tk,UgzuxoLSCQmgYybKUnd4AaABAg,"{'videoId': 'zEfTDpfyt1o', 'topLevelComment': {'kind': 'youtube#comment', 'etag': 'xaY1AllW_R3RbWYp61nMv0_dAyo', 'id': 'UgzuxoLSCQmgYybKUnd4AaABAg', 'snippet': {'videoId': 'zEfTDpfyt1o', 'textDisplay': 'A globo nao gosta de bolsonaro e nem de apoiadores de bolsonaro então porque foi la .a revolta pela prisao de roberto foi muito dura .claro nao justifica isso lamentavel', 'textOriginal': 'A globo nao gosta de bolsonaro e nem de apoiadores de bolsonaro então porque foi la .a revolta pela prisao de roberto foi muito dura .claro nao justifica isso lamentavel', 'authorDisplayName': 'Eliana Fatima Mamede', 'authorProfileImageUrl': 'https://yt3.ggpht.com/ytc/AGIKgqOClJ4ClmyM-nsaHV_qHfmQKRlHK9HTbg5OIOISjA=s48-c-k-c0x00ffffff-no-rj', 'authorChannelUrl': 'http://www.youtube.com/channel/UCo73OYFa4qarB9oRkAPfOhQ', 'authorChannelId': {'value': 'UCo73OYFa4qarB9oRkAPfOhQ'}, 'canRate': True, 'viewerRating': 'none', 'likeCount': 0, 'publishedAt': '2022-10-23T22:24:49Z', 'updatedAt': '2022-10-23T22:24:49Z'}}, 'canReply': True, 'totalReplyCount': 0, 'isPublic': True}",,UCo73OYFa4qarB9oRkAPfOhQ,2022-10-23T22:24:49Z,A globo nao gosta de bolsonaro e nem de apoiadores de bolsonaro então porque foi la .a revolta pela prisao de roberto foi muito dura .claro nao justifica isso lamentavel,QURTSl9pMWwtbEthQnFKZmJuZy13cmk3NmtQcWFaSVpyYXVJYnZrVTZJa2Q3RnppTVhfTFBNazg2dkZqa0VrQUx4RmQzaEhQR0psUk1pUQ==,2023-06-08 14:52:45.506398
youtube#commentThread,NXmSMTLRqxM3nTRLTPxq_xVB6ws,UgwAlLSDboqHqextg7J4AaABAg,"{'videoId': 'zEfTDpfyt1o', 'topLevelComment': {'kind': 'youtube#comment', 'etag': 'cboYR0OmUkkL7cZ0qaPnmfFwleM', 'id': 'UgwAlLSDboqHqextg7J4AaABAg', 'snippet': {'videoId': 'zEfTDpfyt1o', 'textDisplay': 'O cinegrafista conseguiu roubar a cena, até a jovem pan já esqueceu do assunto Roberto Jeferson kkkk', 'textOriginal': 'O cinegrafista conseguiu roubar a cena, até a jovem pan já esqueceu do assunto Roberto Jeferson kkkk', 'authorDisplayName': 'Cristóvão Geraldo', 'authorProfileImageUrl': 'https://yt3.ggpht.com/ytc/AGIKgqNieS1O7V_rQFp-QVdE1puOP-OJ4DYhQ1YJzWP4EVQ=s48-c-k-c0x00ffffff-no-rj', 'authorChannelUrl': 'http://www.youtube.com/channel/UCsfmPecFMb41amr5gJ5bAYg', 'authorChannelId': {'value': 'UCsfmPecFMb41amr5gJ5bAYg'}, 'canRate': True, 'viewerRating': 'none', 'likeCount': 1, 'publishedAt': '2022-10-23T22:24:44Z', 'updatedAt': '2022-10-23T22:24:44Z'}}, 'canReply': True, 'totalReplyCount': 0, 'isPublic': True}",,UCsfmPecFMb41amr5gJ5bAYg,2022-10-23T22:24:44Z,"O cinegrafista conseguiu roubar a cena, até a jovem pan já esqueceu do assunto Roberto Jeferson kkkk",QURTSl9pMWwtbEthQnFKZmJuZy13cmk3NmtQcWFaSVpyYXVJYnZrVTZJa2Q3RnppTVhfTFBNazg2dkZqa0VrQUx4RmQzaEhQR0psUk1pUQ==,2023-06-08 14:52:45.506398
youtube#commentThread,qf3_wIqfo4jRzbvtUsZ4slxh97A,UgzE7hnCnLwa3I6f8Z94AaABAg,"{'videoId': 'zEfTDpfyt1o', 'topLevelComment': {'kind': 'youtube#comment', 'etag': 'jck3DtmeRv_zBGCfpUglGSdt1Rc', 'id': 'UgzE7hnCnLwa3I6f8Z94AaABAg', 'snippet': {'videoId': 'zEfTDpfyt1o', 'textDisplay': 'Blá blá blá blá repudiamos repudiamos blá blá blá! Apanharam pouco.', 'textOriginal': 'Blá blá blá blá repudiamos repudiamos blá blá blá! Apanharam pouco.', 'authorDisplayName': 'Alenya Sant’', 'authorProfileImageUrl': 'https://yt3.ggpht.com/k2-bH9i1N0yuUfLF-G1OXIEW4Fozz-LK12xQjqcLdT04zVe6l0MXRFGjauCs4Ue9nD3lwr6lmw=s48-c-k-c0x00ffffff-no-rj', 'authorChannelUrl': 'http://www.youtube.com/channel/UCH6WOwxyzmM5ZiKPQ05MU1w', 'authorChannelId': {'value': 'UCH6WOwxyzmM5ZiKPQ05MU1w'}, 'canRate': True, 'viewerRating': 'none', 'likeCount': 0, 'publishedAt': '2022-10-23T22:24:44Z', 'updatedAt': '2022-10-23T22:24:44Z'}}, 'canReply': True, 'totalReplyCount': 0, 'isPublic': True}",,UCH6WOwxyzmM5ZiKPQ05MU1w,2022-10-23T22:24:44Z,Blá blá blá blá repudiamos repudiamos blá blá blá! Apanharam pouco.,QURTSl9pMEJKeFpVTE14Si10NkphRHdUV25Wd25lSXNOTDBSWm91NXA5Ymd3T1Jid3BIQmdSUGg4aWMzU0tWek9MWkV3YWtZRDRtQWh5SQ==,2023-06-08 14:52:46.326487
youtube#commentThread,vkIt_DkUbHkJnDZdXNZIThBma_8,UgwLkq1lxPQySNNhOKd4AaABAg,"{'videoId': 'zEfTDpfyt1o', 'topLevelComment': {'kind': 'youtube#comment', 'etag': '76m56C8xEPKz7G9Vb1_ePLkStDs', 'id': 'UgwLkq1lxPQySNNhOKd4AaABAg', 'snippet': {'videoId': 'zEfTDpfyt1o', 'textDisplay': 'Agora vão jogar isso aí no colo do Bolsonaro.', 'textOriginal': 'Agora vão jogar isso aí no colo do Bolsonaro.', 'authorDisplayName': 'Muay Thai P/Iniciantes', 'authorProfileImageUrl': 'https://yt3.ggpht.com/vtUoAGPtaVUmg3kBeU5FISG0LTXuapNIlLZW7XykByPgHN5AiKQzFXa7jE2kddMY9t7Aic_QrlQ=s48-c-k-c0x00ffffff-no-rj', 'authorChannelUrl': 'http://www.youtube.com/channel/UCewCV5940mDVJ4Eeth4pyMA', 'authorChannelId': {'value': 'UCewCV5940mDVJ4Eeth4pyMA'}, 'canRate': True, 'viewerRating': 'none', 'likeCount': 0, 'publishedAt': '2022-10-23T22:24:43Z', 'updatedAt': '2022-10-23T22:24:43Z'}}, 'canReply': True, 'totalReplyCount': 0, 'isPublic': True}",,UCewCV5940mDVJ4Eeth4pyMA,2022-10-23T22:24:43Z,Agora vão jogar isso aí no colo do Bolsonaro.,QURTSl9pMEJKeFpVTE14Si10NkphRHdUV25Wd25lSXNOTDBSWm91NXA5Ymd3T1Jid3BIQmdSUGg4aWMzU0tWek9MWkV3YWtZRDRtQWh5SQ==,2023-06-08 14:52:46.326487
youtube#commentThread,CIvBaSwKTVoHREsgiidaSBuqaLo,UgxeMg-CJ-5oaHcjbqN4AaABAg,"{'videoId': 'zEfTDpfyt1o', 'topLevelComment': {'kind': 'youtube#comment', 'etag': 'DA3L7MrFspD3eUQvWBrCpHU3awY', 'id': 'UgxeMg-CJ-5oaHcjbqN4AaABAg', 'snippet': {'videoId': 'zEfTDpfyt1o', 'textDisplay': 'Profissional?<br>Onde?', 'textOriginal': 'Profissional?\\nOnde?', 'authorDisplayName': 'Guerreira Brasileira', 'authorProfileImageUrl': 'https://yt3.ggpht.com/ytc/AGIKgqNh4JZoMg8TrmWSy_Uxyf7_Epli5PoiCKtcDFE-3g=s48-c-k-c0x00ffffff-no-rj', 'authorChannelUrl': 'http://www.youtube.com/channel/UC3pZDtCBDtGb2k499RP9qqg', 'authorChannelId': {'value': 'UC3pZDtCBDtGb2k499RP9qqg'}, 'canRate': True, 'viewerRating': 'none', 'likeCount': 0, 'publishedAt': '2022-10-23T22:24:41Z', 'updatedAt': '2022-10-23T22:24:41Z'}}, 'canReply': True, 'totalReplyCount': 0, 'isPublic': True}",,UC3pZDtCBDtGb2k499RP9qqg,2022-10-23T22:24:41Z,"Profissional?
Onde?",QURTSl9pMEJKeFpVTE14Si10NkphRHdUV25Wd25lSXNOTDBSWm91NXA5Ymd3T1Jid3BIQmdSUGg4aWMzU0tWek9MWkV3YWtZRDRtQWh5SQ==,2023-06-08 14:52:46.326487
youtube#commentThread,bvE4gvVvMuq3Gs4fcfIvDIbiKE4,UgzN3pB0K3dIpE6O0VV4AaABAg,"{'videoId': 'zEfTDpfyt1o', 'topLevelComment': {'kind': 'youtube#comment', 'etag': 'hTLNJ-g1LpR4HFO1FWR1N03UpCY', 'id': 'UgzN3pB0K3dIpE6O0VV4AaABAg', 'snippet': {'videoId': 'zEfTDpfyt1o', 'textDisplay': 'Lamentável.<br>Lamentável. <br>Lamentável.', 'textOriginal': 'Lamentável.\\nLamentável. \\nLamentável.', 'authorDisplayName': 'Silvana Virgilio', 'authorProfileImageUrl': 'https://yt3.ggpht.com/ytc/AGIKgqMGLe06eg4Z1H6_cKhRzf63UMzQIbCLebLWG5v8dg7FbkXt30g_qFJHSosbMYJ1=s48-c-k-c0x00ffffff-no-rj', 'authorChannelUrl': 'http://www.youtube.com/channel/UCkUDYBJpvDf9ojH0iS4lBLA', 'authorChannelId': {'value': 'UCkUDYBJpvDf9ojH0iS4lBLA'}, 'canRate': True, 'viewerRating': 'none', 'likeCount': 0, 'publishedAt': '2022-10-23T22:24:41Z', 'updatedAt': '2022-10-23T22:24:41Z'}}, 'canReply': True, 'totalReplyCount': 0, 'isPublic': True}",,UCkUDYBJpvDf9ojH0iS4lBLA,2022-10-23T22:24:41Z,"Lamentável.
Lamentável. 
Lamentável.",QURTSl9pMEJKeFpVTE14Si10NkphRHdUV25Wd25lSXNOTDBSWm91NXA5Ymd3T1Jid3BIQmdSUGg4aWMzU0tWek9MWkV3YWtZRDRtQWh5SQ==,2023-06-08 14:52:46.326487
youtube#commentThread,ugBoNXVz_boYsrJfuP8tM-9KPhM,UgymBG122VvgPZO2Hm94AaABAg,"{'videoId': 'zEfTDpfyt1o', 'topLevelComment': {'kind': 'youtube#comment', 'etag': 'zoVYWgEKd63k3QjJg8s_rbFYfhY', 'id': 'UgymBG122VvgPZO2Hm94AaABAg', 'snippet': {'videoId': 'zEfTDpfyt1o', 'textDisplay': 'bando de bundões , enquanto isso a esquerda e STF nos ferrando', 'textOriginal': 'bando de bundões , enquanto isso a esquerda e STF nos ferrando', 'authorDisplayName': 'D N R', 'authorProfileImageUrl': 'https://yt3.ggpht.com/ytc/AGIKgqNxlZ4rhwwy8go88xunKETRBK4di5qV4Pwo9Q=s48-c-k-c0x00ffffff-no-rj', 'authorChannelUrl': 'http://www.youtube.com/channel/UCk6mqZ8qsgkdc4XtakXpHMw', 'authorChannelId': {'value': 'UCk6mqZ8qsgkdc4XtakXpHMw'}, 'canRate': True, 'viewerRating': 'none', 'likeCount': 0, 'publishedAt': '2022-10-23T22:24:37Z', 'updatedAt': '2022-10-23T22:24:37Z'}}, 'canReply': True, 'totalReplyCount': 0, 'isPublic': True}",,UCk6mqZ8qsgkdc4XtakXpHMw,2022-10-23T22:24:37Z,"bando de bundões , enquanto isso a esquerda e STF nos ferrando",QURTSl9pMEJKeFpVTE14Si10NkphRHdUV25Wd25lSXNOTDBSWm91NXA5Ymd3T1Jid3BIQmdSUGg4aWMzU0tWek9MWkV3YWtZRDRtQWh5SQ==,2023-06-08 14:52:46.326487
youtube#commentThread,zqemV9lOASQfGaw8KVArW87evYA,UgyadzFjgcu5m85RFd54AaABAg,"{'videoId': 'zEfTDpfyt1o', 'topLevelComment': {'kind': 'youtube#comment', 'etag': 'txlMCwVBS2mBVYLqXsCALrksakM', 'id': 'UgyadzFjgcu5m85RFd54AaABAg', 'snippet': {'videoId': 'zEfTDpfyt1o', 'textDisplay': 'Como que vocês podem afirmar que o agressor era um apoiador do Roberto Jefferson?<br>QUE CERTEZA VOCÊS TÊM DISSO?', 'textOriginal': 'Como que vocês podem afirmar que o agressor era um apoiador do Roberto Jefferson?\\nQUE CERTEZA VOCÊS TÊM DISSO?', 'authorDisplayName': 'MARIOJACCOUD', 'authorProfileImageUrl': 'https://yt3.ggpht.com/ytc/AGIKgqOc9Nhg7ADAiBu8mmA30-PIbHCL7Ln6C-ihthBu9Q=s48-c-k-c0x00ffffff-no-rj', 'authorChannelUrl': 'http://www.youtube.com/channel/UCHW78bHoczCWdObWGSej2Xg', 'authorChannelId': {'value': 'UCHW78bHoczCWdObWGSej2Xg'}, 'canRate': True, 'viewerRating': 'none', 'likeCount': 0, 'publishedAt': '2022-10-23T22:24:33Z', 'updatedAt': '2022-10-23T22:24:33Z'}}, 'canReply': True, 'totalReplyCount': 0, 'isPublic': True}",,UCHW78bHoczCWdObWGSej2Xg,2022-10-23T22:24:33Z,"Como que vocês podem afirmar que o agressor era um apoiador do Roberto Jefferson?
QUE CERTEZA VOCÊS TÊM DISSO?",QURTSl9pMEJKeFpVTE14Si10NkphRHdUV25Wd25lSXNOTDBSWm91NXA5Ymd3T1Jid3BIQmdSUGg4aWMzU0tWek9MWkV3YWtZRDRtQWh5SQ==,2023-06-08 14:52:46.326487
youtube#commentThread,bIxrOz5P6fiP36wNk3dND_AS8to,UgxY9q9mOj737P2AVJF4AaABAg,"{'videoId': 'zEfTDpfyt1o', 'topLevelComment': {'kind': 'youtube#comment', 'etag': 'I7-UuzIQuu1Og4E8PX9ITrFmDNw', 'id': 'UgxY9q9mOj737P2AVJF4AaABAg', 'snippet': {'videoId': 'zEfTDpfyt1o', 'textDisplay': '<a href=""http://www.youtube.com/results?search_query=%23globolixo"">#GloboLixo</a> Nao foi certo a reaçaodo manifestante, o fato inquestionável é q isto é desdobramento de ilegalidade arbitraria.', 'textOriginal': '#GloboLixo Nao foi certo a reaçaodo manifestante, o fato inquestionável é q isto é desdobramento de ilegalidade arbitraria.', 'authorDisplayName': 'Douglas Almeida', 'authorProfileImageUrl': 'https://yt3.ggpht.com/fr5vg7f3C7SUtCwHnQ62yAryq1YYNgp_HEcO1Y8-CBFW57T5wA_GkTUKJLBR5mXtfYA9qaJJ5Q=s48-c-k-c0x00ffffff-no-rj', 'authorChannelUrl': 'http://www.youtube.com/channel/UCHnfhTN838KgQKw7LA2imSg', 'authorChannelId': {'value': 'UCHnfhTN838KgQKw7LA2imSg'}, 'canRate': True, 'viewerRating': 'none', 'likeCount': 1, 'publishedAt': '2022-10-23T22:24:30Z', 'updatedAt': '2022-10-23T22:36:08Z'}}, 'canReply': True, 'totalReplyCount': 0, 'isPublic': True}",,UCHnfhTN838KgQKw7LA2imSg,2022-10-23T22:24:30Z,"#GloboLixo Nao foi certo a reaçaodo manifestante, o fato inquestionável é q isto é desdobramento de ilegalidade arbitraria.",QURTSl9pMEJKeFpVTE14Si10NkphRHdUV25Wd25lSXNOTDBSWm91NXA5Ymd3T1Jid3BIQmdSUGg4aWMzU0tWek9MWkV3YWtZRDRtQWh5SQ==,2023-06-08 14:52:46.326487
youtube#commentThread,0tZzWIzWMWlZWcTDHn2_FgSWHkk,Ugw1vWzM3HfbuGscYjZ4AaABAg,"{'videoId': 'zEfTDpfyt1o', 'topLevelComment': {'kind': 'youtube#comment', 'etag': 'XiS7PtKBFW6oMdJK0GV7DBvzT2k', 'id': 'Ugw1vWzM3HfbuGscYjZ4AaABAg', 'snippet': {'videoId': 'zEfTDpfyt1o', 'textDisplay': 'Melhoras para o cinegrafista, que nojo desse tipo de coisa. <br>E assim, o Bolsonaro perde votos por que um bando de fanaticos não sabem se controlar.', 'textOriginal': 'Melhoras para o cinegrafista, que nojo desse tipo de coisa. \\nE assim, o Bolsonaro perde votos por que um bando de fanaticos não sabem se controlar.', 'authorDisplayName': 'Thaty SGarcia', 'authorProfileImageUrl': 'https://yt3.ggpht.com/ytc/AGIKgqP19PDinycc2cSPekdu4hDdDqXH0u4uAn8JVw8o=s48-c-k-c0x00ffffff-no-rj', 'authorChannelUrl': 'http://www.youtube.com/channel/UC0rA0dwdnWpGBnIxQTwCGPQ', 'authorChannelId': {'value': 'UC0rA0dwdnWpGBnIxQTwCGPQ'}, 'canRate': True, 'viewerRating': 'none', 'likeCount': 0, 'publishedAt': '2022-10-23T22:24:29Z', 'updatedAt': '2022-10-23T22:24:29Z'}}, 'canReply': True, 'totalReplyCount': 0, 'isPublic': True}",,UC0rA0dwdnWpGBnIxQTwCGPQ,2022-10-23T22:24:29Z,"Melhoras para o cinegrafista, que nojo desse tipo de coisa. 
E assim, o Bolsonaro perde votos por que um bando de fanaticos não sabem se controlar.",QURTSl9pMEJKeFpVTE14Si10NkphRHdUV25Wd25lSXNOTDBSWm91NXA5Ymd3T1Jid3BIQmdSUGg4aWMzU0tWek9MWkV3YWtZRDRtQWh5SQ==,2023-06-08 14:52:46.326487
youtube#commentThread,-ZGpzxVJjLI0Y2PU8mlkFllL6jM,Ugy-p7wo1jXmT2CmRzt4AaABAg,"{'videoId': 'zEfTDpfyt1o', 'topLevelComment': {'kind': 'youtube#comment', 'etag': 'foXvySuhiibWARB0FAclZ_W2PXk', 'id': 'Ugy-p7wo1jXmT2CmRzt4AaABAg', 'snippet': {'videoId': 'zEfTDpfyt1o', 'textDisplay': 'Vitimismo da imprensa .', 'textOriginal': 'Vitimismo da imprensa .', 'authorDisplayName': 'Fábio Araujo', 'authorProfileImageUrl': 'https://yt3.ggpht.com/ytc/AGIKgqPovNd7F-18cimeL_jAiDDZhaxEETt-eAuasA=s48-c-k-c0x00ffffff-no-rj', 'authorChannelUrl': 'http://www.youtube.com/channel/UC4-CBrPWfEYdThLjOtoLtOA', 'authorChannelId': {'value': 'UC4-CBrPWfEYdThLjOtoLtOA'}, 'canRate': True, 'viewerRating': 'none', 'likeCount': 0, 'publishedAt': '2022-10-23T22:24:28Z', 'updatedAt': '2022-10-23T22:24:28Z'}}, 'canReply': True, 'totalReplyCount': 0, 'isPublic': True}",,UC4-CBrPWfEYdThLjOtoLtOA,2022-10-23T22:24:28Z,Vitimismo da imprensa .,QURTSl9pMEJKeFpVTE14Si10NkphRHdUV25Wd25lSXNOTDBSWm91NXA5Ymd3T1Jid3BIQmdSUGg4aWMzU0tWek9MWkV3YWtZRDRtQWh5SQ==,2023-06-08 14:52:46.326487
youtube#commentThread,fgmE0C5Np8-2rSry7bagWIQEbdE,UgzpRMXcxw7eTQRzcXV4AaABAg,"{'videoId': 'zEfTDpfyt1o', 'topLevelComment': {'kind': 'youtube#comment', 'etag': '5_ZGpUVBh_beOnlnZTwhKwgzvGU', 'id': 'UgzpRMXcxw7eTQRzcXV4AaABAg', 'snippet': {'videoId': 'zEfTDpfyt1o', 'textDisplay': 'Não  pode partir pra agressão  é absurdo isto.', 'textOriginal': 'Não  pode partir pra agressão  é absurdo isto.', 'authorDisplayName': 'Silvanira Lago', 'authorProfileImageUrl': 'https://yt3.ggpht.com/ytc/AGIKgqMf2BYgaPNNOFv94IALJa2_PPP3WcKHv4dIPQ=s48-c-k-c0x00ffffff-no-rj', 'authorChannelUrl': 'http://www.youtube.com/channel/UCD350qXZjX6kxMBREeyk0uQ', 'authorChannelId': {'value': 'UCD350qXZjX6kxMBREeyk0uQ'}, 'canRate': True, 'viewerRating': 'none', 'likeCount': 22, 'publishedAt': '2022-10-23T22:24:25Z', 'updatedAt': '2022-10-23T22:24:25Z'}}, 'canReply': True, 'totalReplyCount': 1, 'isPublic': True}","{'comments': [{'kind': 'youtube#comment', 'etag': 'v6PziSLf4LW4CpOPs1EuReYxYDQ', 'id': 'UgzpRMXcxw7eTQRzcXV4AaABAg.9hYAQ73MFnT9hYRv30YLX9', 'snippet': {'videoId': 'zEfTDpfyt1o', 'textDisplay': 'Ovelha não agride...só faz mééé´ na hora do abate...', 'textOriginal': 'Ovelha não agride...só faz mééé´ na hora do abate...', 'parentId': 'UgzpRMXcxw7eTQRzcXV4AaABAg', 'authorDisplayName': 'Tiburcio Nascimento', 'authorProfileImageUrl': 'https://yt3.ggpht.com/ytc/AGIKgqPYJ16XbloZp1nRif2q9UiINjE9b3aLcJFllVpYZmGF8L32gAvFuJ_fm0H5T6oa=s48-c-k-c0x00ffffff-no-rj', 'authorChannelUrl': 'http://www.youtube.com/channel/UCOpVT2WBtvOTmNgRgNreY3Q', 'authorChannelId': {'value': 'UCOpVT2WBtvOTmNgRgNreY3Q'}, 'canRate': True, 'viewerRating': 'none', 'likeCount': 0, 'publishedAt': '2022-10-24T00:57:20Z', 'updatedAt': '2022-10-24T00:57:20Z'}}]}",UCD350qXZjX6kxMBREeyk0uQ,2022-10-23T22:24:25Z,Não  pode partir pra agressão  é absurdo isto.,QURTSl9pMEJKeFpVTE14Si10NkphRHdUV25Wd25lSXNOTDBSWm91NXA5Ymd3T1Jid3BIQmdSUGg4aWMzU0tWek9MWkV3YWtZRDRtQWh5SQ==,2023-06-08 14:52:46.326487
youtube#commentThread,f6m6uUeR6r7giklqca6DuP3YOTE,UgzeRPoPgNJJnEV4kYp4AaABAg,"{'videoId': 'zEfTDpfyt1o', 'topLevelComment': {'kind': 'youtube#comment', 'etag': 'bglJRfe1AMApiKYAI0FDOkjuM7Y', 'id': 'UgzeRPoPgNJJnEV4kYp4AaABAg', 'snippet': {'videoId': 'zEfTDpfyt1o', 'textDisplay': 'LIBERDADE!!! LIBERDADE!!! LIBERDADE!!! ABRE AS ASAS SOBRE NOS!!!!!!!!💚💛💚💚💛💚💛💚💛💚💛💛🤍💙💚💛22222222222222222222222222222222222222222222222222222222222222222222222222222222', 'textOriginal': 'LIBERDADE!!! LIBERDADE!!! LIBERDADE!!! ABRE AS ASAS SOBRE NOS!!!!!!!!💚💛💚💚💛💚💛💚💛💚💛💛🤍💙💚💛22222222222222222222222222222222222222222222222222222222222222222222222222222222', 'authorDisplayName': 'Maria Blanc', 'authorProfileImageUrl': 'https://yt3.ggpht.com/ytc/AGIKgqPwXk9cEvI3VqLLfJ5x6eORGwTx06y6xjKBXA=s48-c-k-c0x00ffffff-no-rj', 'authorChannelUrl': 'http://www.youtube.com/channel/UCLngKngfPDLjrR50sgKJ9UA', 'authorChannelId': {'value': 'UCLngKngfPDLjrR50sgKJ9UA'}, 'canRate': True, 'viewerRating': 'none', 'likeCount': 17, 'publishedAt': '2022-10-23T22:24:24Z', 'updatedAt': '2022-10-23T22:24:24Z'}}, 'canReply': True, 'totalReplyCount': 1, 'isPublic': True}","{'comments': [{'kind': 'youtube#comment', 'etag': '_pF17wIwZLg65Ilp6PbQRhEPBFs', 'id': 'UgzeRPoPgNJJnEV4kYp4AaABAg.9hYAQ1qmI2o9hYB_7yx0t8', 'snippet': {'videoId': 'zEfTDpfyt1o', 'textDisplay': 'querem a volta da ditadura e depois não guentam', 'textOriginal': 'querem a volta da ditadura e depois não guentam', 'parentId': 'UgzeRPoPgNJJnEV4kYp4AaABAg', 'authorDisplayName': 'marcos dos santos', 'authorProfileImageUrl': 'https://yt3.ggpht.com/ytc/AGIKgqN4b9HqRZYi_m94Xgf8PcyrA8pRyA3XJcquthkT=s48-c-k-c0x00ffffff-no-rj', 'authorChannelUrl': 'http://www.youtube.com/channel/UCTBtWOhsUY5Y1kN-L5t2jyw', 'authorChannelId': {'value': 'UCTBtWOhsUY5Y1kN-L5t2jyw'}, 'canRate': True, 'viewerRating': 'none', 'likeCount': 0, 'publishedAt': '2022-10-23T22:34:31Z', 'updatedAt': '2022-10-23T22:34:31Z'}}]}",UCLngKngfPDLjrR50sgKJ9UA,2022-10-23T22:24:24Z,LIBERDADE!!! LIBERDADE!!! LIBERDADE!!! ABRE AS ASAS SOBRE NOS!!!!!!!!💚💛💚💚💛💚💛💚💛💚💛💛🤍💙💚💛22222222222222222222222222222222222222222222222222222222222222222222222222222222,QURTSl9pMEJKeFpVTE14Si10NkphRHdUV25Wd25lSXNOTDBSWm91NXA5Ymd3T1Jid3BIQmdSUGg4aWMzU0tWek9MWkV3YWtZRDRtQWh5SQ==,2023-06-08 14:52:46.326487
youtube#commentThread,eNs-2a2Lt6Ccr6LwqkpCymOAqKE,UgyUJDEUegZbDgRVX_t4AaABAg,"{'videoId': 'zEfTDpfyt1o', 'topLevelComment': {'kind': 'youtube#comment', 'etag': 'ZxnJ9rnVqmP_TFNzZ3s8IAv5zNU', 'id': 'UgyUJDEUegZbDgRVX_t4AaABAg', 'snippet': {'videoId': 'zEfTDpfyt1o', 'textDisplay': 'Tudo um grande teatro , provocado. As vésperas das eleições . não caiam nessa armação da velha imprensa.', 'textOriginal': 'Tudo um grande teatro , provocado. As vésperas das eleições . não caiam nessa armação da velha imprensa.', 'authorDisplayName': 'Rosemery G.Ferreira', 'authorProfileImageUrl': 'https://yt3.ggpht.com/ytc/AGIKgqNtX_xS-mCmv65D8ftiILrYs3Kgnorso3enKg=s48-c-k-c0x00ffffff-no-rj', 'authorChannelUrl': 'http://www.youtube.com/channel/UC2_6pcrsSj3wBqJIdLf5eYA', 'authorChannelId': {'value': 'UC2_6pcrsSj3wBqJIdLf5eYA'}, 'canRate': True, 'viewerRating': 'none', 'likeCount': 0, 'publishedAt': '2022-10-23T22:24:23Z', 'updatedAt': '2022-10-23T22:24:23Z'}}, 'canReply': True, 'totalReplyCount': 0, 'isPublic': True}",,UC2_6pcrsSj3wBqJIdLf5eYA,2022-10-23T22:24:23Z,"Tudo um grande teatro , provocado. As vésperas das eleições . não caiam nessa armação da velha imprensa.",QURTSl9pMEJKeFpVTE14Si10NkphRHdUV25Wd25lSXNOTDBSWm91NXA5Ymd3T1Jid3BIQmdSUGg4aWMzU0tWek9MWkV3YWtZRDRtQWh5SQ==,2023-06-08 14:52:46.326487
youtube#commentThread,RxzhLbdXvrFV4YcsGCbbRGhEVrQ,Ugy5-anDj8pmqRbuvQJ4AaABAg,"{'videoId': 'zEfTDpfyt1o', 'topLevelComment': {'kind': 'youtube#comment', 'etag': 'uiO7ojPHiA3oZCuynYlMuRtXkQQ', 'id': 'Ugy5-anDj8pmqRbuvQJ4AaABAg', 'snippet': {'videoId': 'zEfTDpfyt1o', 'textDisplay': 'Quem é esse novo Piperno na Jovem Pan, tendencioso lulista, uma vergonha!', 'textOriginal': 'Quem é esse novo Piperno na Jovem Pan, tendencioso lulista, uma vergonha!', 'authorDisplayName': 'Roberto Santos', 'authorProfileImageUrl': 'https://yt3.ggpht.com/ytc/AGIKgqOHPNQkhwjJyKLkXOvLgZn2VqL9RF_iJYbCHU6H=s48-c-k-c0x00ffffff-no-rj', 'authorChannelUrl': 'http://www.youtube.com/channel/UCt65Hzkvdu9d-nVYxkbrycw', 'authorChannelId': {'value': 'UCt65Hzkvdu9d-nVYxkbrycw'}, 'canRate': True, 'viewerRating': 'none', 'likeCount': 0, 'publishedAt': '2022-10-23T22:24:23Z', 'updatedAt': '2022-10-23T22:24:23Z'}}, 'canReply': True, 'totalReplyCount': 0, 'isPublic': True}",,UCt65Hzkvdu9d-nVYxkbrycw,2022-10-23T22:24:23Z,"Quem é esse novo Piperno na Jovem Pan, tendencioso lulista, uma vergonha!",QURTSl9pMEJKeFpVTE14Si10NkphRHdUV25Wd25lSXNOTDBSWm91NXA5Ymd3T1Jid3BIQmdSUGg4aWMzU0tWek9MWkV3YWtZRDRtQWh5SQ==,2023-06-08 14:52:46.326487
youtube#commentThread,KXlYI92AsCAYwBk1ePda2DpyzIg,UgyRnPm_G-JdTiBAJXN4AaABAg,"{'videoId': 'zEfTDpfyt1o', 'topLevelComment': {'kind': 'youtube#comment', 'etag': 'lF8O4dgDVdLfd_fhIhr8UgPXXt4', 'id': 'UgyRnPm_G-JdTiBAJXN4AaABAg', 'snippet': {'videoId': 'zEfTDpfyt1o', 'textDisplay': 'A parcialidade do judiciário provoca fúria nas pessoas ... Não justifica é claro. É lamentável, enquanto os autores destas irregularidades, (a  parcialidade) estão a salvo. É revoltante 💥', 'textOriginal': 'A parcialidade do judiciário provoca fúria nas pessoas ... Não justifica é claro. É lamentável, enquanto os autores destas irregularidades, (a  parcialidade) estão a salvo. É revoltante 💥', 'authorDisplayName': 'Manoela Granato Manoela', 'authorProfileImageUrl': 'https://yt3.ggpht.com/ytc/AGIKgqP-odGyRVA1mdrQIU5KvsO79PnpNBXS4UDrFw=s48-c-k-c0x00ffffff-no-rj', 'authorChannelUrl': 'http://www.youtube.com/channel/UCsOopjMx2CH96X6qhsPgNXA', 'authorChannelId': {'value': 'UCsOopjMx2CH96X6qhsPgNXA'}, 'canRate': True, 'viewerRating': 'none', 'likeCount': 26, 'publishedAt': '2022-10-23T22:24:23Z', 'updatedAt': '2022-10-23T22:24:23Z'}}, 'canReply': True, 'totalReplyCount': 1, 'isPublic': True}","{'comments': [{'kind': 'youtube#comment', 'etag': 'bDKjz0asVjTDL-9DBKCFJzI_8ck', 'id': 'UgyRnPm_G-JdTiBAJXN4AaABAg.9hYAPsPHhJb9hYCnQudOvs', 'snippet': {'videoId': 'zEfTDpfyt1o', 'textDisplay': '- Não houve parcialidade.', 'textOriginal': '- Não houve parcialidade.', 'parentId': 'UgyRnPm_G-JdTiBAJXN4AaABAg', 'authorDisplayName': 'adailton888', 'authorProfileImageUrl': 'https://yt3.ggpht.com/ytc/AGIKgqPK6zLVuOYOrkJBVbhG2jPgdBryO6ciag1u0A=s48-c-k-c0x00ffffff-no-rj', 'authorChannelUrl': 'http://www.youtube.com/channel/UCfkvzLOPTkbJzu5dHvWN7vg', 'authorChannelId': {'value': 'UCfkvzLOPTkbJzu5dHvWN7vg'}, 'canRate': True, 'viewerRating': 'none', 'likeCount': 0, 'publishedAt': '2022-10-23T22:45:13Z', 'updatedAt': '2022-10-23T22:45:13Z'}}]}",UCsOopjMx2CH96X6qhsPgNXA,2022-10-23T22:24:23Z,"A parcialidade do judiciário provoca fúria nas pessoas ... Não justifica é claro. É lamentável, enquanto os autores destas irregularidades, (a  parcialidade) estão a salvo. É revoltante 💥",QURTSl9pMEJKeFpVTE14Si10NkphRHdUV25Wd25lSXNOTDBSWm91NXA5Ymd3T1Jid3BIQmdSUGg4aWMzU0tWek9MWkV3YWtZRDRtQWh5SQ==,2023-06-08 14:52:46.326487
youtube#commentThread,WjtEAod9iUgUQU8AW0-PbDM4tBI,UgzCWn_1iyKtQZB2C-h4AaABAg,"{'videoId': 'zEfTDpfyt1o', 'topLevelComment': {'kind': 'youtube#comment', 'etag': 'UUAEOwNz-X__ku5wyjwz7O6SeNo', 'id': 'UgzCWn_1iyKtQZB2C-h4AaABAg', 'snippet': {'videoId': 'zEfTDpfyt1o', 'textDisplay': 'o cinegrafista se jogou !!!!!!!!!!', 'textOriginal': 'o cinegrafista se jogou !!!!!!!!!!', 'authorDisplayName': 'Gilberto souza pinto', 'authorProfileImageUrl': 'https://yt3.ggpht.com/ytc/AGIKgqM5ktddo9B2doRMl83S-DaBNcz_KPp-FsbvO5_3=s48-c-k-c0x00ffffff-no-rj', 'authorChannelUrl': 'http://www.youtube.com/channel/UCm5bIqRKTb2sAwwX-sX7aBQ', 'authorChannelId': {'value': 'UCm5bIqRKTb2sAwwX-sX7aBQ'}, 'canRate': True, 'viewerRating': 'none', 'likeCount': 0, 'publishedAt': '2022-10-23T22:24:19Z', 'updatedAt': '2022-10-23T22:24:19Z'}}, 'canReply': True, 'totalReplyCount': 0, 'isPublic': True}",,UCm5bIqRKTb2sAwwX-sX7aBQ,2022-10-23T22:24:19Z,o cinegrafista se jogou !!!!!!!!!!,QURTSl9pMEJKeFpVTE14Si10NkphRHdUV25Wd25lSXNOTDBSWm91NXA5Ymd3T1Jid3BIQmdSUGg4aWMzU0tWek9MWkV3YWtZRDRtQWh5SQ==,2023-06-08 14:52:46.326487
youtube#commentThread,u10cps1u1JWtF6jJdQ368xn0Ojw,UgxnPut4_vH6ZdLD_KV4AaABAg,"{'videoId': 'zEfTDpfyt1o', 'topLevelComment': {'kind': 'youtube#comment', 'etag': 'p6h3ZhKZel-uQFf_PK4RJGWU41c', 'id': 'UgxnPut4_vH6ZdLD_KV4AaABAg', 'snippet': {'videoId': 'zEfTDpfyt1o', 'textDisplay': 'Com certeza alguém falou o que não  devia.', 'textOriginal': 'Com certeza alguém falou o que não  devia.', 'authorDisplayName': 'Joziane Cariolano da Costa Dantas CARIOLANO', 'authorProfileImageUrl': 'https://yt3.ggpht.com/ytc/AGIKgqNfeSRsB5o4QLJWnNpBdy2FM5-gesFVm4F68w=s48-c-k-c0x00ffffff-no-rj', 'authorChannelUrl': 'http://www.youtube.com/channel/UCjX08lLcBEUaNc_dw18Q4Zg', 'authorChannelId': {'value': 'UCjX08lLcBEUaNc_dw18Q4Zg'}, 'canRate': True, 'viewerRating': 'none', 'likeCount': 1, 'publishedAt': '2022-10-23T22:24:14Z', 'updatedAt': '2022-10-23T22:29:57Z'}}, 'canReply': True, 'totalReplyCount': 0, 'isPublic': True}",,UCjX08lLcBEUaNc_dw18Q4Zg,2022-10-23T22:24:14Z,Com certeza alguém falou o que não  devia.,QURTSl9pMEJKeFpVTE14Si10NkphRHdUV25Wd25lSXNOTDBSWm91NXA5Ymd3T1Jid3BIQmdSUGg4aWMzU0tWek9MWkV3YWtZRDRtQWh5SQ==,2023-06-08 14:52:46.326487
youtube#commentThread,CrMVL8LhKGintUqrr7VYT7zqoKg,UgxW4aDZU0xOx7Szt6R4AaABAg,"{'videoId': 'zEfTDpfyt1o', 'topLevelComment': {'kind': 'youtube#comment', 'etag': 'yV9zJC7iuL_F158bTfC3xErZT0E', 'id': 'UgxW4aDZU0xOx7Szt6R4AaABAg', 'snippet': {'videoId': 'zEfTDpfyt1o', 'textDisplay': 'cade o VAR?', 'textOriginal': 'cade o VAR?', 'authorDisplayName': 'Lacerd lacer', 'authorProfileImageUrl': 'https://yt3.ggpht.com/ytc/AGIKgqPyGCA5mbkdaIHgRRyeHjmZOXSpoPnMN11vWUh2Yg=s48-c-k-c0x00ffffff-no-rj', 'authorChannelUrl': 'http://www.youtube.com/channel/UCOk_rtiYyEBhaxJoja2qn9A', 'authorChannelId': {'value': 'UCOk_rtiYyEBhaxJoja2qn9A'}, 'canRate': True, 'viewerRating': 'none', 'likeCount': 0, 'publishedAt': '2022-10-23T22:24:12Z', 'updatedAt': '2022-10-23T22:24:12Z'}}, 'canReply': True, 'totalReplyCount': 0, 'isPublic': True}",,UCOk_rtiYyEBhaxJoja2qn9A,2022-10-23T22:24:12Z,cade o VAR?,QURTSl9pMEJKeFpVTE14Si10NkphRHdUV25Wd25lSXNOTDBSWm91NXA5Ymd3T1Jid3BIQmdSUGg4aWMzU0tWek9MWkV3YWtZRDRtQWh5SQ==,2023-06-08 14:52:46.326487
youtube#commentThread,jfcof__Bff76_drZztTAxwbyAMM,UgwDy6KxSGRaoxe7CX14AaABAg,"{'videoId': 'zEfTDpfyt1o', 'topLevelComment': {'kind': 'youtube#comment', 'etag': '0xHvVP9k2f0spNz719LeAMUSrfA', 'id': 'UgwDy6KxSGRaoxe7CX14AaABAg', 'snippet': {'videoId': 'zEfTDpfyt1o', 'textDisplay': 'NÃO tem nada na imprensa mais anti democrático que a GloBoBo. Não justifica machucar o câmera! Mas, é reflexo do que a emissora vem plantando...', 'textOriginal': 'NÃO tem nada na imprensa mais anti democrático que a GloBoBo. Não justifica machucar o câmera! Mas, é reflexo do que a emissora vem plantando...', 'authorDisplayName': 'Col. Bill Kilgore', 'authorProfileImageUrl': 'https://yt3.ggpht.com/ytc/AGIKgqNtJZT4kKVA4vEA8uEZ5KPRMzhIjBA1WxUyKQUD=s48-c-k-c0x00ffffff-no-rj', 'authorChannelUrl': 'http://www.youtube.com/channel/UCKkW2aT1sOYNggMMBP46uMw', 'authorChannelId': {'value': 'UCKkW2aT1sOYNggMMBP46uMw'}, 'canRate': True, 'viewerRating': 'none', 'likeCount': 12, 'publishedAt': '2022-10-23T22:24:11Z', 'updatedAt': '2022-10-23T22:24:11Z'}}, 'canReply': True, 'totalReplyCount': 2, 'isPublic': True}","{'comments': [{'kind': 'youtube#comment', 'etag': '9xWnDXdT3_p14fKmekSrB0kBj-g', 'id': 'UgwDy6KxSGRaoxe7CX14AaABAg.9hYAOOpuiTk9hYXpuaXa7t', 'snippet': {'videoId': 'zEfTDpfyt1o', 'textDisplay': '@_hablomesmo_ O contrário do que você é, então...', 'textOriginal': '@_hablomesmo_ O contrário do que você é, então...', 'parentId': 'UgwDy6KxSGRaoxe7CX14AaABAg', 'authorDisplayName': 'Col. Bill Kilgore', 'authorProfileImageUrl': 'https://yt3.ggpht.com/ytc/AGIKgqNtJZT4kKVA4vEA8uEZ5KPRMzhIjBA1WxUyKQUD=s48-c-k-c0x00ffffff-no-rj', 'authorChannelUrl': 'http://www.youtube.com/channel/UCKkW2aT1sOYNggMMBP46uMw', 'authorChannelId': {'value': 'UCKkW2aT1sOYNggMMBP46uMw'}, 'canRate': True, 'viewerRating': 'none', 'likeCount': 0, 'publishedAt': '2022-10-24T01:49:03Z', 'updatedAt': '2022-10-24T01:49:03Z'}}, {'kind': 'youtube#comment', 'etag': 'nC_FjRvDUUELkaZw6Prb5B6SNXo', 'id': 'UgwDy6KxSGRaoxe7CX14AaABAg.9hYAOOpuiTk9hYC8V-pMUa', 'snippet': {'videoId': 'zEfTDpfyt1o', 'textDisplay': 'Cidadão de bem, da família. Kkk', 'textOriginal': 'Cidadão de bem, da família. Kkk', 'parentId': 'UgwDy6KxSGRaoxe7CX14AaABAg', 'authorDisplayName': '_hablomesmo_', 'authorProfileImageUrl': 'https://yt3.ggpht.com/ytc/AGIKgqPkclcaFCogDwSBSCd35GtLRajQ0aYqKha0aL8_aG8F4Q=s48-c-k-c0x00ffffff-no-rj', 'authorChannelUrl': 'http://www.youtube.com/channel/UCaUayDNAEVETcSlQs7PqOvQ', 'authorChannelId': {'value': 'UCaUayDNAEVETcSlQs7PqOvQ'}, 'canRate': True, 'viewerRating': 'none', 'likeCount': 0, 'publishedAt': '2022-10-23T22:39:29Z', 'updatedAt': '2022-10-23T22:39:29Z'}}]}",UCKkW2aT1sOYNggMMBP46uMw,2022-10-23T22:24:11Z,"NÃO tem nada na imprensa mais anti democrático que a GloBoBo. Não justifica machucar o câmera! Mas, é reflexo do que a emissora vem plantando...",QURTSl9pMEJKeFpVTE14Si10NkphRHdUV25Wd25lSXNOTDBSWm91NXA5Ymd3T1Jid3BIQmdSUGg4aWMzU0tWek9MWkV3YWtZRDRtQWh5SQ==,2023-06-08 14:52:46.326487
youtube#commentThread,PNfzh9xTHe1u55M0sxk-4CK2Hhs,UgxnBkG8FleQHQFN-Fx4AaABAg,"{'videoId': 'zEfTDpfyt1o', 'topLevelComment': {'kind': 'youtube#comment', 'etag': 's5QBEwMe0AXSzv_SoQQa5ViOskU', 'id': 'UgxnBkG8FleQHQFN-Fx4AaABAg', 'snippet': {'videoId': 'zEfTDpfyt1o', 'textDisplay': 'Parabéns Jovem Pano. Seus colegas da imprensa estão sendo agredidos. E vcs são parte disso. Incitam essa corja de malucos', 'textOriginal': 'Parabéns Jovem Pano. Seus colegas da imprensa estão sendo agredidos. E vcs são parte disso. Incitam essa corja de malucos', 'authorDisplayName': 'Johnny Sousa', 'authorProfileImageUrl': 'https://yt3.ggpht.com/ytc/AGIKgqNcqnbB5I2pxJjPxmSG_RqB4kpjtI93aPU_iYtsAA=s48-c-k-c0x00ffffff-no-rj', 'authorChannelUrl': 'http://www.youtube.com/channel/UCHzePA8QSRpXJObva_EQTQw', 'authorChannelId': {'value': 'UCHzePA8QSRpXJObva_EQTQw'}, 'canRate': True, 'viewerRating': 'none', 'likeCount': 0, 'publishedAt': '2022-10-23T22:24:11Z', 'updatedAt': '2022-10-23T22:24:11Z'}}, 'canReply': True, 'totalReplyCount': 0, 'isPublic': True}",,UCHzePA8QSRpXJObva_EQTQw,2022-10-23T22:24:11Z,Parabéns Jovem Pano. Seus colegas da imprensa estão sendo agredidos. E vcs são parte disso. Incitam essa corja de malucos,QURTSl9pMEJKeFpVTE14Si10NkphRHdUV25Wd25lSXNOTDBSWm91NXA5Ymd3T1Jid3BIQmdSUGg4aWMzU0tWek9MWkV3YWtZRDRtQWh5SQ==,2023-06-08 14:52:46.326487
youtube#commentThread,FPg21b7T_NA5G8YVvXddglZoR28,UgzlbEs4SUK7CgghBEZ4AaABAg,"{'videoId': 'zEfTDpfyt1o', 'topLevelComment': {'kind': 'youtube#comment', 'etag': 'dFAabKqckiUlbhjHPnn6xpq2gds', 'id': 'UgzlbEs4SUK7CgghBEZ4AaABAg', 'snippet': {'videoId': 'zEfTDpfyt1o', 'textDisplay': 'Essa história é cortina de fumaça para afastar o povo  do tema Eleição', 'textOriginal': 'Essa história é cortina de fumaça para afastar o povo  do tema Eleição', 'authorDisplayName': 'Graca Lopes', 'authorProfileImageUrl': 'https://yt3.ggpht.com/ytc/AGIKgqOB_fkMY7ymILNJLmUWlMpzhj7mWY3V0dyHOw=s48-c-k-c0x00ffffff-no-rj', 'authorChannelUrl': 'http://www.youtube.com/channel/UCLL_NF4d-nueE85PQslSADQ', 'authorChannelId': {'value': 'UCLL_NF4d-nueE85PQslSADQ'}, 'canRate': True, 'viewerRating': 'none', 'likeCount': 0, 'publishedAt': '2022-10-23T22:24:10Z', 'updatedAt': '2022-10-23T22:24:10Z'}}, 'canReply': True, 'totalReplyCount': 0, 'isPublic': True}",,UCLL_NF4d-nueE85PQslSADQ,2022-10-23T22:24:10Z,Essa história é cortina de fumaça para afastar o povo  do tema Eleição,QURTSl9pMEJKeFpVTE14Si10NkphRHdUV25Wd25lSXNOTDBSWm91NXA5Ymd3T1Jid3BIQmdSUGg4aWMzU0tWek9MWkV3YWtZRDRtQWh5SQ==,2023-06-08 14:52:46.326487
youtube#commentThread,ufVdEJNTXOIs7hz0CWHVrmLA4j8,UgyW7xO4hpWTbAoc9s14AaABAg,"{'videoId': 'zEfTDpfyt1o', 'topLevelComment': {'kind': 'youtube#comment', 'etag': 'f_WJw8ARlkxrDsYjfmFx9V-avIs', 'id': 'UgyW7xO4hpWTbAoc9s14AaABAg', 'snippet': {'videoId': 'zEfTDpfyt1o', 'textDisplay': 'vocês acabaram isso Bolsonaro é  ocupado é ponto.', 'textOriginal': 'vocês acabaram isso Bolsonaro é  ocupado é ponto.', 'authorDisplayName': 'Maria Lopes', 'authorProfileImageUrl': 'https://yt3.ggpht.com/ytc/AGIKgqO4N1JosMhvoxiqkMe59bT2M9lwSmE_PejA0t3oUifN0-rFD6HU5shVE_Hvppyf=s48-c-k-c0x00ffffff-no-rj', 'authorChannelUrl': 'http://www.youtube.com/channel/UCZBIxbgKZAh0fBD8VhlTNHQ', 'authorChannelId': {'value': 'UCZBIxbgKZAh0fBD8VhlTNHQ'}, 'canRate': True, 'viewerRating': 'none', 'likeCount': 0, 'publishedAt': '2022-10-23T22:24:08Z', 'updatedAt': '2022-10-23T22:24:08Z'}}, 'canReply': True, 'totalReplyCount': 0, 'isPublic': True}",,UCZBIxbgKZAh0fBD8VhlTNHQ,2022-10-23T22:24:08Z,vocês acabaram isso Bolsonaro é  ocupado é ponto.,QURTSl9pMEJKeFpVTE14Si10NkphRHdUV25Wd25lSXNOTDBSWm91NXA5Ymd3T1Jid3BIQmdSUGg4aWMzU0tWek9MWkV3YWtZRDRtQWh5SQ==,2023-06-08 14:52:46.326487
youtube#commentThread,aJu0URe2CwTrjvivQayXuyRvSNA,Ugw5W8QHnxos_rVKI5l4AaABAg,"{'videoId': 'zEfTDpfyt1o', 'topLevelComment': {'kind': 'youtube#comment', 'etag': '_DQZdqc5RPslQon-5hsZbfZiuLs', 'id': 'Ugw5W8QHnxos_rVKI5l4AaABAg', 'snippet': {'videoId': 'zEfTDpfyt1o', 'textDisplay': 'gente,cadê a polícia para prender esse povo violento 🚓⚖️', 'textOriginal': 'gente,cadê a polícia para prender esse povo violento 🚓⚖️', 'authorDisplayName': 'Monica Santana', 'authorProfileImageUrl': 'https://yt3.ggpht.com/ytc/AGIKgqMVTUIqRVZsZZeNBgMf11VEUIoIAyVvQJoszYC3Xg=s48-c-k-c0x00ffffff-no-rj', 'authorChannelUrl': 'http://www.youtube.com/channel/UC4p_0KkDeLmulPn3KdfANJw', 'authorChannelId': {'value': 'UC4p_0KkDeLmulPn3KdfANJw'}, 'canRate': True, 'viewerRating': 'none', 'likeCount': 0, 'publishedAt': '2022-10-23T22:24:07Z', 'updatedAt': '2022-10-23T22:24:07Z'}}, 'canReply': True, 'totalReplyCount': 0, 'isPublic': True}",,UC4p_0KkDeLmulPn3KdfANJw,2022-10-23T22:24:07Z,"gente,cadê a polícia para prender esse povo violento 🚓⚖️",QURTSl9pMEJKeFpVTE14Si10NkphRHdUV25Wd25lSXNOTDBSWm91NXA5Ymd3T1Jid3BIQmdSUGg4aWMzU0tWek9MWkV3YWtZRDRtQWh5SQ==,2023-06-08 14:52:46.326487
youtube#commentThread,nw3WJDX1NroNnc6rnoSR1jHu_V4,Ugz4vZ1ffTyut84ojbB4AaABAg,"{'videoId': 'zEfTDpfyt1o', 'topLevelComment': {'kind': 'youtube#comment', 'etag': 'LW96KsyGRyp_Uah8BLtQd1dx_nI', 'id': 'Ugz4vZ1ffTyut84ojbB4AaABAg', 'snippet': {'videoId': 'zEfTDpfyt1o', 'textDisplay': 'ACORDA BRASIL, Roberto Jefferson, NUNCA FEZ NADA DE BEM PARA O BRASIL, MUITO PELO CONTRÁRIO, PRESTE ATENÇÃO!!🤬😡🤬😡💪', 'textOriginal': 'ACORDA BRASIL, Roberto Jefferson, NUNCA FEZ NADA DE BEM PARA O BRASIL, MUITO PELO CONTRÁRIO, PRESTE ATENÇÃO!!🤬😡🤬😡💪', 'authorDisplayName': 'Aparecida Mussi', 'authorProfileImageUrl': 'https://yt3.ggpht.com/ytc/AGIKgqPIZK7b9aIIaHpe3XZhUSS5dL17TaO7Vw3wWA=s48-c-k-c0x00ffffff-no-rj', 'authorChannelUrl': 'http://www.youtube.com/channel/UCPgDkJ_NwFkhQJNa_5FfcPQ', 'authorChannelId': {'value': 'UCPgDkJ_NwFkhQJNa_5FfcPQ'}, 'canRate': True, 'viewerRating': 'none', 'likeCount': 0, 'publishedAt': '2022-10-23T22:24:02Z', 'updatedAt': '2022-10-23T22:24:02Z'}}, 'canReply': True, 'totalReplyCount': 0, 'isPublic': True}",,UCPgDkJ_NwFkhQJNa_5FfcPQ,2022-10-23T22:24:02Z,"ACORDA BRASIL, Roberto Jefferson, NUNCA FEZ NADA DE BEM PARA O BRASIL, MUITO PELO CONTRÁRIO, PRESTE ATENÇÃO!!🤬😡🤬😡💪",QURTSl9pMEJKeFpVTE14Si10NkphRHdUV25Wd25lSXNOTDBSWm91NXA5Ymd3T1Jid3BIQmdSUGg4aWMzU0tWek9MWkV3YWtZRDRtQWh5SQ==,2023-06-08 14:52:46.326487
youtube#commentThread,wiyDXgaH5qY3fS7ioHBA2W71aoc,UgxlJlz7NMscO6weSLV4AaABAg,"{'videoId': 'zEfTDpfyt1o', 'topLevelComment': {'kind': 'youtube#comment', 'etag': '0CNmVXiL8MT64u6YulpOgL-Nv3s', 'id': 'UgxlJlz7NMscO6weSLV4AaABAg', 'snippet': {'videoId': 'zEfTDpfyt1o', 'textDisplay': 'Não se entregue ROBERTO JEFFERSON', 'textOriginal': 'Não se entregue ROBERTO JEFFERSON', 'authorDisplayName': 'Elinete Guimarães', 'authorProfileImageUrl': 'https://yt3.ggpht.com/ytc/AGIKgqMYSASYyKG1lLz2rHUH9wYad9dAFVCJQlh4xQ=s48-c-k-c0x00ffffff-no-rj', 'authorChannelUrl': 'http://www.youtube.com/channel/UCJ3b_F--v4ctAKM1QmjNMxw', 'authorChannelId': {'value': 'UCJ3b_F--v4ctAKM1QmjNMxw'}, 'canRate': True, 'viewerRating': 'none', 'likeCount': 2, 'publishedAt': '2022-10-23T22:24:02Z', 'updatedAt': '2022-10-23T22:24:02Z'}}, 'canReply': True, 'totalReplyCount': 0, 'isPublic': True}",,UCJ3b_F--v4ctAKM1QmjNMxw,2022-10-23T22:24:02Z,Não se entregue ROBERTO JEFFERSON,QURTSl9pMEJKeFpVTE14Si10NkphRHdUV25Wd25lSXNOTDBSWm91NXA5Ymd3T1Jid3BIQmdSUGg4aWMzU0tWek9MWkV3YWtZRDRtQWh5SQ==,2023-06-08 14:52:46.326487
youtube#commentThread,TdCKBJiGodoWjUx8NvREbbWyJf0,UgzCdgOutzDSh9K75wx4AaABAg,"{'videoId': 'zEfTDpfyt1o', 'topLevelComment': {'kind': 'youtube#comment', 'etag': 'HF8MCIylOqzPwRDIb3pAVLWJ4Fg', 'id': 'UgzCdgOutzDSh9K75wx4AaABAg', 'snippet': {'videoId': 'zEfTDpfyt1o', 'textDisplay': 'Isso só e começo da revolução civil no Brasil', 'textOriginal': 'Isso só e começo da revolução civil no Brasil', 'authorDisplayName': 'Jose Bernardo Neto Bernardo', 'authorProfileImageUrl': 'https://yt3.ggpht.com/ytc/AGIKgqOy7-DTYQIsD0vq5vXcrCj1OKYMY4DqB_VJD-2Qdg=s48-c-k-c0x00ffffff-no-rj', 'authorChannelUrl': 'http://www.youtube.com/channel/UCeRCzhPrywMa5YM2WqTR_tQ', 'authorChannelId': {'value': 'UCeRCzhPrywMa5YM2WqTR_tQ'}, 'canRate': True, 'viewerRating': 'none', 'likeCount': 0, 'publishedAt': '2022-10-23T22:24:00Z', 'updatedAt': '2022-10-23T22:24:00Z'}}, 'canReply': True, 'totalReplyCount': 0, 'isPublic': True}",,UCeRCzhPrywMa5YM2WqTR_tQ,2022-10-23T22:24:00Z,Isso só e começo da revolução civil no Brasil,QURTSl9pMEJKeFpVTE14Si10NkphRHdUV25Wd25lSXNOTDBSWm91NXA5Ymd3T1Jid3BIQmdSUGg4aWMzU0tWek9MWkV3YWtZRDRtQWh5SQ==,2023-06-08 14:52:46.326487
youtube#commentThread,_nOFlFsRBI0-2SuhAVg15rVU6Rg,UgzMkd7XzWy0Jo52XV14AaABAg,"{'videoId': 'zEfTDpfyt1o', 'topLevelComment': {'kind': 'youtube#comment', 'etag': '2APGu3p6fcF1bzw4UNTrOmZ2AGw', 'id': 'UgzMkd7XzWy0Jo52XV14AaABAg', 'snippet': {'videoId': 'zEfTDpfyt1o', 'textDisplay': 'Amigo não podemos analisar sem ver o antecedente.', 'textOriginal': 'Amigo não podemos analisar sem ver o antecedente.', 'authorDisplayName': 'Carlos Queiroz', 'authorProfileImageUrl': 'https://yt3.ggpht.com/ytc/AGIKgqPPAGxHpAXEhPah-HCd4bx0Izz21ah7pE3vKg=s48-c-k-c0x00ffffff-no-rj', 'authorChannelUrl': 'http://www.youtube.com/channel/UCjiBIWBI4y0YkCywzI4wKBQ', 'authorChannelId': {'value': 'UCjiBIWBI4y0YkCywzI4wKBQ'}, 'canRate': True, 'viewerRating': 'none', 'likeCount': 0, 'publishedAt': '2022-10-23T22:24:00Z', 'updatedAt': '2022-10-23T22:24:00Z'}}, 'canReply': True, 'totalReplyCount': 0, 'isPublic': True}",,UCjiBIWBI4y0YkCywzI4wKBQ,2022-10-23T22:24:00Z,Amigo não podemos analisar sem ver o antecedente.,QURTSl9pMEJKeFpVTE14Si10NkphRHdUV25Wd25lSXNOTDBSWm91NXA5Ymd3T1Jid3BIQmdSUGg4aWMzU0tWek9MWkV3YWtZRDRtQWh5SQ==,2023-06-08 14:52:46.326487
youtube#commentThread,ZpVpLreE_IVWS1sP0CFjYM1JsiQ,UgzXkJsR7jZL5xCZIT54AaABAg,"{'videoId': 'zEfTDpfyt1o', 'topLevelComment': {'kind': 'youtube#comment', 'etag': '3iUkSFUTe_DaF6DYxNzdP67oTrA', 'id': 'UgzXkJsR7jZL5xCZIT54AaABAg', 'snippet': {'videoId': 'zEfTDpfyt1o', 'textDisplay': 'Censura e bandidagem.', 'textOriginal': 'Censura e bandidagem.', 'authorDisplayName': 'Luciano Oliveira', 'authorProfileImageUrl': 'https://yt3.ggpht.com/ytc/AGIKgqNdIOgBrvx-UwYVBq4rpVZx9DLcAhJG0h-euw=s48-c-k-c0x00ffffff-no-rj', 'authorChannelUrl': 'http://www.youtube.com/channel/UCt8NVvA0g2S44OJqH14insg', 'authorChannelId': {'value': 'UCt8NVvA0g2S44OJqH14insg'}, 'canRate': True, 'viewerRating': 'none', 'likeCount': 0, 'publishedAt': '2022-10-23T22:23:56Z', 'updatedAt': '2022-10-23T22:23:56Z'}}, 'canReply': True, 'totalReplyCount': 0, 'isPublic': True}",,UCt8NVvA0g2S44OJqH14insg,2022-10-23T22:23:56Z,Censura e bandidagem.,QURTSl9pMEJKeFpVTE14Si10NkphRHdUV25Wd25lSXNOTDBSWm91NXA5Ymd3T1Jid3BIQmdSUGg4aWMzU0tWek9MWkV3YWtZRDRtQWh5SQ==,2023-06-08 14:52:46.326487
youtube#commentThread,bYoJZo0YTZ74NMEa79cU_xnaGMc,UgwajlHrBe2ejxNJkRZ4AaABAg,"{'videoId': 'zEfTDpfyt1o', 'topLevelComment': {'kind': 'youtube#comment', 'etag': 'cuwI0LvqZjGSHsNAU5qQc_ItCkA', 'id': 'UgwajlHrBe2ejxNJkRZ4AaABAg', 'snippet': {'videoId': 'zEfTDpfyt1o', 'textDisplay': 'A Joven Pan já foi Lacrada pelo Alexandre de Moraes com conivência da Rede Glogo. Eu teria vergonha de trabalhar em um lugar onde minha liberdade de expressão seja reprimida. Fica a dica. Hoje foi o cinegrafista que trabalha para o Canal comunista, amanhã, os calados de hoje podem tbm perder seu apoio. É uma linha tênue, onde as 4 linhas necessitam fazer os ajustes.', 'textOriginal': 'A Joven Pan já foi Lacrada pelo Alexandre de Moraes com conivência da Rede Glogo. Eu teria vergonha de trabalhar em um lugar onde minha liberdade de expressão seja reprimida. Fica a dica. Hoje foi o cinegrafista que trabalha para o Canal comunista, amanhã, os calados de hoje podem tbm perder seu apoio. É uma linha tênue, onde as 4 linhas necessitam fazer os ajustes.', 'authorDisplayName': 'Elena Publio', 'authorProfileImageUrl': 'https://yt3.ggpht.com/ytc/AGIKgqNM5XfeHIM8BcUS8n3DGSNi_0iZ1G14jgUDBoTHKQ=s48-c-k-c0x00ffffff-no-rj', 'authorChannelUrl': 'http://www.youtube.com/channel/UCs8afZTIH4CBaVg7W7SYcaw', 'authorChannelId': {'value': 'UCs8afZTIH4CBaVg7W7SYcaw'}, 'canRate': True, 'viewerRating': 'none', 'likeCount': 0, 'publishedAt': '2022-10-23T22:23:53Z', 'updatedAt': '2022-10-23T22:23:53Z'}}, 'canReply': True, 'totalReplyCount': 0, 'isPublic': True}",,UCs8afZTIH4CBaVg7W7SYcaw,2022-10-23T22:23:53Z,"A Joven Pan já foi Lacrada pelo Alexandre de Moraes com conivência da Rede Glogo. Eu teria vergonha de trabalhar em um lugar onde minha liberdade de expressão seja reprimida. Fica a dica. Hoje foi o cinegrafista que trabalha para o Canal comunista, amanhã, os calados de hoje podem tbm perder seu apoio. É uma linha tênue, onde as 4 linhas necessitam fazer os ajustes.",QURTSl9pMEJKeFpVTE14Si10NkphRHdUV25Wd25lSXNOTDBSWm91NXA5Ymd3T1Jid3BIQmdSUGg4aWMzU0tWek9MWkV3YWtZRDRtQWh5SQ==,2023-06-08 14:52:46.326487
youtube#commentThread,EpH1hOziTwY5EZTiKBZkOvTN0Lo,UgxEVFG24xwueSxuyMx4AaABAg,"{'videoId': 'zEfTDpfyt1o', 'topLevelComment': {'kind': 'youtube#comment', 'etag': '7B9i_mV1bxhJssCg8oVJko6bmOI', 'id': 'UgxEVFG24xwueSxuyMx4AaABAg', 'snippet': {'videoId': 'zEfTDpfyt1o', 'textDisplay': 'Uma pessoa, não apoiadores!!!', 'textOriginal': 'Uma pessoa, não apoiadores!!!', 'authorDisplayName': 'Rita Aparecida', 'authorProfileImageUrl': 'https://yt3.ggpht.com/ytc/AGIKgqOZw50d3IIvxC6SOMVwrJIdMQ3QQkV42ac6Mg=s48-c-k-c0x00ffffff-no-rj', 'authorChannelUrl': 'http://www.youtube.com/channel/UC6yV-kJN2577IQcjG88noYQ', 'authorChannelId': {'value': 'UC6yV-kJN2577IQcjG88noYQ'}, 'canRate': True, 'viewerRating': 'none', 'likeCount': 0, 'publishedAt': '2022-10-23T22:23:50Z', 'updatedAt': '2022-10-23T22:23:50Z'}}, 'canReply': True, 'totalReplyCount': 0, 'isPublic': True}",,UC6yV-kJN2577IQcjG88noYQ,2022-10-23T22:23:50Z,"Uma pessoa, não apoiadores!!!",QURTSl9pMEJKeFpVTE14Si10NkphRHdUV25Wd25lSXNOTDBSWm91NXA5Ymd3T1Jid3BIQmdSUGg4aWMzU0tWek9MWkV3YWtZRDRtQWh5SQ==,2023-06-08 14:52:46.326487
youtube#commentThread,kdQkyVXAhPNw95t1Ahchfjzvpm0,UgxTORE240F576kj16d4AaABAg,"{'videoId': 'zEfTDpfyt1o', 'topLevelComment': {'kind': 'youtube#comment', 'etag': 'tN_-IoOBmz-Al6DKTzwc-2bQjVU', 'id': 'UgxTORE240F576kj16d4AaABAg', 'snippet': {'videoId': 'zEfTDpfyt1o', 'textDisplay': 'Isso é  tudo  culpa  do senhor  Alexandre de Morais  que  está  pensando  que é Deus  que  pode  decidir  a vida  das  pessoas', 'textOriginal': 'Isso é  tudo  culpa  do senhor  Alexandre de Morais  que  está  pensando  que é Deus  que  pode  decidir  a vida  das  pessoas', 'authorDisplayName': 'Aparecida De Fatima Ferreira de Souza', 'authorProfileImageUrl': 'https://yt3.ggpht.com/ytc/AGIKgqNbvu4uGEUkNbbZGUsDppAKsq57R52CD7foeA=s48-c-k-c0x00ffffff-no-rj', 'authorChannelUrl': 'http://www.youtube.com/channel/UCJ4909RyRVCtRbdwyRvSTfA', 'authorChannelId': {'value': 'UCJ4909RyRVCtRbdwyRvSTfA'}, 'canRate': True, 'viewerRating': 'none', 'likeCount': 1, 'publishedAt': '2022-10-23T22:23:48Z', 'updatedAt': '2022-10-23T22:23:48Z'}}, 'canReply': True, 'totalReplyCount': 0, 'isPublic': True}",,UCJ4909RyRVCtRbdwyRvSTfA,2022-10-23T22:23:48Z,Isso é  tudo  culpa  do senhor  Alexandre de Morais  que  está  pensando  que é Deus  que  pode  decidir  a vida  das  pessoas,QURTSl9pMEJKeFpVTE14Si10NkphRHdUV25Wd25lSXNOTDBSWm91NXA5Ymd3T1Jid3BIQmdSUGg4aWMzU0tWek9MWkV3YWtZRDRtQWh5SQ==,2023-06-08 14:52:46.326487
youtube#commentThread,cvHHfKRpy1IhydYJWxXspTlxh7s,Ugz5n2-EVlIym4JZYM94AaABAg,"{'videoId': 'zEfTDpfyt1o', 'topLevelComment': {'kind': 'youtube#comment', 'etag': 'irzlv8-K2BEltzjKmZAX9HBf3Ds', 'id': 'Ugz5n2-EVlIym4JZYM94AaABAg', 'snippet': {'videoId': 'zEfTDpfyt1o', 'textDisplay': 'E as AGREÇOES da globolixo contra o Brasil!???', 'textOriginal': 'E as AGREÇOES da globolixo contra o Brasil!???', 'authorDisplayName': 'Guerreira Brasileira', 'authorProfileImageUrl': 'https://yt3.ggpht.com/ytc/AGIKgqNh4JZoMg8TrmWSy_Uxyf7_Epli5PoiCKtcDFE-3g=s48-c-k-c0x00ffffff-no-rj', 'authorChannelUrl': 'http://www.youtube.com/channel/UC3pZDtCBDtGb2k499RP9qqg', 'authorChannelId': {'value': 'UC3pZDtCBDtGb2k499RP9qqg'}, 'canRate': True, 'viewerRating': 'none', 'likeCount': 0, 'publishedAt': '2022-10-23T22:23:40Z', 'updatedAt': '2022-10-23T22:23:40Z'}}, 'canReply': True, 'totalReplyCount': 0, 'isPublic': True}",,UC3pZDtCBDtGb2k499RP9qqg,2022-10-23T22:23:40Z,E as AGREÇOES da globolixo contra o Brasil!???,QURTSl9pMEJKeFpVTE14Si10NkphRHdUV25Wd25lSXNOTDBSWm91NXA5Ymd3T1Jid3BIQmdSUGg4aWMzU0tWek9MWkV3YWtZRDRtQWh5SQ==,2023-06-08 14:52:46.326487
youtube#commentThread,lVaSFnxz2avom_Re-pUDf0CCzZw,UgzdUFGbJuhtzr6l3sp4AaABAg,"{'videoId': 'zEfTDpfyt1o', 'topLevelComment': {'kind': 'youtube#comment', 'etag': 'oRZHataUqEgYm3DwIeTSsLxdMHA', 'id': 'UgzdUFGbJuhtzr6l3sp4AaABAg', 'snippet': {'videoId': 'zEfTDpfyt1o', 'textDisplay': 'Nós apoiamos Roberto Jeferson..', 'textOriginal': 'Nós apoiamos Roberto Jeferson..', 'authorDisplayName': 'Edson caminhoneiro', 'authorProfileImageUrl': 'https://yt3.ggpht.com/ytc/AGIKgqNTymKc144yWrs6fWdD0Wk_ViKUvEXsbNyU5xJB=s48-c-k-c0x00ffffff-no-rj', 'authorChannelUrl': 'http://www.youtube.com/channel/UCNm70SJ35oaQvCe9z1iYiEw', 'authorChannelId': {'value': 'UCNm70SJ35oaQvCe9z1iYiEw'}, 'canRate': True, 'viewerRating': 'none', 'likeCount': 0, 'publishedAt': '2022-10-23T22:23:39Z', 'updatedAt': '2022-10-23T22:23:39Z'}}, 'canReply': True, 'totalReplyCount': 0, 'isPublic': True}",,UCNm70SJ35oaQvCe9z1iYiEw,2022-10-23T22:23:39Z,Nós apoiamos Roberto Jeferson..,QURTSl9pMEJKeFpVTE14Si10NkphRHdUV25Wd25lSXNOTDBSWm91NXA5Ymd3T1Jid3BIQmdSUGg4aWMzU0tWek9MWkV3YWtZRDRtQWh5SQ==,2023-06-08 14:52:46.326487
youtube#commentThread,tLPLFEInTHVObieNiZzZ5lqGEMY,Ugz7yAGwPZNBqAQOotN4AaABAg,"{'videoId': 'zEfTDpfyt1o', 'topLevelComment': {'kind': 'youtube#comment', 'etag': '2sPdh004jN07aQvf5q4dXIrYOn8', 'id': 'Ugz7yAGwPZNBqAQOotN4AaABAg', 'snippet': {'videoId': 'zEfTDpfyt1o', 'textDisplay': 'A alta corte é a primeira a agredir a sociedade, a partir daí as coisas se agravam. Os ministros inconstitucionais são os únicos culpados dos fatos ocorridos.', 'textOriginal': 'A alta corte é a primeira a agredir a sociedade, a partir daí as coisas se agravam. Os ministros inconstitucionais são os únicos culpados dos fatos ocorridos.', 'authorDisplayName': 'Francisco Marçola', 'authorProfileImageUrl': 'https://yt3.ggpht.com/ytc/AGIKgqOEuUSbGpEir8WJoz1SDrTCl6K8BTfem4YCaA=s48-c-k-c0x00ffffff-no-rj', 'authorChannelUrl': 'http://www.youtube.com/channel/UCzLBNLA54W4zzHKFtKeQVHA', 'authorChannelId': {'value': 'UCzLBNLA54W4zzHKFtKeQVHA'}, 'canRate': True, 'viewerRating': 'none', 'likeCount': 0, 'publishedAt': '2022-10-23T22:23:39Z', 'updatedAt': '2022-10-23T22:23:39Z'}}, 'canReply': True, 'totalReplyCount': 0, 'isPublic': True}",,UCzLBNLA54W4zzHKFtKeQVHA,2022-10-23T22:23:39Z,"A alta corte é a primeira a agredir a sociedade, a partir daí as coisas se agravam. Os ministros inconstitucionais são os únicos culpados dos fatos ocorridos.",QURTSl9pMEJKeFpVTE14Si10NkphRHdUV25Wd25lSXNOTDBSWm91NXA5Ymd3T1Jid3BIQmdSUGg4aWMzU0tWek9MWkV3YWtZRDRtQWh5SQ==,2023-06-08 14:52:46.326487
youtube#commentThread,DpR-WyBXz9LsYoAX71-XpJZXMkw,UgyrB_Nsdc0G8Ulia6B4AaABAg,"{'videoId': 'zEfTDpfyt1o', 'topLevelComment': {'kind': 'youtube#comment', 'etag': 'cLpJz0g-yooeAENm5ruKXuUQggE', 'id': 'UgyrB_Nsdc0G8Ulia6B4AaABAg', 'snippet': {'videoId': 'zEfTDpfyt1o', 'textDisplay': 'Esse é o legado que Bolsonaro tá deixando implantado no Brasil', 'textOriginal': 'Esse é o legado que Bolsonaro tá deixando implantado no Brasil', 'authorDisplayName': 'Timoteo De matos', 'authorProfileImageUrl': 'https://yt3.ggpht.com/ytc/AGIKgqPQh_urkBDwAX_8bkH-38TeY_g7XMvJYClkPg=s48-c-k-c0x00ffffff-no-rj', 'authorChannelUrl': 'http://www.youtube.com/channel/UCWW4FqMrpFh58bp60yarI2A', 'authorChannelId': {'value': 'UCWW4FqMrpFh58bp60yarI2A'}, 'canRate': True, 'viewerRating': 'none', 'likeCount': 0, 'publishedAt': '2022-10-23T22:23:32Z', 'updatedAt': '2022-10-23T22:23:32Z'}}, 'canReply': True, 'totalReplyCount': 0, 'isPublic': True}",,UCWW4FqMrpFh58bp60yarI2A,2022-10-23T22:23:32Z,Esse é o legado que Bolsonaro tá deixando implantado no Brasil,QURTSl9pMEJKeFpVTE14Si10NkphRHdUV25Wd25lSXNOTDBSWm91NXA5Ymd3T1Jid3BIQmdSUGg4aWMzU0tWek9MWkV3YWtZRDRtQWh5SQ==,2023-06-08 14:52:46.326487
youtube#commentThread,5VIt68AB-9liNOXFrBBdZl-41_I,UgzRrbzX661AVMW91hV4AaABAg,"{'videoId': 'zEfTDpfyt1o', 'topLevelComment': {'kind': 'youtube#comment', 'etag': 'ESzEOYd0oewiP8IMLndeHnNPw-Q', 'id': 'UgzRrbzX661AVMW91hV4AaABAg', 'snippet': {'videoId': 'zEfTDpfyt1o', 'textDisplay': 'Todas estas agressões e o que mais pode acontecer o responsável é os ministros do STF e particularmente o Alexandre e a Carmem que rasgam a construção. A construção não é só pra o brasileiro cumprir é principalmente pra ser cumprida pelos que fazem o STF.', 'textOriginal': 'Todas estas agressões e o que mais pode acontecer o responsável é os ministros do STF e particularmente o Alexandre e a Carmem que rasgam a construção. A construção não é só pra o brasileiro cumprir é principalmente pra ser cumprida pelos que fazem o STF.', 'authorDisplayName': 'Ranilson cristino fereira ferreira', 'authorProfileImageUrl': 'https://yt3.ggpht.com/ytc/AGIKgqOz5HZYZolZ9LR4CNqxKdkrLSIiwI6LGwjanL3cl0aaZR7rSHeFmXzF7hqv6aco=s48-c-k-c0x00ffffff-no-rj', 'authorChannelUrl': 'http://www.youtube.com/channel/UCeHjOKuQp8TUhlM3L2Tibjw', 'authorChannelId': {'value': 'UCeHjOKuQp8TUhlM3L2Tibjw'}, 'canRate': True, 'viewerRating': 'none', 'likeCount': 6, 'publishedAt': '2022-10-23T22:23:32Z', 'updatedAt': '2022-10-23T22:23:32Z'}}, 'canReply': True, 'totalReplyCount': 0, 'isPublic': True}",,UCeHjOKuQp8TUhlM3L2Tibjw,2022-10-23T22:23:32Z,Todas estas agressões e o que mais pode acontecer o responsável é os ministros do STF e particularmente o Alexandre e a Carmem que rasgam a construção. A construção não é só pra o brasileiro cumprir é principalmente pra ser cumprida pelos que fazem o STF.,QURTSl9pMEJKeFpVTE14Si10NkphRHdUV25Wd25lSXNOTDBSWm91NXA5Ymd3T1Jid3BIQmdSUGg4aWMzU0tWek9MWkV3YWtZRDRtQWh5SQ==,2023-06-08 14:52:46.326487
youtube#commentThread,uIyph8elPxf9z2Vu10xA-EW2QVo,UgyO7o00vIWVoynxz0t4AaABAg,"{'videoId': 'zEfTDpfyt1o', 'topLevelComment': {'kind': 'youtube#comment', 'etag': 'HNcoTc0-_7icGAI6KBb5ADaDDlU', 'id': 'UgyO7o00vIWVoynxz0t4AaABAg', 'snippet': {'videoId': 'zEfTDpfyt1o', 'textDisplay': 'Acho que vai piorar a situaçaõ se  lograrem os Brasileiros no dia da elei~ção', 'textOriginal': 'Acho que vai piorar a situaçaõ se  lograrem os Brasileiros no dia da elei~ção', 'authorDisplayName': 'Josezeca Silverio', 'authorProfileImageUrl': 'https://yt3.ggpht.com/ytc/AGIKgqMl3wsLE3l5Le2Ng4pfXdwbbKJwFXfGzsaPsUyhyg141gKqIowJ94LEUpN3LXeq=s48-c-k-c0x00ffffff-no-rj', 'authorChannelUrl': 'http://www.youtube.com/channel/UChDEcDJzOQ6ofHHJyHt4Oqg', 'authorChannelId': {'value': 'UChDEcDJzOQ6ofHHJyHt4Oqg'}, 'canRate': True, 'viewerRating': 'none', 'likeCount': 0, 'publishedAt': '2022-10-23T22:23:30Z', 'updatedAt': '2022-10-23T22:23:30Z'}}, 'canReply': True, 'totalReplyCount': 0, 'isPublic': True}",,UChDEcDJzOQ6ofHHJyHt4Oqg,2022-10-23T22:23:30Z,Acho que vai piorar a situaçaõ se  lograrem os Brasileiros no dia da elei~ção,QURTSl9pMEJKeFpVTE14Si10NkphRHdUV25Wd25lSXNOTDBSWm91NXA5Ymd3T1Jid3BIQmdSUGg4aWMzU0tWek9MWkV3YWtZRDRtQWh5SQ==,2023-06-08 14:52:46.326487
youtube#commentThread,XOKNmaWdXIW__XFIeE2M3A_DqFs,UgyiMkl5xFIBUvIbXeh4AaABAg,"{'videoId': 'zEfTDpfyt1o', 'topLevelComment': {'kind': 'youtube#comment', 'etag': 'CZeHNgVjt1bDVAtkHJJSKEIbZrM', 'id': 'UgyiMkl5xFIBUvIbXeh4AaABAg', 'snippet': {'videoId': 'zEfTDpfyt1o', 'textDisplay': 'O jeff bandidagem apoiado pelo capetão do povo', 'textOriginal': 'O jeff bandidagem apoiado pelo capetão do povo', 'authorDisplayName': 'Zinhaz zinha', 'authorProfileImageUrl': 'https://yt3.ggpht.com/ytc/AGIKgqOqxpFgX5fDn2noRdb_MggrB9TFgYsL08Tt1JnZ4w=s48-c-k-c0x00ffffff-no-rj', 'authorChannelUrl': 'http://www.youtube.com/channel/UC9EU8CcXi88U18quVXZbCCg', 'authorChannelId': {'value': 'UC9EU8CcXi88U18quVXZbCCg'}, 'canRate': True, 'viewerRating': 'none', 'likeCount': 0, 'publishedAt': '2022-10-23T22:23:26Z', 'updatedAt': '2022-10-23T22:23:26Z'}}, 'canReply': True, 'totalReplyCount': 0, 'isPublic': True}",,UC9EU8CcXi88U18quVXZbCCg,2022-10-23T22:23:26Z,O jeff bandidagem apoiado pelo capetão do povo,QURTSl9pMEJKeFpVTE14Si10NkphRHdUV25Wd25lSXNOTDBSWm91NXA5Ymd3T1Jid3BIQmdSUGg4aWMzU0tWek9MWkV3YWtZRDRtQWh5SQ==,2023-06-08 14:52:46.326487
youtube#commentThread,HxSQAJQhvGB6vYvPE5qmkwR-ZQQ,UgzyFZ11CdD1HQu5gsN4AaABAg,"{'videoId': 'zEfTDpfyt1o', 'topLevelComment': {'kind': 'youtube#comment', 'etag': '-tow6cG2f8TdurC6bSI5dc4xVzc', 'id': 'UgzyFZ11CdD1HQu5gsN4AaABAg', 'snippet': {'videoId': 'zEfTDpfyt1o', 'textDisplay': 'O agressor tem de ser punido. E quem  provocou todo esse drama, nada?', 'textOriginal': 'O agressor tem de ser punido. E quem  provocou todo esse drama, nada?', 'authorDisplayName': 'Lili', 'authorProfileImageUrl': 'https://yt3.ggpht.com/ytc/AGIKgqPrGqTFAfztyzfBshCQrD1Ynt31fazAb9uFyQ=s48-c-k-c0x00ffffff-no-rj', 'authorChannelUrl': 'http://www.youtube.com/channel/UC8XqdLgk123TQEEmBrwjCQQ', 'authorChannelId': {'value': 'UC8XqdLgk123TQEEmBrwjCQQ'}, 'canRate': True, 'viewerRating': 'none', 'likeCount': 6, 'publishedAt': '2022-10-23T22:23:26Z', 'updatedAt': '2022-10-23T22:23:26Z'}}, 'canReply': True, 'totalReplyCount': 0, 'isPublic': True}",,UC8XqdLgk123TQEEmBrwjCQQ,2022-10-23T22:23:26Z,"O agressor tem de ser punido. E quem  provocou todo esse drama, nada?",QURTSl9pMEJKeFpVTE14Si10NkphRHdUV25Wd25lSXNOTDBSWm91NXA5Ymd3T1Jid3BIQmdSUGg4aWMzU0tWek9MWkV3YWtZRDRtQWh5SQ==,2023-06-08 14:52:46.326487
youtube#commentThread,h7KB16RfvttJGLFF2jdCJ0lDfEc,Ugwj5WjtDRGi5dE_6MN4AaABAg,"{'videoId': 'zEfTDpfyt1o', 'topLevelComment': {'kind': 'youtube#comment', 'etag': 'orLoRfjd_qb46mkmi_tS1N5uJt4', 'id': 'Ugwj5WjtDRGi5dE_6MN4AaABAg', 'snippet': {'videoId': 'zEfTDpfyt1o', 'textDisplay': 'Lembrando que quem começou tudo isso foi e é o STF!', 'textOriginal': 'Lembrando que quem começou tudo isso foi e é o STF!', 'authorDisplayName': 'Maria Das Graças', 'authorProfileImageUrl': 'https://yt3.ggpht.com/ytc/AGIKgqNbUgSTnZB5NcFbsL3rqkRPnsF6k9DYAMdXRA=s48-c-k-c0x00ffffff-no-rj', 'authorChannelUrl': 'http://www.youtube.com/channel/UCrvO9XpCmbWCpG8W3kk0EMQ', 'authorChannelId': {'value': 'UCrvO9XpCmbWCpG8W3kk0EMQ'}, 'canRate': True, 'viewerRating': 'none', 'likeCount': 1, 'publishedAt': '2022-10-23T22:23:25Z', 'updatedAt': '2022-10-23T22:23:25Z'}}, 'canReply': True, 'totalReplyCount': 0, 'isPublic': True}",,UCrvO9XpCmbWCpG8W3kk0EMQ,2022-10-23T22:23:25Z,Lembrando que quem começou tudo isso foi e é o STF!,QURTSl9pMEJKeFpVTE14Si10NkphRHdUV25Wd25lSXNOTDBSWm91NXA5Ymd3T1Jid3BIQmdSUGg4aWMzU0tWek9MWkV3YWtZRDRtQWh5SQ==,2023-06-08 14:52:46.326487
youtube#commentThread,weDkW3QqVMu5goMj3WoT_Zu4t20,UgzrJ90t_3RPDP8HgWZ4AaABAg,"{'videoId': 'zEfTDpfyt1o', 'topLevelComment': {'kind': 'youtube#comment', 'etag': 'Prpv9wwgTYNWONe5iLwN7KDdiKU', 'id': 'UgzrJ90t_3RPDP8HgWZ4AaABAg', 'snippet': {'videoId': 'zEfTDpfyt1o', 'textDisplay': 'Concordo que violência em profissionais de imprensa. Porém,  é certo que alguns canais estão fabricando notícias e junto com essa passividade do congresso frente aos desmandos do corvos, leva a crescente revolta', 'textOriginal': 'Concordo que violência em profissionais de imprensa. Porém,  é certo que alguns canais estão fabricando notícias e junto com essa passividade do congresso frente aos desmandos do corvos, leva a crescente revolta', 'authorDisplayName': 'Alexandre Ribeiro de Faria', 'authorProfileImageUrl': 'https://yt3.ggpht.com/ytc/AGIKgqPuf1jbkibXKbZN64Nb8lKTU5ytfdR1i41o3A=s48-c-k-c0x00ffffff-no-rj', 'authorChannelUrl': 'http://www.youtube.com/channel/UC6EB9OgJ_ujGeE2S7OlEmeg', 'authorChannelId': {'value': 'UC6EB9OgJ_ujGeE2S7OlEmeg'}, 'canRate': True, 'viewerRating': 'none', 'likeCount': 3, 'publishedAt': '2022-10-23T22:23:22Z', 'updatedAt': '2022-10-23T22:23:22Z'}}, 'canReply': True, 'totalReplyCount': 1, 'isPublic': True}","{'comments': [{'kind': 'youtube#comment', 'etag': '34DqXRZB7ZxIlTr96Mgw4sdvozI', 'id': 'UgzrJ90t_3RPDP8HgWZ4AaABAg.9hYAITJICVx9hYhb_KpXKS', 'snippet': {'videoId': 'zEfTDpfyt1o', 'textDisplay': 'Acho que hoje foi o estopim...Não dá mais para segurar...só infartando...', 'textOriginal': 'Acho que hoje foi o estopim...Não dá mais para segurar...só infartando...', 'parentId': 'UgzrJ90t_3RPDP8HgWZ4AaABAg', 'authorDisplayName': 'Tiburcio Nascimento', 'authorProfileImageUrl': 'https://yt3.ggpht.com/ytc/AGIKgqPYJ16XbloZp1nRif2q9UiINjE9b3aLcJFllVpYZmGF8L32gAvFuJ_fm0H5T6oa=s48-c-k-c0x00ffffff-no-rj', 'authorChannelUrl': 'http://www.youtube.com/channel/UCOpVT2WBtvOTmNgRgNreY3Q', 'authorChannelId': {'value': 'UCOpVT2WBtvOTmNgRgNreY3Q'}, 'canRate': True, 'viewerRating': 'none', 'likeCount': 0, 'publishedAt': '2022-10-24T03:23:13Z', 'updatedAt': '2022-10-24T03:23:13Z'}}]}",UC6EB9OgJ_ujGeE2S7OlEmeg,2022-10-23T22:23:22Z,"Concordo que violência em profissionais de imprensa. Porém,  é certo que alguns canais estão fabricando notícias e junto com essa passividade do congresso frente aos desmandos do corvos, leva a crescente revolta",QURTSl9pMEJKeFpVTE14Si10NkphRHdUV25Wd25lSXNOTDBSWm91NXA5Ymd3T1Jid3BIQmdSUGg4aWMzU0tWek9MWkV3YWtZRDRtQWh5SQ==,2023-06-08 14:52:46.326487
youtube#commentThread,T3zBPamwnBfIHv9fppGmQ1c-6i0,UgxQmsd1DjmX0sknbv54AaABAg,"{'videoId': 'zEfTDpfyt1o', 'topLevelComment': {'kind': 'youtube#comment', 'etag': 'MNmbxIgBzpx2sG4awDjpye2nLdw', 'id': 'UgxQmsd1DjmX0sknbv54AaABAg', 'snippet': {'videoId': 'zEfTDpfyt1o', 'textDisplay': 'Isso não  pode', 'textOriginal': 'Isso não  pode', 'authorDisplayName': 'mezaque monteiro', 'authorProfileImageUrl': 'https://yt3.ggpht.com/ytc/AGIKgqOLXfzcBaP2Hpj8Yfx7xCu0IENX91EolZ65_FGBaA=s48-c-k-c0x00ffffff-no-rj', 'authorChannelUrl': 'http://www.youtube.com/channel/UCQI09JZqAvS1GRcbd2fk-kw', 'authorChannelId': {'value': 'UCQI09JZqAvS1GRcbd2fk-kw'}, 'canRate': True, 'viewerRating': 'none', 'likeCount': 0, 'publishedAt': '2022-10-23T22:23:18Z', 'updatedAt': '2022-10-23T22:23:18Z'}}, 'canReply': True, 'totalReplyCount': 0, 'isPublic': True}",,UCQI09JZqAvS1GRcbd2fk-kw,2022-10-23T22:23:18Z,Isso não  pode,QURTSl9pMEJKeFpVTE14Si10NkphRHdUV25Wd25lSXNOTDBSWm91NXA5Ymd3T1Jid3BIQmdSUGg4aWMzU0tWek9MWkV3YWtZRDRtQWh5SQ==,2023-06-08 14:52:46.326487
youtube#commentThread,KPJCBhnh_DDcPVml6xi1292FSBw,Ugwjks6Ezli2z0NzcFx4AaABAg,"{'videoId': 'zEfTDpfyt1o', 'topLevelComment': {'kind': 'youtube#comment', 'etag': 'Bw8PAvLDTng0KIV_9ymgUIv95qU', 'id': 'Ugwjks6Ezli2z0NzcFx4AaABAg', 'snippet': {'videoId': 'zEfTDpfyt1o', 'textDisplay': 'Tudo q esta acontecendo é consequência da tirania dos togados.. simples assim!', 'textOriginal': 'Tudo q esta acontecendo é consequência da tirania dos togados.. simples assim!', 'authorDisplayName': 'TIAGO SILVA', 'authorProfileImageUrl': 'https://yt3.ggpht.com/3I5qrE4db8D-3oNPD83dKuYcfDLsCd-JTXHGWrhVC6Tri1o-z7glx2O7VqmjbloBRsiMA9Yk=s48-c-k-c0x00ffffff-no-rj', 'authorChannelUrl': 'http://www.youtube.com/channel/UCmXF83vKDaKIPAcBs7fIfKg', 'authorChannelId': {'value': 'UCmXF83vKDaKIPAcBs7fIfKg'}, 'canRate': True, 'viewerRating': 'none', 'likeCount': 0, 'publishedAt': '2022-10-23T22:23:17Z', 'updatedAt': '2022-10-23T22:23:17Z'}}, 'canReply': True, 'totalReplyCount': 0, 'isPublic': True}",,UCmXF83vKDaKIPAcBs7fIfKg,2022-10-23T22:23:17Z,Tudo q esta acontecendo é consequência da tirania dos togados.. simples assim!,QURTSl9pMEJKeFpVTE14Si10NkphRHdUV25Wd25lSXNOTDBSWm91NXA5Ymd3T1Jid3BIQmdSUGg4aWMzU0tWek9MWkV3YWtZRDRtQWh5SQ==,2023-06-08 14:52:46.326487
youtube#commentThread,gpu6xOopIxeCrXH0EoFjeVQKr-s,UgxfFfFcQHWvin22yGB4AaABAg,"{'videoId': 'zEfTDpfyt1o', 'topLevelComment': {'kind': 'youtube#comment', 'etag': 'uZcXJK17BOrQ4tgQZyLzV4xmm30', 'id': 'UgxfFfFcQHWvin22yGB4AaABAg', 'snippet': {'videoId': 'zEfTDpfyt1o', 'textDisplay': 'Discordo de vcs, não existe só jornalistas como ser humano, não se é permitido agredir, a qualquer ser humano, independente de seu trabalho tá.', 'textOriginal': 'Discordo de vcs, não existe só jornalistas como ser humano, não se é permitido agredir, a qualquer ser humano, independente de seu trabalho tá.', 'authorDisplayName': 'Cassino da Mima', 'authorProfileImageUrl': 'https://yt3.ggpht.com/ytc/AGIKgqPCgglB8MFA4pXrG_XT1BBwAf8nJG5KyQNdgQ=s48-c-k-c0x00ffffff-no-rj', 'authorChannelUrl': 'http://www.youtube.com/channel/UCdIjoM9FFUFDH_DWHfkEdUw', 'authorChannelId': {'value': 'UCdIjoM9FFUFDH_DWHfkEdUw'}, 'canRate': True, 'viewerRating': 'none', 'likeCount': 0, 'publishedAt': '2022-10-23T22:23:16Z', 'updatedAt': '2022-10-23T22:23:16Z'}}, 'canReply': True, 'totalReplyCount': 0, 'isPublic': True}",,UCdIjoM9FFUFDH_DWHfkEdUw,2022-10-23T22:23:16Z,"Discordo de vcs, não existe só jornalistas como ser humano, não se é permitido agredir, a qualquer ser humano, independente de seu trabalho tá.",QURTSl9pMEJKeFpVTE14Si10NkphRHdUV25Wd25lSXNOTDBSWm91NXA5Ymd3T1Jid3BIQmdSUGg4aWMzU0tWek9MWkV3YWtZRDRtQWh5SQ==,2023-06-08 14:52:46.326487
youtube#commentThread,sPWqYwgCQ4S1B4e-D50vkOPjswc,UgyhBlzPPFR_V2Cubg94AaABAg,"{'videoId': 'zEfTDpfyt1o', 'topLevelComment': {'kind': 'youtube#comment', 'etag': 'Jhr5KOmg6HyJMCGT0LRZuvZ2LUk', 'id': 'UgyhBlzPPFR_V2Cubg94AaABAg', 'snippet': {'videoId': 'zEfTDpfyt1o', 'textDisplay': 'Nada justifica essa violência, mas é um sinal para que o Alexandre de Moraes repense antes de fazer as m3rda que vem fazendo uma atrás da outra.', 'textOriginal': 'Nada justifica essa violência, mas é um sinal para que o Alexandre de Moraes repense antes de fazer as m3rda que vem fazendo uma atrás da outra.', 'authorDisplayName': 'Rubens Onofrio', 'authorProfileImageUrl': 'https://yt3.ggpht.com/ytc/AGIKgqMdo8ZmkMIUfnK7oGbPZodukxzcLuuj5GE1mdYyaQ=s48-c-k-c0x00ffffff-no-rj', 'authorChannelUrl': 'http://www.youtube.com/channel/UCxi9O79E-v3UJLW7eSW4JsA', 'authorChannelId': {'value': 'UCxi9O79E-v3UJLW7eSW4JsA'}, 'canRate': True, 'viewerRating': 'none', 'likeCount': 2, 'publishedAt': '2022-10-23T22:23:12Z', 'updatedAt': '2022-10-23T22:23:53Z'}}, 'canReply': True, 'totalReplyCount': 0, 'isPublic': True}",,UCxi9O79E-v3UJLW7eSW4JsA,2022-10-23T22:23:12Z,"Nada justifica essa violência, mas é um sinal para que o Alexandre de Moraes repense antes de fazer as m3rda que vem fazendo uma atrás da outra.",QURTSl9pMEJKeFpVTE14Si10NkphRHdUV25Wd25lSXNOTDBSWm91NXA5Ymd3T1Jid3BIQmdSUGg4aWMzU0tWek9MWkV3YWtZRDRtQWh5SQ==,2023-06-08 14:52:46.326487
youtube#commentThread,7DBC3iwp9pEFDRC-xtMqnnnXz8k,UgxpxRcayrKfreFgDcx4AaABAg,"{'videoId': 'zEfTDpfyt1o', 'topLevelComment': {'kind': 'youtube#comment', 'etag': '8WDgWmamJ3E4iXgAY2Fw2fxerMo', 'id': 'UgxpxRcayrKfreFgDcx4AaABAg', 'snippet': {'videoId': 'zEfTDpfyt1o', 'textDisplay': 'Ânimos acirrados! Violência só gera violência! Espero que não vire um avalanche de atrocidades em nome da  &quot;liberdade&quot; !', 'textOriginal': 'Ânimos acirrados! Violência só gera violência! Espero que não vire um avalanche de atrocidades em nome da  ""liberdade"" !', 'authorDisplayName': 'Gil Freitas', 'authorProfileImageUrl': 'https://yt3.ggpht.com/ytc/AGIKgqNwHKu0NaqUflej7Ug1ygmd6P5O_Mq--x7mhg7LGoU=s48-c-k-c0x00ffffff-no-rj', 'authorChannelUrl': 'http://www.youtube.com/channel/UCYHmER51aCMcPSMJjSHMGXg', 'authorChannelId': {'value': 'UCYHmER51aCMcPSMJjSHMGXg'}, 'canRate': True, 'viewerRating': 'none', 'likeCount': 1, 'publishedAt': '2022-10-23T22:23:09Z', 'updatedAt': '2022-10-23T22:23:09Z'}}, 'canReply': True, 'totalReplyCount': 0, 'isPublic': True}",,UCYHmER51aCMcPSMJjSHMGXg,2022-10-23T22:23:09Z,"Ânimos acirrados! Violência só gera violência! Espero que não vire um avalanche de atrocidades em nome da  ""liberdade"" !",QURTSl9pMEJKeFpVTE14Si10NkphRHdUV25Wd25lSXNOTDBSWm91NXA5Ymd3T1Jid3BIQmdSUGg4aWMzU0tWek9MWkV3YWtZRDRtQWh5SQ==,2023-06-08 14:52:46.326487
youtube#commentThread,P68ZC5T7PwQ5sIUYvSMFN9q1rTI,UgwSnDQCd4jlfLbWs7F4AaABAg,"{'videoId': 'zEfTDpfyt1o', 'topLevelComment': {'kind': 'youtube#comment', 'etag': 'O9kYmNKfHS2u1YJl87Zs8CeNRZQ', 'id': 'UgwSnDQCd4jlfLbWs7F4AaABAg', 'snippet': {'videoId': 'zEfTDpfyt1o', 'textDisplay': 'Ahhhhh derrubaram a câmera não eleeeeeee ahhhhh', 'textOriginal': 'Ahhhhh derrubaram a câmera não eleeeeeee ahhhhh', 'authorDisplayName': 'Alayde Abes Abes', 'authorProfileImageUrl': 'https://yt3.ggpht.com/ytc/AGIKgqOR7TXMx9u4Tezl45s0d3E9xpuv11_-ifztN-zQRA=s48-c-k-c0x00ffffff-no-rj', 'authorChannelUrl': 'http://www.youtube.com/channel/UC1FZqXaNfkdRUMAPscup_nQ', 'authorChannelId': {'value': 'UC1FZqXaNfkdRUMAPscup_nQ'}, 'canRate': True, 'viewerRating': 'none', 'likeCount': 0, 'publishedAt': '2022-10-23T22:23:08Z', 'updatedAt': '2022-10-23T22:23:08Z'}}, 'canReply': True, 'totalReplyCount': 1, 'isPublic': True}","{'comments': [{'kind': 'youtube#comment', 'etag': 'ZBjzyfDnMWbDpNjwr0uvVEHSAdg', 'id': 'UgwSnDQCd4jlfLbWs7F4AaABAg.9hYAGlQKKCm9hYAgPLRleu', 'snippet': {'videoId': 'zEfTDpfyt1o', 'textDisplay': 'É impressionante o quanto os mama maçonaro não enxergam, mesmo que esteja estampado na cara deles.', 'textOriginal': 'É impressionante o quanto os mama maçonaro não enxergam, mesmo que esteja estampado na cara deles.', 'parentId': 'UgwSnDQCd4jlfLbWs7F4AaABAg', 'authorDisplayName': 'Chayane Lobo', 'authorProfileImageUrl': 'https://yt3.ggpht.com/ytc/AGIKgqOUgLe4neueJgQt5Na2KlbwSEgHxvuKnT5ToAhDIw=s48-c-k-c0x00ffffff-no-rj', 'authorChannelUrl': 'http://www.youtube.com/channel/UCmDh7YCHtYQQuCrhns4LxMw', 'authorChannelId': {'value': 'UCmDh7YCHtYQQuCrhns4LxMw'}, 'canRate': True, 'viewerRating': 'none', 'likeCount': 0, 'publishedAt': '2022-10-23T22:26:47Z', 'updatedAt': '2022-10-23T22:26:47Z'}}]}",UC1FZqXaNfkdRUMAPscup_nQ,2022-10-23T22:23:08Z,Ahhhhh derrubaram a câmera não eleeeeeee ahhhhh,QURTSl9pMEJKeFpVTE14Si10NkphRHdUV25Wd25lSXNOTDBSWm91NXA5Ymd3T1Jid3BIQmdSUGg4aWMzU0tWek9MWkV3YWtZRDRtQWh5SQ==,2023-06-08 14:52:46.326487
youtube#commentThread,GxIf_RF8n-GTUTBUC7KogF0d-z0,UgzZSz_p9nZJ1W_toNR4AaABAg,"{'videoId': 'zEfTDpfyt1o', 'topLevelComment': {'kind': 'youtube#comment', 'etag': 'xE61xlgTAVEi8RUGgk9Gjm8zt9E', 'id': 'UgzZSz_p9nZJ1W_toNR4AaABAg', 'snippet': {'videoId': 'zEfTDpfyt1o', 'textDisplay': 'A população  ja está  no LIMITE da sua paciência!!!!', 'textOriginal': 'A população  ja está  no LIMITE da sua paciência!!!!', 'authorDisplayName': 'Aleatórios🇧🇷', 'authorProfileImageUrl': 'https://yt3.ggpht.com/Qc1EJt6XAuEzzeiKyoq96nuzbuXmrsJ550ELEJcpxj2T3mNMQlhQ3NYXwAkKRNTX1MkY4ES7jQ=s48-c-k-c0x00ffffff-no-rj', 'authorChannelUrl': 'http://www.youtube.com/channel/UChyFTCb3ZDvNd2NpicAonDw', 'authorChannelId': {'value': 'UChyFTCb3ZDvNd2NpicAonDw'}, 'canRate': True, 'viewerRating': 'none', 'likeCount': 0, 'publishedAt': '2022-10-23T22:23:08Z', 'updatedAt': '2022-10-23T22:23:08Z'}}, 'canReply': True, 'totalReplyCount': 0, 'isPublic': True}",,UChyFTCb3ZDvNd2NpicAonDw,2022-10-23T22:23:08Z,A população  ja está  no LIMITE da sua paciência!!!!,QURTSl9pMEJKeFpVTE14Si10NkphRHdUV25Wd25lSXNOTDBSWm91NXA5Ymd3T1Jid3BIQmdSUGg4aWMzU0tWek9MWkV3YWtZRDRtQWh5SQ==,2023-06-08 14:52:46.326487
youtube#commentThread,lD56jNIBoJ_5o0uhX2q9OgAT2qY,Ugy1y3XmC0gG7_FwFkd4AaABAg,"{'videoId': 'zEfTDpfyt1o', 'topLevelComment': {'kind': 'youtube#comment', 'etag': '6-m0kOstibW5JESzQQkCSel6x_o', 'id': 'Ugy1y3XmC0gG7_FwFkd4AaABAg', 'snippet': {'videoId': 'zEfTDpfyt1o', 'textDisplay': 'Esse Jeferson é um terrorista falaram quê ele usou uma granada terrorismo!!', 'textOriginal': 'Esse Jeferson é um terrorista falaram quê ele usou uma granada terrorismo!!', 'authorDisplayName': 'Carlos Vieira', 'authorProfileImageUrl': 'https://yt3.ggpht.com/ytc/AGIKgqO7WSx13RXeL7OLLsZH_pKKqrl1Cv2zv9uG0Q=s48-c-k-c0x00ffffff-no-rj', 'authorChannelUrl': 'http://www.youtube.com/channel/UCmHFKNjtuPJ9k_xGmxcI08w', 'authorChannelId': {'value': 'UCmHFKNjtuPJ9k_xGmxcI08w'}, 'canRate': True, 'viewerRating': 'none', 'likeCount': 0, 'publishedAt': '2022-10-23T22:23:06Z', 'updatedAt': '2022-10-23T22:23:06Z'}}, 'canReply': True, 'totalReplyCount': 0, 'isPublic': True}",,UCmHFKNjtuPJ9k_xGmxcI08w,2022-10-23T22:23:06Z,Esse Jeferson é um terrorista falaram quê ele usou uma granada terrorismo!!,QURTSl9pMEJKeFpVTE14Si10NkphRHdUV25Wd25lSXNOTDBSWm91NXA5Ymd3T1Jid3BIQmdSUGg4aWMzU0tWek9MWkV3YWtZRDRtQWh5SQ==,2023-06-08 14:52:46.326487
youtube#commentThread,-oRijYMVd5BS5yB1y7fFhB6pFJg,UgzJ14xHTqBT8P4ORkJ4AaABAg,"{'videoId': 'zEfTDpfyt1o', 'topLevelComment': {'kind': 'youtube#comment', 'etag': 'in8vaqcEVlPS5FXBQrWB2wuj_LA', 'id': 'UgzJ14xHTqBT8P4ORkJ4AaABAg', 'snippet': {'videoId': 'zEfTDpfyt1o', 'textDisplay': 'Diga me com quem andas que te direi quem  és,  por isso foi agredido, também não concordo com o que fizeram.', 'textOriginal': 'Diga me com quem andas que te direi quem  és,  por isso foi agredido, também não concordo com o que fizeram.', 'authorDisplayName': 'Ângela Célia Cunha Quattrer', 'authorProfileImageUrl': 'https://yt3.ggpht.com/ytc/AGIKgqMAojN1oXibbPj6IqCWlwIsKm1CBTEBc6vUkdx7ew=s48-c-k-c0x00ffffff-no-rj', 'authorChannelUrl': 'http://www.youtube.com/channel/UCbVlbu16qk0mYp4zRKj2lnQ', 'authorChannelId': {'value': 'UCbVlbu16qk0mYp4zRKj2lnQ'}, 'canRate': True, 'viewerRating': 'none', 'likeCount': 0, 'publishedAt': '2022-10-23T22:23:06Z', 'updatedAt': '2022-10-23T22:30:01Z'}}, 'canReply': True, 'totalReplyCount': 0, 'isPublic': True}",,UCbVlbu16qk0mYp4zRKj2lnQ,2022-10-23T22:23:06Z,"Diga me com quem andas que te direi quem  és,  por isso foi agredido, também não concordo com o que fizeram.",QURTSl9pMEJKeFpVTE14Si10NkphRHdUV25Wd25lSXNOTDBSWm91NXA5Ymd3T1Jid3BIQmdSUGg4aWMzU0tWek9MWkV3YWtZRDRtQWh5SQ==,2023-06-08 14:52:46.326487
youtube#commentThread,QTLpu1gmlGNhFewLxqoMA7gCrD0,UgwUjf63-iEmWa__-ax4AaABAg,"{'videoId': 'zEfTDpfyt1o', 'topLevelComment': {'kind': 'youtube#comment', 'etag': 'xrYyDQCussrhYazIawexJqx5_R8', 'id': 'UgwUjf63-iEmWa__-ax4AaABAg', 'snippet': {'videoId': 'zEfTDpfyt1o', 'textDisplay': 'Tem q prender esse marginal.', 'textOriginal': 'Tem q prender esse marginal.', 'authorDisplayName': 'Binam Cardoso', 'authorProfileImageUrl': 'https://yt3.ggpht.com/ytc/AGIKgqP-V9rDVPEzTtC1BEAyGb-_a7ZRQTRPYsUcVA=s48-c-k-c0x00ffffff-no-rj', 'authorChannelUrl': 'http://www.youtube.com/channel/UCTxo3dbZxdv1hVyU7PoOAXA', 'authorChannelId': {'value': 'UCTxo3dbZxdv1hVyU7PoOAXA'}, 'canRate': True, 'viewerRating': 'none', 'likeCount': 0, 'publishedAt': '2022-10-23T22:23:05Z', 'updatedAt': '2022-10-23T22:23:05Z'}}, 'canReply': True, 'totalReplyCount': 0, 'isPublic': True}",,UCTxo3dbZxdv1hVyU7PoOAXA,2022-10-23T22:23:05Z,Tem q prender esse marginal.,QURTSl9pMEJKeFpVTE14Si10NkphRHdUV25Wd25lSXNOTDBSWm91NXA5Ymd3T1Jid3BIQmdSUGg4aWMzU0tWek9MWkV3YWtZRDRtQWh5SQ==,2023-06-08 14:52:46.326487
youtube#commentThread,ygJy3xj_b8N0DikV2DFir3KYpj0,Ugyd68GRcbAXD1SY8n94AaABAg,"{'videoId': 'zEfTDpfyt1o', 'topLevelComment': {'kind': 'youtube#comment', 'etag': 'SkQo0Q-RcZwKgw7iuL9czdYeySs', 'id': 'Ugyd68GRcbAXD1SY8n94AaABAg', 'snippet': {'videoId': 'zEfTDpfyt1o', 'textDisplay': 'O agressor deve ser preso!', 'textOriginal': 'O agressor deve ser preso!', 'authorDisplayName': 'Kkkk', 'authorProfileImageUrl': 'https://yt3.ggpht.com/u89jBG6iMTXovpK8prIA4TVwEQRiWdEoNKtS8XIl0AxLwFujageSlOUvQkJfTJoC5jxfpyZafw=s48-c-k-c0x00ffffff-no-rj', 'authorChannelUrl': 'http://www.youtube.com/channel/UCakh25Lupz5w3rpQkksfoYw', 'authorChannelId': {'value': 'UCakh25Lupz5w3rpQkksfoYw'}, 'canRate': True, 'viewerRating': 'none', 'likeCount': 0, 'publishedAt': '2022-10-23T22:23:05Z', 'updatedAt': '2022-10-23T22:23:05Z'}}, 'canReply': True, 'totalReplyCount': 0, 'isPublic': True}",,UCakh25Lupz5w3rpQkksfoYw,2022-10-23T22:23:05Z,O agressor deve ser preso!,QURTSl9pMEJKeFpVTE14Si10NkphRHdUV25Wd25lSXNOTDBSWm91NXA5Ymd3T1Jid3BIQmdSUGg4aWMzU0tWek9MWkV3YWtZRDRtQWh5SQ==,2023-06-08 14:52:46.326487
youtube#commentThread,j3s-_WrBje2aofMgLwvOO0n8a-w,Ugza_V1kvMbDM7ESdbN4AaABAg,"{'videoId': 'zEfTDpfyt1o', 'topLevelComment': {'kind': 'youtube#comment', 'etag': 'PZ2G-NyaKTGtAxuX7Rp9L9jdG4w', 'id': 'Ugza_V1kvMbDM7ESdbN4AaABAg', 'snippet': {'videoId': 'zEfTDpfyt1o', 'textDisplay': 'Bolsonaro fizeram seus militantes agressivos', 'textOriginal': 'Bolsonaro fizeram seus militantes agressivos', 'authorDisplayName': 'Timoteo De matos', 'authorProfileImageUrl': 'https://yt3.ggpht.com/ytc/AGIKgqPQh_urkBDwAX_8bkH-38TeY_g7XMvJYClkPg=s48-c-k-c0x00ffffff-no-rj', 'authorChannelUrl': 'http://www.youtube.com/channel/UCWW4FqMrpFh58bp60yarI2A', 'authorChannelId': {'value': 'UCWW4FqMrpFh58bp60yarI2A'}, 'canRate': True, 'viewerRating': 'none', 'likeCount': 0, 'publishedAt': '2022-10-23T22:23:03Z', 'updatedAt': '2022-10-23T22:23:03Z'}}, 'canReply': True, 'totalReplyCount': 0, 'isPublic': True}",,UCWW4FqMrpFh58bp60yarI2A,2022-10-23T22:23:03Z,Bolsonaro fizeram seus militantes agressivos,QURTSl9pMEJKeFpVTE14Si10NkphRHdUV25Wd25lSXNOTDBSWm91NXA5Ymd3T1Jid3BIQmdSUGg4aWMzU0tWek9MWkV3YWtZRDRtQWh5SQ==,2023-06-08 14:52:46.326487
youtube#commentThread,DsbfwSyf3Wz3Onj4JAKiUGbJzTk,Ugx9zr8ioK7Gt6pMzgl4AaABAg,"{'videoId': 'zEfTDpfyt1o', 'topLevelComment': {'kind': 'youtube#comment', 'etag': 'NFLeiNXNmywxoPTZdKHWIV0Bjdw', 'id': 'Ugx9zr8ioK7Gt6pMzgl4AaABAg', 'snippet': {'videoId': 'zEfTDpfyt1o', 'textDisplay': 'e a agregação ao Roberto Jeferson?<br>reporter foi empurrado , infelizmente , acho que ele supervalorizou ao empurrão . vcs tem que parar de defender esses idiotas , vcs estão dando mais importancia para esse fato do que o que Alexandre de Moraes fez , vcs estão de sacanagem , só pode', 'textOriginal': 'e a agregação ao Roberto Jeferson?\\nreporter foi empurrado , infelizmente , acho que ele supervalorizou ao empurrão . vcs tem que parar de defender esses idiotas , vcs estão dando mais importancia para esse fato do que o que Alexandre de Moraes fez , vcs estão de sacanagem , só pode', 'authorDisplayName': 'D N R', 'authorProfileImageUrl': 'https://yt3.ggpht.com/ytc/AGIKgqNxlZ4rhwwy8go88xunKETRBK4di5qV4Pwo9Q=s48-c-k-c0x00ffffff-no-rj', 'authorChannelUrl': 'http://www.youtube.com/channel/UCk6mqZ8qsgkdc4XtakXpHMw', 'authorChannelId': {'value': 'UCk6mqZ8qsgkdc4XtakXpHMw'}, 'canRate': True, 'viewerRating': 'none', 'likeCount': 1, 'publishedAt': '2022-10-23T22:22:55Z', 'updatedAt': '2022-10-23T22:22:55Z'}}, 'canReply': True, 'totalReplyCount': 0, 'isPublic': True}",,UCk6mqZ8qsgkdc4XtakXpHMw,2022-10-23T22:22:55Z,"e a agregação ao Roberto Jeferson?
reporter foi empurrado , infelizmente , acho que ele supervalorizou ao empurrão . vcs tem que parar de defender esses idiotas , vcs estão dando mais importancia para esse fato do que o que Alexandre de Moraes fez , vcs estão de sacanagem , só pode",QURTSl9pMEJKeFpVTE14Si10NkphRHdUV25Wd25lSXNOTDBSWm91NXA5Ymd3T1Jid3BIQmdSUGg4aWMzU0tWek9MWkV3YWtZRDRtQWh5SQ==,2023-06-08 14:52:46.326487
youtube#commentThread,ph9Z3eCeglBQfFnPE7HHKCM6Z4U,Ugydm5rEMZV9m8C0K5N4AaABAg,"{'videoId': 'zEfTDpfyt1o', 'topLevelComment': {'kind': 'youtube#comment', 'etag': 'uKZsUZOhDYinoPLCxX_a3oVO2RA', 'id': 'Ugydm5rEMZV9m8C0K5N4AaABAg', 'snippet': {'videoId': 'zEfTDpfyt1o', 'textDisplay': 'O cara só fez empurrar é o papel da globo mentir e mentir', 'textOriginal': 'O cara só fez empurrar é o papel da globo mentir e mentir', 'authorDisplayName': 'Fábio Calassa', 'authorProfileImageUrl': 'https://yt3.ggpht.com/ytc/AGIKgqMvjv61PcnvEVZBu3O_yRyglecTJRAKwqBTla8K2QAvxXnIT8qarPS_EA5Gc4R4=s48-c-k-c0x00ffffff-no-rj', 'authorChannelUrl': 'http://www.youtube.com/channel/UC_mBc4ZfznZ9F_XULVV43Yg', 'authorChannelId': {'value': 'UC_mBc4ZfznZ9F_XULVV43Yg'}, 'canRate': True, 'viewerRating': 'none', 'likeCount': 0, 'publishedAt': '2022-10-23T22:22:54Z', 'updatedAt': '2022-10-23T22:22:54Z'}}, 'canReply': True, 'totalReplyCount': 0, 'isPublic': True}",,UC_mBc4ZfznZ9F_XULVV43Yg,2022-10-23T22:22:54Z,O cara só fez empurrar é o papel da globo mentir e mentir,QURTSl9pMEJKeFpVTE14Si10NkphRHdUV25Wd25lSXNOTDBSWm91NXA5Ymd3T1Jid3BIQmdSUGg4aWMzU0tWek9MWkV3YWtZRDRtQWh5SQ==,2023-06-08 14:52:46.326487
youtube#commentThread,FQ6d9arDjcVIPdU06FBBY2Fz4NE,UgxXYBb_20yrrY_OmTF4AaABAg,"{'videoId': 'zEfTDpfyt1o', 'topLevelComment': {'kind': 'youtube#comment', 'etag': 'ceyNrb6hKUHxHyaJDdOxnqMi__I', 'id': 'UgxXYBb_20yrrY_OmTF4AaABAg', 'snippet': {'videoId': 'zEfTDpfyt1o', 'textDisplay': 'Vi mal ou foi um empurrão??????', 'textOriginal': 'Vi mal ou foi um empurrão??????', 'authorDisplayName': 'AG', 'authorProfileImageUrl': 'https://yt3.ggpht.com/ytc/AGIKgqMFuQ9Ac1RSJph58v0JgbHTSfuOsN6kIYf_=s48-c-k-c0x00ffffff-no-rj', 'authorChannelUrl': 'http://www.youtube.com/channel/UCTqKCmCQFDpxDXp_-jmziUQ', 'authorChannelId': {'value': 'UCTqKCmCQFDpxDXp_-jmziUQ'}, 'canRate': True, 'viewerRating': 'none', 'likeCount': 0, 'publishedAt': '2022-10-23T22:22:54Z', 'updatedAt': '2022-10-23T22:23:09Z'}}, 'canReply': True, 'totalReplyCount': 0, 'isPublic': True}",,UCTqKCmCQFDpxDXp_-jmziUQ,2022-10-23T22:22:54Z,Vi mal ou foi um empurrão??????,QURTSl9pMEJKeFpVTE14Si10NkphRHdUV25Wd25lSXNOTDBSWm91NXA5Ymd3T1Jid3BIQmdSUGg4aWMzU0tWek9MWkV3YWtZRDRtQWh5SQ==,2023-06-08 14:52:46.326487
youtube#commentThread,LDmCiK5bNOvvOel3Fg6RrlrS58U,UgwqeLIOvj9dxT73Crh4AaABAg,"{'videoId': 'zEfTDpfyt1o', 'topLevelComment': {'kind': 'youtube#comment', 'etag': 'EQPPe_SxxHP1q7tMxyJPjIQUFrA', 'id': 'UgwqeLIOvj9dxT73Crh4AaABAg', 'snippet': {'videoId': 'zEfTDpfyt1o', 'textDisplay': 'Tudo começa com um poder que age com truculência temos o dever.fale menos lambe botas da Globo', 'textOriginal': 'Tudo começa com um poder que age com truculência temos o dever.fale menos lambe botas da Globo', 'authorDisplayName': 'Carlos Queiroz', 'authorProfileImageUrl': 'https://yt3.ggpht.com/ytc/AGIKgqPPAGxHpAXEhPah-HCd4bx0Izz21ah7pE3vKg=s48-c-k-c0x00ffffff-no-rj', 'authorChannelUrl': 'http://www.youtube.com/channel/UCjiBIWBI4y0YkCywzI4wKBQ', 'authorChannelId': {'value': 'UCjiBIWBI4y0YkCywzI4wKBQ'}, 'canRate': True, 'viewerRating': 'none', 'likeCount': 0, 'publishedAt': '2022-10-23T22:22:50Z', 'updatedAt': '2022-10-23T22:22:50Z'}}, 'canReply': True, 'totalReplyCount': 0, 'isPublic': True}",,UCjiBIWBI4y0YkCywzI4wKBQ,2022-10-23T22:22:50Z,Tudo começa com um poder que age com truculência temos o dever.fale menos lambe botas da Globo,QURTSl9pMEJKeFpVTE14Si10NkphRHdUV25Wd25lSXNOTDBSWm91NXA5Ymd3T1Jid3BIQmdSUGg4aWMzU0tWek9MWkV3YWtZRDRtQWh5SQ==,2023-06-08 14:52:46.326487
youtube#commentThread,g99VKWpxqVH63NnrJ7w08MpX9To,Ugxl6ynDevX-0RnMWct4AaABAg,"{'videoId': 'zEfTDpfyt1o', 'topLevelComment': {'kind': 'youtube#comment', 'etag': 'ewbpChMX_4STTLYYE3E4g1NreEM', 'id': 'Ugxl6ynDevX-0RnMWct4AaABAg', 'snippet': {'videoId': 'zEfTDpfyt1o', 'textDisplay': 'Triste e vamos a raiz do problema o ativismo do STF e TSE a mando do PT', 'textOriginal': 'Triste e vamos a raiz do problema o ativismo do STF e TSE a mando do PT', 'authorDisplayName': 'Polly Cardoso👣', 'authorProfileImageUrl': 'https://yt3.ggpht.com/iVstyLmHokZMxcEGnt5fvvrGAJxiJZt4l_itQIz55Pa5jcYuYdyglntczFTakjjtugpPBiRa=s48-c-k-c0x00ffffff-no-rj', 'authorChannelUrl': 'http://www.youtube.com/channel/UC-hY_Bzl96BBk-G2f7QZ73w', 'authorChannelId': {'value': 'UC-hY_Bzl96BBk-G2f7QZ73w'}, 'canRate': True, 'viewerRating': 'none', 'likeCount': 0, 'publishedAt': '2022-10-23T22:22:47Z', 'updatedAt': '2022-10-23T22:22:47Z'}}, 'canReply': True, 'totalReplyCount': 0, 'isPublic': True}",,UC-hY_Bzl96BBk-G2f7QZ73w,2022-10-23T22:22:47Z,Triste e vamos a raiz do problema o ativismo do STF e TSE a mando do PT,QURTSl9pMEJKeFpVTE14Si10NkphRHdUV25Wd25lSXNOTDBSWm91NXA5Ymd3T1Jid3BIQmdSUGg4aWMzU0tWek9MWkV3YWtZRDRtQWh5SQ==,2023-06-08 14:52:46.326487
youtube#commentThread,BBmjCMBDO49zfNvb1OK3zM-EI1I,Ugzfq-0wakqVwgOLZTh4AaABAg,"{'videoId': 'zEfTDpfyt1o', 'topLevelComment': {'kind': 'youtube#comment', 'etag': 'TvIOHRpjjENv8KgPDIPYdNiT00s', 'id': 'Ugzfq-0wakqVwgOLZTh4AaABAg', 'snippet': {'videoId': 'zEfTDpfyt1o', 'textDisplay': 'só brigas , discórdia,ódio indignada', 'textOriginal': 'só brigas , discórdia,ódio indignada', 'authorDisplayName': 'Maria Lopes', 'authorProfileImageUrl': 'https://yt3.ggpht.com/ytc/AGIKgqO4N1JosMhvoxiqkMe59bT2M9lwSmE_PejA0t3oUifN0-rFD6HU5shVE_Hvppyf=s48-c-k-c0x00ffffff-no-rj', 'authorChannelUrl': 'http://www.youtube.com/channel/UCZBIxbgKZAh0fBD8VhlTNHQ', 'authorChannelId': {'value': 'UCZBIxbgKZAh0fBD8VhlTNHQ'}, 'canRate': True, 'viewerRating': 'none', 'likeCount': 0, 'publishedAt': '2022-10-23T22:22:45Z', 'updatedAt': '2022-10-23T22:22:45Z'}}, 'canReply': True, 'totalReplyCount': 0, 'isPublic': True}",,UCZBIxbgKZAh0fBD8VhlTNHQ,2022-10-23T22:22:45Z,"só brigas , discórdia,ódio indignada",QURTSl9pMEJKeFpVTE14Si10NkphRHdUV25Wd25lSXNOTDBSWm91NXA5Ymd3T1Jid3BIQmdSUGg4aWMzU0tWek9MWkV3YWtZRDRtQWh5SQ==,2023-06-08 14:52:46.326487
youtube#commentThread,ct3g-EYan8bj896RYfWxTq0SSGY,UgxODpOP_DiRDzZseBF4AaABAg,"{'videoId': 'zEfTDpfyt1o', 'topLevelComment': {'kind': 'youtube#comment', 'etag': '8XNhKVNnwDuwPHkVMnffXwwGB1o', 'id': 'UgxODpOP_DiRDzZseBF4AaABAg', 'snippet': {'videoId': 'zEfTDpfyt1o', 'textDisplay': 'Isso e o começo da ditadura da esquerda STF e PT, se o lula por acaso ganhar vamos ver coisa pior e por que eu falo da tempo de nós exercer no voto de cidadania votando certo, não deixaremos a esquerda ganhar as eleições, Bolsonaro 22', 'textOriginal': 'Isso e o começo da ditadura da esquerda STF e PT, se o lula por acaso ganhar vamos ver coisa pior e por que eu falo da tempo de nós exercer no voto de cidadania votando certo, não deixaremos a esquerda ganhar as eleições, Bolsonaro 22', 'authorDisplayName': 'Leonilson Da Silva', 'authorProfileImageUrl': 'https://yt3.ggpht.com/Y3uv-8GPId_D2qxFDHP9e9b0157zKlfuLlm1TSD-qAj3WEamZ83I149dAZzKBQOrQzURIaa2MA=s48-c-k-c0x00ffffff-no-rj', 'authorChannelUrl': 'http://www.youtube.com/channel/UCI-axrFpKfj5urwAtIb6o9w', 'authorChannelId': {'value': 'UCI-axrFpKfj5urwAtIb6o9w'}, 'canRate': True, 'viewerRating': 'none', 'likeCount': 1, 'publishedAt': '2022-10-23T22:22:38Z', 'updatedAt': '2022-10-23T22:23:28Z'}}, 'canReply': True, 'totalReplyCount': 0, 'isPublic': True}",,UCI-axrFpKfj5urwAtIb6o9w,2022-10-23T22:22:38Z,"Isso e o começo da ditadura da esquerda STF e PT, se o lula por acaso ganhar vamos ver coisa pior e por que eu falo da tempo de nós exercer no voto de cidadania votando certo, não deixaremos a esquerda ganhar as eleições, Bolsonaro 22",QURTSl9pMEJKeFpVTE14Si10NkphRHdUV25Wd25lSXNOTDBSWm91NXA5Ymd3T1Jid3BIQmdSUGg4aWMzU0tWek9MWkV3YWtZRDRtQWh5SQ==,2023-06-08 14:52:46.326487
youtube#commentThread,mvAnTa7alJ-1IfFm2r0DaJmPv2o,Ugy64hbCBFF_t8cNgyN4AaABAg,"{'videoId': 'zEfTDpfyt1o', 'topLevelComment': {'kind': 'youtube#comment', 'etag': 'TiY3wr9-6qtTHtuR0pCbwGHUzxw', 'id': 'Ugy64hbCBFF_t8cNgyN4AaABAg', 'snippet': {'videoId': 'zEfTDpfyt1o', 'textDisplay': 'É sério que tem gente defendendo esses jornazistas que na pandemia denunciavam os comércios que estavam abertos?', 'textOriginal': 'É sério que tem gente defendendo esses jornazistas que na pandemia denunciavam os comércios que estavam abertos?', 'authorDisplayName': 'FuckTheState', 'authorProfileImageUrl': 'https://yt3.ggpht.com/ytc/AGIKgqPHdgXc_-NnUPpyAiwhaY4y69h7gBq4nM2jfEwH=s48-c-k-c0x00ffffff-no-rj', 'authorChannelUrl': 'http://www.youtube.com/channel/UCx0qgYKDPFxRxPhLfTBfCDQ', 'authorChannelId': {'value': 'UCx0qgYKDPFxRxPhLfTBfCDQ'}, 'canRate': True, 'viewerRating': 'none', 'likeCount': 0, 'publishedAt': '2022-10-23T22:22:37Z', 'updatedAt': '2022-10-23T22:22:37Z'}}, 'canReply': True, 'totalReplyCount': 0, 'isPublic': True}",,UCx0qgYKDPFxRxPhLfTBfCDQ,2022-10-23T22:22:37Z,É sério que tem gente defendendo esses jornazistas que na pandemia denunciavam os comércios que estavam abertos?,QURTSl9pMEJKeFpVTE14Si10NkphRHdUV25Wd25lSXNOTDBSWm91NXA5Ymd3T1Jid3BIQmdSUGg4aWMzU0tWek9MWkV3YWtZRDRtQWh5SQ==,2023-06-08 14:52:46.326487
youtube#commentThread,MYmMQsrv8s06Bl0CmKcuSGnFgKQ,UgwFdD7skcl3RMEIE-l4AaABAg,"{'videoId': 'zEfTDpfyt1o', 'topLevelComment': {'kind': 'youtube#comment', 'etag': 'pvbh4mATg8OL2zY4HIy2d1VuFSA', 'id': 'UgwFdD7skcl3RMEIE-l4AaABAg', 'snippet': {'videoId': 'zEfTDpfyt1o', 'textDisplay': 'A rede Globo, yao isenta e imparcial....estava la no meio, como a ordem de prisao. Tentando cavar noticia ?', 'textOriginal': 'A rede Globo, yao isenta e imparcial....estava la no meio, como a ordem de prisao. Tentando cavar noticia ?', 'authorDisplayName': 'Maria Elena', 'authorProfileImageUrl': 'https://yt3.ggpht.com/ytc/AGIKgqOQJAUm_3jA2y1_00vhc4j1pYosbVmWTV3edemowQ=s48-c-k-c0x00ffffff-no-rj', 'authorChannelUrl': 'http://www.youtube.com/channel/UCL5ko47VCv1M0JZ753pfADw', 'authorChannelId': {'value': 'UCL5ko47VCv1M0JZ753pfADw'}, 'canRate': True, 'viewerRating': 'none', 'likeCount': 0, 'publishedAt': '2022-10-23T22:22:32Z', 'updatedAt': '2022-10-23T22:22:32Z'}}, 'canReply': True, 'totalReplyCount': 0, 'isPublic': True}",,UCL5ko47VCv1M0JZ753pfADw,2022-10-23T22:22:32Z,"A rede Globo, yao isenta e imparcial....estava la no meio, como a ordem de prisao. Tentando cavar noticia ?",QURTSl9pMEJKeFpVTE14Si10NkphRHdUV25Wd25lSXNOTDBSWm91NXA5Ymd3T1Jid3BIQmdSUGg4aWMzU0tWek9MWkV3YWtZRDRtQWh5SQ==,2023-06-08 14:52:46.326487
youtube#commentThread,AsM-GGdYsJq5QLd6Q4KuSgvziBg,UgwagJBTyyhvykrwtWB4AaABAg,"{'videoId': 'zEfTDpfyt1o', 'topLevelComment': {'kind': 'youtube#comment', 'etag': 'IBSwL_Vm3Rg-3uxvSeLd9F2aOGw', 'id': 'UgwagJBTyyhvykrwtWB4AaABAg', 'snippet': {'videoId': 'zEfTDpfyt1o', 'textDisplay': 'Tempos sombrios vindo!!!', 'textOriginal': 'Tempos sombrios vindo!!!', 'authorDisplayName': 'Stuart Murdt', 'authorProfileImageUrl': 'https://yt3.ggpht.com/ytc/AGIKgqNfhsIdYkUmEboT-ZiGpzBgS9qBTG7WeHbh8-Tb=s48-c-k-c0x00ffffff-no-rj', 'authorChannelUrl': 'http://www.youtube.com/channel/UC4pGqrT9qDCMzb0OP-N6r4Q', 'authorChannelId': {'value': 'UC4pGqrT9qDCMzb0OP-N6r4Q'}, 'canRate': True, 'viewerRating': 'none', 'likeCount': 2, 'publishedAt': '2022-10-23T22:22:32Z', 'updatedAt': '2022-10-23T22:22:32Z'}}, 'canReply': True, 'totalReplyCount': 1, 'isPublic': True}","{'comments': [{'kind': 'youtube#comment', 'etag': '-fyIBcmGNpNI1tbzVlRiHMVTqEI', 'id': 'UgwagJBTyyhvykrwtWB4AaABAg.9hYACMZosuh9hYCO8SrQW3', 'snippet': {'videoId': 'zEfTDpfyt1o', 'textDisplay': 'Já chegou faz tempo. Triste<br>.', 'textOriginal': 'Já chegou faz tempo. Triste\\n.', 'parentId': 'UgwagJBTyyhvykrwtWB4AaABAg', 'authorDisplayName': 'Ivan paulo camilo', 'authorProfileImageUrl': 'https://yt3.ggpht.com/ytc/AGIKgqMfhrwAem-hOUsTrLKKDSogzYFXNjDG0A7Wj_iOHw=s48-c-k-c0x00ffffff-no-rj', 'authorChannelUrl': 'http://www.youtube.com/channel/UCtlE8Xks0r2uniC46pUk9qg', 'authorChannelId': {'value': 'UCtlE8Xks0r2uniC46pUk9qg'}, 'canRate': True, 'viewerRating': 'none', 'likeCount': 1, 'publishedAt': '2022-10-23T22:41:37Z', 'updatedAt': '2022-10-23T22:41:37Z'}}]}",UC4pGqrT9qDCMzb0OP-N6r4Q,2022-10-23T22:22:32Z,Tempos sombrios vindo!!!,QURTSl9pMEJKeFpVTE14Si10NkphRHdUV25Wd25lSXNOTDBSWm91NXA5Ymd3T1Jid3BIQmdSUGg4aWMzU0tWek9MWkV3YWtZRDRtQWh5SQ==,2023-06-08 14:52:46.326487
youtube#commentThread,vqvEBdqI_JLlxSDfJga_xR8-bds,UgwhwVwHYtpjXYtOifN4AaABAg,"{'videoId': 'zEfTDpfyt1o', 'topLevelComment': {'kind': 'youtube#comment', 'etag': 'iPslVFcrx820JGNgXogjzfpWQso', 'id': 'UgwhwVwHYtpjXYtOifN4AaABAg', 'snippet': {'videoId': 'zEfTDpfyt1o', 'textDisplay': 'Acho uma grande jogada pois está perto das eleições,se iam prender ele pôr que não deixaram passar o pleito do dia trinta? Ele estava pondo a segurança de alguém em risco? É muito estranho.....', 'textOriginal': 'Acho uma grande jogada pois está perto das eleições,se iam prender ele pôr que não deixaram passar o pleito do dia trinta? Ele estava pondo a segurança de alguém em risco? É muito estranho.....', 'authorDisplayName': 'Maria Ferreira', 'authorProfileImageUrl': 'https://yt3.ggpht.com/ytc/AGIKgqMuouQor61AY9VuElB7PmOgsJ7IYCFP8Z9yAQ=s48-c-k-c0x00ffffff-no-rj', 'authorChannelUrl': 'http://www.youtube.com/channel/UCjoQMtrUCe4y9p_XcsBz9iw', 'authorChannelId': {'value': 'UCjoQMtrUCe4y9p_XcsBz9iw'}, 'canRate': True, 'viewerRating': 'none', 'likeCount': 5, 'publishedAt': '2022-10-23T22:22:32Z', 'updatedAt': '2022-10-23T22:22:32Z'}}, 'canReply': True, 'totalReplyCount': 3, 'isPublic': True}","{'comments': [{'kind': 'youtube#comment', 'etag': '3NGkwrmNzVVSVaNtQFznn2SxYGA', 'id': 'UgwhwVwHYtpjXYtOifN4AaABAg.9hYACMRh5rX9hYiUwAYB1v', 'snippet': {'videoId': 'zEfTDpfyt1o', 'textDisplay': 'Querem razão para aumentar a pressão, só esqueceram  o povo explodindo e as FFAA....', 'textOriginal': 'Querem razão para aumentar a pressão, só esqueceram  o povo explodindo e as FFAA....', 'parentId': 'UgwhwVwHYtpjXYtOifN4AaABAg', 'authorDisplayName': 'Tiburcio Nascimento', 'authorProfileImageUrl': 'https://yt3.ggpht.com/ytc/AGIKgqPYJ16XbloZp1nRif2q9UiINjE9b3aLcJFllVpYZmGF8L32gAvFuJ_fm0H5T6oa=s48-c-k-c0x00ffffff-no-rj', 'authorChannelUrl': 'http://www.youtube.com/channel/UCOpVT2WBtvOTmNgRgNreY3Q', 'authorChannelId': {'value': 'UCOpVT2WBtvOTmNgRgNreY3Q'}, 'canRate': True, 'viewerRating': 'none', 'likeCount': 1, 'publishedAt': '2022-10-24T03:30:55Z', 'updatedAt': '2022-10-24T03:30:55Z'}}, {'kind': 'youtube#comment', 'etag': 'saYE7B4p24YWkr6DVYse-WKWFgs', 'id': 'UgwhwVwHYtpjXYtOifN4AaABAg.9hYACMRh5rX9hYEUeJCzp-', 'snippet': {'videoId': 'zEfTDpfyt1o', 'textDisplay': '@Carla Regina Mais não vão prosperar, Deus é maior.', 'textOriginal': '@Carla Regina Mais não vão prosperar, Deus é maior.', 'parentId': 'UgwhwVwHYtpjXYtOifN4AaABAg', 'authorDisplayName': 'Maria Ferreira', 'authorProfileImageUrl': 'https://yt3.ggpht.com/ytc/AGIKgqMuouQor61AY9VuElB7PmOgsJ7IYCFP8Z9yAQ=s48-c-k-c0x00ffffff-no-rj', 'authorChannelUrl': 'http://www.youtube.com/channel/UCjoQMtrUCe4y9p_XcsBz9iw', 'authorChannelId': {'value': 'UCjoQMtrUCe4y9p_XcsBz9iw'}, 'canRate': True, 'viewerRating': 'none', 'likeCount': 1, 'publishedAt': '2022-10-23T22:59:59Z', 'updatedAt': '2022-10-23T22:59:59Z'}}, {'kind': 'youtube#comment', 'etag': 'WCWSQpg2ZPjQ5J-OaKzwl32Xtss', 'id': 'UgwhwVwHYtpjXYtOifN4AaABAg.9hYACMRh5rX9hYCc4lkRqt', 'snippet': {'videoId': 'zEfTDpfyt1o', 'textDisplay': 'Jogaram a isca e ele caiu.', 'textOriginal': 'Jogaram a isca e ele caiu.', 'parentId': 'UgwhwVwHYtpjXYtOifN4AaABAg', 'authorDisplayName': 'Carla Regina', 'authorProfileImageUrl': 'https://yt3.ggpht.com/ytc/AGIKgqM3msgW94S4qV73Xd8keE8zcmDGG18Osqzi8S9JvA=s48-c-k-c0x00ffffff-no-rj', 'authorChannelUrl': 'http://www.youtube.com/channel/UClq5ucJimbH-CBuzKCAfIMA', 'authorChannelId': {'value': 'UClq5ucJimbH-CBuzKCAfIMA'}, 'canRate': True, 'viewerRating': 'none', 'likeCount': 2, 'publishedAt': '2022-10-23T22:43:40Z', 'updatedAt': '2022-10-23T22:43:40Z'}}]}",UCjoQMtrUCe4y9p_XcsBz9iw,2022-10-23T22:22:32Z,"Acho uma grande jogada pois está perto das eleições,se iam prender ele pôr que não deixaram passar o pleito do dia trinta? Ele estava pondo a segurança de alguém em risco? É muito estranho.....",QURTSl9pMEJKeFpVTE14Si10NkphRHdUV25Wd25lSXNOTDBSWm91NXA5Ymd3T1Jid3BIQmdSUGg4aWMzU0tWek9MWkV3YWtZRDRtQWh5SQ==,2023-06-08 14:52:46.326487
youtube#commentThread,XgJSn2aCjukJOJXT3dGYv-w_erg,UgxQAySEEWNGOCky-HB4AaABAg,"{'videoId': 'zEfTDpfyt1o', 'topLevelComment': {'kind': 'youtube#comment', 'etag': '2QVLUsNgdKFlEHSbOJPNhUZgZS8', 'id': 'UgxQAySEEWNGOCky-HB4AaABAg', 'snippet': {'videoId': 'zEfTDpfyt1o', 'textDisplay': 'A população está CANSADA de tanta loucura e desmandos. Então as pessoas desorientadamente, porque não tem quem os defenda, acabam cometendo esses desatinos. É o caos que os Ditadores querem? O caos está chegando.', 'textOriginal': 'A população está CANSADA de tanta loucura e desmandos. Então as pessoas desorientadamente, porque não tem quem os defenda, acabam cometendo esses desatinos. É o caos que os Ditadores querem? O caos está chegando.', 'authorDisplayName': 'Claudia de Souza Guimarães', 'authorProfileImageUrl': 'https://yt3.ggpht.com/ytc/AGIKgqN-ZfKUAmc8edvcdIRTU8azLtTIFEMjSVQ1CCA1Vg=s48-c-k-c0x00ffffff-no-rj', 'authorChannelUrl': 'http://www.youtube.com/channel/UC_YCybpvTfFvng5ZewVm-wA', 'authorChannelId': {'value': 'UC_YCybpvTfFvng5ZewVm-wA'}, 'canRate': True, 'viewerRating': 'none', 'likeCount': 0, 'publishedAt': '2022-10-23T22:22:28Z', 'updatedAt': '2022-10-23T22:22:28Z'}}, 'canReply': True, 'totalReplyCount': 0, 'isPublic': True}",,UC_YCybpvTfFvng5ZewVm-wA,2022-10-23T22:22:28Z,"A população está CANSADA de tanta loucura e desmandos. Então as pessoas desorientadamente, porque não tem quem os defenda, acabam cometendo esses desatinos. É o caos que os Ditadores querem? O caos está chegando.",QURTSl9pMEJKeFpVTE14Si10NkphRHdUV25Wd25lSXNOTDBSWm91NXA5Ymd3T1Jid3BIQmdSUGg4aWMzU0tWek9MWkV3YWtZRDRtQWh5SQ==,2023-06-08 14:52:46.326487
youtube#commentThread,KFT2e_IwPYqc9IrAlFjGXHDOSfY,UgzxoGiDJyKkKBCCJX94AaABAg,"{'videoId': 'zEfTDpfyt1o', 'topLevelComment': {'kind': 'youtube#comment', 'etag': '2gI52ltdR3HQPJOd0DIyY4uKfxM', 'id': 'UgzxoGiDJyKkKBCCJX94AaABAg', 'snippet': {'videoId': 'zEfTDpfyt1o', 'textDisplay': 'Gente que horror lamentável infelizmente mais isso aí não pode acontecer nada mesmo justifica essas violência aí contra sejam quem foi  essa Sena patéticas aí de acreção', 'textOriginal': 'Gente que horror lamentável infelizmente mais isso aí não pode acontecer nada mesmo justifica essas violência aí contra sejam quem foi  essa Sena patéticas aí de acreção', 'authorDisplayName': 'Dejandira Maria', 'authorProfileImageUrl': 'https://yt3.ggpht.com/ytc/AGIKgqOyojE9r-MfZviU6e3TDSOvuMGW3uYU_fJeZw=s48-c-k-c0x00ffffff-no-rj', 'authorChannelUrl': 'http://www.youtube.com/channel/UCuVLPY0dTttefJX4LYSdJ3g', 'authorChannelId': {'value': 'UCuVLPY0dTttefJX4LYSdJ3g'}, 'canRate': True, 'viewerRating': 'none', 'likeCount': 1, 'publishedAt': '2022-10-23T22:22:27Z', 'updatedAt': '2022-10-23T22:22:27Z'}}, 'canReply': True, 'totalReplyCount': 0, 'isPublic': True}",,UCuVLPY0dTttefJX4LYSdJ3g,2022-10-23T22:22:27Z,Gente que horror lamentável infelizmente mais isso aí não pode acontecer nada mesmo justifica essas violência aí contra sejam quem foi  essa Sena patéticas aí de acreção,QURTSl9pMEJKeFpVTE14Si10NkphRHdUV25Wd25lSXNOTDBSWm91NXA5Ymd3T1Jid3BIQmdSUGg4aWMzU0tWek9MWkV3YWtZRDRtQWh5SQ==,2023-06-08 14:52:46.326487
youtube#commentThread,wM7-xI4p6FSd7VLSZvQi8Dhkycg,Ugzi2X4oARQCBf4YsAB4AaABAg,"{'videoId': 'zEfTDpfyt1o', 'topLevelComment': {'kind': 'youtube#comment', 'etag': 'JKq4XH_N8Z4Kd8butz08kVuaRR0', 'id': 'Ugzi2X4oARQCBf4YsAB4AaABAg', 'snippet': {'videoId': 'zEfTDpfyt1o', 'textDisplay': 'Os desmandos do judiciário estão provocando uma grande irritação no povo. Já passou da hora dos urubus de casacas criarem juízo e voltarem para dentro da constituição.', 'textOriginal': 'Os desmandos do judiciário estão provocando uma grande irritação no povo. Já passou da hora dos urubus de casacas criarem juízo e voltarem para dentro da constituição.', 'authorDisplayName': 'Carlos leandro Seixas', 'authorProfileImageUrl': 'https://yt3.ggpht.com/ytc/AGIKgqNOlBsiOEL9xXsnzSg1DSMDNl9enQZj7FYKF2x5=s48-c-k-c0x00ffffff-no-rj', 'authorChannelUrl': 'http://www.youtube.com/channel/UClfJvlTrP4Yhpa2kHWq_zKA', 'authorChannelId': {'value': 'UClfJvlTrP4Yhpa2kHWq_zKA'}, 'canRate': True, 'viewerRating': 'none', 'likeCount': 0, 'publishedAt': '2022-10-23T22:22:25Z', 'updatedAt': '2022-10-23T22:22:25Z'}}, 'canReply': True, 'totalReplyCount': 0, 'isPublic': True}",,UClfJvlTrP4Yhpa2kHWq_zKA,2022-10-23T22:22:25Z,Os desmandos do judiciário estão provocando uma grande irritação no povo. Já passou da hora dos urubus de casacas criarem juízo e voltarem para dentro da constituição.,QURTSl9pMEJKeFpVTE14Si10NkphRHdUV25Wd25lSXNOTDBSWm91NXA5Ymd3T1Jid3BIQmdSUGg4aWMzU0tWek9MWkV3YWtZRDRtQWh5SQ==,2023-06-08 14:52:46.326487
youtube#commentThread,6nfbzRD_FEXlbhqkWFY7vM5efDw,Ugz-9lOz_b61GydI_Mp4AaABAg,"{'videoId': 'zEfTDpfyt1o', 'topLevelComment': {'kind': 'youtube#comment', 'etag': '33WnUFMtlkWjJFeYos0A-Bn0z5k', 'id': 'Ugz-9lOz_b61GydI_Mp4AaABAg', 'snippet': {'videoId': 'zEfTDpfyt1o', 'textDisplay': 'Triste isso. Até parece petistas esse povo. Nojo, esse tipo de gente não representa a direita', 'textOriginal': 'Triste isso. Até parece petistas esse povo. Nojo, esse tipo de gente não representa a direita', 'authorDisplayName': 'Amanda Reis', 'authorProfileImageUrl': 'https://yt3.ggpht.com/NRPzfJh0cV8g8EGUzdyZLREn8-cOII_TkRrNf43TCm9tL5nBVKTAzkpvBbc_OHWN23kCqrDHoQ=s48-c-k-c0x00ffffff-no-rj', 'authorChannelUrl': 'http://www.youtube.com/channel/UCBLvenWOvXIIXj9Fwt2yLNA', 'authorChannelId': {'value': 'UCBLvenWOvXIIXj9Fwt2yLNA'}, 'canRate': True, 'viewerRating': 'none', 'likeCount': 0, 'publishedAt': '2022-10-23T22:22:23Z', 'updatedAt': '2022-10-23T22:22:23Z'}}, 'canReply': True, 'totalReplyCount': 0, 'isPublic': True}",,UCBLvenWOvXIIXj9Fwt2yLNA,2022-10-23T22:22:23Z,"Triste isso. Até parece petistas esse povo. Nojo, esse tipo de gente não representa a direita",QURTSl9pMEJKeFpVTE14Si10NkphRHdUV25Wd25lSXNOTDBSWm91NXA5Ymd3T1Jid3BIQmdSUGg4aWMzU0tWek9MWkV3YWtZRDRtQWh5SQ==,2023-06-08 14:52:46.326487
youtube#commentThread,Ia5P8TtxO0I4CbgcOOwf8q6bkOA,UgysDYEVIw7om70764R4AaABAg,"{'videoId': 'zEfTDpfyt1o', 'topLevelComment': {'kind': 'youtube#comment', 'etag': 'uWcePYMM4uB-ASjOHlXDqe2kM2Q', 'id': 'UgysDYEVIw7om70764R4AaABAg', 'snippet': {'videoId': 'zEfTDpfyt1o', 'textDisplay': 'Concordo', 'textOriginal': 'Concordo', 'authorDisplayName': 'Patricia Ribeiro', 'authorProfileImageUrl': 'https://yt3.ggpht.com/ytc/AGIKgqMlaS_KBDBhNY8cdUR8EywCSjAyjGRS0Ltfo6zW=s48-c-k-c0x00ffffff-no-rj', 'authorChannelUrl': 'http://www.youtube.com/channel/UCX_UGtxSBmqwOO0uPmlcmig', 'authorChannelId': {'value': 'UCX_UGtxSBmqwOO0uPmlcmig'}, 'canRate': True, 'viewerRating': 'none', 'likeCount': 0, 'publishedAt': '2022-10-23T22:22:20Z', 'updatedAt': '2022-10-23T22:22:20Z'}}, 'canReply': True, 'totalReplyCount': 0, 'isPublic': True}",,UCX_UGtxSBmqwOO0uPmlcmig,2022-10-23T22:22:20Z,Concordo,QURTSl9pMEJKeFpVTE14Si10NkphRHdUV25Wd25lSXNOTDBSWm91NXA5Ymd3T1Jid3BIQmdSUGg4aWMzU0tWek9MWkV3YWtZRDRtQWh5SQ==,2023-06-08 14:52:46.326487
youtube#commentThread,AZZBeypG1uvfvEBI5VN31yZn36U,Ugw58tDLt1HgDkgkl254AaABAg,"{'videoId': 'zEfTDpfyt1o', 'topLevelComment': {'kind': 'youtube#comment', 'etag': 'sB6SuiAduDMfPAofnqa9qdvXM2k', 'id': 'Ugw58tDLt1HgDkgkl254AaABAg', 'snippet': {'videoId': 'zEfTDpfyt1o', 'textDisplay': 'Coloca em câmera  lenta pra agente  vê,  porque  não  dá  pra vê,  é a globo é  capaz de qualquer  coisa pra acusar apoiador de bolsonaro,  vão jogar  a culpa nos bolsonaristas.', 'textOriginal': 'Coloca em câmera  lenta pra agente  vê,  porque  não  dá  pra vê,  é a globo é  capaz de qualquer  coisa pra acusar apoiador de bolsonaro,  vão jogar  a culpa nos bolsonaristas.', 'authorDisplayName': 'Vera Amengol', 'authorProfileImageUrl': 'https://yt3.ggpht.com/ytc/AGIKgqPtRnYGEeIBZGnsMCrzg3zf06ScB_xkd-Y4WQ=s48-c-k-c0x00ffffff-no-rj', 'authorChannelUrl': 'http://www.youtube.com/channel/UCk2ed6BH_ctkWZuM_Rdt8iA', 'authorChannelId': {'value': 'UCk2ed6BH_ctkWZuM_Rdt8iA'}, 'canRate': True, 'viewerRating': 'none', 'likeCount': 0, 'publishedAt': '2022-10-23T22:22:19Z', 'updatedAt': '2022-10-23T22:22:19Z'}}, 'canReply': True, 'totalReplyCount': 0, 'isPublic': True}",,UCk2ed6BH_ctkWZuM_Rdt8iA,2022-10-23T22:22:19Z,"Coloca em câmera  lenta pra agente  vê,  porque  não  dá  pra vê,  é a globo é  capaz de qualquer  coisa pra acusar apoiador de bolsonaro,  vão jogar  a culpa nos bolsonaristas.",QURTSl9pMEJKeFpVTE14Si10NkphRHdUV25Wd25lSXNOTDBSWm91NXA5Ymd3T1Jid3BIQmdSUGg4aWMzU0tWek9MWkV3YWtZRDRtQWh5SQ==,2023-06-08 14:52:46.326487
youtube#commentThread,0jgoI_zJ-7xnm_0vjUoUx_VZCSs,Ugypj2l6Xyp8GtZmt-N4AaABAg,"{'videoId': 'zEfTDpfyt1o', 'topLevelComment': {'kind': 'youtube#comment', 'etag': '_Ztz3IW9BgRdjN45d-vxJffPcIk', 'id': 'Ugypj2l6Xyp8GtZmt-N4AaABAg', 'snippet': {'videoId': 'zEfTDpfyt1o', 'textDisplay': 'TSE estamos no caminho certo da Ditadura! Vcs estão de parabéns!<br>STF e TSE VERGONHOSOS!!', 'textOriginal': 'TSE estamos no caminho certo da Ditadura! Vcs estão de parabéns!\\nSTF e TSE VERGONHOSOS!!', 'authorDisplayName': 'Fernanda Ferreira', 'authorProfileImageUrl': 'https://yt3.ggpht.com/ytc/AGIKgqONPEJRPaLoU9RN3La_jgpCO4uAqjPhxLsLDg=s48-c-k-c0x00ffffff-no-rj', 'authorChannelUrl': 'http://www.youtube.com/channel/UCvRtNlrL28U-yWbT4kwa7GA', 'authorChannelId': {'value': 'UCvRtNlrL28U-yWbT4kwa7GA'}, 'canRate': True, 'viewerRating': 'none', 'likeCount': 0, 'publishedAt': '2022-10-23T22:22:15Z', 'updatedAt': '2022-10-23T22:22:15Z'}}, 'canReply': True, 'totalReplyCount': 0, 'isPublic': True}",,UCvRtNlrL28U-yWbT4kwa7GA,2022-10-23T22:22:15Z,"TSE estamos no caminho certo da Ditadura! Vcs estão de parabéns!
STF e TSE VERGONHOSOS!!",QURTSl9pMEJKeFpVTE14Si10NkphRHdUV25Wd25lSXNOTDBSWm91NXA5Ymd3T1Jid3BIQmdSUGg4aWMzU0tWek9MWkV3YWtZRDRtQWh5SQ==,2023-06-08 14:52:46.326487
youtube#commentThread,NogbMRHVgNPxgMHpstt9spovaW0,UgxjhqWu9X_zGKpFB1N4AaABAg,"{'videoId': 'zEfTDpfyt1o', 'topLevelComment': {'kind': 'youtube#comment', 'etag': 'V51yG-6H2y9TOl4E2hoqP9yT1So', 'id': 'UgxjhqWu9X_zGKpFB1N4AaABAg', 'snippet': {'videoId': 'zEfTDpfyt1o', 'textDisplay': 'Mimimimi ..... Esses jornalistas .. cineastas .. são muito inconvenientes !!', 'textOriginal': 'Mimimimi ..... Esses jornalistas .. cineastas .. são muito inconvenientes !!', 'authorDisplayName': 'Solange Marti', 'authorProfileImageUrl': 'https://yt3.ggpht.com/ytc/AGIKgqOesR7g0xe8o_L2dkKPECUNvXd_J06moq5m69WdFsnw0Hmy9238U6zwKFNJLIDm=s48-c-k-c0x00ffffff-no-rj', 'authorChannelUrl': 'http://www.youtube.com/channel/UCgd-8PiFKiJhvVdWI4XKwzg', 'authorChannelId': {'value': 'UCgd-8PiFKiJhvVdWI4XKwzg'}, 'canRate': True, 'viewerRating': 'none', 'likeCount': 0, 'publishedAt': '2022-10-23T22:22:13Z', 'updatedAt': '2022-10-23T22:22:13Z'}}, 'canReply': True, 'totalReplyCount': 0, 'isPublic': True}",,UCgd-8PiFKiJhvVdWI4XKwzg,2022-10-23T22:22:13Z,Mimimimi ..... Esses jornalistas .. cineastas .. são muito inconvenientes !!,QURTSl9pMEJKeFpVTE14Si10NkphRHdUV25Wd25lSXNOTDBSWm91NXA5Ymd3T1Jid3BIQmdSUGg4aWMzU0tWek9MWkV3YWtZRDRtQWh5SQ==,2023-06-08 14:52:46.326487
youtube#commentThread,IyHXhU3sEIMhDmhZkNKEDip-56I,Ugwdj3p4T3J3umzaQRR4AaABAg,"{'videoId': 'zEfTDpfyt1o', 'topLevelComment': {'kind': 'youtube#comment', 'etag': 'nSgkW6O9koopKtk0F58xZjzFE-8', 'id': 'Ugwdj3p4T3J3umzaQRR4AaABAg', 'snippet': {'videoId': 'zEfTDpfyt1o', 'textDisplay': '<a href=""http://www.youtube.com/results?search_query=%23n%C3%A3oaoativismojudicial"">#NãoAoAtivismoJudicial</a> <br><a href=""http://www.youtube.com/results?search_query=%23n%C3%A3oaditaduradatoga"">#NãoADitaduraDaToga</a> <br><a href=""http://www.youtube.com/results?search_query=%23brasilacimadetudoedeusacimadetodos"">#BrasilAcimaDeTudoeDeusacimaDeTodos</a> <br><a href=""http://www.youtube.com/results?search_query=%23deuspatriafamilialiberdade"">#DeusPatriaFamiliaLiberdade</a> <br><a href=""http://www.youtube.com/results?search_query=%23%C3%A9jairoujaera"">#ÉJairouJaEra</a> <br><a href=""http://www.youtube.com/results?search_query=%23euconfionopresidentebolsonaro"">#EuConfioNoPresidenteBolsonaro</a>', 'textOriginal': '#NãoAoAtivismoJudicial \\n#NãoADitaduraDaToga \\n#BrasilAcimaDeTudoeDeusacimaDeTodos \\n#DeusPatriaFamiliaLiberdade \\n#ÉJairouJaEra \\n#EuConfioNoPresidenteBolsonaro', 'authorDisplayName': 'Vilma Aparecida', 'authorProfileImageUrl': 'https://yt3.ggpht.com/ytc/AGIKgqNy3un9WT6-9An5f-n16WJm8wsOEGbHE7cpqxdb=s48-c-k-c0x00ffffff-no-rj', 'authorChannelUrl': 'http://www.youtube.com/channel/UCnqsQB9Oqex5OxpcPrBGzBQ', 'authorChannelId': {'value': 'UCnqsQB9Oqex5OxpcPrBGzBQ'}, 'canRate': True, 'viewerRating': 'none', 'likeCount': 0, 'publishedAt': '2022-10-23T22:22:09Z', 'updatedAt': '2022-10-23T22:22:09Z'}}, 'canReply': True, 'totalReplyCount': 0, 'isPublic': True}",,UCnqsQB9Oqex5OxpcPrBGzBQ,2022-10-23T22:22:09Z,"#NãoAoAtivismoJudicial 
#NãoADitaduraDaToga 
#BrasilAcimaDeTudoeDeusacimaDeTodos 
#DeusPatriaFamiliaLiberdade 
#ÉJairouJaEra 
#EuConfioNoPresidenteBolsonaro",QURTSl9pMEJKeFpVTE14Si10NkphRHdUV25Wd25lSXNOTDBSWm91NXA5Ymd3T1Jid3BIQmdSUGg4aWMzU0tWek9MWkV3YWtZRDRtQWh5SQ==,2023-06-08 14:52:46.326487
youtube#commentThread,6nz5XjL6r9nlNkpY9tTPY0m6eKs,UgxXVY87JFaURBMQoe14AaABAg,"{'videoId': 'zEfTDpfyt1o', 'topLevelComment': {'kind': 'youtube#comment', 'etag': 'OHiSpaLTPWmDd-9W29SYz7cHGmY', 'id': 'UgxXVY87JFaURBMQoe14AaABAg', 'snippet': {'videoId': 'zEfTDpfyt1o', 'textDisplay': 'Se é pra descumprir a constituição tem que valer para os dois lados', 'textOriginal': 'Se é pra descumprir a constituição tem que valer para os dois lados', 'authorDisplayName': 'Professor Cassiano', 'authorProfileImageUrl': 'https://yt3.ggpht.com/ytc/AGIKgqPlBlCwXlVnWcgNOdbJNC17pNRfGQaJV7v0wFvj=s48-c-k-c0x00ffffff-no-rj', 'authorChannelUrl': 'http://www.youtube.com/channel/UC7cbWEwoZdaSazmjnpKlCGQ', 'authorChannelId': {'value': 'UC7cbWEwoZdaSazmjnpKlCGQ'}, 'canRate': True, 'viewerRating': 'none', 'likeCount': 0, 'publishedAt': '2022-10-23T22:22:05Z', 'updatedAt': '2022-10-23T22:22:05Z'}}, 'canReply': True, 'totalReplyCount': 0, 'isPublic': True}",,UC7cbWEwoZdaSazmjnpKlCGQ,2022-10-23T22:22:05Z,Se é pra descumprir a constituição tem que valer para os dois lados,QURTSl9pMEJKeFpVTE14Si10NkphRHdUV25Wd25lSXNOTDBSWm91NXA5Ymd3T1Jid3BIQmdSUGg4aWMzU0tWek9MWkV3YWtZRDRtQWh5SQ==,2023-06-08 14:52:46.326487
youtube#commentThread,qK6sQZCxtEEAc1jednTWBeR25PM,UgxvA2Y83rdrbCKbV294AaABAg,"{'videoId': 'zEfTDpfyt1o', 'topLevelComment': {'kind': 'youtube#comment', 'etag': 'Bcv4wY2IEcD5DKtG_pORYmRufiE', 'id': 'UgxvA2Y83rdrbCKbV294AaABAg', 'snippet': {'videoId': 'zEfTDpfyt1o', 'textDisplay': 'O STF que dê conta pra conter a revolta da população. Eles atiçaram', 'textOriginal': 'O STF que dê conta pra conter a revolta da população. Eles atiçaram', 'authorDisplayName': 'AA', 'authorProfileImageUrl': 'https://yt3.ggpht.com/Me05Vr1MM1HyRaR6FPk3vR6fR8TlYirGijkJTthhiSoQaAoOrrzFrFny4iXmYhwzrig0NTRslQ=s48-c-k-c0x00ffffff-no-rj', 'authorChannelUrl': 'http://www.youtube.com/channel/UCTAASfbjbed56POwFq2RkTg', 'authorChannelId': {'value': 'UCTAASfbjbed56POwFq2RkTg'}, 'canRate': True, 'viewerRating': 'none', 'likeCount': 0, 'publishedAt': '2022-10-23T22:22:05Z', 'updatedAt': '2022-10-23T22:22:05Z'}}, 'canReply': True, 'totalReplyCount': 0, 'isPublic': True}",,UCTAASfbjbed56POwFq2RkTg,2022-10-23T22:22:05Z,O STF que dê conta pra conter a revolta da população. Eles atiçaram,QURTSl9pMEJKeFpVTE14Si10NkphRHdUV25Wd25lSXNOTDBSWm91NXA5Ymd3T1Jid3BIQmdSUGg4aWMzU0tWek9MWkV3YWtZRDRtQWh5SQ==,2023-06-08 14:52:46.326487
youtube#commentThread,vmTBf0og6c8s2Yi0TLt-KBfabII,Ugy5m_HH8Tu5HbcQB6x4AaABAg,"{'videoId': 'zEfTDpfyt1o', 'topLevelComment': {'kind': 'youtube#comment', 'etag': 'LoPtt4uUbqoiBtULUwWI3V5HmoA', 'id': 'Ugy5m_HH8Tu5HbcQB6x4AaABAg', 'snippet': {'videoId': 'zEfTDpfyt1o', 'textDisplay': 'O cara caiu sozinho !!!!!<br>Não vi nada demais....', 'textOriginal': 'O cara caiu sozinho !!!!!\\nNão vi nada demais....', 'authorDisplayName': 'Paulo henrique', 'authorProfileImageUrl': 'https://yt3.ggpht.com/ytc/AGIKgqOhkVwlV75r529ezqtyHY8K5SzG9JXVUnI18g=s48-c-k-c0x00ffffff-no-rj', 'authorChannelUrl': 'http://www.youtube.com/channel/UCR-WVJydgKNaQnDhl8j2uPA', 'authorChannelId': {'value': 'UCR-WVJydgKNaQnDhl8j2uPA'}, 'canRate': True, 'viewerRating': 'none', 'likeCount': 0, 'publishedAt': '2022-10-23T22:22:04Z', 'updatedAt': '2022-10-23T22:22:04Z'}}, 'canReply': True, 'totalReplyCount': 0, 'isPublic': True}",,UCR-WVJydgKNaQnDhl8j2uPA,2022-10-23T22:22:04Z,"O cara caiu sozinho !!!!!
Não vi nada demais....",QURTSl9pMEJKeFpVTE14Si10NkphRHdUV25Wd25lSXNOTDBSWm91NXA5Ymd3T1Jid3BIQmdSUGg4aWMzU0tWek9MWkV3YWtZRDRtQWh5SQ==,2023-06-08 14:52:46.326487
youtube#commentThread,3GU-7ApEKmRP3Jh1xnq_KR--AHU,UgyDR9GycvGDbe_MhJ54AaABAg,"{'videoId': 'zEfTDpfyt1o', 'topLevelComment': {'kind': 'youtube#comment', 'etag': '85v3YFriqkk1FcQtbux5FiveepI', 'id': 'UgyDR9GycvGDbe_MhJ54AaABAg', 'snippet': {'videoId': 'zEfTDpfyt1o', 'textDisplay': 'Essa agressão me pareceu uma armação. Cadê o agressor???', 'textOriginal': 'Essa agressão me pareceu uma armação. Cadê o agressor???', 'authorDisplayName': 'Alberto Hermanny Filho', 'authorProfileImageUrl': 'https://yt3.ggpht.com/ytc/AGIKgqNUua4oAuUmJ5h6uQowlENlResmeR83ety2SveKbA=s48-c-k-c0x00ffffff-no-rj', 'authorChannelUrl': 'http://www.youtube.com/channel/UCa7hp9Vgfe_gVd4UF_DYAuw', 'authorChannelId': {'value': 'UCa7hp9Vgfe_gVd4UF_DYAuw'}, 'canRate': True, 'viewerRating': 'none', 'likeCount': 0, 'publishedAt': '2022-10-23T22:22:04Z', 'updatedAt': '2022-10-23T22:22:04Z'}}, 'canReply': True, 'totalReplyCount': 0, 'isPublic': True}",,UCa7hp9Vgfe_gVd4UF_DYAuw,2022-10-23T22:22:04Z,Essa agressão me pareceu uma armação. Cadê o agressor???,QURTSl9pMEJKeFpVTE14Si10NkphRHdUV25Wd25lSXNOTDBSWm91NXA5Ymd3T1Jid3BIQmdSUGg4aWMzU0tWek9MWkV3YWtZRDRtQWh5SQ==,2023-06-08 14:52:46.326487
youtube#commentThread,YbOyg-vdC-PDuKWaIVZto4hevAc,UgywzNikIAmgkgAAQXN4AaABAg,"{'videoId': 'zEfTDpfyt1o', 'topLevelComment': {'kind': 'youtube#comment', 'etag': 'MIkvpv0dPlvEqoW1cFSqMJ8IVD4', 'id': 'UgywzNikIAmgkgAAQXN4AaABAg', 'snippet': {'videoId': 'zEfTDpfyt1o', 'textDisplay': 'A globo tambem esta prestando solidaredade pra voces da jp', 'textOriginal': 'A globo tambem esta prestando solidaredade pra voces da jp', 'authorDisplayName': 'Helton Calazans', 'authorProfileImageUrl': 'https://yt3.ggpht.com/ytc/AGIKgqPbO3_aVkK5lOh-jo8sRZJtpLuprbh2ycqdtQ=s48-c-k-c0x00ffffff-no-rj', 'authorChannelUrl': 'http://www.youtube.com/channel/UCR-DuZ1Y_G_JR73_Ruf2x9Q', 'authorChannelId': {'value': 'UCR-DuZ1Y_G_JR73_Ruf2x9Q'}, 'canRate': True, 'viewerRating': 'none', 'likeCount': 0, 'publishedAt': '2022-10-23T22:22:02Z', 'updatedAt': '2022-10-23T22:22:02Z'}}, 'canReply': True, 'totalReplyCount': 0, 'isPublic': True}",,UCR-DuZ1Y_G_JR73_Ruf2x9Q,2022-10-23T22:22:02Z,A globo tambem esta prestando solidaredade pra voces da jp,QURTSl9pMEJKeFpVTE14Si10NkphRHdUV25Wd25lSXNOTDBSWm91NXA5Ymd3T1Jid3BIQmdSUGg4aWMzU0tWek9MWkV3YWtZRDRtQWh5SQ==,2023-06-08 14:52:46.326487
youtube#commentThread,-nZonEvCq_qtuUgUyYG74LGspGY,UgzxqL2f07I8IOiI_jJ4AaABAg,"{'videoId': 'zEfTDpfyt1o', 'topLevelComment': {'kind': 'youtube#comment', 'etag': '3M4l5u4j49SZOeOBmNj5-HSedtQ', 'id': 'UgzxqL2f07I8IOiI_jJ4AaABAg', 'snippet': {'videoId': 'zEfTDpfyt1o', 'textDisplay': 'Reporte da Globo tem mais é que si fude mesmo, pois ela tem parte da  culpa deste PAÍS estar passando pelo oque está passando', 'textOriginal': 'Reporte da Globo tem mais é que si fude mesmo, pois ela tem parte da  culpa deste PAÍS estar passando pelo oque está passando', 'authorDisplayName': 'Emanuel Carvalho', 'authorProfileImageUrl': 'https://yt3.ggpht.com/ytc/AGIKgqMaYTJxLBVfm3T_EnfCUPwK3CWWKqUxkk7eSj1L4vokoLfQhyvjThwZRavpMAFY=s48-c-k-c0x00ffffff-no-rj', 'authorChannelUrl': 'http://www.youtube.com/channel/UC1qNsakrWYd_AOrWBvRmc7g', 'authorChannelId': {'value': 'UC1qNsakrWYd_AOrWBvRmc7g'}, 'canRate': True, 'viewerRating': 'none', 'likeCount': 0, 'publishedAt': '2022-10-23T22:22:02Z', 'updatedAt': '2022-10-23T22:22:02Z'}}, 'canReply': True, 'totalReplyCount': 0, 'isPublic': True}",,UC1qNsakrWYd_AOrWBvRmc7g,2022-10-23T22:22:02Z,"Reporte da Globo tem mais é que si fude mesmo, pois ela tem parte da  culpa deste PAÍS estar passando pelo oque está passando",QURTSl9pMEJKeFpVTE14Si10NkphRHdUV25Wd25lSXNOTDBSWm91NXA5Ymd3T1Jid3BIQmdSUGg4aWMzU0tWek9MWkV3YWtZRDRtQWh5SQ==,2023-06-08 14:52:46.326487
youtube#commentThread,962JtxBNVoEIBjqlTTtfiLM5eig,Ugz1jqT5IUtCYpmGkOl4AaABAg,"{'videoId': 'zEfTDpfyt1o', 'topLevelComment': {'kind': 'youtube#comment', 'etag': 'yV_9iRvQWfqk0qJbIkBw43F0Hf4', 'id': 'Ugz1jqT5IUtCYpmGkOl4AaABAg', 'snippet': {'videoId': 'zEfTDpfyt1o', 'textDisplay': 'Se é da globo...bate sem dó', 'textOriginal': 'Se é da globo...bate sem dó', 'authorDisplayName': 'Jair Borin', 'authorProfileImageUrl': 'https://yt3.ggpht.com/ytc/AGIKgqN5q8r90JC0IBkr1JJXUr3vtUF5_JmsW2-LnYUJXb8=s48-c-k-c0x00ffffff-no-rj', 'authorChannelUrl': 'http://www.youtube.com/channel/UCXvjj-kGNybpLU8kWklYNfQ', 'authorChannelId': {'value': 'UCXvjj-kGNybpLU8kWklYNfQ'}, 'canRate': True, 'viewerRating': 'none', 'likeCount': 0, 'publishedAt': '2022-10-23T22:22:01Z', 'updatedAt': '2022-10-23T22:22:01Z'}}, 'canReply': True, 'totalReplyCount': 0, 'isPublic': True}",,UCXvjj-kGNybpLU8kWklYNfQ,2022-10-23T22:22:01Z,Se é da globo...bate sem dó,QURTSl9pMEJKeFpVTE14Si10NkphRHdUV25Wd25lSXNOTDBSWm91NXA5Ymd3T1Jid3BIQmdSUGg4aWMzU0tWek9MWkV3YWtZRDRtQWh5SQ==,2023-06-08 14:52:46.326487
youtube#commentThread,BwAtLagAXhV07bWBuOpyKGIETc4,UgwGvB2ZVRymHIFzUtF4AaABAg,"{'videoId': 'zEfTDpfyt1o', 'topLevelComment': {'kind': 'youtube#comment', 'etag': 'WcSzudmha2m8nB440Hze45Hy8jg', 'id': 'UgwGvB2ZVRymHIFzUtF4AaABAg', 'snippet': {'videoId': 'zEfTDpfyt1o', 'textDisplay': 'Quando a justiça é injusta todos sofrem com a sua repreensão sua censura E aí inicia a justiça pelas próprias mãos... Nós já estamos começando a entrar no vale Tudo', 'textOriginal': 'Quando a justiça é injusta todos sofrem com a sua repreensão sua censura E aí inicia a justiça pelas próprias mãos... Nós já estamos começando a entrar no vale Tudo', 'authorDisplayName': 'Maria Elizabete Przybysz', 'authorProfileImageUrl': 'https://yt3.ggpht.com/ytc/AGIKgqMdyqGYdXyqDaVX1x_9_si57rgsyQMxFFtRGQ=s48-c-k-c0x00ffffff-no-rj', 'authorChannelUrl': 'http://www.youtube.com/channel/UCOT7ZQAma0y5AD3Lp1NZdyA', 'authorChannelId': {'value': 'UCOT7ZQAma0y5AD3Lp1NZdyA'}, 'canRate': True, 'viewerRating': 'none', 'likeCount': 47, 'publishedAt': '2022-10-23T22:22:01Z', 'updatedAt': '2022-10-23T22:22:01Z'}}, 'canReply': True, 'totalReplyCount': 1, 'isPublic': True}","{'comments': [{'kind': 'youtube#comment', 'etag': 'bdk4CvGuZnRLWJ4-U1dBL4iuE70', 'id': 'UgwGvB2ZVRymHIFzUtF4AaABAg.9hYA8TkOkSK9hYBMrlEHac', 'snippet': {'videoId': 'zEfTDpfyt1o', 'textDisplay': 'Blza, quando vc for a rua der uma facada no primeiro que ver já que isso se justifica.', 'textOriginal': 'Blza, quando vc for a rua der uma facada no primeiro que ver já que isso se justifica.', 'parentId': 'UgwGvB2ZVRymHIFzUtF4AaABAg', 'authorDisplayName': 'Jailton Aragão', 'authorProfileImageUrl': 'https://yt3.ggpht.com/ytc/AGIKgqM2js3FWdTZi8mlz2VCchNqDZm2qTpIS73u_cussw=s48-c-k-c0x00ffffff-no-rj', 'authorChannelUrl': 'http://www.youtube.com/channel/UC1Qv_BqoIo89AZ2KdGANoow', 'authorChannelId': {'value': 'UC1Qv_BqoIo89AZ2KdGANoow'}, 'canRate': True, 'viewerRating': 'none', 'likeCount': 0, 'publishedAt': '2022-10-23T22:32:43Z', 'updatedAt': '2022-10-23T22:32:43Z'}}]}",UCOT7ZQAma0y5AD3Lp1NZdyA,2022-10-23T22:22:01Z,Quando a justiça é injusta todos sofrem com a sua repreensão sua censura E aí inicia a justiça pelas próprias mãos... Nós já estamos começando a entrar no vale Tudo,QURTSl9pMEJKeFpVTE14Si10NkphRHdUV25Wd25lSXNOTDBSWm91NXA5Ymd3T1Jid3BIQmdSUGg4aWMzU0tWek9MWkV3YWtZRDRtQWh5SQ==,2023-06-08 14:52:46.326487
youtube#commentThread,dNcXMLZEOw8HhAb9BuBE26h4fQc,Ugwmz1AgbbcLHLUYc394AaABAg,"{'videoId': 'zEfTDpfyt1o', 'topLevelComment': {'kind': 'youtube#comment', 'etag': 'MPNDr5gwDkVi5s3BpoQ5-yDfEMU', 'id': 'Ugwmz1AgbbcLHLUYc394AaABAg', 'snippet': {'videoId': 'zEfTDpfyt1o', 'textDisplay': 'Isso tudo é culpa do STF', 'textOriginal': 'Isso tudo é culpa do STF', 'authorDisplayName': 'Coisa Mais linda', 'authorProfileImageUrl': 'https://yt3.ggpht.com/ytc/AGIKgqPYwGSY-omc6ZC1yAx04rYo1F1aPfhiODGAFTqV1wJWZ0v5ieaBXmyj8APHuG_L=s48-c-k-c0x00ffffff-no-rj', 'authorChannelUrl': 'http://www.youtube.com/channel/UC5UDUwcJF8-AP63Ht6Ch6dA', 'authorChannelId': {'value': 'UC5UDUwcJF8-AP63Ht6Ch6dA'}, 'canRate': True, 'viewerRating': 'none', 'likeCount': 0, 'publishedAt': '2022-10-23T22:22:01Z', 'updatedAt': '2022-10-23T22:22:01Z'}}, 'canReply': True, 'totalReplyCount': 0, 'isPublic': True}",,UC5UDUwcJF8-AP63Ht6Ch6dA,2022-10-23T22:22:01Z,Isso tudo é culpa do STF,QURTSl9pMEJKeFpVTE14Si10NkphRHdUV25Wd25lSXNOTDBSWm91NXA5Ymd3T1Jid3BIQmdSUGg4aWMzU0tWek9MWkV3YWtZRDRtQWh5SQ==,2023-06-08 14:52:46.326487
youtube#commentThread,v6F3Vc7PwbHng_7joKP85qBYVxY,Ugy3XOlN6F3-idzbMuB4AaABAg,"{'videoId': 'zEfTDpfyt1o', 'topLevelComment': {'kind': 'youtube#comment', 'etag': 'HQZN9A20G9wKOkOzHs4uZ2yAe5A', 'id': 'Ugy3XOlN6F3-idzbMuB4AaABAg', 'snippet': {'videoId': 'zEfTDpfyt1o', 'textDisplay': 'JP passa pano o tempo todo pra genocida bozo', 'textOriginal': 'JP passa pano o tempo todo pra genocida bozo', 'authorDisplayName': 'José Ivanildo Da Silva', 'authorProfileImageUrl': 'https://yt3.ggpht.com/ytc/AGIKgqOzIeXvC6a9ul3RlUNDzKJWhK4mjXHDFK14Ag=s48-c-k-c0x00ffffff-no-rj', 'authorChannelUrl': 'http://www.youtube.com/channel/UCnFc5h5vyfFnTir638J3-uA', 'authorChannelId': {'value': 'UCnFc5h5vyfFnTir638J3-uA'}, 'canRate': True, 'viewerRating': 'none', 'likeCount': 0, 'publishedAt': '2022-10-23T22:22:00Z', 'updatedAt': '2022-10-23T22:22:00Z'}}, 'canReply': True, 'totalReplyCount': 0, 'isPublic': True}",,UCnFc5h5vyfFnTir638J3-uA,2022-10-23T22:22:00Z,JP passa pano o tempo todo pra genocida bozo,QURTSl9pMEJKeFpVTE14Si10NkphRHdUV25Wd25lSXNOTDBSWm91NXA5Ymd3T1Jid3BIQmdSUGg4aWMzU0tWek9MWkV3YWtZRDRtQWh5SQ==,2023-06-08 14:52:46.326487
youtube#commentThread,bnQFMCH4i-FY_yh4wO_JBXxucFE,UgxCca1EJ1N7gvVvSyx4AaABAg,"{'videoId': 'zEfTDpfyt1o', 'topLevelComment': {'kind': 'youtube#comment', 'etag': 'EWNY--JEkqFpGGjUCrcAJb0zl18', 'id': 'UgxCca1EJ1N7gvVvSyx4AaABAg', 'snippet': {'videoId': 'zEfTDpfyt1o', 'textDisplay': 'Da rede globo são um bando de  Abutres o Brasil vai reagir se o ladrão for eleito na fraude todos vão sofrer e não adianta fugir o bicho vai pegar', 'textOriginal': 'Da rede globo são um bando de  Abutres o Brasil vai reagir se o ladrão for eleito na fraude todos vão sofrer e não adianta fugir o bicho vai pegar', 'authorDisplayName': 'brasileiro bolado', 'authorProfileImageUrl': 'https://yt3.ggpht.com/9hO4f0SKxroMlZow0KA8TpqlOpHB5Z_LH7nyOKRAqqhKc-TkFX0JOXUgdgxpigC_efnFM7rQOw=s48-c-k-c0x00ffffff-no-rj', 'authorChannelUrl': 'http://www.youtube.com/channel/UCfsHL3BxwNaQDNo5KP3ffew', 'authorChannelId': {'value': 'UCfsHL3BxwNaQDNo5KP3ffew'}, 'canRate': True, 'viewerRating': 'none', 'likeCount': 0, 'publishedAt': '2022-10-23T22:21:54Z', 'updatedAt': '2022-10-23T22:21:54Z'}}, 'canReply': True, 'totalReplyCount': 0, 'isPublic': True}",,UCfsHL3BxwNaQDNo5KP3ffew,2022-10-23T22:21:54Z,Da rede globo são um bando de  Abutres o Brasil vai reagir se o ladrão for eleito na fraude todos vão sofrer e não adianta fugir o bicho vai pegar,QURTSl9pMEJKeFpVTE14Si10NkphRHdUV25Wd25lSXNOTDBSWm91NXA5Ymd3T1Jid3BIQmdSUGg4aWMzU0tWek9MWkV3YWtZRDRtQWh5SQ==,2023-06-08 14:52:46.326487
youtube#commentThread,GeHwrexegmrUWt0QKm8laha7rkI,Ugy21vxuHKPU2-e_RJ14AaABAg,"{'videoId': 'zEfTDpfyt1o', 'topLevelComment': {'kind': 'youtube#comment', 'etag': 'ywpGhWayYxKoW6ylx4f_j4xpHEU', 'id': 'Ugy21vxuHKPU2-e_RJ14AaABAg', 'snippet': {'videoId': 'zEfTDpfyt1o', 'textDisplay': 'Está difícil  ninguém resolve as coisas com agressão  este Zé ruela   respeita as opiniões diferentes e  as pessoas que pensan  de forma da sua.', 'textOriginal': 'Está difícil  ninguém resolve as coisas com agressão  este Zé ruela   respeita as opiniões diferentes e  as pessoas que pensan  de forma da sua.', 'authorDisplayName': 'MAX Silva', 'authorProfileImageUrl': 'https://yt3.ggpht.com/ytc/AGIKgqML1_Y9cGTtOilI0Tdg56YcG5BUPdvE9yZ56uNeXg=s48-c-k-c0x00ffffff-no-rj', 'authorChannelUrl': 'http://www.youtube.com/channel/UCVMrBTneqjbRjeUewAKo3Ug', 'authorChannelId': {'value': 'UCVMrBTneqjbRjeUewAKo3Ug'}, 'canRate': True, 'viewerRating': 'none', 'likeCount': 0, 'publishedAt': '2022-10-23T22:21:51Z', 'updatedAt': '2022-10-23T22:21:51Z'}}, 'canReply': True, 'totalReplyCount': 0, 'isPublic': True}",,UCVMrBTneqjbRjeUewAKo3Ug,2022-10-23T22:21:51Z,Está difícil  ninguém resolve as coisas com agressão  este Zé ruela   respeita as opiniões diferentes e  as pessoas que pensan  de forma da sua.,QURTSl9pMEJKeFpVTE14Si10NkphRHdUV25Wd25lSXNOTDBSWm91NXA5Ymd3T1Jid3BIQmdSUGg4aWMzU0tWek9MWkV3YWtZRDRtQWh5SQ==,2023-06-08 14:52:46.326487
youtube#commentThread,w_S-9QZEL3SB6RK5ffZa6tP-hGE,UgywzZUod2Y-kds0UVp4AaABAg,"{'videoId': 'zEfTDpfyt1o', 'topLevelComment': {'kind': 'youtube#comment', 'etag': 'qPKR_vaPtywJrBFKt3ZUGZ0nW7w', 'id': 'UgywzZUod2Y-kds0UVp4AaABAg', 'snippet': {'videoId': 'zEfTDpfyt1o', 'textDisplay': 'vi nada não !!!!!!!!!!!!!!!!!!!!!!! quero outros angulos??????????????', 'textOriginal': 'vi nada não !!!!!!!!!!!!!!!!!!!!!!! quero outros angulos??????????????', 'authorDisplayName': 'carlos catonho Catonho', 'authorProfileImageUrl': 'https://yt3.ggpht.com/ytc/AGIKgqOJuV-r3T6Pdq2-R2BNmQTsYA7ln_mciIuhq_OY_g=s48-c-k-c0x00ffffff-no-rj', 'authorChannelUrl': 'http://www.youtube.com/channel/UCvin75xXd6-z7Iz3qgzY1lg', 'authorChannelId': {'value': 'UCvin75xXd6-z7Iz3qgzY1lg'}, 'canRate': True, 'viewerRating': 'none', 'likeCount': 0, 'publishedAt': '2022-10-23T22:21:46Z', 'updatedAt': '2022-10-23T22:23:10Z'}}, 'canReply': True, 'totalReplyCount': 0, 'isPublic': True}",,UCvin75xXd6-z7Iz3qgzY1lg,2022-10-23T22:21:46Z,vi nada não !!!!!!!!!!!!!!!!!!!!!!! quero outros angulos??????????????,QURTSl9pMEJKeFpVTE14Si10NkphRHdUV25Wd25lSXNOTDBSWm91NXA5Ymd3T1Jid3BIQmdSUGg4aWMzU0tWek9MWkV3YWtZRDRtQWh5SQ==,2023-06-08 14:52:46.326487
youtube#commentThread,XtgPORsR5NL2rrJZGVaWcqelK9s,UgztIbNjBdeSdGVv6sR4AaABAg,"{'videoId': 'zEfTDpfyt1o', 'topLevelComment': {'kind': 'youtube#comment', 'etag': 'j4shfzaLwwVugDRhnu0_37qYbHI', 'id': 'UgztIbNjBdeSdGVv6sR4AaABAg', 'snippet': {'videoId': 'zEfTDpfyt1o', 'textDisplay': 'Bom, por conta  de uma censura, é   que está acontecendo tudo isso, mas  a violência não justifica, seria  mais fácil  revogar tal atitude onde reprime a imprensa de divulgar os acontescimebtos', 'textOriginal': 'Bom, por conta  de uma censura, é   que está acontecendo tudo isso, mas  a violência não justifica, seria  mais fácil  revogar tal atitude onde reprime a imprensa de divulgar os acontescimebtos', 'authorDisplayName': 'Manoel Freitas', 'authorProfileImageUrl': 'https://yt3.ggpht.com/ytc/AGIKgqOtfujm7edOlytHog2OrXBgBCapqoxVQxGi8q_gQg=s48-c-k-c0x00ffffff-no-rj', 'authorChannelUrl': 'http://www.youtube.com/channel/UC5ndG465bpiFQp-1hM8BASg', 'authorChannelId': {'value': 'UC5ndG465bpiFQp-1hM8BASg'}, 'canRate': True, 'viewerRating': 'none', 'likeCount': 5, 'publishedAt': '2022-10-23T22:21:45Z', 'updatedAt': '2022-10-23T22:21:45Z'}}, 'canReply': True, 'totalReplyCount': 1, 'isPublic': True}","{'comments': [{'kind': 'youtube#comment', 'etag': 'c0UVE3hsJyI3NIcKJ8hNjEJ0Tw8', 'id': 'UgztIbNjBdeSdGVv6sR4AaABAg.9hYA6bJvdiE9hYXhIiO_2X', 'snippet': {'videoId': 'zEfTDpfyt1o', 'textDisplay': 'Eles estão testando nossa capacidade de reação...já deu para sondarem', 'textOriginal': 'Eles estão testando nossa capacidade de reação...já deu para sondarem', 'parentId': 'UgztIbNjBdeSdGVv6sR4AaABAg', 'authorDisplayName': 'Tiburcio Nascimento', 'authorProfileImageUrl': 'https://yt3.ggpht.com/ytc/AGIKgqPYJ16XbloZp1nRif2q9UiINjE9b3aLcJFllVpYZmGF8L32gAvFuJ_fm0H5T6oa=s48-c-k-c0x00ffffff-no-rj', 'authorChannelUrl': 'http://www.youtube.com/channel/UCOpVT2WBtvOTmNgRgNreY3Q', 'authorChannelId': {'value': 'UCOpVT2WBtvOTmNgRgNreY3Q'}, 'canRate': True, 'viewerRating': 'none', 'likeCount': 1, 'publishedAt': '2022-10-24T01:47:53Z', 'updatedAt': '2022-10-24T01:47:53Z'}}]}",UC5ndG465bpiFQp-1hM8BASg,2022-10-23T22:21:45Z,"Bom, por conta  de uma censura, é   que está acontecendo tudo isso, mas  a violência não justifica, seria  mais fácil  revogar tal atitude onde reprime a imprensa de divulgar os acontescimebtos",QURTSl9pMEJKeFpVTE14Si10NkphRHdUV25Wd25lSXNOTDBSWm91NXA5Ymd3T1Jid3BIQmdSUGg4aWMzU0tWek9MWkV3YWtZRDRtQWh5SQ==,2023-06-08 14:52:46.326487
youtube#commentThread,wY1zlDuzzJm-4Y5d6KuOREveSMM,UgyG3R9iFKhykxWYeqt4AaABAg,"{'videoId': 'zEfTDpfyt1o', 'topLevelComment': {'kind': 'youtube#comment', 'etag': 'xZGGiJClZFfpj7Cnt-mdhN8_TnU', 'id': 'UgyG3R9iFKhykxWYeqt4AaABAg', 'snippet': {'videoId': 'zEfTDpfyt1o', 'textDisplay': 'A covardia de todos os poderes em agir e punir essas atrocidades do supremo não se vê!!!isso é covardia um órgão assassinar a democracia ea liberdade rasgar a constituição e punir a sociedade com uma ditadura isso sim é covardia total...abuso de poder...e ninguém faz nada!!!inclusive o presidente que chamou a nação as ruas e nenhum atitude toma em relação a isso!!!!república de bananas 🍌 🍌 🍌', 'textOriginal': 'A covardia de todos os poderes em agir e punir essas atrocidades do supremo não se vê!!!isso é covardia um órgão assassinar a democracia ea liberdade rasgar a constituição e punir a sociedade com uma ditadura isso sim é covardia total...abuso de poder...e ninguém faz nada!!!inclusive o presidente que chamou a nação as ruas e nenhum atitude toma em relação a isso!!!!república de bananas 🍌 🍌 🍌', 'authorDisplayName': 'Thuane Mayller', 'authorProfileImageUrl': 'https://yt3.ggpht.com/ytc/AGIKgqMBluuiJBRVhwOLt9YaKMlhln_vLJOBIxBl_d1vQCc=s48-c-k-c0x00ffffff-no-rj', 'authorChannelUrl': 'http://www.youtube.com/channel/UCmd1iI5A7Rj8Atdq7wX6tMg', 'authorChannelId': {'value': 'UCmd1iI5A7Rj8Atdq7wX6tMg'}, 'canRate': True, 'viewerRating': 'none', 'likeCount': 0, 'publishedAt': '2022-10-23T22:21:41Z', 'updatedAt': '2022-10-23T22:21:41Z'}}, 'canReply': True, 'totalReplyCount': 0, 'isPublic': True}",,UCmd1iI5A7Rj8Atdq7wX6tMg,2022-10-23T22:21:41Z,A covardia de todos os poderes em agir e punir essas atrocidades do supremo não se vê!!!isso é covardia um órgão assassinar a democracia ea liberdade rasgar a constituição e punir a sociedade com uma ditadura isso sim é covardia total...abuso de poder...e ninguém faz nada!!!inclusive o presidente que chamou a nação as ruas e nenhum atitude toma em relação a isso!!!!república de bananas 🍌 🍌 🍌,QURTSl9pMEJKeFpVTE14Si10NkphRHdUV25Wd25lSXNOTDBSWm91NXA5Ymd3T1Jid3BIQmdSUGg4aWMzU0tWek9MWkV3YWtZRDRtQWh5SQ==,2023-06-08 14:52:46.326487
youtube#commentThread,pcqtxS6VRNx7ke1vGczn57QtFqk,UgxwCbRlZushWdaG0O14AaABAg,"{'videoId': 'zEfTDpfyt1o', 'topLevelComment': {'kind': 'youtube#comment', 'etag': '8zaehn9egGJVX-uy1l9u25VWIJc', 'id': 'UgxwCbRlZushWdaG0O14AaABAg', 'snippet': {'videoId': 'zEfTDpfyt1o', 'textDisplay': 'Jesus amado. Isso tem que acabar!', 'textOriginal': 'Jesus amado. Isso tem que acabar!', 'authorDisplayName': 'Eliciane Costa', 'authorProfileImageUrl': 'https://yt3.ggpht.com/ytc/AGIKgqO5uUzg9koVQ2ckdkM7_oF5O47D6sDjlRDGMwnhgyU=s48-c-k-c0x00ffffff-no-rj', 'authorChannelUrl': 'http://www.youtube.com/channel/UCfWc5IaYtz14TfwdUBf0kvA', 'authorChannelId': {'value': 'UCfWc5IaYtz14TfwdUBf0kvA'}, 'canRate': True, 'viewerRating': 'none', 'likeCount': 0, 'publishedAt': '2022-10-23T22:21:37Z', 'updatedAt': '2022-10-23T22:21:37Z'}}, 'canReply': True, 'totalReplyCount': 0, 'isPublic': True}",,UCfWc5IaYtz14TfwdUBf0kvA,2022-10-23T22:21:37Z,Jesus amado. Isso tem que acabar!,QURTSl9pMEJKeFpVTE14Si10NkphRHdUV25Wd25lSXNOTDBSWm91NXA5Ymd3T1Jid3BIQmdSUGg4aWMzU0tWek9MWkV3YWtZRDRtQWh5SQ==,2023-06-08 14:52:46.326487
youtube#commentThread,JDEMUTDl-P0Duh-5tsaA1It3RT0,UgwYZvunofI4eBYcr8t4AaABAg,"{'videoId': 'zEfTDpfyt1o', 'topLevelComment': {'kind': 'youtube#comment', 'etag': 'SPIbSiFxlksiCfutJYhq7Vx7StU', 'id': 'UgwYZvunofI4eBYcr8t4AaABAg', 'snippet': {'videoId': 'zEfTDpfyt1o', 'textDisplay': 'Sou contra agressão a quem esta trabalhando...<br>Sou contra prisão arbitrária..<br>Sou a favor de tirar Alexandre morais e Pacheco da vida pública', 'textOriginal': 'Sou contra agressão a quem esta trabalhando...\\nSou contra prisão arbitrária..\\nSou a favor de tirar Alexandre morais e Pacheco da vida pública', 'authorDisplayName': 'Alexandre Santa Croce', 'authorProfileImageUrl': 'https://yt3.ggpht.com/ytc/AGIKgqMQ082XuP7hvbuNpPgLv4GiuRyroyC0I1Osq9k73A=s48-c-k-c0x00ffffff-no-rj', 'authorChannelUrl': 'http://www.youtube.com/channel/UCKhawtOvSGS8-rNIAY1ww5A', 'authorChannelId': {'value': 'UCKhawtOvSGS8-rNIAY1ww5A'}, 'canRate': True, 'viewerRating': 'none', 'likeCount': 3, 'publishedAt': '2022-10-23T22:21:37Z', 'updatedAt': '2022-10-23T22:22:11Z'}}, 'canReply': True, 'totalReplyCount': 0, 'isPublic': True}",,UCKhawtOvSGS8-rNIAY1ww5A,2022-10-23T22:21:37Z,"Sou contra agressão a quem esta trabalhando...
Sou contra prisão arbitrária..
Sou a favor de tirar Alexandre morais e Pacheco da vida pública",QURTSl9pMEJKeFpVTE14Si10NkphRHdUV25Wd25lSXNOTDBSWm91NXA5Ymd3T1Jid3BIQmdSUGg4aWMzU0tWek9MWkV3YWtZRDRtQWh5SQ==,2023-06-08 14:52:46.326487
youtube#commentThread,Prw-w-RlbTynzfd5ydrjM_PmU5s,UgyRHbMGY1oy4nffpxh4AaABAg,"{'videoId': 'zEfTDpfyt1o', 'topLevelComment': {'kind': 'youtube#comment', 'etag': 'hQN1f_Dd026Kyl7PR6lQPhkwxAU', 'id': 'UgyRHbMGY1oy4nffpxh4AaABAg', 'snippet': {'videoId': 'zEfTDpfyt1o', 'textDisplay': 'violência incitada pela direita', 'textOriginal': 'violência incitada pela direita', 'authorDisplayName': 'adson juliano', 'authorProfileImageUrl': 'https://yt3.ggpht.com/ytc/AGIKgqOu9b9nTSG8MZzxMGavS3of5FJI8W-eR6rhoNCeuTZA1DDUYT-T839YFkyyjq1y=s48-c-k-c0x00ffffff-no-rj', 'authorChannelUrl': 'http://www.youtube.com/channel/UCib-uAg4jWO1URA7Nq9-ClQ', 'authorChannelId': {'value': 'UCib-uAg4jWO1URA7Nq9-ClQ'}, 'canRate': True, 'viewerRating': 'none', 'likeCount': 0, 'publishedAt': '2022-10-23T22:21:37Z', 'updatedAt': '2022-10-23T22:21:37Z'}}, 'canReply': True, 'totalReplyCount': 0, 'isPublic': True}",,UCib-uAg4jWO1URA7Nq9-ClQ,2022-10-23T22:21:37Z,violência incitada pela direita,QURTSl9pMEJKeFpVTE14Si10NkphRHdUV25Wd25lSXNOTDBSWm91NXA5Ymd3T1Jid3BIQmdSUGg4aWMzU0tWek9MWkV3YWtZRDRtQWh5SQ==,2023-06-08 14:52:46.326487
youtube#commentThread,50awRCgRPGvpzaGZeJnSgtx_nMc,UgyVRhm28_AWuMuHjZh4AaABAg,"{'videoId': 'zEfTDpfyt1o', 'topLevelComment': {'kind': 'youtube#comment', 'etag': 'WXJvPHc4wxtmhSOgugwVZYoWzxU', 'id': 'UgyVRhm28_AWuMuHjZh4AaABAg', 'snippet': {'videoId': 'zEfTDpfyt1o', 'textDisplay': 'Meu Deus  gente agressão não a pessoa trabalhando meu Deus 😮', 'textOriginal': 'Meu Deus  gente agressão não a pessoa trabalhando meu Deus 😮', 'authorDisplayName': 'luciene alburqueque', 'authorProfileImageUrl': 'https://yt3.ggpht.com/ytc/AGIKgqNf-557EHYu7Go3abH5zhgglBvhVbOi_CehHRmw=s48-c-k-c0x00ffffff-no-rj', 'authorChannelUrl': 'http://www.youtube.com/channel/UCPG6u4fqf5jObr67JDZJ2QQ', 'authorChannelId': {'value': 'UCPG6u4fqf5jObr67JDZJ2QQ'}, 'canRate': True, 'viewerRating': 'none', 'likeCount': 0, 'publishedAt': '2022-10-23T22:21:37Z', 'updatedAt': '2022-10-23T22:21:37Z'}}, 'canReply': True, 'totalReplyCount': 0, 'isPublic': True}",,UCPG6u4fqf5jObr67JDZJ2QQ,2022-10-23T22:21:37Z,Meu Deus  gente agressão não a pessoa trabalhando meu Deus 😮,QURTSl9pMEJKeFpVTE14Si10NkphRHdUV25Wd25lSXNOTDBSWm91NXA5Ymd3T1Jid3BIQmdSUGg4aWMzU0tWek9MWkV3YWtZRDRtQWh5SQ==,2023-06-08 14:52:46.326487
youtube#commentThread,gST5wDATDa-GDk1OzbPpOm_iwrw,UgzhqvmMJ5sHLhr0gq14AaABAg,"{'videoId': 'zEfTDpfyt1o', 'topLevelComment': {'kind': 'youtube#comment', 'etag': 'X6FCLCV-VfopRFmRUZwDhK3W_Ho', 'id': 'UgzhqvmMJ5sHLhr0gq14AaABAg', 'snippet': {'videoId': 'zEfTDpfyt1o', 'textDisplay': 'Não teve agressão só derrubaram a câmera dele..', 'textOriginal': 'Não teve agressão só derrubaram a câmera dele..', 'authorDisplayName': 'Cezar Lopes', 'authorProfileImageUrl': 'https://yt3.ggpht.com/ytc/AGIKgqO6MKQ9cUmSG2bwFycQdReJAbyoh6-YZ0OJSQ=s48-c-k-c0x00ffffff-no-rj', 'authorChannelUrl': 'http://www.youtube.com/channel/UCjUZb9zRNbF5zPhk-O_6Cvg', 'authorChannelId': {'value': 'UCjUZb9zRNbF5zPhk-O_6Cvg'}, 'canRate': True, 'viewerRating': 'none', 'likeCount': 0, 'publishedAt': '2022-10-23T22:21:36Z', 'updatedAt': '2022-10-23T22:21:36Z'}}, 'canReply': True, 'totalReplyCount': 1, 'isPublic': True}","{'comments': [{'kind': 'youtube#comment', 'etag': 'JlRdfD0cgBKWG9L0WC4Vk909rso', 'id': 'UgzhqvmMJ5sHLhr0gq14AaABAg.9hYA5QN7owH9hYALcKzPGc', 'snippet': {'videoId': 'zEfTDpfyt1o', 'textDisplay': 'A câmera bateu na cabeça dele, ele tinha feito uma cirurgia neurológica recentemente e teve uma convulsão, onde que isso n é agressão?', 'textOriginal': 'A câmera bateu na cabeça dele, ele tinha feito uma cirurgia neurológica recentemente e teve uma convulsão, onde que isso n é agressão?', 'parentId': 'UgzhqvmMJ5sHLhr0gq14AaABAg', 'authorDisplayName': 'Chayane Lobo', 'authorProfileImageUrl': 'https://yt3.ggpht.com/ytc/AGIKgqOUgLe4neueJgQt5Na2KlbwSEgHxvuKnT5ToAhDIw=s48-c-k-c0x00ffffff-no-rj', 'authorChannelUrl': 'http://www.youtube.com/channel/UCmDh7YCHtYQQuCrhns4LxMw', 'authorChannelId': {'value': 'UCmDh7YCHtYQQuCrhns4LxMw'}, 'canRate': True, 'viewerRating': 'none', 'likeCount': 0, 'publishedAt': '2022-10-23T22:23:48Z', 'updatedAt': '2022-10-23T22:23:48Z'}}]}",UCjUZb9zRNbF5zPhk-O_6Cvg,2022-10-23T22:21:36Z,Não teve agressão só derrubaram a câmera dele..,QURTSl9pMEJKeFpVTE14Si10NkphRHdUV25Wd25lSXNOTDBSWm91NXA5Ymd3T1Jid3BIQmdSUGg4aWMzU0tWek9MWkV3YWtZRDRtQWh5SQ==,2023-06-08 14:52:46.326487
youtube#commentThread,iQxL2dAuAe1OHEmMx7T5ryiRIxk,UgzbDmq0FqDcGphMGUJ4AaABAg,"{'videoId': 'zEfTDpfyt1o', 'topLevelComment': {'kind': 'youtube#comment', 'etag': 'u3yQKtYQ-zkXsyvk_j57gkF85wA', 'id': 'UgzbDmq0FqDcGphMGUJ4AaABAg', 'snippet': {'videoId': 'zEfTDpfyt1o', 'textDisplay': 'Pioto vc está falando demais...', 'textOriginal': 'Pioto vc está falando demais...', 'authorDisplayName': 'edson barbosa de carvalho', 'authorProfileImageUrl': 'https://yt3.ggpht.com/ytc/AGIKgqNcWJ53Pg_EVEfTNtzVyewtE1mwPmkCGUKsueTnERM=s48-c-k-c0x00ffffff-no-rj', 'authorChannelUrl': 'http://www.youtube.com/channel/UC-i0zgZ-ePb7CG1QJMDbgvA', 'authorChannelId': {'value': 'UC-i0zgZ-ePb7CG1QJMDbgvA'}, 'canRate': True, 'viewerRating': 'none', 'likeCount': 0, 'publishedAt': '2022-10-23T22:21:32Z', 'updatedAt': '2022-10-23T22:21:32Z'}}, 'canReply': True, 'totalReplyCount': 0, 'isPublic': True}",,UC-i0zgZ-ePb7CG1QJMDbgvA,2022-10-23T22:21:32Z,Pioto vc está falando demais...,QURTSl9pMEJKeFpVTE14Si10NkphRHdUV25Wd25lSXNOTDBSWm91NXA5Ymd3T1Jid3BIQmdSUGg4aWMzU0tWek9MWkV3YWtZRDRtQWh5SQ==,2023-06-08 14:52:46.326487
youtube#commentThread,ayf0nLppCgFzoY0QUHPhudl68J0,UgwB55MuUTJUQe8MBEN4AaABAg,"{'videoId': 'zEfTDpfyt1o', 'topLevelComment': {'kind': 'youtube#comment', 'etag': 'SQzZ9TLWdAO4xRkGS-twrmZOo_Q', 'id': 'UgwB55MuUTJUQe8MBEN4AaABAg', 'snippet': {'videoId': 'zEfTDpfyt1o', 'textDisplay': 'Vai para lixeira da historia, agora jovem pan vai passar pano para presidiário,  . Essa é a fotografia da FALSA DIREITA BRASILEIRA . TRONCULENTOS VIOLENTOS IGNORANTES ALIENADOS FANATICOS E DESNUTRIDOS POR DINHEIRO . OS FALSARIOS NAO GOSTA DA VERDADE E DA JUSTIÇA. Agora vão criar uma narrativa que vai ser abuso do judiciário. É APENAS UMA MANOBRA PARA GUERRA CIVIL COM SANGUE DE INOCENTES , VOCÊS ENOJAM O BRASIL. O BRASIL QUER PAZ PAREM DE ATRAVESSAR OS LIMITES DO ACEITAVEL CANALHAS.<br><br>COM BOLSONARO NEM OS POLICIAIS ESTÃO PROTEGIDOS', 'textOriginal': 'Vai para lixeira da historia, agora jovem pan vai passar pano para presidiário,  . Essa é a fotografia da FALSA DIREITA BRASILEIRA . TRONCULENTOS VIOLENTOS IGNORANTES ALIENADOS FANATICOS E DESNUTRIDOS POR DINHEIRO . OS FALSARIOS NAO GOSTA DA VERDADE E DA JUSTIÇA. Agora vão criar uma narrativa que vai ser abuso do judiciário. É APENAS UMA MANOBRA PARA GUERRA CIVIL COM SANGUE DE INOCENTES , VOCÊS ENOJAM O BRASIL. O BRASIL QUER PAZ PAREM DE ATRAVESSAR OS LIMITES DO ACEITAVEL CANALHAS.\\n\\nCOM BOLSONARO NEM OS POLICIAIS ESTÃO PROTEGIDOS', 'authorDisplayName': 'Itamar Medeiros Junior', 'authorProfileImageUrl': 'https://yt3.ggpht.com/ytc/AGIKgqNWZkbVhD3GpjhMYocKND-6UNikHn1hdaNrXA=s48-c-k-c0x00ffffff-no-rj', 'authorChannelUrl': 'http://www.youtube.com/channel/UCl8oyaUfs-BTZY8t7C0VutQ', 'authorChannelId': {'value': 'UCl8oyaUfs-BTZY8t7C0VutQ'}, 'canRate': True, 'viewerRating': 'none', 'likeCount': 0, 'publishedAt': '2022-10-23T22:21:28Z', 'updatedAt': '2022-10-23T22:21:28Z'}}, 'canReply': True, 'totalReplyCount': 0, 'isPublic': True}",,UCl8oyaUfs-BTZY8t7C0VutQ,2022-10-23T22:21:28Z,"Vai para lixeira da historia, agora jovem pan vai passar pano para presidiário,  . Essa é a fotografia da FALSA DIREITA BRASILEIRA . TRONCULENTOS VIOLENTOS IGNORANTES ALIENADOS FANATICOS E DESNUTRIDOS POR DINHEIRO . OS FALSARIOS NAO GOSTA DA VERDADE E DA JUSTIÇA. Agora vão criar uma narrativa que vai ser abuso do judiciário. É APENAS UMA MANOBRA PARA GUERRA CIVIL COM SANGUE DE INOCENTES , VOCÊS ENOJAM O BRASIL. O BRASIL QUER PAZ PAREM DE ATRAVESSAR OS LIMITES DO ACEITAVEL CANALHAS.

COM BOLSONARO NEM OS POLICIAIS ESTÃO PROTEGIDOS",QURTSl9pMEJKeFpVTE14Si10NkphRHdUV25Wd25lSXNOTDBSWm91NXA5Ymd3T1Jid3BIQmdSUGg4aWMzU0tWek9MWkV3YWtZRDRtQWh5SQ==,2023-06-08 14:52:46.326487
youtube#commentThread,u0Uza4tgf5PhUr2K-gowVUGYE9o,UgxMhxHCNpiCxyluJDR4AaABAg,"{'videoId': 'zEfTDpfyt1o', 'topLevelComment': {'kind': 'youtube#comment', 'etag': 'wWruYwzqOhbLg8ZHuKJAbU3eTZc', 'id': 'UgxMhxHCNpiCxyluJDR4AaABAg', 'snippet': {'videoId': 'zEfTDpfyt1o', 'textDisplay': 'Somente um cara. Não poderia ter feito isso. Infelizmente', 'textOriginal': 'Somente um cara. Não poderia ter feito isso. Infelizmente', 'authorDisplayName': 'Robinson G.', 'authorProfileImageUrl': 'https://yt3.ggpht.com/ytc/AGIKgqOwH7xNp7CLX9xtKgursvQd8lkitmCcquf1e-xiRCI=s48-c-k-c0x00ffffff-no-rj', 'authorChannelUrl': 'http://www.youtube.com/channel/UCMj5FETz7skP52C4iQgE0jw', 'authorChannelId': {'value': 'UCMj5FETz7skP52C4iQgE0jw'}, 'canRate': True, 'viewerRating': 'none', 'likeCount': 0, 'publishedAt': '2022-10-23T22:21:28Z', 'updatedAt': '2022-10-23T22:21:28Z'}}, 'canReply': True, 'totalReplyCount': 0, 'isPublic': True}",,UCMj5FETz7skP52C4iQgE0jw,2022-10-23T22:21:28Z,Somente um cara. Não poderia ter feito isso. Infelizmente,QURTSl9pMEJKeFpVTE14Si10NkphRHdUV25Wd25lSXNOTDBSWm91NXA5Ymd3T1Jid3BIQmdSUGg4aWMzU0tWek9MWkV3YWtZRDRtQWh5SQ==,2023-06-08 14:52:46.326487
youtube#commentThread,rRycovWucHyGdzSFo9dqTWiosd4,UgwFXLxwcDueErTMJe94AaABAg,"{'videoId': 'zEfTDpfyt1o', 'topLevelComment': {'kind': 'youtube#comment', 'etag': 'X0EnUmaoNuXTTRTZDAEV_POwpc0', 'id': 'UgwFXLxwcDueErTMJe94AaABAg', 'snippet': {'videoId': 'zEfTDpfyt1o', 'textDisplay': 'Lula chamou pra queimar pneus.. isso ninguém divulgou', 'textOriginal': 'Lula chamou pra queimar pneus.. isso ninguém divulgou', 'authorDisplayName': 'AA', 'authorProfileImageUrl': 'https://yt3.ggpht.com/Me05Vr1MM1HyRaR6FPk3vR6fR8TlYirGijkJTthhiSoQaAoOrrzFrFny4iXmYhwzrig0NTRslQ=s48-c-k-c0x00ffffff-no-rj', 'authorChannelUrl': 'http://www.youtube.com/channel/UCTAASfbjbed56POwFq2RkTg', 'authorChannelId': {'value': 'UCTAASfbjbed56POwFq2RkTg'}, 'canRate': True, 'viewerRating': 'none', 'likeCount': 0, 'publishedAt': '2022-10-23T22:21:27Z', 'updatedAt': '2022-10-23T22:21:27Z'}}, 'canReply': True, 'totalReplyCount': 0, 'isPublic': True}",,UCTAASfbjbed56POwFq2RkTg,2022-10-23T22:21:27Z,Lula chamou pra queimar pneus.. isso ninguém divulgou,QURTSl9pMEJKeFpVTE14Si10NkphRHdUV25Wd25lSXNOTDBSWm91NXA5Ymd3T1Jid3BIQmdSUGg4aWMzU0tWek9MWkV3YWtZRDRtQWh5SQ==,2023-06-08 14:52:46.326487
youtube#commentThread,0lp81ct_gyeA24yW1wMJaW_PlIM,Ugz5-e1zb6zRE6vxb9x4AaABAg,"{'videoId': 'zEfTDpfyt1o', 'topLevelComment': {'kind': 'youtube#comment', 'etag': 'nwW3HwyC8MWl-3RKhyB2PlEDRSc', 'id': 'Ugz5-e1zb6zRE6vxb9x4AaABAg', 'snippet': {'videoId': 'zEfTDpfyt1o', 'textDisplay': 'Não pode agredir ninguém.', 'textOriginal': 'Não pode agredir ninguém.', 'authorDisplayName': 'val washington', 'authorProfileImageUrl': 'https://yt3.ggpht.com/ytc/AGIKgqNxdxRm-wt9kkULYKOLWLcpCMTrU8mPBjGDRA=s48-c-k-c0x00ffffff-no-rj', 'authorChannelUrl': 'http://www.youtube.com/channel/UCQLZv72a6qM5LE358jeu_ww', 'authorChannelId': {'value': 'UCQLZv72a6qM5LE358jeu_ww'}, 'canRate': True, 'viewerRating': 'none', 'likeCount': 0, 'publishedAt': '2022-10-23T22:21:26Z', 'updatedAt': '2022-10-23T22:21:26Z'}}, 'canReply': True, 'totalReplyCount': 0, 'isPublic': True}",,UCQLZv72a6qM5LE358jeu_ww,2022-10-23T22:21:26Z,Não pode agredir ninguém.,QURTSl9pMEJKeFpVTE14Si10NkphRHdUV25Wd25lSXNOTDBSWm91NXA5Ymd3T1Jid3BIQmdSUGg4aWMzU0tWek9MWkV3YWtZRDRtQWh5SQ==,2023-06-08 14:52:46.326487
youtube#commentThread,N2qnXD7nFX6GmDq9s7YIWUntW5s,Ugy9PcID8YDR7WI__3l4AaABAg,"{'videoId': 'zEfTDpfyt1o', 'topLevelComment': {'kind': 'youtube#comment', 'etag': 'VzFncRy8pVNj69rSZ51R1I1z_p4', 'id': 'Ugy9PcID8YDR7WI__3l4AaABAg', 'snippet': {'videoId': 'zEfTDpfyt1o', 'textDisplay': 'Não é apoiadores de Roberto Jeferson, são bolsonarista', 'textOriginal': 'Não é apoiadores de Roberto Jeferson, são bolsonarista', 'authorDisplayName': 'Timoteo De matos', 'authorProfileImageUrl': 'https://yt3.ggpht.com/ytc/AGIKgqPQh_urkBDwAX_8bkH-38TeY_g7XMvJYClkPg=s48-c-k-c0x00ffffff-no-rj', 'authorChannelUrl': 'http://www.youtube.com/channel/UCWW4FqMrpFh58bp60yarI2A', 'authorChannelId': {'value': 'UCWW4FqMrpFh58bp60yarI2A'}, 'canRate': True, 'viewerRating': 'none', 'likeCount': 0, 'publishedAt': '2022-10-23T22:21:26Z', 'updatedAt': '2022-10-23T22:21:26Z'}}, 'canReply': True, 'totalReplyCount': 0, 'isPublic': True}",,UCWW4FqMrpFh58bp60yarI2A,2022-10-23T22:21:26Z,"Não é apoiadores de Roberto Jeferson, são bolsonarista",QURTSl9pMEJKeFpVTE14Si10NkphRHdUV25Wd25lSXNOTDBSWm91NXA5Ymd3T1Jid3BIQmdSUGg4aWMzU0tWek9MWkV3YWtZRDRtQWh5SQ==,2023-06-08 14:52:46.326487
youtube#commentThread,NIK1i44RYpZU2pHKhLB6JblJfJI,Ugx177Cme9sSeR4IxDx4AaABAg,"{'videoId': 'zEfTDpfyt1o', 'topLevelComment': {'kind': 'youtube#comment', 'etag': 'djmX2FYT42BYIW_qyKWeDUdSjLo', 'id': 'Ugx177Cme9sSeR4IxDx4AaABAg', 'snippet': {'videoId': 'zEfTDpfyt1o', 'textDisplay': 'Isso não pode acontecer', 'textOriginal': 'Isso não pode acontecer', 'authorDisplayName': 'Sinara Guerreiro', 'authorProfileImageUrl': 'https://yt3.ggpht.com/ytc/AGIKgqOUZsZ4M3YvOqLBwfcbtEMIvtmwK6JSrfAsAw=s48-c-k-c0x00ffffff-no-rj', 'authorChannelUrl': 'http://www.youtube.com/channel/UC80xe40HxIoaJ4s-_obrYUA', 'authorChannelId': {'value': 'UC80xe40HxIoaJ4s-_obrYUA'}, 'canRate': True, 'viewerRating': 'none', 'likeCount': 0, 'publishedAt': '2022-10-23T22:21:25Z', 'updatedAt': '2022-10-23T22:21:25Z'}}, 'canReply': True, 'totalReplyCount': 0, 'isPublic': True}",,UC80xe40HxIoaJ4s-_obrYUA,2022-10-23T22:21:25Z,Isso não pode acontecer,QURTSl9pMEJKeFpVTE14Si10NkphRHdUV25Wd25lSXNOTDBSWm91NXA5Ymd3T1Jid3BIQmdSUGg4aWMzU0tWek9MWkV3YWtZRDRtQWh5SQ==,2023-06-08 14:52:46.326487
youtube#commentThread,d2yE8Yt-BIPrC9x2JWGzJ-ozotY,UgxwGoQ1jgBy5RMfT5h4AaABAg,"{'videoId': 'zEfTDpfyt1o', 'topLevelComment': {'kind': 'youtube#comment', 'etag': '5U4b6x_GAjtLpPPazg6g_9fv4eo', 'id': 'UgxwGoQ1jgBy5RMfT5h4AaABAg', 'snippet': {'videoId': 'zEfTDpfyt1o', 'textDisplay': 'Estamos sendo violados pelo STF.', 'textOriginal': 'Estamos sendo violados pelo STF.', 'authorDisplayName': 'Chayane Cavalheiro', 'authorProfileImageUrl': 'https://yt3.ggpht.com/ytc/AGIKgqPUTaSxM-knHz9d3zwkplF2B8KwbMP3o-HZzg=s48-c-k-c0x00ffffff-no-rj', 'authorChannelUrl': 'http://www.youtube.com/channel/UCMVJAkSibARDwHXkVIpRxZw', 'authorChannelId': {'value': 'UCMVJAkSibARDwHXkVIpRxZw'}, 'canRate': True, 'viewerRating': 'none', 'likeCount': 0, 'publishedAt': '2022-10-23T22:21:21Z', 'updatedAt': '2022-10-23T22:21:21Z'}}, 'canReply': True, 'totalReplyCount': 0, 'isPublic': True}",,UCMVJAkSibARDwHXkVIpRxZw,2022-10-23T22:21:21Z,Estamos sendo violados pelo STF.,QURTSl9pMEJKeFpVTE14Si10NkphRHdUV25Wd25lSXNOTDBSWm91NXA5Ymd3T1Jid3BIQmdSUGg4aWMzU0tWek9MWkV3YWtZRDRtQWh5SQ==,2023-06-08 14:52:46.326487
youtube#commentThread,lhzWahZAoc4CoMEjQ94rqWVlBbg,UgzQ7Ud_Z6MEKTJsWJx4AaABAg,"{'videoId': 'zEfTDpfyt1o', 'topLevelComment': {'kind': 'youtube#comment', 'etag': 'BaZIWrJwwJjMKFYd484mBrM2-KY', 'id': 'UgzQ7Ud_Z6MEKTJsWJx4AaABAg', 'snippet': {'videoId': 'zEfTDpfyt1o', 'textDisplay': 'Essa empresa podre!!', 'textOriginal': 'Essa empresa podre!!', 'authorDisplayName': 'Marcos Freitas', 'authorProfileImageUrl': 'https://yt3.ggpht.com/ytc/AGIKgqOY_lOcVFXDp2P4RuNMvjg3Vy78FqJA3jCt9A=s48-c-k-c0x00ffffff-no-rj', 'authorChannelUrl': 'http://www.youtube.com/channel/UCbfZJDavk8xXwMAk9Lo7IWg', 'authorChannelId': {'value': 'UCbfZJDavk8xXwMAk9Lo7IWg'}, 'canRate': True, 'viewerRating': 'none', 'likeCount': 0, 'publishedAt': '2022-10-23T22:21:16Z', 'updatedAt': '2022-10-23T22:21:16Z'}}, 'canReply': True, 'totalReplyCount': 0, 'isPublic': True}",,UCbfZJDavk8xXwMAk9Lo7IWg,2022-10-23T22:21:16Z,Essa empresa podre!!,QURTSl9pMzVvOG1aa1RKMTRTdmRpVktBSVpYMVZSUFBZYzZ1QXpiTVNRN3lhaFBBcjVwa0pWXzBmR2YyTUNlM1c5anNHUU1BLTNuZS1MNA==,2023-06-08 14:52:47.221481
youtube#commentThread,8uNyoA0c7ysglrRZoBXRavmVtgE,UgyjzXLgcT1ss2K1KxN4AaABAg,"{'videoId': 'zEfTDpfyt1o', 'topLevelComment': {'kind': 'youtube#comment', 'etag': 'YVW23BdTbqG61vgIbpDeqD2D5KY', 'id': 'UgyjzXLgcT1ss2K1KxN4AaABAg', 'snippet': {'videoId': 'zEfTDpfyt1o', 'textDisplay': 'TODA ESSA TRISTE SITUAÇÃO  SÓ  TEM UM CULPADO  &quot; O CHEFE&quot;', 'textOriginal': 'TODA ESSA TRISTE SITUAÇÃO  SÓ  TEM UM CULPADO  "" O CHEFE""', 'authorDisplayName': 'Esmeire Ferreira', 'authorProfileImageUrl': 'https://yt3.ggpht.com/ytc/AGIKgqPLTMy45ivyLtdglIoNx7rwVGTEAaIJAvLpJw=s48-c-k-c0x00ffffff-no-rj', 'authorChannelUrl': 'http://www.youtube.com/channel/UC-snDBQyExv10S__dbo4ncw', 'authorChannelId': {'value': 'UC-snDBQyExv10S__dbo4ncw'}, 'canRate': True, 'viewerRating': 'none', 'likeCount': 34, 'publishedAt': '2022-10-23T22:21:15Z', 'updatedAt': '2022-10-23T22:21:15Z'}}, 'canReply': True, 'totalReplyCount': 5, 'isPublic': True}","{'comments': [{'kind': 'youtube#comment', 'etag': 'On9xR_gqJQScK-WehvpNfZy4Ma4', 'id': 'UgyjzXLgcT1ss2K1KxN4AaABAg.9hYA2vOXrGZ9hYW1fVcrWN', 'snippet': {'videoId': 'zEfTDpfyt1o', 'textDisplay': 'Erraram de ditador, não???? São muito pé frios..Nem Mick Jagger   kkkkkkkk', 'textOriginal': 'Erraram de ditador, não???? São muito pé frios..Nem Mick Jagger   kkkkkkkk', 'parentId': 'UgyjzXLgcT1ss2K1KxN4AaABAg', 'authorDisplayName': 'Tiburcio Nascimento', 'authorProfileImageUrl': 'https://yt3.ggpht.com/ytc/AGIKgqPYJ16XbloZp1nRif2q9UiINjE9b3aLcJFllVpYZmGF8L32gAvFuJ_fm0H5T6oa=s48-c-k-c0x00ffffff-no-rj', 'authorChannelUrl': 'http://www.youtube.com/channel/UCOpVT2WBtvOTmNgRgNreY3Q', 'authorChannelId': {'value': 'UCOpVT2WBtvOTmNgRgNreY3Q'}, 'canRate': True, 'viewerRating': 'none', 'likeCount': 0, 'publishedAt': '2022-10-24T01:33:19Z', 'updatedAt': '2022-10-24T01:33:19Z'}}, {'kind': 'youtube#comment', 'etag': 'u9v1Y-PQwInxDVrXPoiGWLEMwL4', 'id': 'UgyjzXLgcT1ss2K1KxN4AaABAg.9hYA2vOXrGZ9hYCjODH3bi', 'snippet': {'videoId': 'zEfTDpfyt1o', 'textDisplay': '@Marcele Cruz QUE chefe do Planalto??? o XANDAO do STF FAZ um monte de ILEGALIDADES bancando JUIZ E ACUSADOR AO MESMO TEMPO e o presidente Bolsonaro é quem tem culpa???', 'textOriginal': '@Marcele Cruz QUE chefe do Planalto??? o XANDAO do STF FAZ um monte de ILEGALIDADES bancando JUIZ E ACUSADOR AO MESMO TEMPO e o presidente Bolsonaro é quem tem culpa???', 'parentId': 'UgyjzXLgcT1ss2K1KxN4AaABAg', 'authorDisplayName': 'Sandra', 'authorProfileImageUrl': 'https://yt3.ggpht.com/ytc/AGIKgqPNx-18kBC9xclX_jgvdZnMZpHQ5bnOd-wW6WbFJac=s48-c-k-c0x00ffffff-no-rj', 'authorChannelUrl': 'http://www.youtube.com/channel/UCoFuTg-ImzREFhOrKDGEkqQ', 'authorChannelId': {'value': 'UCoFuTg-ImzREFhOrKDGEkqQ'}, 'canRate': True, 'viewerRating': 'none', 'likeCount': 0, 'publishedAt': '2022-10-23T22:44:40Z', 'updatedAt': '2022-10-23T22:44:40Z'}}, {'kind': 'youtube#comment', 'etag': 'oExLiVyZKOa4m046siMvNe8GgUs', 'id': 'UgyjzXLgcT1ss2K1KxN4AaABAg.9hYA2vOXrGZ9hYChKfvqv6', 'snippet': {'videoId': 'zEfTDpfyt1o', 'textDisplay': 'O chefão do tráfico XANDÃO IMORAIS!', 'textOriginal': 'O chefão do tráfico XANDÃO IMORAIS!', 'parentId': 'UgyjzXLgcT1ss2K1KxN4AaABAg', 'authorDisplayName': 'Laura', 'authorProfileImageUrl': 'https://yt3.ggpht.com/ytc/AGIKgqPENEsjy6ZZRIgv-jtH9as43JIfHlS3vIY4VPGGKmhaXHfEmO_t7eZld5SMNGSk=s48-c-k-c0x00ffffff-no-rj', 'authorChannelUrl': 'http://www.youtube.com/channel/UC6cV_KjVxIvUruPm52OcfAA', 'authorChannelId': {'value': 'UC6cV_KjVxIvUruPm52OcfAA'}, 'canRate': True, 'viewerRating': 'none', 'likeCount': 4, 'publishedAt': '2022-10-23T22:44:23Z', 'updatedAt': '2022-10-23T22:44:23Z'}}, {'kind': 'youtube#comment', 'etag': 'f_tAu227KCvuiyS3HVGPciPc0QY', 'id': 'UgyjzXLgcT1ss2K1KxN4AaABAg.9hYA2vOXrGZ9hYCd8nKciR', 'snippet': {'videoId': 'zEfTDpfyt1o', 'textDisplay': '@Marcele Cruz Vc comeu o quê estragado ?', 'textOriginal': '@Marcele Cruz Vc comeu o quê estragado ?', 'parentId': 'UgyjzXLgcT1ss2K1KxN4AaABAg', 'authorDisplayName': 'Laura', 'authorProfileImageUrl': 'https://yt3.ggpht.com/ytc/AGIKgqPENEsjy6ZZRIgv-jtH9as43JIfHlS3vIY4VPGGKmhaXHfEmO_t7eZld5SMNGSk=s48-c-k-c0x00ffffff-no-rj', 'authorChannelUrl': 'http://www.youtube.com/channel/UC6cV_KjVxIvUruPm52OcfAA', 'authorChannelId': {'value': 'UC6cV_KjVxIvUruPm52OcfAA'}, 'canRate': True, 'viewerRating': 'none', 'likeCount': 2, 'publishedAt': '2022-10-23T22:43:48Z', 'updatedAt': '2022-10-23T22:43:48Z'}}, {'kind': 'youtube#comment', 'etag': '3BhxnNjQspl8nlMzbdlUz1OiqLo', 'id': 'UgyjzXLgcT1ss2K1KxN4AaABAg.9hYA2vOXrGZ9hYCQe2ZTQv', 'snippet': {'videoId': 'zEfTDpfyt1o', 'textDisplay': 'O CHEFE DO PLANALTO MUITO ODIO MUITA AGRESSAO MUITA GENTE ALUCINANDO NUNCA VI UMA SITUACAO ASSIM NO PAIS PARECE QUE ESTAMOS NAS TREVAS', 'textOriginal': 'O CHEFE DO PLANALTO MUITO ODIO MUITA AGRESSAO MUITA GENTE ALUCINANDO NUNCA VI UMA SITUACAO ASSIM NO PAIS PARECE QUE ESTAMOS NAS TREVAS', 'parentId': 'UgyjzXLgcT1ss2K1KxN4AaABAg', 'authorDisplayName': 'Marcele Cruz', 'authorProfileImageUrl': 'https://yt3.ggpht.com/ytc/AGIKgqMmhS_K7A7tVDkDGGvphWQItPyeKuulYr2FOjBp1s-_PiyKvjiePWVNPYfB_gcV=s48-c-k-c0x00ffffff-no-rj', 'authorChannelUrl': 'http://www.youtube.com/channel/UCLy6LPRyhtCxYfcrQYU9OMg', 'authorChannelId': {'value': 'UCLy6LPRyhtCxYfcrQYU9OMg'}, 'canRate': True, 'viewerRating': 'none', 'likeCount': 1, 'publishedAt': '2022-10-23T22:41:58Z', 'updatedAt': '2022-10-23T22:41:58Z'}}]}",UC-snDBQyExv10S__dbo4ncw,2022-10-23T22:21:15Z,"TODA ESSA TRISTE SITUAÇÃO  SÓ  TEM UM CULPADO  "" O CHEFE""",QURTSl9pMzVvOG1aa1RKMTRTdmRpVktBSVpYMVZSUFBZYzZ1QXpiTVNRN3lhaFBBcjVwa0pWXzBmR2YyTUNlM1c5anNHUU1BLTNuZS1MNA==,2023-06-08 14:52:47.221481
youtube#commentThread,jwTtb9AQ4BsJuXNXeznWH7TYEFk,Ugzs9A-bqNlJhWUgawB4AaABAg,"{'videoId': 'zEfTDpfyt1o', 'topLevelComment': {'kind': 'youtube#comment', 'etag': 'VXxIcpl1AdQmiVKd-UxejL-ki-Y', 'id': 'Ugzs9A-bqNlJhWUgawB4AaABAg', 'snippet': {'videoId': 'zEfTDpfyt1o', 'textDisplay': 'Isso tudo é culpa do STF', 'textOriginal': 'Isso tudo é culpa do STF', 'authorDisplayName': 'Coisa Mais linda', 'authorProfileImageUrl': 'https://yt3.ggpht.com/ytc/AGIKgqPYwGSY-omc6ZC1yAx04rYo1F1aPfhiODGAFTqV1wJWZ0v5ieaBXmyj8APHuG_L=s48-c-k-c0x00ffffff-no-rj', 'authorChannelUrl': 'http://www.youtube.com/channel/UC5UDUwcJF8-AP63Ht6Ch6dA', 'authorChannelId': {'value': 'UC5UDUwcJF8-AP63Ht6Ch6dA'}, 'canRate': True, 'viewerRating': 'none', 'likeCount': 0, 'publishedAt': '2022-10-23T22:21:14Z', 'updatedAt': '2022-10-23T22:21:14Z'}}, 'canReply': True, 'totalReplyCount': 0, 'isPublic': True}",,UC5UDUwcJF8-AP63Ht6Ch6dA,2022-10-23T22:21:14Z,Isso tudo é culpa do STF,QURTSl9pMzVvOG1aa1RKMTRTdmRpVktBSVpYMVZSUFBZYzZ1QXpiTVNRN3lhaFBBcjVwa0pWXzBmR2YyTUNlM1c5anNHUU1BLTNuZS1MNA==,2023-06-08 14:52:47.221481
youtube#commentThread,Hg979WHY-_ljnPJ5dxKua9NA950,UgyJoFN3dhLueigdii14AaABAg,"{'videoId': 'zEfTDpfyt1o', 'topLevelComment': {'kind': 'youtube#comment', 'etag': 'C7DgWF3eyZM9Kb0BiQNe3S8lius', 'id': 'UgyJoFN3dhLueigdii14AaABAg', 'snippet': {'videoId': 'zEfTDpfyt1o', 'textDisplay': 'nunca vir uma política  desse geito..<br>presidente  nogento esse que está ai...populaçao pelo amor de Deus vamos tirá esse cará dá presidencia', 'textOriginal': 'nunca vir uma política  desse geito..\\npresidente  nogento esse que está ai...populaçao pelo amor de Deus vamos tirá esse cará dá presidencia', 'authorDisplayName': 'Maria Lopes', 'authorProfileImageUrl': 'https://yt3.ggpht.com/ytc/AGIKgqO4N1JosMhvoxiqkMe59bT2M9lwSmE_PejA0t3oUifN0-rFD6HU5shVE_Hvppyf=s48-c-k-c0x00ffffff-no-rj', 'authorChannelUrl': 'http://www.youtube.com/channel/UCZBIxbgKZAh0fBD8VhlTNHQ', 'authorChannelId': {'value': 'UCZBIxbgKZAh0fBD8VhlTNHQ'}, 'canRate': True, 'viewerRating': 'none', 'likeCount': 0, 'publishedAt': '2022-10-23T22:21:14Z', 'updatedAt': '2022-10-23T22:21:14Z'}}, 'canReply': True, 'totalReplyCount': 0, 'isPublic': True}",,UCZBIxbgKZAh0fBD8VhlTNHQ,2022-10-23T22:21:14Z,"nunca vir uma política  desse geito..
presidente  nogento esse que está ai...populaçao pelo amor de Deus vamos tirá esse cará dá presidencia",QURTSl9pMzVvOG1aa1RKMTRTdmRpVktBSVpYMVZSUFBZYzZ1QXpiTVNRN3lhaFBBcjVwa0pWXzBmR2YyTUNlM1c5anNHUU1BLTNuZS1MNA==,2023-06-08 14:52:47.221481
youtube#commentThread,EQ4yRM3EJPaDkfFTu5V8BjxF0bI,UgyqheObx9aQ6YydxDV4AaABAg,"{'videoId': 'zEfTDpfyt1o', 'topLevelComment': {'kind': 'youtube#comment', 'etag': '1T3d2dHzOr7g8SQw-ZviiYSdI7g', 'id': 'UgyqheObx9aQ6YydxDV4AaABAg', 'snippet': {'videoId': 'zEfTDpfyt1o', 'textDisplay': 'Me parece não se apoiadores mais s agresores', 'textOriginal': 'Me parece não se apoiadores mais s agresores', 'authorDisplayName': 'Celao Cardoso de Moura', 'authorProfileImageUrl': 'https://yt3.ggpht.com/ytc/AGIKgqP_Yari3oqLPZRUjEtvzcgMsHSVg7ro5qIF8tEldbspl2Jtn35NC0bDlXATMuRV=s48-c-k-c0x00ffffff-no-rj', 'authorChannelUrl': 'http://www.youtube.com/channel/UCK328abtJJwrDhBXihLdWbg', 'authorChannelId': {'value': 'UCK328abtJJwrDhBXihLdWbg'}, 'canRate': True, 'viewerRating': 'none', 'likeCount': 0, 'publishedAt': '2022-10-23T22:21:14Z', 'updatedAt': '2022-10-23T22:21:14Z'}}, 'canReply': True, 'totalReplyCount': 0, 'isPublic': True}",,UCK328abtJJwrDhBXihLdWbg,2022-10-23T22:21:14Z,Me parece não se apoiadores mais s agresores,QURTSl9pMzVvOG1aa1RKMTRTdmRpVktBSVpYMVZSUFBZYzZ1QXpiTVNRN3lhaFBBcjVwa0pWXzBmR2YyTUNlM1c5anNHUU1BLTNuZS1MNA==,2023-06-08 14:52:47.221481
youtube#commentThread,dXPL7n9PmXI0Ml2tbQuC0X5YpN4,UgwLYDjEumgVC7K00Wd4AaABAg,"{'videoId': 'zEfTDpfyt1o', 'topLevelComment': {'kind': 'youtube#comment', 'etag': 'NAeunN6rfHs2TfvZISrjzO7agbQ', 'id': 'UgwLYDjEumgVC7K00Wd4AaABAg', 'snippet': {'videoId': 'zEfTDpfyt1o', 'textDisplay': 'Tem que prender esses ministros do STF e STE.', 'textOriginal': 'Tem que prender esses ministros do STF e STE.', 'authorDisplayName': 'Maurício Sapore', 'authorProfileImageUrl': 'https://yt3.ggpht.com/ytc/AGIKgqMX2y5XBgIEjRzmQ8xXTE3TrMBJnhpZQLsePSDpoU8kk89Y_NtIWAnNcN0cO1OM=s48-c-k-c0x00ffffff-no-rj', 'authorChannelUrl': 'http://www.youtube.com/channel/UCzdo4mXO3uP57b192e9ZGPQ', 'authorChannelId': {'value': 'UCzdo4mXO3uP57b192e9ZGPQ'}, 'canRate': True, 'viewerRating': 'none', 'likeCount': 10, 'publishedAt': '2022-10-23T22:21:13Z', 'updatedAt': '2022-10-23T22:21:13Z'}}, 'canReply': True, 'totalReplyCount': 0, 'isPublic': True}",,UCzdo4mXO3uP57b192e9ZGPQ,2022-10-23T22:21:13Z,Tem que prender esses ministros do STF e STE.,QURTSl9pMzVvOG1aa1RKMTRTdmRpVktBSVpYMVZSUFBZYzZ1QXpiTVNRN3lhaFBBcjVwa0pWXzBmR2YyTUNlM1c5anNHUU1BLTNuZS1MNA==,2023-06-08 14:52:47.221481
youtube#commentThread,uoPbzUM2RseCUr6G6VNrA17Hcz4,UgyxC_-tyUX2YFN82DB4AaABAg,"{'videoId': 'zEfTDpfyt1o', 'topLevelComment': {'kind': 'youtube#comment', 'etag': 'i5hYrUwrMzrkKjdi6bekITiriNE', 'id': 'UgyxC_-tyUX2YFN82DB4AaABAg', 'snippet': {'videoId': 'zEfTDpfyt1o', 'textDisplay': 'Concordo plenamente com vcs tem que defender os trabalhos de vcs .', 'textOriginal': 'Concordo plenamente com vcs tem que defender os trabalhos de vcs .', 'authorDisplayName': 'Abenilson ferreira dos santos Ferreira', 'authorProfileImageUrl': 'https://yt3.ggpht.com/JH9wbTx5l7i-tZ5KxVO9auNSyZwSZHq0TJzgywP7Nqc37tmg7GVipnkc60TeOZTkYxtagk7w=s48-c-k-c0x00ffffff-no-rj', 'authorChannelUrl': 'http://www.youtube.com/channel/UCxeOVGkDcK25dmyGfwRg3GQ', 'authorChannelId': {'value': 'UCxeOVGkDcK25dmyGfwRg3GQ'}, 'canRate': True, 'viewerRating': 'none', 'likeCount': 0, 'publishedAt': '2022-10-23T22:21:12Z', 'updatedAt': '2022-10-23T22:21:12Z'}}, 'canReply': True, 'totalReplyCount': 0, 'isPublic': True}",,UCxeOVGkDcK25dmyGfwRg3GQ,2022-10-23T22:21:12Z,Concordo plenamente com vcs tem que defender os trabalhos de vcs .,QURTSl9pMzVvOG1aa1RKMTRTdmRpVktBSVpYMVZSUFBZYzZ1QXpiTVNRN3lhaFBBcjVwa0pWXzBmR2YyTUNlM1c5anNHUU1BLTNuZS1MNA==,2023-06-08 14:52:47.221481
youtube#commentThread,E4aapSa-ZKDiY3-Z0r2-dm__g6M,UgyQZC22b8BwVgOEDNh4AaABAg,"{'videoId': 'zEfTDpfyt1o', 'topLevelComment': {'kind': 'youtube#comment', 'etag': 'JOsRgro63-kR_W5ud4DgJFDBkWc', 'id': 'UgyQZC22b8BwVgOEDNh4AaABAg', 'snippet': {'videoId': 'zEfTDpfyt1o', 'textDisplay': 'A que ponto chegaremos?<br>Alexandre de Morais está querendo que aconteça alguma guerra?', 'textOriginal': 'A que ponto chegaremos?\\nAlexandre de Morais está querendo que aconteça alguma guerra?', 'authorDisplayName': 'Lurdinha Costa', 'authorProfileImageUrl': 'https://yt3.ggpht.com/ytc/AGIKgqPW5jKaYbMWBQKfPPcFk-fW8UavKLQoTLNwaQ=s48-c-k-c0x00ffffff-no-rj', 'authorChannelUrl': 'http://www.youtube.com/channel/UCA7hH_biprSL480U00RSI3A', 'authorChannelId': {'value': 'UCA7hH_biprSL480U00RSI3A'}, 'canRate': True, 'viewerRating': 'none', 'likeCount': 0, 'publishedAt': '2022-10-23T22:21:11Z', 'updatedAt': '2022-10-23T22:21:11Z'}}, 'canReply': True, 'totalReplyCount': 0, 'isPublic': True}",,UCA7hH_biprSL480U00RSI3A,2022-10-23T22:21:11Z,"A que ponto chegaremos?
Alexandre de Morais está querendo que aconteça alguma guerra?",QURTSl9pMzVvOG1aa1RKMTRTdmRpVktBSVpYMVZSUFBZYzZ1QXpiTVNRN3lhaFBBcjVwa0pWXzBmR2YyTUNlM1c5anNHUU1BLTNuZS1MNA==,2023-06-08 14:52:47.221481
youtube#commentThread,CRHkCPTQhyE-1upuecxALHg-J_s,Ugy1tU0Kga4wCavY8094AaABAg,"{'videoId': 'zEfTDpfyt1o', 'topLevelComment': {'kind': 'youtube#comment', 'etag': 'T85D2f_7N4pi61Fslrm0pk3dICE', 'id': 'Ugy1tU0Kga4wCavY8094AaABAg', 'snippet': {'videoId': 'zEfTDpfyt1o', 'textDisplay': 'Quando alguém trabalha para um terrorista da al-qaeda ou quando a pessoa trabalha para os terroristas do talibã esse indivíduo deve ser respeitado? O terrorismo midiático que a Globo fez na pandemia algumas outras emissoras de TV eu vejo quem trabalha para eles como quem trabalha para grupo terroristas e deve-se enxergado como tal.', 'textOriginal': 'Quando alguém trabalha para um terrorista da al-qaeda ou quando a pessoa trabalha para os terroristas do talibã esse indivíduo deve ser respeitado? O terrorismo midiático que a Globo fez na pandemia algumas outras emissoras de TV eu vejo quem trabalha para eles como quem trabalha para grupo terroristas e deve-se enxergado como tal.', 'authorDisplayName': 'evandro menezes', 'authorProfileImageUrl': 'https://yt3.ggpht.com/ytc/AGIKgqO7SJiqws4ZdoOTAnc-MegGPO8sl4ItVNgvyzUwCQ=s48-c-k-c0x00ffffff-no-rj', 'authorChannelUrl': 'http://www.youtube.com/channel/UCOQhFNK0J6MKqQIk7qyOLtQ', 'authorChannelId': {'value': 'UCOQhFNK0J6MKqQIk7qyOLtQ'}, 'canRate': True, 'viewerRating': 'none', 'likeCount': 0, 'publishedAt': '2022-10-23T22:21:09Z', 'updatedAt': '2022-10-23T22:21:09Z'}}, 'canReply': True, 'totalReplyCount': 0, 'isPublic': True}",,UCOQhFNK0J6MKqQIk7qyOLtQ,2022-10-23T22:21:09Z,Quando alguém trabalha para um terrorista da al-qaeda ou quando a pessoa trabalha para os terroristas do talibã esse indivíduo deve ser respeitado? O terrorismo midiático que a Globo fez na pandemia algumas outras emissoras de TV eu vejo quem trabalha para eles como quem trabalha para grupo terroristas e deve-se enxergado como tal.,QURTSl9pMzVvOG1aa1RKMTRTdmRpVktBSVpYMVZSUFBZYzZ1QXpiTVNRN3lhaFBBcjVwa0pWXzBmR2YyTUNlM1c5anNHUU1BLTNuZS1MNA==,2023-06-08 14:52:47.221481
youtube#commentThread,-Usrbsp2EgOFAjh5FGnYmju61nI,UgzZ1tUUw_hx-8oMENJ4AaABAg,"{'videoId': 'zEfTDpfyt1o', 'topLevelComment': {'kind': 'youtube#comment', 'etag': 'WBAYTAqUY_dxJqy0KQB1vKHpocU', 'id': 'UgzZ1tUUw_hx-8oMENJ4AaABAg', 'snippet': {'videoId': 'zEfTDpfyt1o', 'textDisplay': 'Deixa de ser mentiroso ze maria que foi protegido por militante do pt', 'textOriginal': 'Deixa de ser mentiroso ze maria que foi protegido por militante do pt', 'authorDisplayName': 'Helton Calazans', 'authorProfileImageUrl': 'https://yt3.ggpht.com/ytc/AGIKgqPbO3_aVkK5lOh-jo8sRZJtpLuprbh2ycqdtQ=s48-c-k-c0x00ffffff-no-rj', 'authorChannelUrl': 'http://www.youtube.com/channel/UCR-DuZ1Y_G_JR73_Ruf2x9Q', 'authorChannelId': {'value': 'UCR-DuZ1Y_G_JR73_Ruf2x9Q'}, 'canRate': True, 'viewerRating': 'none', 'likeCount': 0, 'publishedAt': '2022-10-23T22:21:08Z', 'updatedAt': '2022-10-23T22:21:08Z'}}, 'canReply': True, 'totalReplyCount': 0, 'isPublic': True}",,UCR-DuZ1Y_G_JR73_Ruf2x9Q,2022-10-23T22:21:08Z,Deixa de ser mentiroso ze maria que foi protegido por militante do pt,QURTSl9pMzVvOG1aa1RKMTRTdmRpVktBSVpYMVZSUFBZYzZ1QXpiTVNRN3lhaFBBcjVwa0pWXzBmR2YyTUNlM1c5anNHUU1BLTNuZS1MNA==,2023-06-08 14:52:47.221481
youtube#commentThread,y0tg9hwbpH_19-Eb6vMtxBNR0Uo,UgzIMBHXDog0qEYNII54AaABAg,"{'videoId': 'zEfTDpfyt1o', 'topLevelComment': {'kind': 'youtube#comment', 'etag': '2V_XSRCt-9QW1a9rwDN4NF-ehyQ', 'id': 'UgzIMBHXDog0qEYNII54AaABAg', 'snippet': {'videoId': 'zEfTDpfyt1o', 'textDisplay': 'Culpado XANDÃO PCC canalha.', 'textOriginal': 'Culpado XANDÃO PCC canalha.', 'authorDisplayName': 'Ruy Fujiki', 'authorProfileImageUrl': 'https://yt3.ggpht.com/ytc/AGIKgqONVajjUysDIcI7WbGjP_nqHfkfiMPq7OY6X-ac=s48-c-k-c0x00ffffff-no-rj', 'authorChannelUrl': 'http://www.youtube.com/channel/UC2nsIYv7etsCit4ELvi1KxA', 'authorChannelId': {'value': 'UC2nsIYv7etsCit4ELvi1KxA'}, 'canRate': True, 'viewerRating': 'none', 'likeCount': 0, 'publishedAt': '2022-10-23T22:21:07Z', 'updatedAt': '2022-10-23T22:21:07Z'}}, 'canReply': True, 'totalReplyCount': 0, 'isPublic': True}",,UC2nsIYv7etsCit4ELvi1KxA,2022-10-23T22:21:07Z,Culpado XANDÃO PCC canalha.,QURTSl9pMzVvOG1aa1RKMTRTdmRpVktBSVpYMVZSUFBZYzZ1QXpiTVNRN3lhaFBBcjVwa0pWXzBmR2YyTUNlM1c5anNHUU1BLTNuZS1MNA==,2023-06-08 14:52:47.221481
youtube#commentThread,MRB7_BZvCd9lGcg9BrVjGr2hdmQ,UgwUr5TgdslXrrE1qqZ4AaABAg,"{'videoId': 'zEfTDpfyt1o', 'topLevelComment': {'kind': 'youtube#comment', 'etag': 'Jqwh6gYTe77lLnYcBgHgQTzcLsk', 'id': 'UgwUr5TgdslXrrE1qqZ4AaABAg', 'snippet': {'videoId': 'zEfTDpfyt1o', 'textDisplay': 'Prende. A blusa verde é inconfundível.', 'textOriginal': 'Prende. A blusa verde é inconfundível.', 'authorDisplayName': 'Maria de Fátima pereira da silva', 'authorProfileImageUrl': 'https://yt3.ggpht.com/ytc/AGIKgqP55lM1d23midaA2i1sZ4V6Yb1xwPjqNFWkjA=s48-c-k-c0x00ffffff-no-rj', 'authorChannelUrl': 'http://www.youtube.com/channel/UCiYGJRDUCXHBSUKpTj_UhfA', 'authorChannelId': {'value': 'UCiYGJRDUCXHBSUKpTj_UhfA'}, 'canRate': True, 'viewerRating': 'none', 'likeCount': 0, 'publishedAt': '2022-10-23T22:21:04Z', 'updatedAt': '2022-10-23T22:21:04Z'}}, 'canReply': True, 'totalReplyCount': 0, 'isPublic': True}",,UCiYGJRDUCXHBSUKpTj_UhfA,2022-10-23T22:21:04Z,Prende. A blusa verde é inconfundível.,QURTSl9pMzVvOG1aa1RKMTRTdmRpVktBSVpYMVZSUFBZYzZ1QXpiTVNRN3lhaFBBcjVwa0pWXzBmR2YyTUNlM1c5anNHUU1BLTNuZS1MNA==,2023-06-08 14:52:47.221481
youtube#commentThread,0k9OECc-emuwLDc_c0tkyivmj_g,UgxLR387zSfrLZ7V_0h4AaABAg,"{'videoId': 'zEfTDpfyt1o', 'topLevelComment': {'kind': 'youtube#comment', 'etag': 'S1qXLjMpyAsbwdO-YcNfU3S1zkI', 'id': 'UgxLR387zSfrLZ7V_0h4AaABAg', 'snippet': {'videoId': 'zEfTDpfyt1o', 'textDisplay': 'Se jogou no chão, daí não vale.', 'textOriginal': 'Se jogou no chão, daí não vale.', 'authorDisplayName': 'adsumus', 'authorProfileImageUrl': 'https://yt3.ggpht.com/OVXJ04vTDFrLqzcLRCboSbOOfbA422iziG-99FOf-5DNl9HjadaGq2RLtQ6wVzq6Hq49Iqduvg=s48-c-k-c0x00ffffff-no-rj', 'authorChannelUrl': 'http://www.youtube.com/channel/UCosNLlFYZOW5ctqL6KjfJWg', 'authorChannelId': {'value': 'UCosNLlFYZOW5ctqL6KjfJWg'}, 'canRate': True, 'viewerRating': 'none', 'likeCount': 2, 'publishedAt': '2022-10-23T22:21:02Z', 'updatedAt': '2022-10-23T22:21:02Z'}}, 'canReply': True, 'totalReplyCount': 0, 'isPublic': True}",,UCosNLlFYZOW5ctqL6KjfJWg,2022-10-23T22:21:02Z,"Se jogou no chão, daí não vale.",QURTSl9pMzVvOG1aa1RKMTRTdmRpVktBSVpYMVZSUFBZYzZ1QXpiTVNRN3lhaFBBcjVwa0pWXzBmR2YyTUNlM1c5anNHUU1BLTNuZS1MNA==,2023-06-08 14:52:47.221481
youtube#commentThread,kpvA2UBWO6tgyGkg_lzVuCz5hmI,Ugy_GRP-r7BDaIoGSpl4AaABAg,"{'videoId': 'zEfTDpfyt1o', 'topLevelComment': {'kind': 'youtube#comment', 'etag': 'KbqRugdJjuetyGUZokpUhSOyPsw', 'id': 'Ugy_GRP-r7BDaIoGSpl4AaABAg', 'snippet': {'videoId': 'zEfTDpfyt1o', 'textDisplay': 'Triste a agressão ao cinegrafista, mas.... que seja um ALERTA para os JORNAZISTAS da GLOBOLIXO!', 'textOriginal': 'Triste a agressão ao cinegrafista, mas.... que seja um ALERTA para os JORNAZISTAS da GLOBOLIXO!', 'authorDisplayName': 'Maria Das Graças', 'authorProfileImageUrl': 'https://yt3.ggpht.com/ytc/AGIKgqNbUgSTnZB5NcFbsL3rqkRPnsF6k9DYAMdXRA=s48-c-k-c0x00ffffff-no-rj', 'authorChannelUrl': 'http://www.youtube.com/channel/UCrvO9XpCmbWCpG8W3kk0EMQ', 'authorChannelId': {'value': 'UCrvO9XpCmbWCpG8W3kk0EMQ'}, 'canRate': True, 'viewerRating': 'none', 'likeCount': 0, 'publishedAt': '2022-10-23T22:21:01Z', 'updatedAt': '2022-10-23T22:21:01Z'}}, 'canReply': True, 'totalReplyCount': 0, 'isPublic': True}",,UCrvO9XpCmbWCpG8W3kk0EMQ,2022-10-23T22:21:01Z,"Triste a agressão ao cinegrafista, mas.... que seja um ALERTA para os JORNAZISTAS da GLOBOLIXO!",QURTSl9pMzVvOG1aa1RKMTRTdmRpVktBSVpYMVZSUFBZYzZ1QXpiTVNRN3lhaFBBcjVwa0pWXzBmR2YyTUNlM1c5anNHUU1BLTNuZS1MNA==,2023-06-08 14:52:47.221481
youtube#commentThread,PT38NBJdO4OfVGypyKGq-6CAFx0,Ugy2s4JtqLv9kzfBUFl4AaABAg,"{'videoId': 'zEfTDpfyt1o', 'topLevelComment': {'kind': 'youtube#comment', 'etag': 'tnvNU4qEpu4p8rETP4DJwP8j7tc', 'id': 'Ugy2s4JtqLv9kzfBUFl4AaABAg', 'snippet': {'videoId': 'zEfTDpfyt1o', 'textDisplay': 'Em uma guerra fica difícil proteger o profissional da imprenssa dos disparos!<br>Começou uma guerra ninguém aguenta mais.', 'textOriginal': 'Em uma guerra fica difícil proteger o profissional da imprenssa dos disparos!\\nComeçou uma guerra ninguém aguenta mais.', 'authorDisplayName': 'Maria Aparecida Cida', 'authorProfileImageUrl': 'https://yt3.ggpht.com/ytc/AGIKgqPmnSdIjFaS7_sc8YBl1X8B73ZocuGwmTAzJw=s48-c-k-c0x00ffffff-no-rj', 'authorChannelUrl': 'http://www.youtube.com/channel/UC7P1ZlY22dlr8QJpwL_EDqA', 'authorChannelId': {'value': 'UC7P1ZlY22dlr8QJpwL_EDqA'}, 'canRate': True, 'viewerRating': 'none', 'likeCount': 0, 'publishedAt': '2022-10-23T22:21:00Z', 'updatedAt': '2022-10-23T22:21:00Z'}}, 'canReply': True, 'totalReplyCount': 0, 'isPublic': True}",,UC7P1ZlY22dlr8QJpwL_EDqA,2022-10-23T22:21:00Z,"Em uma guerra fica difícil proteger o profissional da imprenssa dos disparos!
Começou uma guerra ninguém aguenta mais.",QURTSl9pMzVvOG1aa1RKMTRTdmRpVktBSVpYMVZSUFBZYzZ1QXpiTVNRN3lhaFBBcjVwa0pWXzBmR2YyTUNlM1c5anNHUU1BLTNuZS1MNA==,2023-06-08 14:52:47.221481
youtube#commentThread,N631beXeMGHjLYkiX62VQ4awYak,UgwcqPgTtD0FWEdqWP54AaABAg,"{'videoId': 'zEfTDpfyt1o', 'topLevelComment': {'kind': 'youtube#comment', 'etag': '16OvZV5N-vqe53tpxgLrDyPPd58', 'id': 'UgwcqPgTtD0FWEdqWP54AaABAg', 'snippet': {'videoId': 'zEfTDpfyt1o', 'textDisplay': 'Esse é o resultado do silêncio. O povo não vai se calar', 'textOriginal': 'Esse é o resultado do silêncio. O povo não vai se calar', 'authorDisplayName': 'Onerion Maia', 'authorProfileImageUrl': 'https://yt3.ggpht.com/ytc/AGIKgqOVehm2D88jKwR1e-QxxdifYqb81ao0BETBvcdfhqo=s48-c-k-c0x00ffffff-no-rj', 'authorChannelUrl': 'http://www.youtube.com/channel/UCcQT5Yx7AoQnaFK-_0FbNHA', 'authorChannelId': {'value': 'UCcQT5Yx7AoQnaFK-_0FbNHA'}, 'canRate': True, 'viewerRating': 'none', 'likeCount': 2, 'publishedAt': '2022-10-23T22:20:52Z', 'updatedAt': '2022-10-23T22:20:52Z'}}, 'canReply': True, 'totalReplyCount': 0, 'isPublic': True}",,UCcQT5Yx7AoQnaFK-_0FbNHA,2022-10-23T22:20:52Z,Esse é o resultado do silêncio. O povo não vai se calar,QURTSl9pMzVvOG1aa1RKMTRTdmRpVktBSVpYMVZSUFBZYzZ1QXpiTVNRN3lhaFBBcjVwa0pWXzBmR2YyTUNlM1c5anNHUU1BLTNuZS1MNA==,2023-06-08 14:52:47.221481
youtube#commentThread,LtCNrGee1iWVndesyld41Sm4vGc,UgxtdyT9jY49woLar0V4AaABAg,"{'videoId': 'zEfTDpfyt1o', 'topLevelComment': {'kind': 'youtube#comment', 'etag': 'AeaIHsRk0VRft1EVJvDipHY6BEY', 'id': 'UgxtdyT9jY49woLar0V4AaABAg', 'snippet': {'videoId': 'zEfTDpfyt1o', 'textDisplay': 'Apoiadores? Vi um cara de verde agredindo.!', 'textOriginal': 'Apoiadores? Vi um cara de verde agredindo.!', 'authorDisplayName': 'Clayton Santana', 'authorProfileImageUrl': 'https://yt3.ggpht.com/FnwZTB78l9rwbUlUMQzL-6oRT9s5Sxcia299eKQP5Z8wvwTxLeQCxdApfZj5TqWD3QX63wln=s48-c-k-c0x00ffffff-no-rj', 'authorChannelUrl': 'http://www.youtube.com/channel/UCqek6wIFPnO_nW7W7SV9FGQ', 'authorChannelId': {'value': 'UCqek6wIFPnO_nW7W7SV9FGQ'}, 'canRate': True, 'viewerRating': 'none', 'likeCount': 0, 'publishedAt': '2022-10-23T22:20:52Z', 'updatedAt': '2022-10-23T22:20:52Z'}}, 'canReply': True, 'totalReplyCount': 0, 'isPublic': True}",,UCqek6wIFPnO_nW7W7SV9FGQ,2022-10-23T22:20:52Z,Apoiadores? Vi um cara de verde agredindo.!,QURTSl9pMzVvOG1aa1RKMTRTdmRpVktBSVpYMVZSUFBZYzZ1QXpiTVNRN3lhaFBBcjVwa0pWXzBmR2YyTUNlM1c5anNHUU1BLTNuZS1MNA==,2023-06-08 14:52:47.221481
youtube#commentThread,wdhrmZ5zp_ndXF3ftNN4SEkGQVo,Ugx595O5sMnVjIiE5Zd4AaABAg,"{'videoId': 'zEfTDpfyt1o', 'topLevelComment': {'kind': 'youtube#comment', 'etag': 'L8v50mVmSbdRENIge5Kz8o4BIA4', 'id': 'Ugx595O5sMnVjIiE5Zd4AaABAg', 'snippet': {'videoId': 'zEfTDpfyt1o', 'textDisplay': 'PURA ENCENACAO   NAO HOUVE AGRESSAO NENHUMA', 'textOriginal': 'PURA ENCENACAO   NAO HOUVE AGRESSAO NENHUMA', 'authorDisplayName': 'Frank Morgan', 'authorProfileImageUrl': 'https://yt3.ggpht.com/ytc/AGIKgqMArQBpGDaFyStA1iMjztriNC4mlMxG8sIEGQ=s48-c-k-c0x00ffffff-no-rj', 'authorChannelUrl': 'http://www.youtube.com/channel/UCtXWJB_Luh2g9aqacZAYN8w', 'authorChannelId': {'value': 'UCtXWJB_Luh2g9aqacZAYN8w'}, 'canRate': True, 'viewerRating': 'none', 'likeCount': 0, 'publishedAt': '2022-10-23T22:20:52Z', 'updatedAt': '2022-10-23T22:20:52Z'}}, 'canReply': True, 'totalReplyCount': 0, 'isPublic': True}",,UCtXWJB_Luh2g9aqacZAYN8w,2022-10-23T22:20:52Z,PURA ENCENACAO   NAO HOUVE AGRESSAO NENHUMA,QURTSl9pMzVvOG1aa1RKMTRTdmRpVktBSVpYMVZSUFBZYzZ1QXpiTVNRN3lhaFBBcjVwa0pWXzBmR2YyTUNlM1c5anNHUU1BLTNuZS1MNA==,2023-06-08 14:52:47.221481
youtube#commentThread,03WyDQFycH84PFqhhNG_HVcOC4U,UgyPDUAZMVJ2pmmNKLp4AaABAg,"{'videoId': 'zEfTDpfyt1o', 'topLevelComment': {'kind': 'youtube#comment', 'etag': 'LvT2HH2aQGLXZY3Lm1Ff_uFHGBI', 'id': 'UgyPDUAZMVJ2pmmNKLp4AaABAg', 'snippet': {'videoId': 'zEfTDpfyt1o', 'textDisplay': 'Bolsopata, é lógico.', 'textOriginal': 'Bolsopata, é lógico.', 'authorDisplayName': 'Kerlen Cabrera', 'authorProfileImageUrl': 'https://yt3.ggpht.com/CvgAxrQ9DGO580YKuiWe6VoV7y5QcfPP7mgTV9Wj_tSex8xLcqPD_89-WgWTrLHBl0n7IOHrAFU=s48-c-k-c0x00ffffff-no-rj', 'authorChannelUrl': 'http://www.youtube.com/channel/UCIj7PLnBOZGD6VDZnq0dutQ', 'authorChannelId': {'value': 'UCIj7PLnBOZGD6VDZnq0dutQ'}, 'canRate': True, 'viewerRating': 'none', 'likeCount': 0, 'publishedAt': '2022-10-23T22:20:51Z', 'updatedAt': '2022-10-23T22:20:51Z'}}, 'canReply': True, 'totalReplyCount': 0, 'isPublic': True}",,UCIj7PLnBOZGD6VDZnq0dutQ,2022-10-23T22:20:51Z,"Bolsopata, é lógico.",QURTSl9pMzVvOG1aa1RKMTRTdmRpVktBSVpYMVZSUFBZYzZ1QXpiTVNRN3lhaFBBcjVwa0pWXzBmR2YyTUNlM1c5anNHUU1BLTNuZS1MNA==,2023-06-08 14:52:47.221481
youtube#commentThread,9IZ7HbZbMSMsbk6kp43bGdnTo3Y,UgwGvK_OA2VldoN9LCh4AaABAg,"{'videoId': 'zEfTDpfyt1o', 'topLevelComment': {'kind': 'youtube#comment', 'etag': 'q0Ptx9x9RCwQ-pxRif8BxyGsCkU', 'id': 'UgwGvK_OA2VldoN9LCh4AaABAg', 'snippet': {'videoId': 'zEfTDpfyt1o', 'textDisplay': 'A sociedade tá cansada da Globo. Tenho pena do câmera, que pode até ser de direita. O que vai fazer a Globo sofrer é a massa não dar mais credibilidade', 'textOriginal': 'A sociedade tá cansada da Globo. Tenho pena do câmera, que pode até ser de direita. O que vai fazer a Globo sofrer é a massa não dar mais credibilidade', 'authorDisplayName': 'AA', 'authorProfileImageUrl': 'https://yt3.ggpht.com/Me05Vr1MM1HyRaR6FPk3vR6fR8TlYirGijkJTthhiSoQaAoOrrzFrFny4iXmYhwzrig0NTRslQ=s48-c-k-c0x00ffffff-no-rj', 'authorChannelUrl': 'http://www.youtube.com/channel/UCTAASfbjbed56POwFq2RkTg', 'authorChannelId': {'value': 'UCTAASfbjbed56POwFq2RkTg'}, 'canRate': True, 'viewerRating': 'none', 'likeCount': 1, 'publishedAt': '2022-10-23T22:20:50Z', 'updatedAt': '2022-10-23T22:20:50Z'}}, 'canReply': True, 'totalReplyCount': 0, 'isPublic': True}",,UCTAASfbjbed56POwFq2RkTg,2022-10-23T22:20:50Z,"A sociedade tá cansada da Globo. Tenho pena do câmera, que pode até ser de direita. O que vai fazer a Globo sofrer é a massa não dar mais credibilidade",QURTSl9pMzVvOG1aa1RKMTRTdmRpVktBSVpYMVZSUFBZYzZ1QXpiTVNRN3lhaFBBcjVwa0pWXzBmR2YyTUNlM1c5anNHUU1BLTNuZS1MNA==,2023-06-08 14:52:47.221481
youtube#commentThread,WejuzX9BVaUcGZ3R1sEFcRCXtzY,UgzkyDFWy5hTaupB9D54AaABAg,"{'videoId': 'zEfTDpfyt1o', 'topLevelComment': {'kind': 'youtube#comment', 'etag': 'QSI7rIifN_DcpmySGjSKNj8NJ78', 'id': 'UgzkyDFWy5hTaupB9D54AaABAg', 'snippet': {'videoId': 'zEfTDpfyt1o', 'textDisplay': 'Poisé', 'textOriginal': 'Poisé', 'authorDisplayName': 'Marisa K', 'authorProfileImageUrl': 'https://yt3.ggpht.com/ytc/AGIKgqMrIPlbf6PidBXSMrQLUadn0X4FiZafzkLpxhAVtA=s48-c-k-c0x00ffffff-no-rj', 'authorChannelUrl': 'http://www.youtube.com/channel/UC2Jqee2qnyS5mPuUzR78GPA', 'authorChannelId': {'value': 'UC2Jqee2qnyS5mPuUzR78GPA'}, 'canRate': True, 'viewerRating': 'none', 'likeCount': 0, 'publishedAt': '2022-10-23T22:20:48Z', 'updatedAt': '2022-10-23T22:20:48Z'}}, 'canReply': True, 'totalReplyCount': 0, 'isPublic': True}",,UC2Jqee2qnyS5mPuUzR78GPA,2022-10-23T22:20:48Z,Poisé,QURTSl9pMzVvOG1aa1RKMTRTdmRpVktBSVpYMVZSUFBZYzZ1QXpiTVNRN3lhaFBBcjVwa0pWXzBmR2YyTUNlM1c5anNHUU1BLTNuZS1MNA==,2023-06-08 14:52:47.221481
youtube#commentThread,4XJMN69Sg0NWNAoEANVDCMaZOBA,Ugz9F754eVcKTyd8v-t4AaABAg,"{'videoId': 'zEfTDpfyt1o', 'topLevelComment': {'kind': 'youtube#comment', 'etag': 'Zbc-W8ztBRPkOaKTPYxVIRqyNxY', 'id': 'Ugz9F754eVcKTyd8v-t4AaABAg', 'snippet': {'videoId': 'zEfTDpfyt1o', 'textDisplay': 'Apoiador de Roberto Jefferson ou Bolsonaro?🤔🤔', 'textOriginal': 'Apoiador de Roberto Jefferson ou Bolsonaro?🤔🤔', 'authorDisplayName': 'Alonso Modrock', 'authorProfileImageUrl': 'https://yt3.ggpht.com/ytc/AGIKgqOg1Ggtq-KG8BH9CdakrmnJVXG0oDgcs9aj9aRs5g=s48-c-k-c0x00ffffff-no-rj', 'authorChannelUrl': 'http://www.youtube.com/channel/UC0n0QoLe9dXNAxjjrBd2AHw', 'authorChannelId': {'value': 'UC0n0QoLe9dXNAxjjrBd2AHw'}, 'canRate': True, 'viewerRating': 'none', 'likeCount': 0, 'publishedAt': '2022-10-23T22:20:46Z', 'updatedAt': '2022-10-23T22:20:46Z'}}, 'canReply': True, 'totalReplyCount': 0, 'isPublic': True}",,UC0n0QoLe9dXNAxjjrBd2AHw,2022-10-23T22:20:46Z,Apoiador de Roberto Jefferson ou Bolsonaro?🤔🤔,QURTSl9pMzVvOG1aa1RKMTRTdmRpVktBSVpYMVZSUFBZYzZ1QXpiTVNRN3lhaFBBcjVwa0pWXzBmR2YyTUNlM1c5anNHUU1BLTNuZS1MNA==,2023-06-08 14:52:47.221481
youtube#commentThread,8BhhBikRW_2dzC__8uLPPZuvo3g,UgzrR_qBPPtrR96jvCd4AaABAg,"{'videoId': 'zEfTDpfyt1o', 'topLevelComment': {'kind': 'youtube#comment', 'etag': 'l6iUnfjwryXwGFgLU4hJa9olZ6E', 'id': 'UgzrR_qBPPtrR96jvCd4AaABAg', 'snippet': {'videoId': 'zEfTDpfyt1o', 'textDisplay': 'Pra não falar apoiadores de Bolsonaro, fala que é de Roberto Jeferson kkkkkkkkkk', 'textOriginal': 'Pra não falar apoiadores de Bolsonaro, fala que é de Roberto Jeferson kkkkkkkkkk', 'authorDisplayName': 'Timoteo De matos', 'authorProfileImageUrl': 'https://yt3.ggpht.com/ytc/AGIKgqPQh_urkBDwAX_8bkH-38TeY_g7XMvJYClkPg=s48-c-k-c0x00ffffff-no-rj', 'authorChannelUrl': 'http://www.youtube.com/channel/UCWW4FqMrpFh58bp60yarI2A', 'authorChannelId': {'value': 'UCWW4FqMrpFh58bp60yarI2A'}, 'canRate': True, 'viewerRating': 'none', 'likeCount': 1, 'publishedAt': '2022-10-23T22:20:42Z', 'updatedAt': '2022-10-23T22:20:42Z'}}, 'canReply': True, 'totalReplyCount': 0, 'isPublic': True}",,UCWW4FqMrpFh58bp60yarI2A,2022-10-23T22:20:42Z,"Pra não falar apoiadores de Bolsonaro, fala que é de Roberto Jeferson kkkkkkkkkk",QURTSl9pMzVvOG1aa1RKMTRTdmRpVktBSVpYMVZSUFBZYzZ1QXpiTVNRN3lhaFBBcjVwa0pWXzBmR2YyTUNlM1c5anNHUU1BLTNuZS1MNA==,2023-06-08 14:52:47.221481
youtube#commentThread,wftXAXIYOpdBM-4U5vHFjwqv76M,UgzrsAHdFEHD0kC5xON4AaABAg,"{'videoId': 'zEfTDpfyt1o', 'topLevelComment': {'kind': 'youtube#comment', 'etag': '40P85c6lCxX2YKZ3zHYd35ByR-I', 'id': 'UgzrsAHdFEHD0kC5xON4AaABAg', 'snippet': {'videoId': 'zEfTDpfyt1o', 'textDisplay': 'Domingo que vem a coisa vai ficar feia  aja seguranca', 'textOriginal': 'Domingo que vem a coisa vai ficar feia  aja seguranca', 'authorDisplayName': 'Hélio Minto', 'authorProfileImageUrl': 'https://yt3.ggpht.com/ytc/AGIKgqMFHU5_XA_3Bm6rldUfxG8g_EDQeTXXf6rOyIao9q51e2H2r7IdWl44T1Vd2HMm=s48-c-k-c0x00ffffff-no-rj', 'authorChannelUrl': 'http://www.youtube.com/channel/UCO5TRuq-kjHMN7XWZYnHEvQ', 'authorChannelId': {'value': 'UCO5TRuq-kjHMN7XWZYnHEvQ'}, 'canRate': True, 'viewerRating': 'none', 'likeCount': 0, 'publishedAt': '2022-10-23T22:20:35Z', 'updatedAt': '2022-10-23T22:20:35Z'}}, 'canReply': True, 'totalReplyCount': 0, 'isPublic': True}",,UCO5TRuq-kjHMN7XWZYnHEvQ,2022-10-23T22:20:35Z,Domingo que vem a coisa vai ficar feia  aja seguranca,QURTSl9pMzVvOG1aa1RKMTRTdmRpVktBSVpYMVZSUFBZYzZ1QXpiTVNRN3lhaFBBcjVwa0pWXzBmR2YyTUNlM1c5anNHUU1BLTNuZS1MNA==,2023-06-08 14:52:47.221481
youtube#commentThread,c4-20SUaVZcdPasKRhSrFdCx9ew,Ugx0cxcYD9LkAZ89e0Z4AaABAg,"{'videoId': 'zEfTDpfyt1o', 'topLevelComment': {'kind': 'youtube#comment', 'etag': 'R615FLqRfMrTcXgLCGpLdWAwcao', 'id': 'Ugx0cxcYD9LkAZ89e0Z4AaABAg', 'snippet': {'videoId': 'zEfTDpfyt1o', 'textDisplay': 'São apoiador de genocida', 'textOriginal': 'São apoiador de genocida', 'authorDisplayName': 'José Ivanildo Da Silva', 'authorProfileImageUrl': 'https://yt3.ggpht.com/ytc/AGIKgqOzIeXvC6a9ul3RlUNDzKJWhK4mjXHDFK14Ag=s48-c-k-c0x00ffffff-no-rj', 'authorChannelUrl': 'http://www.youtube.com/channel/UCnFc5h5vyfFnTir638J3-uA', 'authorChannelId': {'value': 'UCnFc5h5vyfFnTir638J3-uA'}, 'canRate': True, 'viewerRating': 'none', 'likeCount': 0, 'publishedAt': '2022-10-23T22:20:34Z', 'updatedAt': '2022-10-23T22:20:34Z'}}, 'canReply': True, 'totalReplyCount': 0, 'isPublic': True}",,UCnFc5h5vyfFnTir638J3-uA,2022-10-23T22:20:34Z,São apoiador de genocida,QURTSl9pMzVvOG1aa1RKMTRTdmRpVktBSVpYMVZSUFBZYzZ1QXpiTVNRN3lhaFBBcjVwa0pWXzBmR2YyTUNlM1c5anNHUU1BLTNuZS1MNA==,2023-06-08 14:52:47.221481
youtube#commentThread,cA74pJxYkwln4Pu2tvHdcYtB8DU,UgxD7IIRx2cs9Lt7Lc54AaABAg,"{'videoId': 'zEfTDpfyt1o', 'topLevelComment': {'kind': 'youtube#comment', 'etag': 'C_PbyMeIx4Z31Z_6CFbDeqmtrkE', 'id': 'UgxD7IIRx2cs9Lt7Lc54AaABAg', 'snippet': {'videoId': 'zEfTDpfyt1o', 'textDisplay': 'Estamos sendo violentados pela justiça!', 'textOriginal': 'Estamos sendo violentados pela justiça!', 'authorDisplayName': 'Chayane Cavalheiro', 'authorProfileImageUrl': 'https://yt3.ggpht.com/ytc/AGIKgqPUTaSxM-knHz9d3zwkplF2B8KwbMP3o-HZzg=s48-c-k-c0x00ffffff-no-rj', 'authorChannelUrl': 'http://www.youtube.com/channel/UCMVJAkSibARDwHXkVIpRxZw', 'authorChannelId': {'value': 'UCMVJAkSibARDwHXkVIpRxZw'}, 'canRate': True, 'viewerRating': 'none', 'likeCount': 9, 'publishedAt': '2022-10-23T22:20:33Z', 'updatedAt': '2022-10-23T22:20:33Z'}}, 'canReply': True, 'totalReplyCount': 1, 'isPublic': True}","{'comments': [{'kind': 'youtube#comment', 'etag': 'qg7t9JIpXJZY7u6Ze0NXD06gm8E', 'id': 'UgxD7IIRx2cs9Lt7Lc54AaABAg.9hY9yn0OCKT9hYBw6yEW7P', 'snippet': {'videoId': 'zEfTDpfyt1o', 'textDisplay': 'Nada justificar a violência!', 'textOriginal': 'Nada justificar a violência!', 'parentId': 'UgxD7IIRx2cs9Lt7Lc54AaABAg', 'authorDisplayName': 'Dantas', 'authorProfileImageUrl': 'https://yt3.ggpht.com/ytc/AGIKgqOMcZ4EwagANtI24NR0b1i_hWYshxEBcdzS08MJzt18WYPx1iHY2jiyxEgjorkB=s48-c-k-c0x00ffffff-no-rj', 'authorChannelUrl': 'http://www.youtube.com/channel/UCUMKm-TZqpux5yzoxrpMNKQ', 'authorChannelId': {'value': 'UCUMKm-TZqpux5yzoxrpMNKQ'}, 'canRate': True, 'viewerRating': 'none', 'likeCount': 0, 'publishedAt': '2022-10-23T22:37:40Z', 'updatedAt': '2022-10-23T22:37:40Z'}}]}",UCMVJAkSibARDwHXkVIpRxZw,2022-10-23T22:20:33Z,Estamos sendo violentados pela justiça!,QURTSl9pMzVvOG1aa1RKMTRTdmRpVktBSVpYMVZSUFBZYzZ1QXpiTVNRN3lhaFBBcjVwa0pWXzBmR2YyTUNlM1c5anNHUU1BLTNuZS1MNA==,2023-06-08 14:52:47.221481
youtube#commentThread,3c1qM1-qLuvrUXdTaAYOdSpNvEg,UgzZICiko7XinX9V2314AaABAg,"{'videoId': 'zEfTDpfyt1o', 'topLevelComment': {'kind': 'youtube#comment', 'etag': 'Nx0A4I8SZNSVmF9s6ZCoxCe5O1s', 'id': 'UgzZICiko7XinX9V2314AaABAg', 'snippet': {'videoId': 'zEfTDpfyt1o', 'textDisplay': 'Nunca pensei de chegar aos 76 anos e.ver tudo  isso que está  acontecendo.  É  lamentável', 'textOriginal': 'Nunca pensei de chegar aos 76 anos e.ver tudo  isso que está  acontecendo.  É  lamentável', 'authorDisplayName': 'iara vita', 'authorProfileImageUrl': 'https://yt3.ggpht.com/ytc/AGIKgqP3zEzj-q0OVaNJYvjqsnej4WXKDgNwZCzx3w=s48-c-k-c0x00ffffff-no-rj', 'authorChannelUrl': 'http://www.youtube.com/channel/UCs72LfnMhNQtrn82cQ3gpuA', 'authorChannelId': {'value': 'UCs72LfnMhNQtrn82cQ3gpuA'}, 'canRate': True, 'viewerRating': 'none', 'likeCount': 330, 'publishedAt': '2022-10-23T22:20:31Z', 'updatedAt': '2022-10-23T22:20:31Z'}}, 'canReply': True, 'totalReplyCount': 39, 'isPublic': True}","{'comments': [{'kind': 'youtube#comment', 'etag': 'L209y1qR2jRzC3uVwLlQMc7tsXY', 'id': 'UgzZICiko7XinX9V2314AaABAg.9hY9yZaXsVM9hlZ8RW8kmc', 'snippet': {'videoId': 'zEfTDpfyt1o', 'textDisplay': 'IMAGINA quantas morte vão ser imcomendada se esse MILICIANO BOZONARO ficar mais 4 anos ???? Agora e matar e apagar o vídeo igual o TARCÍSIO ordenou em São Paulo .... Ele já deixou claro que a PM de são Paulo não vai mais ter câmera pra gravar as operações e patrulhas ... Removeram o corpo do rapaz da cena do crime e agora estão fazendo uma operação apagar provas e daqui uns dias começa a queima de arquivos ... O cinegrafista que gravou tudo pediu demissão da jovem PUN e tá com medo do pessoal do Tarcísio matar ele a a mulher dele que vai ganhar nenê  mês que vem .... A família do rapaz que o pessoal do Tarcísio matou está comendo de ser mostra também', 'textOriginal': 'IMAGINA quantas morte vão ser imcomendada se esse MILICIANO BOZONARO ficar mais 4 anos ???? Agora e matar e apagar o vídeo igual o TARCÍSIO ordenou em São Paulo .... Ele já deixou claro que a PM de são Paulo não vai mais ter câmera pra gravar as operações e patrulhas ... Removeram o corpo do rapaz da cena do crime e agora estão fazendo uma operação apagar provas e daqui uns dias começa a queima de arquivos ... O cinegrafista que gravou tudo pediu demissão da jovem PUN e tá com medo do pessoal do Tarcísio matar ele a a mulher dele que vai ganhar nenê  mês que vem .... A família do rapaz que o pessoal do Tarcísio matou está comendo de ser mostra também', 'parentId': 'UgzZICiko7XinX9V2314AaABAg', 'authorDisplayName': 'luiz mello', 'authorProfileImageUrl': 'https://yt3.ggpht.com/ytc/AGIKgqM2hh67XeEhuc2eb90wQuZNRPnmXzS1URISz19M=s48-c-k-c0x00ffffff-no-rj', 'authorChannelUrl': 'http://www.youtube.com/channel/UCjNF9YFP_tY5lTVk1leykgg', 'authorChannelId': {'value': 'UCjNF9YFP_tY5lTVk1leykgg'}, 'canRate': True, 'viewerRating': 'none', 'likeCount': 0, 'publishedAt': '2022-10-29T12:29:49Z', 'updatedAt': '2022-10-29T12:29:49Z'}}, {'kind': 'youtube#comment', 'etag': 'Wqnj3COukuDDJvJK4yOGFPqPDcU', 'id': 'UgzZICiko7XinX9V2314AaABAg.9hY9yZaXsVM9hesjYs0YPP', 'snippet': {'videoId': 'zEfTDpfyt1o', 'textDisplay': '@Claudia resumindo: a solução para os problemas sociais e políticos em pleno século 21 para o Bolsonarismo é armar a população,  putsss, né brincadeira não, aí vem a justificativa: por que a uns 10 mil anos atras a Bíblia e Cristo, conforme alguma passagem,  justificam tal armamento, puts velho, nossa malafaia e Bolsonaro junto com essa nova Deus, pátria e família é que deixaram vc, vcs bem inteligente, é isso aí, sou burro, devo ser mesmo.', 'textOriginal': '@Claudia resumindo: a solução para os problemas sociais e políticos em pleno século 21 para o Bolsonarismo é armar a população,  putsss, né brincadeira não, aí vem a justificativa: por que a uns 10 mil anos atras a Bíblia e Cristo, conforme alguma passagem,  justificam tal armamento, puts velho, nossa malafaia e Bolsonaro junto com essa nova Deus, pátria e família é que deixaram vc, vcs bem inteligente, é isso aí, sou burro, devo ser mesmo.', 'parentId': 'UgzZICiko7XinX9V2314AaABAg', 'authorDisplayName': 'Sempre Questione_Urgente refletir?????????????????', 'authorProfileImageUrl': 'https://yt3.ggpht.com/7fa8x81KlMsPktjfoZlLl-9BziDYrjMeGUjnt5dxtyWhdVeEVw1u6qHh5zhOozKX4JpBju9Gnwo=s48-c-k-c0x00ffffff-no-rj', 'authorChannelUrl': 'http://www.youtube.com/channel/UCNBr5h6utoFukm3iPeVVb8A', 'authorChannelId': {'value': 'UCNBr5h6utoFukm3iPeVVb8A'}, 'canRate': True, 'viewerRating': 'none', 'likeCount': 0, 'publishedAt': '2022-10-26T22:15:06Z', 'updatedAt': '2022-10-26T22:16:26Z'}}, {'kind': 'youtube#comment', 'etag': '6b001oq87JrMdtKl_iuI-0KodN4', 'id': 'UgzZICiko7XinX9V2314AaABAg.9hY9yZaXsVM9hequOGTJuP', 'snippet': {'videoId': 'zEfTDpfyt1o', 'textDisplay': '@Sempre Questione_Urgente refletir????????????????? Putz, o seu nível intelectual deve ser muito alto. Não entendi absolutamente nada do que você escreveu. rsrsrsrs', 'textOriginal': '@Sempre Questione_Urgente refletir????????????????? Putz, o seu nível intelectual deve ser muito alto. Não entendi absolutamente nada do que você escreveu. rsrsrsrs', 'parentId': 'UgzZICiko7XinX9V2314AaABAg', 'authorDisplayName': 'Claudia', 'authorProfileImageUrl': 'https://yt3.ggpht.com/ytc/AGIKgqMvH61fVQ_NLL6nZTrEIKOZkNdbknBKSxupLg=s48-c-k-c0x00ffffff-no-rj', 'authorChannelUrl': 'http://www.youtube.com/channel/UC_PCL9Eqa_MPUW1EXWwHRZQ', 'authorChannelId': {'value': 'UC_PCL9Eqa_MPUW1EXWwHRZQ'}, 'canRate': True, 'viewerRating': 'none', 'likeCount': 0, 'publishedAt': '2022-10-26T21:59:07Z', 'updatedAt': '2022-10-26T21:59:07Z'}}, {'kind': 'youtube#comment', 'etag': 'FdMHMmdotuo4VtbkbEI3_qgmndk', 'id': 'UgzZICiko7XinX9V2314AaABAg.9hY9yZaXsVM9hbuE6Dv8D1', 'snippet': {'videoId': 'zEfTDpfyt1o', 'textDisplay': '@Claudia nooossaa foi longe emm, negócio antiiiigooooo isso, bem desconexo com os tempos atuais de cisão dos blocos do mundo, do racha dos projetos ideológicos liberal com EUA e Europa contra Rússia e China socialistas, em que se sabe qu o imperialismo de um dos lados começou a atiçar o outro por seu crescimento econômico vir chegando e em Ascenção, sito propria China, colocando assim a ulcrania como isca por meio de articulação para Ascenção de um presidente freguês e alinhado lá, hoje em dia Ulcrania destruido, e onde se sabe que o imperialismo liberal vê com olhos de interesse toda a América do sul, principalmente Brasil e então tentam infiltrar presidentes fregueses alinhados nesses também como é o caso do Bolsonaro, Brasil caminhando pra ficar igual ulcrania,  problema é que imperialista se dá bem, e o que foi recolonizado só perde, soa atual quando se falava na América do sul como um quintal dos grandes, como sempre, e sabem que com governos de esquerda é mais difícil tal processo, os interesses econômicos também com os minérios naturais dessas terras daqui,  assim como no Afeganistão se tinham o petróleo por interesse e na Rússia possivelmente o Gás.', 'textOriginal': '@Claudia nooossaa foi longe emm, negócio antiiiigooooo isso, bem desconexo com os tempos atuais de cisão dos blocos do mundo, do racha dos projetos ideológicos liberal com EUA e Europa contra Rússia e China socialistas, em que se sabe qu o imperialismo de um dos lados começou a atiçar o outro por seu crescimento econômico vir chegando e em Ascenção, sito propria China, colocando assim a ulcrania como isca por meio de articulação para Ascenção de um presidente freguês e alinhado lá, hoje em dia Ulcrania destruido, e onde se sabe que o imperialismo liberal vê com olhos de interesse toda a América do sul, principalmente Brasil e então tentam infiltrar presidentes fregueses alinhados nesses também como é o caso do Bolsonaro, Brasil caminhando pra ficar igual ulcrania,  problema é que imperialista se dá bem, e o que foi recolonizado só perde, soa atual quando se falava na América do sul como um quintal dos grandes, como sempre, e sabem que com governos de esquerda é mais difícil tal processo, os interesses econômicos também com os minérios naturais dessas terras daqui,  assim como no Afeganistão se tinham o petróleo por interesse e na Rússia possivelmente o Gás.', 'parentId': 'UgzZICiko7XinX9V2314AaABAg', 'authorDisplayName': 'Sempre Questione_Urgente refletir?????????????????', 'authorProfileImageUrl': 'https://yt3.ggpht.com/7fa8x81KlMsPktjfoZlLl-9BziDYrjMeGUjnt5dxtyWhdVeEVw1u6qHh5zhOozKX4JpBju9Gnwo=s48-c-k-c0x00ffffff-no-rj', 'authorChannelUrl': 'http://www.youtube.com/channel/UCNBr5h6utoFukm3iPeVVb8A', 'authorChannelId': {'value': 'UCNBr5h6utoFukm3iPeVVb8A'}, 'canRate': True, 'viewerRating': 'none', 'likeCount': 0, 'publishedAt': '2022-10-25T18:30:26Z', 'updatedAt': '2022-10-25T18:37:33Z'}}, {'kind': 'youtube#comment', 'etag': '1ji765hhmt0L0xHmtkMoNlhQOzM', 'id': 'UgzZICiko7XinX9V2314AaABAg.9hY9yZaXsVM9hbr_75PT96', 'snippet': {'videoId': 'zEfTDpfyt1o', 'textDisplay': '@Sempre Questione_Urgente refletir????????????????? Lembra do cinegrafista Santiago Andrade? Que foi morto por um morteiro? E a esquerda debochou da morte dele. Não é de hoje que o clima vem esquentando.', 'textOriginal': '@Sempre Questione_Urgente refletir????????????????? Lembra do cinegrafista Santiago Andrade? Que foi morto por um morteiro? E a esquerda debochou da morte dele. Não é de hoje que o clima vem esquentando.', 'parentId': 'UgzZICiko7XinX9V2314AaABAg', 'authorDisplayName': 'Claudia', 'authorProfileImageUrl': 'https://yt3.ggpht.com/ytc/AGIKgqMvH61fVQ_NLL6nZTrEIKOZkNdbknBKSxupLg=s48-c-k-c0x00ffffff-no-rj', 'authorChannelUrl': 'http://www.youtube.com/channel/UC_PCL9Eqa_MPUW1EXWwHRZQ', 'authorChannelId': {'value': 'UC_PCL9Eqa_MPUW1EXWwHRZQ'}, 'canRate': True, 'viewerRating': 'none', 'likeCount': 0, 'publishedAt': '2022-10-25T18:07:13Z', 'updatedAt': '2022-10-25T18:07:13Z'}}]}",UCs72LfnMhNQtrn82cQ3gpuA,2022-10-23T22:20:31Z,Nunca pensei de chegar aos 76 anos e.ver tudo  isso que está  acontecendo.  É  lamentável,QURTSl9pMzVvOG1aa1RKMTRTdmRpVktBSVpYMVZSUFBZYzZ1QXpiTVNRN3lhaFBBcjVwa0pWXzBmR2YyTUNlM1c5anNHUU1BLTNuZS1MNA==,2023-06-08 14:52:47.221481
youtube#commentThread,3KlFq7p9YYQIbab-L77OOKlpGfg,UgwLrdAcWjm-AqNUoNZ4AaABAg,"{'videoId': 'zEfTDpfyt1o', 'topLevelComment': {'kind': 'youtube#comment', 'etag': 'oo5XxipGfOd5Uu-Hedbv-kW-1Uc', 'id': 'UgwLrdAcWjm-AqNUoNZ4AaABAg', 'snippet': {'videoId': 'zEfTDpfyt1o', 'textDisplay': 'Não acredito nisso, acredito que apenas ouve uma resposta do povo contra as provocações feitas pelo cinegrafista do mal. Para não haver agressão precisa haver respeito por parte de quem provoca a população. Houve muita incenação tbm por parte do cinegrafista da TV Globoesgoto.', 'textOriginal': 'Não acredito nisso, acredito que apenas ouve uma resposta do povo contra as provocações feitas pelo cinegrafista do mal. Para não haver agressão precisa haver respeito por parte de quem provoca a população. Houve muita incenação tbm por parte do cinegrafista da TV Globoesgoto.', 'authorDisplayName': 'BJ - ASSESSORIA CONFIANÇA', 'authorProfileImageUrl': 'https://yt3.ggpht.com/Gj9jMMsiQrEhlGcmcpnMBJTjHMMEZEytlfCzvhgPkOMEcucHuCSBZgC0BNzRSDSX2tqKG9LZ=s48-c-k-c0x00ffffff-no-rj', 'authorChannelUrl': 'http://www.youtube.com/channel/UCcBlwU2zSF0SxjGdlJZmmxQ', 'authorChannelId': {'value': 'UCcBlwU2zSF0SxjGdlJZmmxQ'}, 'canRate': True, 'viewerRating': 'none', 'likeCount': 1, 'publishedAt': '2022-10-23T22:20:30Z', 'updatedAt': '2022-10-23T22:23:40Z'}}, 'canReply': True, 'totalReplyCount': 0, 'isPublic': True}",,UCcBlwU2zSF0SxjGdlJZmmxQ,2022-10-23T22:20:30Z,"Não acredito nisso, acredito que apenas ouve uma resposta do povo contra as provocações feitas pelo cinegrafista do mal. Para não haver agressão precisa haver respeito por parte de quem provoca a população. Houve muita incenação tbm por parte do cinegrafista da TV Globoesgoto.",QURTSl9pMzVvOG1aa1RKMTRTdmRpVktBSVpYMVZSUFBZYzZ1QXpiTVNRN3lhaFBBcjVwa0pWXzBmR2YyTUNlM1c5anNHUU1BLTNuZS1MNA==,2023-06-08 14:52:47.221481
youtube#commentThread,PIJVBqdxfPnuZus_MJJaBLp_kMI,UgyiTl_OqefZ8idUV6F4AaABAg,"{'videoId': 'zEfTDpfyt1o', 'topLevelComment': {'kind': 'youtube#comment', 'etag': 'SjotbMIK3F-7L5vY9GC1p8ofQpU', 'id': 'UgyiTl_OqefZ8idUV6F4AaABAg', 'snippet': {'videoId': 'zEfTDpfyt1o', 'textDisplay': 'Foi agredido por um homem. Pega e prende. Não generalizem.', 'textOriginal': 'Foi agredido por um homem. Pega e prende. Não generalizem.', 'authorDisplayName': 'Daniel Moreira', 'authorProfileImageUrl': 'https://yt3.ggpht.com/ytc/AGIKgqOQjJvEoXCnJ44fVz50UlkrCUhimPbb7i8RY0o11g=s48-c-k-c0x00ffffff-no-rj', 'authorChannelUrl': 'http://www.youtube.com/channel/UCIddIJ-d2TyekFMM2ZQO8Ug', 'authorChannelId': {'value': 'UCIddIJ-d2TyekFMM2ZQO8Ug'}, 'canRate': True, 'viewerRating': 'none', 'likeCount': 0, 'publishedAt': '2022-10-23T22:20:25Z', 'updatedAt': '2022-10-23T22:20:25Z'}}, 'canReply': True, 'totalReplyCount': 0, 'isPublic': True}",,UCIddIJ-d2TyekFMM2ZQO8Ug,2022-10-23T22:20:25Z,Foi agredido por um homem. Pega e prende. Não generalizem.,QURTSl9pMzVvOG1aa1RKMTRTdmRpVktBSVpYMVZSUFBZYzZ1QXpiTVNRN3lhaFBBcjVwa0pWXzBmR2YyTUNlM1c5anNHUU1BLTNuZS1MNA==,2023-06-08 14:52:47.221481
youtube#commentThread,qDBnF-n1k5P_6s5gAIiL1zJgJ_Y,UgxOQKSJqLmyBiAh_qF4AaABAg,"{'videoId': 'zEfTDpfyt1o', 'topLevelComment': {'kind': 'youtube#comment', 'etag': 'mLl1VYVMfrMg0vOBZJEIVx4QEHI', 'id': 'UgxOQKSJqLmyBiAh_qF4AaABAg', 'snippet': {'videoId': 'zEfTDpfyt1o', 'textDisplay': 'So vejo uma pessoa empurrando o cara e colocam apoiadores, que coisa em....', 'textOriginal': 'So vejo uma pessoa empurrando o cara e colocam apoiadores, que coisa em....', 'authorDisplayName': 'José da Silva Narciso', 'authorProfileImageUrl': 'https://yt3.ggpht.com/ytc/AGIKgqP_sqg6LYtT-LnOBKJuSK6z9nbswFHa1XV4swR3=s48-c-k-c0x00ffffff-no-rj', 'authorChannelUrl': 'http://www.youtube.com/channel/UCaYg6pY0WK27hI0Av20bedw', 'authorChannelId': {'value': 'UCaYg6pY0WK27hI0Av20bedw'}, 'canRate': True, 'viewerRating': 'none', 'likeCount': 1, 'publishedAt': '2022-10-23T22:20:22Z', 'updatedAt': '2022-10-23T22:20:44Z'}}, 'canReply': True, 'totalReplyCount': 0, 'isPublic': True}",,UCaYg6pY0WK27hI0Av20bedw,2022-10-23T22:20:22Z,"So vejo uma pessoa empurrando o cara e colocam apoiadores, que coisa em....",QURTSl9pMzVvOG1aa1RKMTRTdmRpVktBSVpYMVZSUFBZYzZ1QXpiTVNRN3lhaFBBcjVwa0pWXzBmR2YyTUNlM1c5anNHUU1BLTNuZS1MNA==,2023-06-08 14:52:47.221481
youtube#commentThread,hHCAjYyIInuI8dXsbu7ozbGJYn8,UgzxxGtsGWK-dGZZwnh4AaABAg,"{'videoId': 'zEfTDpfyt1o', 'topLevelComment': {'kind': 'youtube#comment', 'etag': 'CmXeExmnxfKS9Tq0p1PlR6JxtUc', 'id': 'UgzxxGtsGWK-dGZZwnh4AaABAg', 'snippet': {'videoId': 'zEfTDpfyt1o', 'textDisplay': 'Foi agredido por um homem. Pega e prende. Não generalizem.', 'textOriginal': 'Foi agredido por um homem. Pega e prende. Não generalizem.', 'authorDisplayName': 'Daniel Moreira', 'authorProfileImageUrl': 'https://yt3.ggpht.com/ytc/AGIKgqOQjJvEoXCnJ44fVz50UlkrCUhimPbb7i8RY0o11g=s48-c-k-c0x00ffffff-no-rj', 'authorChannelUrl': 'http://www.youtube.com/channel/UCIddIJ-d2TyekFMM2ZQO8Ug', 'authorChannelId': {'value': 'UCIddIJ-d2TyekFMM2ZQO8Ug'}, 'canRate': True, 'viewerRating': 'none', 'likeCount': 0, 'publishedAt': '2022-10-23T22:20:20Z', 'updatedAt': '2022-10-23T22:20:20Z'}}, 'canReply': True, 'totalReplyCount': 0, 'isPublic': True}",,UCIddIJ-d2TyekFMM2ZQO8Ug,2022-10-23T22:20:20Z,Foi agredido por um homem. Pega e prende. Não generalizem.,QURTSl9pMzVvOG1aa1RKMTRTdmRpVktBSVpYMVZSUFBZYzZ1QXpiTVNRN3lhaFBBcjVwa0pWXzBmR2YyTUNlM1c5anNHUU1BLTNuZS1MNA==,2023-06-08 14:52:47.221481
youtube#commentThread,5CYF5hmgOgr-XskTIs2AoB6eOr0,Ugxyd7q_nA3rLaR9F2N4AaABAg,"{'videoId': 'zEfTDpfyt1o', 'topLevelComment': {'kind': 'youtube#comment', 'etag': '_rOD9Im9cnaitJpw7HpFB-lpHOo', 'id': 'Ugxyd7q_nA3rLaR9F2N4AaABAg', 'snippet': {'videoId': 'zEfTDpfyt1o', 'textDisplay': 'Tinha que ser Globo', 'textOriginal': 'Tinha que ser Globo', 'authorDisplayName': 'Alberto Souza', 'authorProfileImageUrl': 'https://yt3.ggpht.com/ytc/AGIKgqPioQq_TVkCLpoTB0KEgh8EUliPNTMzqpvZqX1qIA=s48-c-k-c0x00ffffff-no-rj', 'authorChannelUrl': 'http://www.youtube.com/channel/UC5gelnigaG2mpTNFE57VMFQ', 'authorChannelId': {'value': 'UC5gelnigaG2mpTNFE57VMFQ'}, 'canRate': True, 'viewerRating': 'none', 'likeCount': 0, 'publishedAt': '2022-10-23T22:20:18Z', 'updatedAt': '2022-10-23T22:20:18Z'}}, 'canReply': True, 'totalReplyCount': 0, 'isPublic': True}",,UC5gelnigaG2mpTNFE57VMFQ,2022-10-23T22:20:18Z,Tinha que ser Globo,QURTSl9pMzVvOG1aa1RKMTRTdmRpVktBSVpYMVZSUFBZYzZ1QXpiTVNRN3lhaFBBcjVwa0pWXzBmR2YyTUNlM1c5anNHUU1BLTNuZS1MNA==,2023-06-08 14:52:47.221481
youtube#commentThread,oRkHlEeLAxeK14Y9Xs9n2n-7FIY,Ugzv0ja4ccHmbDVWlP94AaABAg,"{'videoId': 'zEfTDpfyt1o', 'topLevelComment': {'kind': 'youtube#comment', 'etag': 'DR8Stvti_PX2FJQ_q_AmTdbCvSY', 'id': 'Ugzv0ja4ccHmbDVWlP94AaABAg', 'snippet': {'videoId': 'zEfTDpfyt1o', 'textDisplay': 'Cadeia nesse porco que agrediu o rapaz', 'textOriginal': 'Cadeia nesse porco que agrediu o rapaz', 'authorDisplayName': 'Bruno Costa', 'authorProfileImageUrl': 'https://yt3.ggpht.com/ytc/AGIKgqPCQ6qLqXwlWsOzNaxbjxXbfoiRD6vDbMLBTA=s48-c-k-c0x00ffffff-no-rj', 'authorChannelUrl': 'http://www.youtube.com/channel/UClBkbsng2l_rLci-_7y2CqQ', 'authorChannelId': {'value': 'UClBkbsng2l_rLci-_7y2CqQ'}, 'canRate': True, 'viewerRating': 'none', 'likeCount': 0, 'publishedAt': '2022-10-23T22:20:15Z', 'updatedAt': '2022-10-23T22:20:15Z'}}, 'canReply': True, 'totalReplyCount': 0, 'isPublic': True}",,UClBkbsng2l_rLci-_7y2CqQ,2022-10-23T22:20:15Z,Cadeia nesse porco que agrediu o rapaz,QURTSl9pMzVvOG1aa1RKMTRTdmRpVktBSVpYMVZSUFBZYzZ1QXpiTVNRN3lhaFBBcjVwa0pWXzBmR2YyTUNlM1c5anNHUU1BLTNuZS1MNA==,2023-06-08 14:52:47.221481
youtube#commentThread,eFMZhShfU1sd10I7LxY4Fl0q4nE,UgwJNT3HqnXG4kf-LC14AaABAg,"{'videoId': 'zEfTDpfyt1o', 'topLevelComment': {'kind': 'youtube#comment', 'etag': 'B21D-95ceLUq_wkF80XMQRM48Wg', 'id': 'UgwJNT3HqnXG4kf-LC14AaABAg', 'snippet': {'videoId': 'zEfTDpfyt1o', 'textDisplay': 'Globolixo não aceitamos mais!!', 'textOriginal': 'Globolixo não aceitamos mais!!', 'authorDisplayName': 'Marcos Freitas', 'authorProfileImageUrl': 'https://yt3.ggpht.com/ytc/AGIKgqOY_lOcVFXDp2P4RuNMvjg3Vy78FqJA3jCt9A=s48-c-k-c0x00ffffff-no-rj', 'authorChannelUrl': 'http://www.youtube.com/channel/UCbfZJDavk8xXwMAk9Lo7IWg', 'authorChannelId': {'value': 'UCbfZJDavk8xXwMAk9Lo7IWg'}, 'canRate': True, 'viewerRating': 'none', 'likeCount': 1, 'publishedAt': '2022-10-23T22:20:14Z', 'updatedAt': '2022-10-23T22:20:14Z'}}, 'canReply': True, 'totalReplyCount': 0, 'isPublic': True}",,UCbfZJDavk8xXwMAk9Lo7IWg,2022-10-23T22:20:14Z,Globolixo não aceitamos mais!!,QURTSl9pMzVvOG1aa1RKMTRTdmRpVktBSVpYMVZSUFBZYzZ1QXpiTVNRN3lhaFBBcjVwa0pWXzBmR2YyTUNlM1c5anNHUU1BLTNuZS1MNA==,2023-06-08 14:52:47.221481
youtube#commentThread,jEi6-kP1J9XeqHFd_OMdZ-uyyaA,UgxhVWmRjo_rMFtTqmt4AaABAg,"{'videoId': 'zEfTDpfyt1o', 'topLevelComment': {'kind': 'youtube#comment', 'etag': 'ioZeQAQLoSoQMitAE0jBNy9sZb0', 'id': 'UgxhVWmRjo_rMFtTqmt4AaABAg', 'snippet': {'videoId': 'zEfTDpfyt1o', 'textDisplay': 'Ze maria e como a globo agride a sociedade todo dia', 'textOriginal': 'Ze maria e como a globo agride a sociedade todo dia', 'authorDisplayName': 'Helton Calazans', 'authorProfileImageUrl': 'https://yt3.ggpht.com/ytc/AGIKgqPbO3_aVkK5lOh-jo8sRZJtpLuprbh2ycqdtQ=s48-c-k-c0x00ffffff-no-rj', 'authorChannelUrl': 'http://www.youtube.com/channel/UCR-DuZ1Y_G_JR73_Ruf2x9Q', 'authorChannelId': {'value': 'UCR-DuZ1Y_G_JR73_Ruf2x9Q'}, 'canRate': True, 'viewerRating': 'none', 'likeCount': 0, 'publishedAt': '2022-10-23T22:20:11Z', 'updatedAt': '2022-10-23T22:20:11Z'}}, 'canReply': True, 'totalReplyCount': 0, 'isPublic': True}",,UCR-DuZ1Y_G_JR73_Ruf2x9Q,2022-10-23T22:20:11Z,Ze maria e como a globo agride a sociedade todo dia,QURTSl9pMzVvOG1aa1RKMTRTdmRpVktBSVpYMVZSUFBZYzZ1QXpiTVNRN3lhaFBBcjVwa0pWXzBmR2YyTUNlM1c5anNHUU1BLTNuZS1MNA==,2023-06-08 14:52:47.221481
youtube#commentThread,JMrfDyevehHvOhXNLvXQyz9FCuk,Ugxac4-A7B5hnhtLPbp4AaABAg,"{'videoId': 'zEfTDpfyt1o', 'topLevelComment': {'kind': 'youtube#comment', 'etag': '-Spn6eD5kix3Z6ynzwP8wpshvu8', 'id': 'Ugxac4-A7B5hnhtLPbp4AaABAg', 'snippet': {'videoId': 'zEfTDpfyt1o', 'textDisplay': 'Fizeram uma arapuca e a estrutura de campanha  do Bolsonaro caiu, agora as decisões  do STF serão  abafadas nas redes sociais para dá lugar ao movimento dos artistas em prol Carmem Lúcia, e a reação  do Roberto Jefferson só  vai legitimar  as ações de Moraes e serão  usadas para a narrativa de um grupo antidemocrático e forçar  a mídia internacional divulgar isso.', 'textOriginal': 'Fizeram uma arapuca e a estrutura de campanha  do Bolsonaro caiu, agora as decisões  do STF serão  abafadas nas redes sociais para dá lugar ao movimento dos artistas em prol Carmem Lúcia, e a reação  do Roberto Jefferson só  vai legitimar  as ações de Moraes e serão  usadas para a narrativa de um grupo antidemocrático e forçar  a mídia internacional divulgar isso.', 'authorDisplayName': 'JorgeLR', 'authorProfileImageUrl': 'https://yt3.ggpht.com/3rF1d7xQHZcEz5MFIrDTRU4Krse8L8Viw30Fjd4WffmmzV8j0sL_R0NxB0A3l3rvcPsAYDqiwg=s48-c-k-c0x00ffffff-no-rj', 'authorChannelUrl': 'http://www.youtube.com/channel/UCGD8GL462UpgcPBgCpZmevg', 'authorChannelId': {'value': 'UCGD8GL462UpgcPBgCpZmevg'}, 'canRate': True, 'viewerRating': 'none', 'likeCount': 0, 'publishedAt': '2022-10-23T22:20:10Z', 'updatedAt': '2022-10-23T22:20:10Z'}}, 'canReply': True, 'totalReplyCount': 0, 'isPublic': True}",,UCGD8GL462UpgcPBgCpZmevg,2022-10-23T22:20:10Z,"Fizeram uma arapuca e a estrutura de campanha  do Bolsonaro caiu, agora as decisões  do STF serão  abafadas nas redes sociais para dá lugar ao movimento dos artistas em prol Carmem Lúcia, e a reação  do Roberto Jefferson só  vai legitimar  as ações de Moraes e serão  usadas para a narrativa de um grupo antidemocrático e forçar  a mídia internacional divulgar isso.",QURTSl9pMzVvOG1aa1RKMTRTdmRpVktBSVpYMVZSUFBZYzZ1QXpiTVNRN3lhaFBBcjVwa0pWXzBmR2YyTUNlM1c5anNHUU1BLTNuZS1MNA==,2023-06-08 14:52:47.221481
youtube#commentThread,l8OuW0AnIJ1ahKohptEtEM1VPTg,UgxW3YPu6b7rZpdNdVh4AaABAg,"{'videoId': 'zEfTDpfyt1o', 'topLevelComment': {'kind': 'youtube#comment', 'etag': 'x5pC-vMUvtqz3ngA1eE230kWOOY', 'id': 'UgxW3YPu6b7rZpdNdVh4AaABAg', 'snippet': {'videoId': 'zEfTDpfyt1o', 'textDisplay': 'Jp são patriotas frutos de 1 geração do atual governo que vcs defende da nisso', 'textOriginal': 'Jp são patriotas frutos de 1 geração do atual governo que vcs defende da nisso', 'authorDisplayName': 'Eduardo dos anjos Dos anjos', 'authorProfileImageUrl': 'https://yt3.ggpht.com/NdmIu79eaTDMZk11YMHZY0A3wWHA7lJWnys7lMFUl1M8VmOthmTk05h6_qikLCwc0OZyPyHDKw=s48-c-k-c0x00ffffff-no-rj', 'authorChannelUrl': 'http://www.youtube.com/channel/UCCZlDxHSLN5c485aS6OJAsA', 'authorChannelId': {'value': 'UCCZlDxHSLN5c485aS6OJAsA'}, 'canRate': True, 'viewerRating': 'none', 'likeCount': 0, 'publishedAt': '2022-10-23T22:20:09Z', 'updatedAt': '2022-10-23T22:20:09Z'}}, 'canReply': True, 'totalReplyCount': 0, 'isPublic': True}",,UCCZlDxHSLN5c485aS6OJAsA,2022-10-23T22:20:09Z,Jp são patriotas frutos de 1 geração do atual governo que vcs defende da nisso,QURTSl9pMzVvOG1aa1RKMTRTdmRpVktBSVpYMVZSUFBZYzZ1QXpiTVNRN3lhaFBBcjVwa0pWXzBmR2YyTUNlM1c5anNHUU1BLTNuZS1MNA==,2023-06-08 14:52:47.221481
youtube#commentThread,O4DzTS2a1DB08Y7xnwTvirJ8Cj4,UgwvG6DMqsTY7wp4pGx4AaABAg,"{'videoId': 'zEfTDpfyt1o', 'topLevelComment': {'kind': 'youtube#comment', 'etag': '2hGlf9hDm2kKetLKu8lCRSb3U60', 'id': 'UgwvG6DMqsTY7wp4pGx4AaABAg', 'snippet': {'videoId': 'zEfTDpfyt1o', 'textDisplay': 'A corda arrebentou', 'textOriginal': 'A corda arrebentou', 'authorDisplayName': 'João Cascales Corrêa', 'authorProfileImageUrl': 'https://yt3.ggpht.com/ytc/AGIKgqPvZ1FcbT_sBTvqVmbqNx4G4cr2b-vkpdpQRK4Nvg=s48-c-k-c0x00ffffff-no-rj', 'authorChannelUrl': 'http://www.youtube.com/channel/UCyRQywpRj-ULvkh1msFA0LQ', 'authorChannelId': {'value': 'UCyRQywpRj-ULvkh1msFA0LQ'}, 'canRate': True, 'viewerRating': 'none', 'likeCount': 0, 'publishedAt': '2022-10-23T22:20:09Z', 'updatedAt': '2022-10-23T22:20:09Z'}}, 'canReply': True, 'totalReplyCount': 2, 'isPublic': True}","{'comments': [{'kind': 'youtube#comment', 'etag': '-ThWQJyVvHy3eDKEUDFLyeCdvqY', 'id': 'UgwvG6DMqsTY7wp4pGx4AaABAg.9hY9voTzRyQ9hYB6vlmDBF', 'snippet': {'videoId': 'zEfTDpfyt1o', 'textDisplay': 'Já deu', 'textOriginal': 'Já deu', 'parentId': 'UgwvG6DMqsTY7wp4pGx4AaABAg', 'authorDisplayName': 'João Cascales Corrêa', 'authorProfileImageUrl': 'https://yt3.ggpht.com/ytc/AGIKgqPvZ1FcbT_sBTvqVmbqNx4G4cr2b-vkpdpQRK4Nvg=s48-c-k-c0x00ffffff-no-rj', 'authorChannelUrl': 'http://www.youtube.com/channel/UCyRQywpRj-ULvkh1msFA0LQ', 'authorChannelId': {'value': 'UCyRQywpRj-ULvkh1msFA0LQ'}, 'canRate': True, 'viewerRating': 'none', 'likeCount': 0, 'publishedAt': '2022-10-23T22:30:32Z', 'updatedAt': '2022-10-23T22:30:32Z'}}, {'kind': 'youtube#comment', 'etag': 'zxpSuiXJ0uba3SnCmMToP0K2hW8', 'id': 'UgwvG6DMqsTY7wp4pGx4AaABAg.9hY9voTzRyQ9hYB3zWXd9g', 'snippet': {'videoId': 'zEfTDpfyt1o', 'textDisplay': 'Bola pra frente', 'textOriginal': 'Bola pra frente', 'parentId': 'UgwvG6DMqsTY7wp4pGx4AaABAg', 'authorDisplayName': 'João Cascales Corrêa', 'authorProfileImageUrl': 'https://yt3.ggpht.com/ytc/AGIKgqPvZ1FcbT_sBTvqVmbqNx4G4cr2b-vkpdpQRK4Nvg=s48-c-k-c0x00ffffff-no-rj', 'authorChannelUrl': 'http://www.youtube.com/channel/UCyRQywpRj-ULvkh1msFA0LQ', 'authorChannelId': {'value': 'UCyRQywpRj-ULvkh1msFA0LQ'}, 'canRate': True, 'viewerRating': 'none', 'likeCount': 0, 'publishedAt': '2022-10-23T22:30:08Z', 'updatedAt': '2022-10-23T22:30:08Z'}}]}",UCyRQywpRj-ULvkh1msFA0LQ,2022-10-23T22:20:09Z,A corda arrebentou,QURTSl9pMzVvOG1aa1RKMTRTdmRpVktBSVpYMVZSUFBZYzZ1QXpiTVNRN3lhaFBBcjVwa0pWXzBmR2YyTUNlM1c5anNHUU1BLTNuZS1MNA==,2023-06-08 14:52:47.221481
youtube#commentThread,fgFeWccDec_G_sKlS24RvEtDodQ,Ugyar2GOJridaQY-3Qd4AaABAg,"{'videoId': 'zEfTDpfyt1o', 'topLevelComment': {'kind': 'youtube#comment', 'etag': 'iFIffGZI738bViRt6WiSKnaujfM', 'id': 'Ugyar2GOJridaQY-3Qd4AaABAg', 'snippet': {'videoId': 'zEfTDpfyt1o', 'textDisplay': 'Sou contra violência.. Mas o que as imagens mostrou foi um cara caindo de um lado e a câmara caindo pro outro.. Não vi câmara nenhuma caindo na cabeça dele não', 'textOriginal': 'Sou contra violência.. Mas o que as imagens mostrou foi um cara caindo de um lado e a câmara caindo pro outro.. Não vi câmara nenhuma caindo na cabeça dele não', 'authorDisplayName': 'Auristela Queiroz', 'authorProfileImageUrl': 'https://yt3.ggpht.com/ytc/AGIKgqPDqDtW-ev4A2g_f4baVEXUt7Xvlt9w_9XDbw=s48-c-k-c0x00ffffff-no-rj', 'authorChannelUrl': 'http://www.youtube.com/channel/UCjYQqKRlFlC8x5ef4VRqU9w', 'authorChannelId': {'value': 'UCjYQqKRlFlC8x5ef4VRqU9w'}, 'canRate': True, 'viewerRating': 'none', 'likeCount': 0, 'publishedAt': '2022-10-23T22:20:07Z', 'updatedAt': '2022-10-23T22:20:07Z'}}, 'canReply': True, 'totalReplyCount': 0, 'isPublic': True}",,UCjYQqKRlFlC8x5ef4VRqU9w,2022-10-23T22:20:07Z,Sou contra violência.. Mas o que as imagens mostrou foi um cara caindo de um lado e a câmara caindo pro outro.. Não vi câmara nenhuma caindo na cabeça dele não,QURTSl9pMzVvOG1aa1RKMTRTdmRpVktBSVpYMVZSUFBZYzZ1QXpiTVNRN3lhaFBBcjVwa0pWXzBmR2YyTUNlM1c5anNHUU1BLTNuZS1MNA==,2023-06-08 14:52:47.221481
youtube#commentThread,6dRn5W_6I3ra2cS5TqJ0sUVgwFg,Ugx7RufprUZpj9BHEnl4AaABAg,"{'videoId': 'zEfTDpfyt1o', 'topLevelComment': {'kind': 'youtube#comment', 'etag': 'ff83-DJ6OblKyKWJtOHUmkpPiJ8', 'id': 'Ugx7RufprUZpj9BHEnl4AaABAg', 'snippet': {'videoId': 'zEfTDpfyt1o', 'textDisplay': 'Isso mesmo caminhos da censura vai ser muita violência no mundo', 'textOriginal': 'Isso mesmo caminhos da censura vai ser muita violência no mundo', 'authorDisplayName': 'Fábio Calassa', 'authorProfileImageUrl': 'https://yt3.ggpht.com/ytc/AGIKgqMvjv61PcnvEVZBu3O_yRyglecTJRAKwqBTla8K2QAvxXnIT8qarPS_EA5Gc4R4=s48-c-k-c0x00ffffff-no-rj', 'authorChannelUrl': 'http://www.youtube.com/channel/UC_mBc4ZfznZ9F_XULVV43Yg', 'authorChannelId': {'value': 'UC_mBc4ZfznZ9F_XULVV43Yg'}, 'canRate': True, 'viewerRating': 'none', 'likeCount': 0, 'publishedAt': '2022-10-23T22:20:06Z', 'updatedAt': '2022-10-23T22:20:06Z'}}, 'canReply': True, 'totalReplyCount': 0, 'isPublic': True}",,UC_mBc4ZfznZ9F_XULVV43Yg,2022-10-23T22:20:06Z,Isso mesmo caminhos da censura vai ser muita violência no mundo,QURTSl9pMzVvOG1aa1RKMTRTdmRpVktBSVpYMVZSUFBZYzZ1QXpiTVNRN3lhaFBBcjVwa0pWXzBmR2YyTUNlM1c5anNHUU1BLTNuZS1MNA==,2023-06-08 14:52:47.221481
youtube#commentThread,HgX3MTNHAaNNCKKuAkSdh4OuUg4,UgzQOt7uhp0lK2vFIWp4AaABAg,"{'videoId': 'zEfTDpfyt1o', 'topLevelComment': {'kind': 'youtube#comment', 'etag': 's1EEvCvl57RZq3OUdUzBGZeAJgY', 'id': 'UgzQOt7uhp0lK2vFIWp4AaABAg', 'snippet': {'videoId': 'zEfTDpfyt1o', 'textDisplay': 'À Globo com pesquisas falsas vêm jogando contra à população brasileira de bem à favor do Luladrao corrupto trazendo revoltas', 'textOriginal': 'À Globo com pesquisas falsas vêm jogando contra à população brasileira de bem à favor do Luladrao corrupto trazendo revoltas', 'authorDisplayName': 'Carlos Alberto Faria de Andrade Alberto', 'authorProfileImageUrl': 'https://yt3.ggpht.com/ytc/AGIKgqN-cB6DWljCyuWF6tspRTTUwXi4Cru2zCRlQQ=s48-c-k-c0x00ffffff-no-rj', 'authorChannelUrl': 'http://www.youtube.com/channel/UCb-mIIohwtlhTy-hvCR0d-w', 'authorChannelId': {'value': 'UCb-mIIohwtlhTy-hvCR0d-w'}, 'canRate': True, 'viewerRating': 'none', 'likeCount': 0, 'publishedAt': '2022-10-23T22:20:05Z', 'updatedAt': '2022-10-23T22:20:05Z'}}, 'canReply': True, 'totalReplyCount': 0, 'isPublic': True}",,UCb-mIIohwtlhTy-hvCR0d-w,2022-10-23T22:20:05Z,À Globo com pesquisas falsas vêm jogando contra à população brasileira de bem à favor do Luladrao corrupto trazendo revoltas,QURTSl9pMzVvOG1aa1RKMTRTdmRpVktBSVpYMVZSUFBZYzZ1QXpiTVNRN3lhaFBBcjVwa0pWXzBmR2YyTUNlM1c5anNHUU1BLTNuZS1MNA==,2023-06-08 14:52:47.221481
youtube#commentThread,Ws1jywKMnjOzXpk55bJtmVPFo8U,UgxMnzwrOXVsGDpqIoF4AaABAg,"{'videoId': 'zEfTDpfyt1o', 'topLevelComment': {'kind': 'youtube#comment', 'etag': 'FzZZOOVT0RVtEitNvb2nQpVTAzM', 'id': 'UgxMnzwrOXVsGDpqIoF4AaABAg', 'snippet': {'videoId': 'zEfTDpfyt1o', 'textDisplay': 'Ele só tropeçou.', 'textOriginal': 'Ele só tropeçou.', 'authorDisplayName': 'Renato', 'authorProfileImageUrl': 'https://yt3.ggpht.com/ytc/AGIKgqMJN6bUDKhdS898BD5nZZqHtXBnHOx9n8wckw=s48-c-k-c0x00ffffff-no-rj', 'authorChannelUrl': 'http://www.youtube.com/channel/UCQKgDNrMxkrrNnbeWPxo8zw', 'authorChannelId': {'value': 'UCQKgDNrMxkrrNnbeWPxo8zw'}, 'canRate': True, 'viewerRating': 'none', 'likeCount': 0, 'publishedAt': '2022-10-23T22:20:05Z', 'updatedAt': '2022-10-23T22:20:05Z'}}, 'canReply': True, 'totalReplyCount': 0, 'isPublic': True}",,UCQKgDNrMxkrrNnbeWPxo8zw,2022-10-23T22:20:05Z,Ele só tropeçou.,QURTSl9pMzVvOG1aa1RKMTRTdmRpVktBSVpYMVZSUFBZYzZ1QXpiTVNRN3lhaFBBcjVwa0pWXzBmR2YyTUNlM1c5anNHUU1BLTNuZS1MNA==,2023-06-08 14:52:47.221481
youtube#commentThread,Tzlz9kKsLWWJjTwe5szi1Rl_oL8,Ugy7Bw2BafYJwQtkuQl4AaABAg,"{'videoId': 'zEfTDpfyt1o', 'topLevelComment': {'kind': 'youtube#comment', 'etag': 'FeFYxbXR6GPBXt3E6QUMtZKq-Dk', 'id': 'Ugy7Bw2BafYJwQtkuQl4AaABAg', 'snippet': {'videoId': 'zEfTDpfyt1o', 'textDisplay': 'Soro deixe de ser repetitivo fale o necessário e deixe o comentarista analisar.', 'textOriginal': 'Soro deixe de ser repetitivo fale o necessário e deixe o comentarista analisar.', 'authorDisplayName': 'Carlos Queiroz', 'authorProfileImageUrl': 'https://yt3.ggpht.com/ytc/AGIKgqPPAGxHpAXEhPah-HCd4bx0Izz21ah7pE3vKg=s48-c-k-c0x00ffffff-no-rj', 'authorChannelUrl': 'http://www.youtube.com/channel/UCjiBIWBI4y0YkCywzI4wKBQ', 'authorChannelId': {'value': 'UCjiBIWBI4y0YkCywzI4wKBQ'}, 'canRate': True, 'viewerRating': 'none', 'likeCount': 0, 'publishedAt': '2022-10-23T22:20:03Z', 'updatedAt': '2022-10-23T22:20:03Z'}}, 'canReply': True, 'totalReplyCount': 0, 'isPublic': True}",,UCjiBIWBI4y0YkCywzI4wKBQ,2022-10-23T22:20:03Z,Soro deixe de ser repetitivo fale o necessário e deixe o comentarista analisar.,QURTSl9pMzVvOG1aa1RKMTRTdmRpVktBSVpYMVZSUFBZYzZ1QXpiTVNRN3lhaFBBcjVwa0pWXzBmR2YyTUNlM1c5anNHUU1BLTNuZS1MNA==,2023-06-08 14:52:47.221481
youtube#commentThread,tqhx5QEozNOuRFL1aPsH9r7Ic9o,Ugyp04CEDjK3s2cQCS54AaABAg,"{'videoId': 'zEfTDpfyt1o', 'topLevelComment': {'kind': 'youtube#comment', 'etag': 'VPOufYlJZgadecaZXs_t5RtOrOE', 'id': 'Ugyp04CEDjK3s2cQCS54AaABAg', 'snippet': {'videoId': 'zEfTDpfyt1o', 'textDisplay': 'Meu Deus!!! Atitudes inconstitucionais estão desestabilizando a sociedade.😔', 'textOriginal': 'Meu Deus!!! Atitudes inconstitucionais estão desestabilizando a sociedade.😔', 'authorDisplayName': 'Tony Silva', 'authorProfileImageUrl': 'https://yt3.ggpht.com/ytc/AGIKgqOCcyTdwuB9BtfXmgHwie81L2VCO4bK1UqqY_zQrg=s48-c-k-c0x00ffffff-no-rj', 'authorChannelUrl': 'http://www.youtube.com/channel/UC7ZpEDZ1_6Vpx6Pl5vUHJXA', 'authorChannelId': {'value': 'UC7ZpEDZ1_6Vpx6Pl5vUHJXA'}, 'canRate': True, 'viewerRating': 'none', 'likeCount': 121, 'publishedAt': '2022-10-23T22:20:02Z', 'updatedAt': '2022-10-23T22:20:02Z'}}, 'canReply': True, 'totalReplyCount': 21, 'isPublic': True}","{'comments': [{'kind': 'youtube#comment', 'etag': 'ok3rs1_wRafEw_-jdmCd7smslgA', 'id': 'Ugyp04CEDjK3s2cQCS54AaABAg.9hY9uybZr749hYTjQQHd8y', 'snippet': {'videoId': 'zEfTDpfyt1o', 'textDisplay': '@Thalyne Jadson  Fernandes Agora é ele o ditador???', 'textOriginal': '@Thalyne Jadson  Fernandes Agora é ele o ditador???', 'parentId': 'Ugyp04CEDjK3s2cQCS54AaABAg', 'authorDisplayName': 'Tiburcio Nascimento', 'authorProfileImageUrl': 'https://yt3.ggpht.com/ytc/AGIKgqPYJ16XbloZp1nRif2q9UiINjE9b3aLcJFllVpYZmGF8L32gAvFuJ_fm0H5T6oa=s48-c-k-c0x00ffffff-no-rj', 'authorChannelUrl': 'http://www.youtube.com/channel/UCOpVT2WBtvOTmNgRgNreY3Q', 'authorChannelId': {'value': 'UCOpVT2WBtvOTmNgRgNreY3Q'}, 'canRate': True, 'viewerRating': 'none', 'likeCount': 0, 'publishedAt': '2022-10-24T01:13:13Z', 'updatedAt': '2022-10-24T01:13:13Z'}}, {'kind': 'youtube#comment', 'etag': '8NcxTJjxyci4n859uoYY6ZqXfnU', 'id': 'Ugyp04CEDjK3s2cQCS54AaABAg.9hY9uybZr749hYKRZEKtHd', 'snippet': {'videoId': 'zEfTDpfyt1o', 'textDisplay': '@Thalyne Jadson  Fernandes Late,  late e, late.. Fim.. Coitado..🤦💁\\u200d♂️', 'textOriginal': '@Thalyne Jadson  Fernandes Late,  late e, late.. Fim.. Coitado..🤦💁\\u200d♂️', 'parentId': 'Ugyp04CEDjK3s2cQCS54AaABAg', 'authorDisplayName': 'Jr Moral', 'authorProfileImageUrl': 'https://yt3.ggpht.com/ytc/AGIKgqOWB9L6i8U-owW8pOj38-hO3dbFicOVh9cE2yc2FQ=s48-c-k-c0x00ffffff-no-rj', 'authorChannelUrl': 'http://www.youtube.com/channel/UC_iZGENLB0JB92m7K9BSGlg', 'authorChannelId': {'value': 'UC_iZGENLB0JB92m7K9BSGlg'}, 'canRate': True, 'viewerRating': 'none', 'likeCount': 0, 'publishedAt': '2022-10-23T23:52:00Z', 'updatedAt': '2022-10-23T23:52:00Z'}}, {'kind': 'youtube#comment', 'etag': 'AjYxAv_HF0puL2FWesGfg8hqg_w', 'id': 'Ugyp04CEDjK3s2cQCS54AaABAg.9hY9uybZr749hYJqKsdzCn', 'snippet': {'videoId': 'zEfTDpfyt1o', 'textDisplay': '@Jr Moral DE ONDE VEM SUA RELEVANCIA? SEU CORNO SEM MORAL .', 'textOriginal': '@Jr Moral DE ONDE VEM SUA RELEVANCIA? SEU CORNO SEM MORAL .', 'parentId': 'Ugyp04CEDjK3s2cQCS54AaABAg', 'authorDisplayName': 'Thalyne Jadson  Fernandes', 'authorProfileImageUrl': 'https://yt3.ggpht.com/GOjejOiCOZ9LzdVTUrOj16xOEDfVPuEF0ctBCuIVV41e-_oMAOhl6hTAbqD3OgZEhA_0hpf3ekI=s48-c-k-c0x00ffffff-no-rj', 'authorChannelUrl': 'http://www.youtube.com/channel/UCpx48m2IUfwkKeOdHZ_YCDg', 'authorChannelId': {'value': 'UCpx48m2IUfwkKeOdHZ_YCDg'}, 'canRate': True, 'viewerRating': 'none', 'likeCount': 0, 'publishedAt': '2022-10-23T23:46:47Z', 'updatedAt': '2022-10-23T23:46:47Z'}}, {'kind': 'youtube#comment', 'etag': 'lQ3EHepcok1DSyL1baVDftazP50', 'id': 'Ugyp04CEDjK3s2cQCS54AaABAg.9hY9uybZr749hYJNKUuIAp', 'snippet': {'videoId': 'zEfTDpfyt1o', 'textDisplay': '@Thalyne Jadson  Fernandes Quanto mais late, mais você corre atrás da própria calda. Última dica: Vai se tratar &quot;cupanheiro&quot;.. Nem Lula e nem Bolsonaro terão parte com alucinados como você.. Ao menos se faça de um animal racional para que alguém relevante te leve em consideração.👍', 'textOriginal': '@Thalyne Jadson  Fernandes Quanto mais late, mais você corre atrás da própria calda. Última dica: Vai se tratar ""cupanheiro"".. Nem Lula e nem Bolsonaro terão parte com alucinados como você.. Ao menos se faça de um animal racional para que alguém relevante te leve em consideração.👍', 'parentId': 'Ugyp04CEDjK3s2cQCS54AaABAg', 'authorDisplayName': 'Jr Moral', 'authorProfileImageUrl': 'https://yt3.ggpht.com/ytc/AGIKgqOWB9L6i8U-owW8pOj38-hO3dbFicOVh9cE2yc2FQ=s48-c-k-c0x00ffffff-no-rj', 'authorChannelUrl': 'http://www.youtube.com/channel/UC_iZGENLB0JB92m7K9BSGlg', 'authorChannelId': {'value': 'UC_iZGENLB0JB92m7K9BSGlg'}, 'canRate': True, 'viewerRating': 'none', 'likeCount': 0, 'publishedAt': '2022-10-23T23:42:41Z', 'updatedAt': '2022-10-23T23:42:41Z'}}, {'kind': 'youtube#comment', 'etag': 'Ft10FssUNvKNJP-FQgzUGg4Yicw', 'id': 'Ugyp04CEDjK3s2cQCS54AaABAg.9hY9uybZr749hYI_pVUylS', 'snippet': {'videoId': 'zEfTDpfyt1o', 'textDisplay': '@Jr Moral VC DEFENDE ESSE MALDITO E AINDA VEM FALAR DE PROBLEMA MENTAL.<br>VAI SI TRATAR GADO ESCROTO SEM MORAL.', 'textOriginal': '@Jr Moral VC DEFENDE ESSE MALDITO E AINDA VEM FALAR DE PROBLEMA MENTAL.\\nVAI SI TRATAR GADO ESCROTO SEM MORAL.', 'parentId': 'Ugyp04CEDjK3s2cQCS54AaABAg', 'authorDisplayName': 'Thalyne Jadson  Fernandes', 'authorProfileImageUrl': 'https://yt3.ggpht.com/GOjejOiCOZ9LzdVTUrOj16xOEDfVPuEF0ctBCuIVV41e-_oMAOhl6hTAbqD3OgZEhA_0hpf3ekI=s48-c-k-c0x00ffffff-no-rj', 'authorChannelUrl': 'http://www.youtube.com/channel/UCpx48m2IUfwkKeOdHZ_YCDg', 'authorChannelId': {'value': 'UCpx48m2IUfwkKeOdHZ_YCDg'}, 'canRate': True, 'viewerRating': 'none', 'likeCount': 0, 'publishedAt': '2022-10-23T23:35:47Z', 'updatedAt': '2022-10-23T23:35:47Z'}}]}",UC7ZpEDZ1_6Vpx6Pl5vUHJXA,2022-10-23T22:20:02Z,Meu Deus!!! Atitudes inconstitucionais estão desestabilizando a sociedade.😔,QURTSl9pMzVvOG1aa1RKMTRTdmRpVktBSVpYMVZSUFBZYzZ1QXpiTVNRN3lhaFBBcjVwa0pWXzBmR2YyTUNlM1c5anNHUU1BLTNuZS1MNA==,2023-06-08 14:52:47.221481
youtube#commentThread,9xHSjVy7Mx7zHxBxgvAnMBlrvrY,Ugymt6At4jG0vgsB4M94AaABAg,"{'videoId': 'zEfTDpfyt1o', 'topLevelComment': {'kind': 'youtube#comment', 'etag': 'juMPXaffGmY4cK08AP1bPEHhVIA', 'id': 'Ugymt6At4jG0vgsB4M94AaABAg', 'snippet': {'videoId': 'zEfTDpfyt1o', 'textDisplay': '👀', 'textOriginal': '👀', 'authorDisplayName': 'Nay Oliveira', 'authorProfileImageUrl': 'https://yt3.ggpht.com/QT8K7i1yB9Fq2u1yVsW1et2tZrBDuyXnIBpiG59BnctkYIwTRiUQD1dsSMlUL2tK5lxqKbs2=s48-c-k-c0x00ffffff-no-rj', 'authorChannelUrl': 'http://www.youtube.com/channel/UCynUNlfz654yUwZaspAaUDA', 'authorChannelId': {'value': 'UCynUNlfz654yUwZaspAaUDA'}, 'canRate': True, 'viewerRating': 'none', 'likeCount': 0, 'publishedAt': '2022-10-23T22:20:01Z', 'updatedAt': '2022-10-23T22:20:01Z'}}, 'canReply': True, 'totalReplyCount': 0, 'isPublic': True}",,UCynUNlfz654yUwZaspAaUDA,2022-10-23T22:20:01Z,👀,QURTSl9pMzVvOG1aa1RKMTRTdmRpVktBSVpYMVZSUFBZYzZ1QXpiTVNRN3lhaFBBcjVwa0pWXzBmR2YyTUNlM1c5anNHUU1BLTNuZS1MNA==,2023-06-08 14:52:47.221481
youtube#commentThread,dDNMzA0R-H5FpkSZsuzsGBb1O5Y,UgybGgTLqKGsosjhmc94AaABAg,"{'videoId': 'zEfTDpfyt1o', 'topLevelComment': {'kind': 'youtube#comment', 'etag': 'ZE0BeselirZPDCIikN-lD2Y03-o', 'id': 'UgybGgTLqKGsosjhmc94AaABAg', 'snippet': {'videoId': 'zEfTDpfyt1o', 'textDisplay': 'Agora os malditos ptralhas vão falar que a culpa é do Bolsonaro, qdo na verdade a culpa é desses sinistros militantes que tem criado o caos total.', 'textOriginal': 'Agora os malditos ptralhas vão falar que a culpa é do Bolsonaro, qdo na verdade a culpa é desses sinistros militantes que tem criado o caos total.', 'authorDisplayName': 'joaquim vicente de moura andrade', 'authorProfileImageUrl': 'https://yt3.ggpht.com/ytc/AGIKgqPSyT-paQCxdf25o6rRAMApZ5pJEu46kPHEr4oe4Q=s48-c-k-c0x00ffffff-no-rj', 'authorChannelUrl': 'http://www.youtube.com/channel/UCpMJiRyNyg09fxoOcZHLV-Q', 'authorChannelId': {'value': 'UCpMJiRyNyg09fxoOcZHLV-Q'}, 'canRate': True, 'viewerRating': 'none', 'likeCount': 0, 'publishedAt': '2022-10-23T22:20:00Z', 'updatedAt': '2022-10-23T22:23:45Z'}}, 'canReply': True, 'totalReplyCount': 0, 'isPublic': True}",,UCpMJiRyNyg09fxoOcZHLV-Q,2022-10-23T22:20:00Z,"Agora os malditos ptralhas vão falar que a culpa é do Bolsonaro, qdo na verdade a culpa é desses sinistros militantes que tem criado o caos total.",QURTSl9pMzVvOG1aa1RKMTRTdmRpVktBSVpYMVZSUFBZYzZ1QXpiTVNRN3lhaFBBcjVwa0pWXzBmR2YyTUNlM1c5anNHUU1BLTNuZS1MNA==,2023-06-08 14:52:47.221481
youtube#commentThread,pvZqtBvPFZQOgHWJv6Nb06GhM-I,Ugx9HcxgIMdDvJvDUsp4AaABAg,"{'videoId': 'zEfTDpfyt1o', 'topLevelComment': {'kind': 'youtube#comment', 'etag': 'jm2muB-53q9qmyRGOUkedse-HzU', 'id': 'Ugx9HcxgIMdDvJvDUsp4AaABAg', 'snippet': {'videoId': 'zEfTDpfyt1o', 'textDisplay': 'Não temos imprensa no Brasil. São apenas militantes em desespero pela falta do dinheiro público fácil.', 'textOriginal': 'Não temos imprensa no Brasil. São apenas militantes em desespero pela falta do dinheiro público fácil.', 'authorDisplayName': 'Luiz Claudio Luiz Claudio', 'authorProfileImageUrl': 'https://yt3.ggpht.com/ytc/AGIKgqPqVXfU6130MNPQGm3CGQ-0fCY0jHyHwCJTog=s48-c-k-c0x00ffffff-no-rj', 'authorChannelUrl': 'http://www.youtube.com/channel/UCsllHekn_OAmLwk9EtCa3tA', 'authorChannelId': {'value': 'UCsllHekn_OAmLwk9EtCa3tA'}, 'canRate': True, 'viewerRating': 'none', 'likeCount': 0, 'publishedAt': '2022-10-23T22:19:59Z', 'updatedAt': '2022-10-23T22:19:59Z'}}, 'canReply': True, 'totalReplyCount': 0, 'isPublic': True}",,UCsllHekn_OAmLwk9EtCa3tA,2022-10-23T22:19:59Z,Não temos imprensa no Brasil. São apenas militantes em desespero pela falta do dinheiro público fácil.,QURTSl9pMzVvOG1aa1RKMTRTdmRpVktBSVpYMVZSUFBZYzZ1QXpiTVNRN3lhaFBBcjVwa0pWXzBmR2YyTUNlM1c5anNHUU1BLTNuZS1MNA==,2023-06-08 14:52:47.221481
youtube#commentThread,YwKjbtdG4rrJcP8kbQ2-xoDSKZE,Ugzphp2X8j4Bnx_kVS54AaABAg,"{'videoId': 'zEfTDpfyt1o', 'topLevelComment': {'kind': 'youtube#comment', 'etag': 'WAkO2DYsSFQvp0R9LuF5Bp6q0eU', 'id': 'Ugzphp2X8j4Bnx_kVS54AaABAg', 'snippet': {'videoId': 'zEfTDpfyt1o', 'textDisplay': 'É o início da barbárie. Por isso voto <a href=""http://13.com/"">13.Com</a> Lula vamos voltar a ter paz e equilíbrio.', 'textOriginal': 'É o início da barbárie. Por isso voto 13.Com Lula vamos voltar a ter paz e equilíbrio.', 'authorDisplayName': 'JOSE Bezerra', 'authorProfileImageUrl': 'https://yt3.ggpht.com/ytc/AGIKgqOfS1HAs020SO6mzO2P-gF7_3PcqzfvirOFLDpg7rCtkFgiN6TMO8Pu-xqCWt_n=s48-c-k-c0x00ffffff-no-rj', 'authorChannelUrl': 'http://www.youtube.com/channel/UCX2u__z1FAHGMEuJFb8fUyA', 'authorChannelId': {'value': 'UCX2u__z1FAHGMEuJFb8fUyA'}, 'canRate': True, 'viewerRating': 'none', 'likeCount': 0, 'publishedAt': '2022-10-23T22:19:53Z', 'updatedAt': '2022-10-23T22:19:53Z'}}, 'canReply': True, 'totalReplyCount': 1, 'isPublic': True}","{'comments': [{'kind': 'youtube#comment', 'etag': 'nlweKUFeWSHN14U1NewqdQ53Hkw', 'id': 'Ugzphp2X8j4Bnx_kVS54AaABAg.9hY9tsTxi419hYAP0bg5iu', 'snippet': {'videoId': 'zEfTDpfyt1o', 'textDisplay': 'Kkk', 'textOriginal': 'Kkk', 'parentId': 'Ugzphp2X8j4Bnx_kVS54AaABAg', 'authorDisplayName': 'Zolton Mattos', 'authorProfileImageUrl': 'https://yt3.ggpht.com/ytc/AGIKgqN-9EAIuD6CqsOb3zYtxx7no7SKOKc0PjB9xqAN153Bh4B_8PI1PbbOi17yB_iD=s48-c-k-c0x00ffffff-no-rj', 'authorChannelUrl': 'http://www.youtube.com/channel/UCWTCicqfAGuoa1rGGZH9kgw', 'authorChannelId': {'value': 'UCWTCicqfAGuoa1rGGZH9kgw'}, 'canRate': True, 'viewerRating': 'none', 'likeCount': 0, 'publishedAt': '2022-10-23T22:24:16Z', 'updatedAt': '2022-10-23T22:24:16Z'}}]}",UCX2u__z1FAHGMEuJFb8fUyA,2022-10-23T22:19:53Z,É o início da barbárie. Por isso voto 13.Com Lula vamos voltar a ter paz e equilíbrio.,QURTSl9pMzVvOG1aa1RKMTRTdmRpVktBSVpYMVZSUFBZYzZ1QXpiTVNRN3lhaFBBcjVwa0pWXzBmR2YyTUNlM1c5anNHUU1BLTNuZS1MNA==,2023-06-08 14:52:47.221481
youtube#commentThread,U2F_e127N31OtlS0LB3hCbXhVN0,UgxFx9oRQru8zEej1LN4AaABAg,"{'videoId': 'zEfTDpfyt1o', 'topLevelComment': {'kind': 'youtube#comment', 'etag': 'Htgf_zmN54jNkUpF1C-kEVTBusM', 'id': 'UgxFx9oRQru8zEej1LN4AaABAg', 'snippet': {'videoId': 'zEfTDpfyt1o', 'textDisplay': 'Em momentos como esse, onde as pessoas claramente temem uma censura e repressão vinda dos altos poderes, são os que mais precisam manter a calma e ter sangue frio, pois o medo é combustível para a desordem e catástrofe, devemos ser racionais até o ultimo momento. Devemos orar e ter fé pelo melhor, e não desejar e temer que o pior aconteça. Deus na causa sempre.', 'textOriginal': 'Em momentos como esse, onde as pessoas claramente temem uma censura e repressão vinda dos altos poderes, são os que mais precisam manter a calma e ter sangue frio, pois o medo é combustível para a desordem e catástrofe, devemos ser racionais até o ultimo momento. Devemos orar e ter fé pelo melhor, e não desejar e temer que o pior aconteça. Deus na causa sempre.', 'authorDisplayName': 'Clébson Luiz', 'authorProfileImageUrl': 'https://yt3.ggpht.com/ytc/AGIKgqNyoDHm0RTjtcZl_8mrsMPTvVoWVG5y_VVbl0B7eA=s48-c-k-c0x00ffffff-no-rj', 'authorChannelUrl': 'http://www.youtube.com/channel/UChFaIQYC4w3bmI_PlWEPoYA', 'authorChannelId': {'value': 'UChFaIQYC4w3bmI_PlWEPoYA'}, 'canRate': True, 'viewerRating': 'none', 'likeCount': 138, 'publishedAt': '2022-10-23T22:19:51Z', 'updatedAt': '2022-10-23T22:19:51Z'}}, 'canReply': True, 'totalReplyCount': 24, 'isPublic': True}","{'comments': [{'kind': 'youtube#comment', 'etag': 'kl4keP6x2Wjpq3U-4kuaVFJ3Gqw', 'id': 'UgxFx9oRQru8zEej1LN4AaABAg.9hY9tgDAep09hZ0C8r1k5s', 'snippet': {'videoId': 'zEfTDpfyt1o', 'textDisplay': '@FuckTheState <a href=""https://youtu.be/e2H4g44wknk"">https://youtu.be/e2H4g44wknk</a>', 'textOriginal': '@FuckTheState https://youtu.be/e2H4g44wknk', 'parentId': 'UgxFx9oRQru8zEej1LN4AaABAg', 'authorDisplayName': 'Delta tattoo', 'authorProfileImageUrl': 'https://yt3.ggpht.com/ytc/AGIKgqMnFhWeH7RZfsVY_WFBMr1-CEOUqgg_N68JAQ=s48-c-k-c0x00ffffff-no-rj', 'authorChannelUrl': 'http://www.youtube.com/channel/UC-AWJS6Nbnply9q0_qAXgdQ', 'authorChannelId': {'value': 'UC-AWJS6Nbnply9q0_qAXgdQ'}, 'canRate': True, 'viewerRating': 'none', 'likeCount': 0, 'publishedAt': '2022-10-24T06:14:22Z', 'updatedAt': '2022-10-24T06:14:22Z'}}, {'kind': 'youtube#comment', 'etag': 'r-rDuCnVnn1uac9j02li7hxP5R8', 'id': 'UgxFx9oRQru8zEej1LN4AaABAg.9hY9tgDAep09hZ0A86k-5B', 'snippet': {'videoId': 'zEfTDpfyt1o', 'textDisplay': '<a href=""https://youtu.be/e2H4g44wknk"">https://youtu.be/e2H4g44wknk</a>', 'textOriginal': 'https://youtu.be/e2H4g44wknk', 'parentId': 'UgxFx9oRQru8zEej1LN4AaABAg', 'authorDisplayName': 'Delta tattoo', 'authorProfileImageUrl': 'https://yt3.ggpht.com/ytc/AGIKgqMnFhWeH7RZfsVY_WFBMr1-CEOUqgg_N68JAQ=s48-c-k-c0x00ffffff-no-rj', 'authorChannelUrl': 'http://www.youtube.com/channel/UC-AWJS6Nbnply9q0_qAXgdQ', 'authorChannelId': {'value': 'UC-AWJS6Nbnply9q0_qAXgdQ'}, 'canRate': True, 'viewerRating': 'none', 'likeCount': 0, 'publishedAt': '2022-10-24T06:14:06Z', 'updatedAt': '2022-10-24T06:14:06Z'}}, {'kind': 'youtube#comment', 'etag': 'o0bF_f7SmGGNxrAtOSDOZ-DR3f0', 'id': 'UgxFx9oRQru8zEej1LN4AaABAg.9hY9tgDAep09hYcdGY2mp6', 'snippet': {'videoId': 'zEfTDpfyt1o', 'textDisplay': '@Victor 9522 Verdade! O presidente mandou prender ele.', 'textOriginal': '@Victor 9522 Verdade! O presidente mandou prender ele.', 'parentId': 'UgxFx9oRQru8zEej1LN4AaABAg', 'authorDisplayName': 'Marcia Lai Pereira', 'authorProfileImageUrl': 'https://yt3.ggpht.com/ytc/AGIKgqOVuD5NawXi01rBhvQdFrWCr7auXqbMfJyZTA=s48-c-k-c0x00ffffff-no-rj', 'authorChannelUrl': 'http://www.youtube.com/channel/UCaCTN5bdD2sTajsI9i7cR5g', 'authorChannelId': {'value': 'UCaCTN5bdD2sTajsI9i7cR5g'}, 'canRate': True, 'viewerRating': 'none', 'likeCount': 0, 'publishedAt': '2022-10-24T02:39:45Z', 'updatedAt': '2022-10-24T02:39:45Z'}}, {'kind': 'youtube#comment', 'etag': 'agl69ROHitGW4GM7A-Zo457ah1w', 'id': 'UgxFx9oRQru8zEej1LN4AaABAg.9hY9tgDAep09hYcCpHMZqy', 'snippet': {'videoId': 'zEfTDpfyt1o', 'textDisplay': '@Eduardo Gomes Proibir falar a verdade é censura! Lei da mordaça. Não tem nada a ver com o episódio de hoje. Desde o início do governo do Bolsonaro o supremo está inventando leis para derrubar o presidente.', 'textOriginal': '@Eduardo Gomes Proibir falar a verdade é censura! Lei da mordaça. Não tem nada a ver com o episódio de hoje. Desde o início do governo do Bolsonaro o supremo está inventando leis para derrubar o presidente.', 'parentId': 'UgxFx9oRQru8zEej1LN4AaABAg', 'authorDisplayName': 'Marcia Lai Pereira', 'authorProfileImageUrl': 'https://yt3.ggpht.com/ytc/AGIKgqOVuD5NawXi01rBhvQdFrWCr7auXqbMfJyZTA=s48-c-k-c0x00ffffff-no-rj', 'authorChannelUrl': 'http://www.youtube.com/channel/UCaCTN5bdD2sTajsI9i7cR5g', 'authorChannelId': {'value': 'UCaCTN5bdD2sTajsI9i7cR5g'}, 'canRate': True, 'viewerRating': 'none', 'likeCount': 0, 'publishedAt': '2022-10-24T02:36:00Z', 'updatedAt': '2022-10-24T02:36:00Z'}}, {'kind': 'youtube#comment', 'etag': '9HLkkQ2Q8dhZp-SEM-CpWJpe16w', 'id': 'UgxFx9oRQru8zEej1LN4AaABAg.9hY9tgDAep09hYboO9325y', 'snippet': {'videoId': 'zEfTDpfyt1o', 'textDisplay': '@Eduardo Gomes Oi? Qual lei?', 'textOriginal': '@Eduardo Gomes Oi? Qual lei?', 'parentId': 'UgxFx9oRQru8zEej1LN4AaABAg', 'authorDisplayName': 'Marcia Lai Pereira', 'authorProfileImageUrl': 'https://yt3.ggpht.com/ytc/AGIKgqOVuD5NawXi01rBhvQdFrWCr7auXqbMfJyZTA=s48-c-k-c0x00ffffff-no-rj', 'authorChannelUrl': 'http://www.youtube.com/channel/UCaCTN5bdD2sTajsI9i7cR5g', 'authorChannelId': {'value': 'UCaCTN5bdD2sTajsI9i7cR5g'}, 'canRate': True, 'viewerRating': 'none', 'likeCount': 0, 'publishedAt': '2022-10-24T02:32:32Z', 'updatedAt': '2022-10-24T02:32:32Z'}}]}",UChFaIQYC4w3bmI_PlWEPoYA,2022-10-23T22:19:51Z,"Em momentos como esse, onde as pessoas claramente temem uma censura e repressão vinda dos altos poderes, são os que mais precisam manter a calma e ter sangue frio, pois o medo é combustível para a desordem e catástrofe, devemos ser racionais até o ultimo momento. Devemos orar e ter fé pelo melhor, e não desejar e temer que o pior aconteça. Deus na causa sempre.",QURTSl9pMzVvOG1aa1RKMTRTdmRpVktBSVpYMVZSUFBZYzZ1QXpiTVNRN3lhaFBBcjVwa0pWXzBmR2YyTUNlM1c5anNHUU1BLTNuZS1MNA==,2023-06-08 14:52:47.221481
youtube#commentThread,k5qVLtan4SiYkHDv_oWm4tEtzGA,Ugz-KAVkcs245vlDSaV4AaABAg,"{'videoId': 'zEfTDpfyt1o', 'topLevelComment': {'kind': 'youtube#comment', 'etag': 'mfbP6oygmVLbd9r9J9nWPkprjVw', 'id': 'Ugz-KAVkcs245vlDSaV4AaABAg', 'snippet': {'videoId': 'zEfTDpfyt1o', 'textDisplay': 'Carmem lucia Alexandre morais Fackim   e Gilmar Mendes tem ser expulsos do país....', 'textOriginal': 'Carmem lucia Alexandre morais Fackim   e Gilmar Mendes tem ser expulsos do país....', 'authorDisplayName': 'Alexandre Santa Croce', 'authorProfileImageUrl': 'https://yt3.ggpht.com/ytc/AGIKgqMQ082XuP7hvbuNpPgLv4GiuRyroyC0I1Osq9k73A=s48-c-k-c0x00ffffff-no-rj', 'authorChannelUrl': 'http://www.youtube.com/channel/UCKhawtOvSGS8-rNIAY1ww5A', 'authorChannelId': {'value': 'UCKhawtOvSGS8-rNIAY1ww5A'}, 'canRate': True, 'viewerRating': 'none', 'likeCount': 0, 'publishedAt': '2022-10-23T22:19:44Z', 'updatedAt': '2022-10-23T22:19:44Z'}}, 'canReply': True, 'totalReplyCount': 0, 'isPublic': True}",,UCKhawtOvSGS8-rNIAY1ww5A,2022-10-23T22:19:44Z,Carmem lucia Alexandre morais Fackim   e Gilmar Mendes tem ser expulsos do país....,QURTSl9pMzVvOG1aa1RKMTRTdmRpVktBSVpYMVZSUFBZYzZ1QXpiTVNRN3lhaFBBcjVwa0pWXzBmR2YyTUNlM1c5anNHUU1BLTNuZS1MNA==,2023-06-08 14:52:47.221481
youtube#commentThread,04mR_aRSZ68KvtOy1GLxvIrliEk,UgwCg98ffEyH48gJyTx4AaABAg,"{'videoId': 'zEfTDpfyt1o', 'topLevelComment': {'kind': 'youtube#comment', 'etag': 'tGfjyPRgNgYi4X1VZkMTeFHvwtc', 'id': 'UgwCg98ffEyH48gJyTx4AaABAg', 'snippet': {'videoId': 'zEfTDpfyt1o', 'textDisplay': 'Agressão é o que Alexandre de Moraes está fazendo.<br>Está deixando tds revoltados fora de si,<br>Isso é só o começo.', 'textOriginal': 'Agressão é o que Alexandre de Moraes está fazendo.\\nEstá deixando tds revoltados fora de si,\\nIsso é só o começo.', 'authorDisplayName': 'Silvia Maia', 'authorProfileImageUrl': 'https://yt3.ggpht.com/ytc/AGIKgqMKqJEErB_leoU1zCwkvZu7lAvk6JLWbyQIgg=s48-c-k-c0x00ffffff-no-rj', 'authorChannelUrl': 'http://www.youtube.com/channel/UCFl_JUQGXuc3eEmmEiKN8hw', 'authorChannelId': {'value': 'UCFl_JUQGXuc3eEmmEiKN8hw'}, 'canRate': True, 'viewerRating': 'none', 'likeCount': 0, 'publishedAt': '2022-10-23T22:19:40Z', 'updatedAt': '2022-10-23T22:22:21Z'}}, 'canReply': True, 'totalReplyCount': 0, 'isPublic': True}",,UCFl_JUQGXuc3eEmmEiKN8hw,2022-10-23T22:19:40Z,"Agressão é o que Alexandre de Moraes está fazendo.
Está deixando tds revoltados fora de si,
Isso é só o começo.",QURTSl9pMzVvOG1aa1RKMTRTdmRpVktBSVpYMVZSUFBZYzZ1QXpiTVNRN3lhaFBBcjVwa0pWXzBmR2YyTUNlM1c5anNHUU1BLTNuZS1MNA==,2023-06-08 14:52:47.221481
youtube#commentThread,rOO415EiXnfmlQCDivcuzN2iRU4,Ugw3YnEdESlkDaA9cuB4AaABAg,"{'videoId': 'zEfTDpfyt1o', 'topLevelComment': {'kind': 'youtube#comment', 'etag': 'CVWgaDXxbIHU5GtfRCZ3cPa_ylA', 'id': 'Ugw3YnEdESlkDaA9cuB4AaABAg', 'snippet': {'videoId': 'zEfTDpfyt1o', 'textDisplay': 'O BRASILEIRO NÃO DEVE ACEITAR A ILEGALIDADE', 'textOriginal': 'O BRASILEIRO NÃO DEVE ACEITAR A ILEGALIDADE', 'authorDisplayName': 'MARLY COSTA🦅', 'authorProfileImageUrl': 'https://yt3.ggpht.com/fUeFnNCV0qdczr-qRmJJ3OzpJjSgyGa5X9ay0708ne4jZ8h6OXdKZRyMkLR_2wS_5a4p3d4-2io=s48-c-k-c0x00ffffff-no-rj', 'authorChannelUrl': 'http://www.youtube.com/channel/UC2aj45PHYUYFIEuCzafzvTw', 'authorChannelId': {'value': 'UC2aj45PHYUYFIEuCzafzvTw'}, 'canRate': True, 'viewerRating': 'none', 'likeCount': 1, 'publishedAt': '2022-10-23T22:19:38Z', 'updatedAt': '2022-10-23T22:19:38Z'}}, 'canReply': True, 'totalReplyCount': 0, 'isPublic': True}",,UC2aj45PHYUYFIEuCzafzvTw,2022-10-23T22:19:38Z,O BRASILEIRO NÃO DEVE ACEITAR A ILEGALIDADE,QURTSl9pMzVvOG1aa1RKMTRTdmRpVktBSVpYMVZSUFBZYzZ1QXpiTVNRN3lhaFBBcjVwa0pWXzBmR2YyTUNlM1c5anNHUU1BLTNuZS1MNA==,2023-06-08 14:52:47.221481
youtube#commentThread,z2JcMRo3mJnlVyq0ZXL_FT4XlyM,UgweDC-JhjNshXq3grV4AaABAg,"{'videoId': 'zEfTDpfyt1o', 'topLevelComment': {'kind': 'youtube#comment', 'etag': 'h3rEHwELhwee6O1MAU7SC0QlSEw', 'id': 'UgweDC-JhjNshXq3grV4AaABAg', 'snippet': {'videoId': 'zEfTDpfyt1o', 'textDisplay': 'Tudo culpa do STF. Se mete em tudo menos onde deve.', 'textOriginal': 'Tudo culpa do STF. Se mete em tudo menos onde deve.', 'authorDisplayName': 'Ricardo Minozzi Costa', 'authorProfileImageUrl': 'https://yt3.ggpht.com/ytc/AGIKgqN7TR0Uj-002ffSrYNVE1RPpWKhs9655XVaoPG78w=s48-c-k-c0x00ffffff-no-rj', 'authorChannelUrl': 'http://www.youtube.com/channel/UCpqISpmzYtMrLUTn-mkKhNw', 'authorChannelId': {'value': 'UCpqISpmzYtMrLUTn-mkKhNw'}, 'canRate': True, 'viewerRating': 'none', 'likeCount': 0, 'publishedAt': '2022-10-23T22:19:38Z', 'updatedAt': '2022-10-23T22:19:38Z'}}, 'canReply': True, 'totalReplyCount': 0, 'isPublic': True}",,UCpqISpmzYtMrLUTn-mkKhNw,2022-10-23T22:19:38Z,Tudo culpa do STF. Se mete em tudo menos onde deve.,QURTSl9pMzVvOG1aa1RKMTRTdmRpVktBSVpYMVZSUFBZYzZ1QXpiTVNRN3lhaFBBcjVwa0pWXzBmR2YyTUNlM1c5anNHUU1BLTNuZS1MNA==,2023-06-08 14:52:47.221481
youtube#commentThread,KksBH5f5c5ZLdV5pS0PyzpQUVyM,UgwPKa44CllUhKEs3_14AaABAg,"{'videoId': 'zEfTDpfyt1o', 'topLevelComment': {'kind': 'youtube#comment', 'etag': 'O6KDZaoKbcL8m5WWglGUWJYna7g', 'id': 'UgwPKa44CllUhKEs3_14AaABAg', 'snippet': {'videoId': 'zEfTDpfyt1o', 'textDisplay': 'A jovem pan tá parece mulher de malandro. Sabe quando o consórcio faria o mesmo?', 'textOriginal': 'A jovem pan tá parece mulher de malandro. Sabe quando o consórcio faria o mesmo?', 'authorDisplayName': 'José Roberto da Silva', 'authorProfileImageUrl': 'https://yt3.ggpht.com/ytc/AGIKgqNvLMO-G1Cc_q-EdtgIsDe3WXTHR4JB-97sxQ=s48-c-k-c0x00ffffff-no-rj', 'authorChannelUrl': 'http://www.youtube.com/channel/UCZChzmK1Cd5dnU7zgC_w6ZQ', 'authorChannelId': {'value': 'UCZChzmK1Cd5dnU7zgC_w6ZQ'}, 'canRate': True, 'viewerRating': 'none', 'likeCount': 0, 'publishedAt': '2022-10-23T22:19:36Z', 'updatedAt': '2022-10-23T22:19:36Z'}}, 'canReply': True, 'totalReplyCount': 0, 'isPublic': True}",,UCZChzmK1Cd5dnU7zgC_w6ZQ,2022-10-23T22:19:36Z,A jovem pan tá parece mulher de malandro. Sabe quando o consórcio faria o mesmo?,QURTSl9pMzVvOG1aa1RKMTRTdmRpVktBSVpYMVZSUFBZYzZ1QXpiTVNRN3lhaFBBcjVwa0pWXzBmR2YyTUNlM1c5anNHUU1BLTNuZS1MNA==,2023-06-08 14:52:47.221481
youtube#commentThread,O_zZ73degwwIx-zmpNf75fZwLWM,UgwGFCzK_UOxf7jpfXF4AaABAg,"{'videoId': 'zEfTDpfyt1o', 'topLevelComment': {'kind': 'youtube#comment', 'etag': '1QsRkDIsJVnaKmEnIKQD3voh4yY', 'id': 'UgwGFCzK_UOxf7jpfXF4AaABAg', 'snippet': {'videoId': 'zEfTDpfyt1o', 'textDisplay': 'O Bolsonaro vai dar pra trás ?<br>Que infelicidade meu Deus ?<br>Dias da eleição e isso acontece ! <br>Bolsonaro tem o povo pq fez isso Jesus ?????', 'textOriginal': 'O Bolsonaro vai dar pra trás ?\\nQue infelicidade meu Deus ?\\nDias da eleição e isso acontece ! \\nBolsonaro tem o povo pq fez isso Jesus ?????', 'authorDisplayName': 'Kaique Cruz', 'authorProfileImageUrl': 'https://yt3.ggpht.com/ytc/AGIKgqNlYsi8oa35gx5XbcKAUQKzdUCxq7DFcwsz8SLpCA=s48-c-k-c0x00ffffff-no-rj', 'authorChannelUrl': 'http://www.youtube.com/channel/UCpmbMREVFY3MnzPK7L7a-WA', 'authorChannelId': {'value': 'UCpmbMREVFY3MnzPK7L7a-WA'}, 'canRate': True, 'viewerRating': 'none', 'likeCount': 0, 'publishedAt': '2022-10-23T22:19:34Z', 'updatedAt': '2022-10-23T22:19:34Z'}}, 'canReply': True, 'totalReplyCount': 0, 'isPublic': True}",,UCpmbMREVFY3MnzPK7L7a-WA,2022-10-23T22:19:34Z,"O Bolsonaro vai dar pra trás ?
Que infelicidade meu Deus ?
Dias da eleição e isso acontece ! 
Bolsonaro tem o povo pq fez isso Jesus ?????",QURTSl9pMzVvOG1aa1RKMTRTdmRpVktBSVpYMVZSUFBZYzZ1QXpiTVNRN3lhaFBBcjVwa0pWXzBmR2YyTUNlM1c5anNHUU1BLTNuZS1MNA==,2023-06-08 14:52:47.221481
youtube#commentThread,0970lyZ3KMoIcKqR3Xp3MN33rOY,UgwP_ahhqhEUZjGctPV4AaABAg,"{'videoId': 'zEfTDpfyt1o', 'topLevelComment': {'kind': 'youtube#comment', 'etag': 'djaAc0m8fKjYpI1V0krFFUy289E', 'id': 'UgwP_ahhqhEUZjGctPV4AaABAg', 'snippet': {'videoId': 'zEfTDpfyt1o', 'textDisplay': 'O Iluministro Alexandre nunca escondeu o perfil psicológico belicoso, agora parece estar descontrolado. <a href=""http://www.youtube.com/results?search_query=%23censuranao"">#CensuraNao</a> <a href=""http://www.youtube.com/results?search_query=%23esquerdanuncamais"">#EsquerdaNuncaMais</a>. Acorda Brasil.', 'textOriginal': 'O Iluministro Alexandre nunca escondeu o perfil psicológico belicoso, agora parece estar descontrolado. #CensuraNao #EsquerdaNuncaMais. Acorda Brasil.', 'authorDisplayName': 'Ton Calixto Oficial', 'authorProfileImageUrl': 'https://yt3.ggpht.com/5_4nXZ2MFvCR4ccTnWVClRkrrKluiuhRJnhCDLUTxVL58zcqoUu2pi8UugVNx596ZZxxum6qqQ=s48-c-k-c0x00ffffff-no-rj', 'authorChannelUrl': 'http://www.youtube.com/channel/UCtVlVjgxoS2yEHXYL0vOFPQ', 'authorChannelId': {'value': 'UCtVlVjgxoS2yEHXYL0vOFPQ'}, 'canRate': True, 'viewerRating': 'none', 'likeCount': 0, 'publishedAt': '2022-10-23T22:19:24Z', 'updatedAt': '2022-10-23T22:19:24Z'}}, 'canReply': True, 'totalReplyCount': 0, 'isPublic': True}",,UCtVlVjgxoS2yEHXYL0vOFPQ,2022-10-23T22:19:24Z,"O Iluministro Alexandre nunca escondeu o perfil psicológico belicoso, agora parece estar descontrolado. #CensuraNao #EsquerdaNuncaMais. Acorda Brasil.",QURTSl9pMzVvOG1aa1RKMTRTdmRpVktBSVpYMVZSUFBZYzZ1QXpiTVNRN3lhaFBBcjVwa0pWXzBmR2YyTUNlM1c5anNHUU1BLTNuZS1MNA==,2023-06-08 14:52:47.221481
youtube#commentThread,6x-M2WM10YSLMHTO_KIYndmUBy0,Ugw2U6M_qRMRejD1YQd4AaABAg,"{'videoId': 'zEfTDpfyt1o', 'topLevelComment': {'kind': 'youtube#comment', 'etag': 'u44vlmFvlkqBBNM8meYh-tOG8Fw', 'id': 'Ugw2U6M_qRMRejD1YQd4AaABAg', 'snippet': {'videoId': 'zEfTDpfyt1o', 'textDisplay': 'Apoiadores de Roberto ou de Jair? Eiê', 'textOriginal': 'Apoiadores de Roberto ou de Jair? Eiê', 'authorDisplayName': 'André Macêdo Advocacia', 'authorProfileImageUrl': 'https://yt3.ggpht.com/wwTb-KSM-3xNtMRdRs4EL_p8a4xJL1Q7qDK2rG-E9jh7V6X78zed4QfoCxdk5PMftJ13C7C1=s48-c-k-c0x00ffffff-no-rj', 'authorChannelUrl': 'http://www.youtube.com/channel/UCJYknI0nKO0ACW8uSyrnRNw', 'authorChannelId': {'value': 'UCJYknI0nKO0ACW8uSyrnRNw'}, 'canRate': True, 'viewerRating': 'none', 'likeCount': 0, 'publishedAt': '2022-10-23T22:19:22Z', 'updatedAt': '2022-10-23T22:19:22Z'}}, 'canReply': True, 'totalReplyCount': 0, 'isPublic': True}",,UCJYknI0nKO0ACW8uSyrnRNw,2022-10-23T22:19:22Z,Apoiadores de Roberto ou de Jair? Eiê,QURTSl9pMzVvOG1aa1RKMTRTdmRpVktBSVpYMVZSUFBZYzZ1QXpiTVNRN3lhaFBBcjVwa0pWXzBmR2YyTUNlM1c5anNHUU1BLTNuZS1MNA==,2023-06-08 14:52:47.221481
youtube#commentThread,PQ3LhGvti2dO80VlvmhLBlHQ460,UgzgW0cMyH_lIClfPld4AaABAg,"{'videoId': 'zEfTDpfyt1o', 'topLevelComment': {'kind': 'youtube#comment', 'etag': 'XXuoJfzb0M5FVGnNV_dmOLpNFQw', 'id': 'UgzgW0cMyH_lIClfPld4AaABAg', 'snippet': {'videoId': 'zEfTDpfyt1o', 'textDisplay': 'Quem começou um ambiente de agressão foi o STF e companhia. Mas não justifica a agressão. Para um lado sim mas para  outro sim . Lamentável', 'textOriginal': 'Quem começou um ambiente de agressão foi o STF e companhia. Mas não justifica a agressão. Para um lado sim mas para  outro sim . Lamentável', 'authorDisplayName': 'Elma Silva Mello', 'authorProfileImageUrl': 'https://yt3.ggpht.com/ytc/AGIKgqMd-6KaD9BEJMqzTMQHrfyMbSaIHlpvteiX9Q=s48-c-k-c0x00ffffff-no-rj', 'authorChannelUrl': 'http://www.youtube.com/channel/UCJuVFQ940HlAOPzzwk5_uDw', 'authorChannelId': {'value': 'UCJuVFQ940HlAOPzzwk5_uDw'}, 'canRate': True, 'viewerRating': 'none', 'likeCount': 8, 'publishedAt': '2022-10-23T22:19:19Z', 'updatedAt': '2022-10-23T22:19:19Z'}}, 'canReply': True, 'totalReplyCount': 0, 'isPublic': True}",,UCJuVFQ940HlAOPzzwk5_uDw,2022-10-23T22:19:19Z,Quem começou um ambiente de agressão foi o STF e companhia. Mas não justifica a agressão. Para um lado sim mas para  outro sim . Lamentável,QURTSl9pMzVvOG1aa1RKMTRTdmRpVktBSVpYMVZSUFBZYzZ1QXpiTVNRN3lhaFBBcjVwa0pWXzBmR2YyTUNlM1c5anNHUU1BLTNuZS1MNA==,2023-06-08 14:52:47.221481
youtube#commentThread,kkZf73XXRPENH-09B4PX2IAsIDs,UgwpSaMoK8oQ72VLnRN4AaABAg,"{'videoId': 'zEfTDpfyt1o', 'topLevelComment': {'kind': 'youtube#comment', 'etag': 'McrdD3op-_hJ5ztTCsq_RzzML7M', 'id': 'UgwpSaMoK8oQ72VLnRN4AaABAg', 'snippet': {'videoId': 'zEfTDpfyt1o', 'textDisplay': 'Meu Deus onde chegamos', 'textOriginal': 'Meu Deus onde chegamos', 'authorDisplayName': 'Elvis SANTANA', 'authorProfileImageUrl': 'https://yt3.ggpht.com/TG8FDGQamzHDcADU-jb-FZZ-mgqraHwMZs0thaKe7pjJfbokMQOlXfaYa3nl6RCMm-1uAyDtZg=s48-c-k-c0x00ffffff-no-rj', 'authorChannelUrl': 'http://www.youtube.com/channel/UCen37Ff3ChkalSm2dQbuZBg', 'authorChannelId': {'value': 'UCen37Ff3ChkalSm2dQbuZBg'}, 'canRate': True, 'viewerRating': 'none', 'likeCount': 0, 'publishedAt': '2022-10-23T22:19:09Z', 'updatedAt': '2022-10-23T22:19:09Z'}}, 'canReply': True, 'totalReplyCount': 0, 'isPublic': True}",,UCen37Ff3ChkalSm2dQbuZBg,2022-10-23T22:19:09Z,Meu Deus onde chegamos,QURTSl9pMzVvOG1aa1RKMTRTdmRpVktBSVpYMVZSUFBZYzZ1QXpiTVNRN3lhaFBBcjVwa0pWXzBmR2YyTUNlM1c5anNHUU1BLTNuZS1MNA==,2023-06-08 14:52:47.221481
youtube#commentThread,7WYUHmXjD_07ZpCySr0eqCPKqro,UgzUvbpXxUV231EaDAJ4AaABAg,"{'videoId': 'zEfTDpfyt1o', 'topLevelComment': {'kind': 'youtube#comment', 'etag': 'P2FIDe3CqD-F6U5z9XvRi240N0I', 'id': 'UgzUvbpXxUV231EaDAJ4AaABAg', 'snippet': {'videoId': 'zEfTDpfyt1o', 'textDisplay': 'Cinegrafista  caiu sozinho.  Só  encostaram nele', 'textOriginal': 'Cinegrafista  caiu sozinho.  Só  encostaram nele', 'authorDisplayName': 'Cletis Ribeiro da Silva', 'authorProfileImageUrl': 'https://yt3.ggpht.com/ytc/AGIKgqMHhEw3c2e1Dh1-yZjwomXqABOpI2T3zGEAsx2Vrl8fc6eBwhOIcl7czQQULfj8=s48-c-k-c0x00ffffff-no-rj', 'authorChannelUrl': 'http://www.youtube.com/channel/UCuQeDNJIw04a9DzMUCSV19A', 'authorChannelId': {'value': 'UCuQeDNJIw04a9DzMUCSV19A'}, 'canRate': True, 'viewerRating': 'none', 'likeCount': 0, 'publishedAt': '2022-10-23T22:19:08Z', 'updatedAt': '2022-10-23T22:19:08Z'}}, 'canReply': True, 'totalReplyCount': 0, 'isPublic': True}",,UCuQeDNJIw04a9DzMUCSV19A,2022-10-23T22:19:08Z,Cinegrafista  caiu sozinho.  Só  encostaram nele,QURTSl9pMzVvOG1aa1RKMTRTdmRpVktBSVpYMVZSUFBZYzZ1QXpiTVNRN3lhaFBBcjVwa0pWXzBmR2YyTUNlM1c5anNHUU1BLTNuZS1MNA==,2023-06-08 14:52:47.221481
youtube#commentThread,3TloX4DK2_wEZisdraZrnZsiMzI,Ugzz-XnWCgXaw4OwJLZ4AaABAg,"{'videoId': 'zEfTDpfyt1o', 'topLevelComment': {'kind': 'youtube#comment', 'etag': '-Tvql7_hspyUk7FnpAEcWMm8ZBE', 'id': 'Ugzz-XnWCgXaw4OwJLZ4AaABAg', 'snippet': {'videoId': 'zEfTDpfyt1o', 'textDisplay': 'Jovem Pan foi censurada, Roberto Jefferson também foi censurado. Portanto, é uma tirania que está subjugando um por um', 'textOriginal': 'Jovem Pan foi censurada, Roberto Jefferson também foi censurado. Portanto, é uma tirania que está subjugando um por um', 'authorDisplayName': 'Pedro Aloisio Werner', 'authorProfileImageUrl': 'https://yt3.ggpht.com/EzwMLNih0u9DaGKQPeqMXqmirp3XZOsISoxl5LfP76hYO4_ICzvuy5bVBrXeZHZLiKgJikFWow=s48-c-k-c0x00ffffff-no-rj', 'authorChannelUrl': 'http://www.youtube.com/channel/UC4cwK5-UMlpMYGGx_jcyC7A', 'authorChannelId': {'value': 'UC4cwK5-UMlpMYGGx_jcyC7A'}, 'canRate': True, 'viewerRating': 'none', 'likeCount': 0, 'publishedAt': '2022-10-23T22:19:07Z', 'updatedAt': '2022-10-23T22:19:07Z'}}, 'canReply': True, 'totalReplyCount': 0, 'isPublic': True}",,UC4cwK5-UMlpMYGGx_jcyC7A,2022-10-23T22:19:07Z,"Jovem Pan foi censurada, Roberto Jefferson também foi censurado. Portanto, é uma tirania que está subjugando um por um",QURTSl9pMzVvOG1aa1RKMTRTdmRpVktBSVpYMVZSUFBZYzZ1QXpiTVNRN3lhaFBBcjVwa0pWXzBmR2YyTUNlM1c5anNHUU1BLTNuZS1MNA==,2023-06-08 14:52:47.221481
youtube#commentThread,dj4D6BUiCIF07odGMIfarasrlmA,UgwgUQSvXC0L65Y09XR4AaABAg,"{'videoId': 'zEfTDpfyt1o', 'topLevelComment': {'kind': 'youtube#comment', 'etag': 'GVbNQ6f0GgUm-BirzX-ne90YgAA', 'id': 'UgwgUQSvXC0L65Y09XR4AaABAg', 'snippet': {'videoId': 'zEfTDpfyt1o', 'textDisplay': 'A corda rompeu!', 'textOriginal': 'A corda rompeu!', 'authorDisplayName': 'Rod Jacinto', 'authorProfileImageUrl': 'https://yt3.ggpht.com/ytc/AGIKgqN2_5tKrLk-nTDdnKHVgMtp2Cv1LADU4dRpR172ypY=s48-c-k-c0x00ffffff-no-rj', 'authorChannelUrl': 'http://www.youtube.com/channel/UCbI7BCV6zrRhc_Grpd13peA', 'authorChannelId': {'value': 'UCbI7BCV6zrRhc_Grpd13peA'}, 'canRate': True, 'viewerRating': 'none', 'likeCount': 0, 'publishedAt': '2022-10-23T22:19:06Z', 'updatedAt': '2022-10-23T22:19:06Z'}}, 'canReply': True, 'totalReplyCount': 0, 'isPublic': True}",,UCbI7BCV6zrRhc_Grpd13peA,2022-10-23T22:19:06Z,A corda rompeu!,QURTSl9pMzVvOG1aa1RKMTRTdmRpVktBSVpYMVZSUFBZYzZ1QXpiTVNRN3lhaFBBcjVwa0pWXzBmR2YyTUNlM1c5anNHUU1BLTNuZS1MNA==,2023-06-08 14:52:47.221481
youtube#commentThread,yT8k1q2xiG_mFpPmRZbX-2yHj7Q,UgyKZnzliniyW1WwfoV4AaABAg,"{'videoId': 'zEfTDpfyt1o', 'topLevelComment': {'kind': 'youtube#comment', 'etag': 'W0nE3tbeOcLci9QGNI8VarzeP7s', 'id': 'UgyKZnzliniyW1WwfoV4AaABAg', 'snippet': {'videoId': 'zEfTDpfyt1o', 'textDisplay': 'Xandão n sou muito fã de política n mas.bota lascando agora', 'textOriginal': 'Xandão n sou muito fã de política n mas.bota lascando agora', 'authorDisplayName': 'Eduardo dos anjos Dos anjos', 'authorProfileImageUrl': 'https://yt3.ggpht.com/NdmIu79eaTDMZk11YMHZY0A3wWHA7lJWnys7lMFUl1M8VmOthmTk05h6_qikLCwc0OZyPyHDKw=s48-c-k-c0x00ffffff-no-rj', 'authorChannelUrl': 'http://www.youtube.com/channel/UCCZlDxHSLN5c485aS6OJAsA', 'authorChannelId': {'value': 'UCCZlDxHSLN5c485aS6OJAsA'}, 'canRate': True, 'viewerRating': 'none', 'likeCount': 0, 'publishedAt': '2022-10-23T22:19:02Z', 'updatedAt': '2022-10-23T22:19:02Z'}}, 'canReply': True, 'totalReplyCount': 0, 'isPublic': True}",,UCCZlDxHSLN5c485aS6OJAsA,2022-10-23T22:19:02Z,Xandão n sou muito fã de política n mas.bota lascando agora,QURTSl9pMzVvOG1aa1RKMTRTdmRpVktBSVpYMVZSUFBZYzZ1QXpiTVNRN3lhaFBBcjVwa0pWXzBmR2YyTUNlM1c5anNHUU1BLTNuZS1MNA==,2023-06-08 14:52:47.221481
youtube#commentThread,vrxc-6Bd93HUNAdSgpbllZc17cw,UgzScZF_lvz8dQ2D7d14AaABAg,"{'videoId': 'zEfTDpfyt1o', 'topLevelComment': {'kind': 'youtube#comment', 'etag': 'v7AcaBtBZqUYggB17iGPa75SBt8', 'id': 'UgzScZF_lvz8dQ2D7d14AaABAg', 'snippet': {'videoId': 'zEfTDpfyt1o', 'textDisplay': 'Não apoiamos quaisquer tipos de violências.', 'textOriginal': 'Não apoiamos quaisquer tipos de violências.', 'authorDisplayName': 'Silvan Gomes', 'authorProfileImageUrl': 'https://yt3.ggpht.com/R3iCs9EdwQ6iolKPjTOIpjcFc3DRL617dluA8CWh6f7YSteaU5s6r-CJWHGlbb0LPOKLR8sV=s48-c-k-c0x00ffffff-no-rj', 'authorChannelUrl': 'http://www.youtube.com/channel/UC002-ldmj8IlnyS6pysm8xw', 'authorChannelId': {'value': 'UC002-ldmj8IlnyS6pysm8xw'}, 'canRate': True, 'viewerRating': 'none', 'likeCount': 1, 'publishedAt': '2022-10-23T22:18:58Z', 'updatedAt': '2022-10-23T22:18:58Z'}}, 'canReply': True, 'totalReplyCount': 0, 'isPublic': True}",,UC002-ldmj8IlnyS6pysm8xw,2022-10-23T22:18:58Z,Não apoiamos quaisquer tipos de violências.,QURTSl9pMzVvOG1aa1RKMTRTdmRpVktBSVpYMVZSUFBZYzZ1QXpiTVNRN3lhaFBBcjVwa0pWXzBmR2YyTUNlM1c5anNHUU1BLTNuZS1MNA==,2023-06-08 14:52:47.221481
youtube#commentThread,UINtLBey-LhhIIYfiDH_o4KrhDI,UgzvcHzp_537aMn6oaB4AaABAg,"{'videoId': 'zEfTDpfyt1o', 'topLevelComment': {'kind': 'youtube#comment', 'etag': 'pz2g2ovO-I9EJxNa-I8QXAn_7UA', 'id': 'UgzvcHzp_537aMn6oaB4AaABAg', 'snippet': {'videoId': 'zEfTDpfyt1o', 'textDisplay': 'Erro chama erro.<br>Isto é um bolo de erro .', 'textOriginal': 'Erro chama erro.\\nIsto é um bolo de erro .', 'authorDisplayName': 'Chimbico', 'authorProfileImageUrl': 'https://yt3.ggpht.com/YoGxkbZb0U6nVbAUoSFz06lJ8c-rqK9aOLd9u9-B7Gi9ZsDVLwZjzg3aGNJVDDqNoSiIPJ-H8w=s48-c-k-c0x00ffffff-no-rj', 'authorChannelUrl': 'http://www.youtube.com/channel/UCZzSYnSoX33weqSQnSbrgsg', 'authorChannelId': {'value': 'UCZzSYnSoX33weqSQnSbrgsg'}, 'canRate': True, 'viewerRating': 'none', 'likeCount': 0, 'publishedAt': '2022-10-23T22:18:58Z', 'updatedAt': '2022-10-23T22:18:58Z'}}, 'canReply': True, 'totalReplyCount': 0, 'isPublic': True}",,UCZzSYnSoX33weqSQnSbrgsg,2022-10-23T22:18:58Z,"Erro chama erro.
Isto é um bolo de erro .",QURTSl9pMzVvOG1aa1RKMTRTdmRpVktBSVpYMVZSUFBZYzZ1QXpiTVNRN3lhaFBBcjVwa0pWXzBmR2YyTUNlM1c5anNHUU1BLTNuZS1MNA==,2023-06-08 14:52:47.221481
youtube#commentThread,w66i8nYxcTZSkWdQAWqW54K-e9Q,UgzoaI2ph_k_XWEj22Z4AaABAg,"{'videoId': 'zEfTDpfyt1o', 'topLevelComment': {'kind': 'youtube#comment', 'etag': 'r9QiDjm1qoUh6Da5bBlqJ3p_VLg', 'id': 'UgzoaI2ph_k_XWEj22Z4AaABAg', 'snippet': {'videoId': 'zEfTDpfyt1o', 'textDisplay': 'Tudo isso porque nós temos um Presidente FROUXO e um exercito comandado por covardes!!!', 'textOriginal': 'Tudo isso porque nós temos um Presidente FROUXO e um exercito comandado por covardes!!!', 'authorDisplayName': 'PROJETO VIVER NA ILHA', 'authorProfileImageUrl': 'https://yt3.ggpht.com/ytc/AGIKgqOYxeMRy-St0oE0vcgXVwBSUU5LEFM1Qw3PhenOkg=s48-c-k-c0x00ffffff-no-rj', 'authorChannelUrl': 'http://www.youtube.com/channel/UCpY2z1oYeTySoly1kyMUzSg', 'authorChannelId': {'value': 'UCpY2z1oYeTySoly1kyMUzSg'}, 'canRate': True, 'viewerRating': 'none', 'likeCount': 0, 'publishedAt': '2022-10-23T22:18:57Z', 'updatedAt': '2022-10-23T22:18:57Z'}}, 'canReply': True, 'totalReplyCount': 0, 'isPublic': True}",,UCpY2z1oYeTySoly1kyMUzSg,2022-10-23T22:18:57Z,Tudo isso porque nós temos um Presidente FROUXO e um exercito comandado por covardes!!!,QURTSl9pMzVvOG1aa1RKMTRTdmRpVktBSVpYMVZSUFBZYzZ1QXpiTVNRN3lhaFBBcjVwa0pWXzBmR2YyTUNlM1c5anNHUU1BLTNuZS1MNA==,2023-06-08 14:52:47.221481
youtube#commentThread,LCoTWmYx6719_3YPpfDwrzE1Z3g,UgxLwNb4HDBbczpkwZt4AaABAg,"{'videoId': 'zEfTDpfyt1o', 'topLevelComment': {'kind': 'youtube#comment', 'etag': 'lW2mcPHLcoZJ-k9AG5KAyZprpJ0', 'id': 'UgxLwNb4HDBbczpkwZt4AaABAg', 'snippet': {'videoId': 'zEfTDpfyt1o', 'textDisplay': 'Censura pode ?', 'textOriginal': 'Censura pode ?', 'authorDisplayName': 'Pablo Antonio Iglesias Fuenzalida', 'authorProfileImageUrl': 'https://yt3.ggpht.com/ytc/AGIKgqMaHyxqNtl14ONcOJjuPn3oEh0MC8RdKOZDdQ=s48-c-k-c0x00ffffff-no-rj', 'authorChannelUrl': 'http://www.youtube.com/channel/UCuIjyDA_iT9N9r8K0S6I-Uw', 'authorChannelId': {'value': 'UCuIjyDA_iT9N9r8K0S6I-Uw'}, 'canRate': True, 'viewerRating': 'none', 'likeCount': 0, 'publishedAt': '2022-10-23T22:18:53Z', 'updatedAt': '2022-10-23T22:18:53Z'}}, 'canReply': True, 'totalReplyCount': 0, 'isPublic': True}",,UCuIjyDA_iT9N9r8K0S6I-Uw,2022-10-23T22:18:53Z,Censura pode ?,QURTSl9pMzVvOG1aa1RKMTRTdmRpVktBSVpYMVZSUFBZYzZ1QXpiTVNRN3lhaFBBcjVwa0pWXzBmR2YyTUNlM1c5anNHUU1BLTNuZS1MNA==,2023-06-08 14:52:47.221481
youtube#commentThread,z5_2Ju-RL-eZ4cEoFYCDKATdRkI,Ugxd9PIiCEb8hA_SXoJ4AaABAg,"{'videoId': 'zEfTDpfyt1o', 'topLevelComment': {'kind': 'youtube#comment', 'etag': 'MWZXTqt_dhTjfz7oUjxpB3JbS_Y', 'id': 'Ugxd9PIiCEb8hA_SXoJ4AaABAg', 'snippet': {'videoId': 'zEfTDpfyt1o', 'textDisplay': 'Só não entendo o porque os jornalistas não faz esse  mesmo trabalho com o Lula o criador da ditadura da censura <a href=""http://www.youtube.com/results?search_query=%23bolsonaroreeleito2022"">#BolsonaroReeleito2022</a>', 'textOriginal': 'Só não entendo o porque os jornalistas não faz esse  mesmo trabalho com o Lula o criador da ditadura da censura #BolsonaroReeleito2022', 'authorDisplayName': 'Francisca jacinta', 'authorProfileImageUrl': 'https://yt3.ggpht.com/3M4K48uS_EFKmRXUCZUtcMx88_STQRvSy8IsaSD8eXS2CF4FHgH1DOck_75pDVhsR68dsFgU4A=s48-c-k-c0x00ffffff-no-rj', 'authorChannelUrl': 'http://www.youtube.com/channel/UCsFPtoqO447nOz20XDlsYCA', 'authorChannelId': {'value': 'UCsFPtoqO447nOz20XDlsYCA'}, 'canRate': True, 'viewerRating': 'none', 'likeCount': 0, 'publishedAt': '2022-10-23T22:18:52Z', 'updatedAt': '2022-10-23T22:18:52Z'}}, 'canReply': True, 'totalReplyCount': 0, 'isPublic': True}",,UCsFPtoqO447nOz20XDlsYCA,2022-10-23T22:18:52Z,Só não entendo o porque os jornalistas não faz esse  mesmo trabalho com o Lula o criador da ditadura da censura #BolsonaroReeleito2022,QURTSl9pMzVvOG1aa1RKMTRTdmRpVktBSVpYMVZSUFBZYzZ1QXpiTVNRN3lhaFBBcjVwa0pWXzBmR2YyTUNlM1c5anNHUU1BLTNuZS1MNA==,2023-06-08 14:52:47.221481
youtube#commentThread,4IeCxHCvcYUU7k-z6gXc8BIp2hA,UgxHm3XfGLVcjJ5wBFB4AaABAg,"{'videoId': 'zEfTDpfyt1o', 'topLevelComment': {'kind': 'youtube#comment', 'etag': 'xy1bXqg-yKQlswBKockMY2gP_XU', 'id': 'UgxHm3XfGLVcjJ5wBFB4AaABAg', 'snippet': {'videoId': 'zEfTDpfyt1o', 'textDisplay': 'Bem feito!!', 'textOriginal': 'Bem feito!!', 'authorDisplayName': 'Marcos Freitas', 'authorProfileImageUrl': 'https://yt3.ggpht.com/ytc/AGIKgqOY_lOcVFXDp2P4RuNMvjg3Vy78FqJA3jCt9A=s48-c-k-c0x00ffffff-no-rj', 'authorChannelUrl': 'http://www.youtube.com/channel/UCbfZJDavk8xXwMAk9Lo7IWg', 'authorChannelId': {'value': 'UCbfZJDavk8xXwMAk9Lo7IWg'}, 'canRate': True, 'viewerRating': 'none', 'likeCount': 0, 'publishedAt': '2022-10-23T22:18:52Z', 'updatedAt': '2022-10-23T22:18:52Z'}}, 'canReply': True, 'totalReplyCount': 0, 'isPublic': True}",,UCbfZJDavk8xXwMAk9Lo7IWg,2022-10-23T22:18:52Z,Bem feito!!,QURTSl9pMzVvOG1aa1RKMTRTdmRpVktBSVpYMVZSUFBZYzZ1QXpiTVNRN3lhaFBBcjVwa0pWXzBmR2YyTUNlM1c5anNHUU1BLTNuZS1MNA==,2023-06-08 14:52:47.221481
youtube#commentThread,0yoRhJahmp_3BhVdz9eaETldddc,Ugz60KUjKPK26o2tQdd4AaABAg,"{'videoId': 'zEfTDpfyt1o', 'topLevelComment': {'kind': 'youtube#comment', 'etag': 'bQ7QjkoHtQQsuusCgfB76Hshalc', 'id': 'Ugz60KUjKPK26o2tQdd4AaABAg', 'snippet': {'videoId': 'zEfTDpfyt1o', 'textDisplay': 'Tb acho!', 'textOriginal': 'Tb acho!', 'authorDisplayName': 'Eliene BORGES', 'authorProfileImageUrl': 'https://yt3.ggpht.com/ytc/AGIKgqNHExRzkyHil0Xa_og9YjV4ZjFKm94Po7ua6f6mNFaI8GgjqPA0-S5A6NQx9m07=s48-c-k-c0x00ffffff-no-rj', 'authorChannelUrl': 'http://www.youtube.com/channel/UCpkqeJI34nJxVZRNx5k3aCA', 'authorChannelId': {'value': 'UCpkqeJI34nJxVZRNx5k3aCA'}, 'canRate': True, 'viewerRating': 'none', 'likeCount': 0, 'publishedAt': '2022-10-23T22:18:49Z', 'updatedAt': '2022-10-23T22:18:49Z'}}, 'canReply': True, 'totalReplyCount': 0, 'isPublic': True}",,UCpkqeJI34nJxVZRNx5k3aCA,2022-10-23T22:18:49Z,Tb acho!,QURTSl9pMzVvOG1aa1RKMTRTdmRpVktBSVpYMVZSUFBZYzZ1QXpiTVNRN3lhaFBBcjVwa0pWXzBmR2YyTUNlM1c5anNHUU1BLTNuZS1MNA==,2023-06-08 14:52:47.221481
youtube#commentThread,7YQIDkErBfcCArrM26WvTsm3SQI,UgwNU8kp7rYjOcCGWj94AaABAg,"{'videoId': 'zEfTDpfyt1o', 'topLevelComment': {'kind': 'youtube#comment', 'etag': 'SOxJyWMTSp4ZU7zpriCstCnvUbM', 'id': 'UgwNU8kp7rYjOcCGWj94AaABAg', 'snippet': {'videoId': 'zEfTDpfyt1o', 'textDisplay': 'Que tristeza 😢😢😢', 'textOriginal': 'Que tristeza 😢😢😢', 'authorDisplayName': 'Kkkk', 'authorProfileImageUrl': 'https://yt3.ggpht.com/u89jBG6iMTXovpK8prIA4TVwEQRiWdEoNKtS8XIl0AxLwFujageSlOUvQkJfTJoC5jxfpyZafw=s48-c-k-c0x00ffffff-no-rj', 'authorChannelUrl': 'http://www.youtube.com/channel/UCakh25Lupz5w3rpQkksfoYw', 'authorChannelId': {'value': 'UCakh25Lupz5w3rpQkksfoYw'}, 'canRate': True, 'viewerRating': 'none', 'likeCount': 1, 'publishedAt': '2022-10-23T22:18:43Z', 'updatedAt': '2022-10-23T22:18:43Z'}}, 'canReply': True, 'totalReplyCount': 0, 'isPublic': True}",,UCakh25Lupz5w3rpQkksfoYw,2022-10-23T22:18:43Z,Que tristeza 😢😢😢,QURTSl9pMzVvOG1aa1RKMTRTdmRpVktBSVpYMVZSUFBZYzZ1QXpiTVNRN3lhaFBBcjVwa0pWXzBmR2YyTUNlM1c5anNHUU1BLTNuZS1MNA==,2023-06-08 14:52:47.221481
youtube#commentThread,crFjTrRSOINzKCRjraRddpoDCwo,Ugze4_u9fcCyr__jPEB4AaABAg,"{'videoId': 'zEfTDpfyt1o', 'topLevelComment': {'kind': 'youtube#comment', 'etag': '7-FcG4ttO-eNt-GP5mrdA9GPvW0', 'id': 'Ugze4_u9fcCyr__jPEB4AaABAg', 'snippet': {'videoId': 'zEfTDpfyt1o', 'textDisplay': 'Vc está corretíssimo!!!! Repúdio mesmo!!! Agressão não se justifica!!!!!', 'textOriginal': 'Vc está corretíssimo!!!! Repúdio mesmo!!! Agressão não se justifica!!!!!', 'authorDisplayName': 'Luzia Cristina', 'authorProfileImageUrl': 'https://yt3.ggpht.com/ytc/AGIKgqMQ_00gwFg-YKqO1rIpg1KLPnVjx5seSG7mhw=s48-c-k-c0x00ffffff-no-rj', 'authorChannelUrl': 'http://www.youtube.com/channel/UCvEGMyy6abwiAize1n_xJfw', 'authorChannelId': {'value': 'UCvEGMyy6abwiAize1n_xJfw'}, 'canRate': True, 'viewerRating': 'none', 'likeCount': 179, 'publishedAt': '2022-10-23T22:18:43Z', 'updatedAt': '2022-10-23T22:18:43Z'}}, 'canReply': True, 'totalReplyCount': 0, 'isPublic': True}",,UCvEGMyy6abwiAize1n_xJfw,2022-10-23T22:18:43Z,Vc está corretíssimo!!!! Repúdio mesmo!!! Agressão não se justifica!!!!!,QURTSl9pMzVvOG1aa1RKMTRTdmRpVktBSVpYMVZSUFBZYzZ1QXpiTVNRN3lhaFBBcjVwa0pWXzBmR2YyTUNlM1c5anNHUU1BLTNuZS1MNA==,2023-06-08 14:52:47.221481
youtube#commentThread,IhKAyjH_k06OxkQgIA6KtLxql7M,UgyXWFGhCUe2LisdBDt4AaABAg,"{'videoId': 'zEfTDpfyt1o', 'topLevelComment': {'kind': 'youtube#comment', 'etag': 'tGcA8z8d6TXcFqufco3jHS1EdKw', 'id': 'UgyXWFGhCUe2LisdBDt4AaABAg', 'snippet': {'videoId': 'zEfTDpfyt1o', 'textDisplay': 'Vamos deixar claro q é a turma do Bolsonaro, tá!', 'textOriginal': 'Vamos deixar claro q é a turma do Bolsonaro, tá!', 'authorDisplayName': 'Márcio Levi', 'authorProfileImageUrl': 'https://yt3.ggpht.com/kbZmKojywj7gRg7iWUmGhAu7RridB9MiEIvKBdYuOA412wNhydg1Vvw_F9T4fCdmyjDJv1BueQ=s48-c-k-c0x00ffffff-no-rj', 'authorChannelUrl': 'http://www.youtube.com/channel/UCZtSIbIgR6aOfWtyzKVZoDg', 'authorChannelId': {'value': 'UCZtSIbIgR6aOfWtyzKVZoDg'}, 'canRate': True, 'viewerRating': 'none', 'likeCount': 0, 'publishedAt': '2022-10-23T22:18:40Z', 'updatedAt': '2022-10-23T22:18:59Z'}}, 'canReply': True, 'totalReplyCount': 0, 'isPublic': True}",,UCZtSIbIgR6aOfWtyzKVZoDg,2022-10-23T22:18:40Z,"Vamos deixar claro q é a turma do Bolsonaro, tá!",QURTSl9pMzVvOG1aa1RKMTRTdmRpVktBSVpYMVZSUFBZYzZ1QXpiTVNRN3lhaFBBcjVwa0pWXzBmR2YyTUNlM1c5anNHUU1BLTNuZS1MNA==,2023-06-08 14:52:47.221481
youtube#commentThread,CxEKPJU7qOXN4BLNLWIKVj-9_Fg,UgyRrOpGKYkyS_z4udF4AaABAg,"{'videoId': 'zEfTDpfyt1o', 'topLevelComment': {'kind': 'youtube#comment', 'etag': 'bnaS8H1YGFSwrBs8yg522V0pHQI', 'id': 'UgyRrOpGKYkyS_z4udF4AaABAg', 'snippet': {'videoId': 'zEfTDpfyt1o', 'textDisplay': 'Realmente não assisto mais JP, pois acataram ficar calados.', 'textOriginal': 'Realmente não assisto mais JP, pois acataram ficar calados.', 'authorDisplayName': 'Silvio Carvalho', 'authorProfileImageUrl': 'https://yt3.ggpht.com/ytc/AGIKgqNXBVamgfQSBdor70OBPlZ6j8X0J1xziErDJzg-MqlOrNceMwaPop841nIS9lEf=s48-c-k-c0x00ffffff-no-rj', 'authorChannelUrl': 'http://www.youtube.com/channel/UCkgLolHGWHRjdkBPsGUzIxA', 'authorChannelId': {'value': 'UCkgLolHGWHRjdkBPsGUzIxA'}, 'canRate': True, 'viewerRating': 'none', 'likeCount': 0, 'publishedAt': '2022-10-23T22:18:38Z', 'updatedAt': '2022-10-23T22:18:38Z'}}, 'canReply': True, 'totalReplyCount': 0, 'isPublic': True}",,UCkgLolHGWHRjdkBPsGUzIxA,2022-10-23T22:18:38Z,"Realmente não assisto mais JP, pois acataram ficar calados.",QURTSl9pMzVvOG1aa1RKMTRTdmRpVktBSVpYMVZSUFBZYzZ1QXpiTVNRN3lhaFBBcjVwa0pWXzBmR2YyTUNlM1c5anNHUU1BLTNuZS1MNA==,2023-06-08 14:52:47.221481
youtube#commentThread,bruKaE7U6Gxy4X51oC2JmCxAhOg,Ugx2u0cyQLyaFeHhbdB4AaABAg,"{'videoId': 'zEfTDpfyt1o', 'topLevelComment': {'kind': 'youtube#comment', 'etag': 'IlRCntOInGxPNEkdkVyyWBXhDhA', 'id': 'Ugx2u0cyQLyaFeHhbdB4AaABAg', 'snippet': {'videoId': 'zEfTDpfyt1o', 'textDisplay': 'Já Passou da hora de alguém partir para cima desses canalhas que estão destruindo a Nação Brasileira, isso vai chegar em um ponto que não vai ter mais volta. O povo já esta cansado dessas situações criadas por bandidos travestidos de Juízes, Vejam que, por causas dessas decisões fora da Constituição, esta gerando o caos, isso não vai acabar bem. Exercito neles já.', 'textOriginal': 'Já Passou da hora de alguém partir para cima desses canalhas que estão destruindo a Nação Brasileira, isso vai chegar em um ponto que não vai ter mais volta. O povo já esta cansado dessas situações criadas por bandidos travestidos de Juízes, Vejam que, por causas dessas decisões fora da Constituição, esta gerando o caos, isso não vai acabar bem. Exercito neles já.', 'authorDisplayName': 'Carlos Alberto Cordeiro', 'authorProfileImageUrl': 'https://yt3.ggpht.com/ytc/AGIKgqPSgaWSblhJCHPxmDsI886X7vp6cDOgi8TTZA=s48-c-k-c0x00ffffff-no-rj', 'authorChannelUrl': 'http://www.youtube.com/channel/UCdKonJfMWAvTZOtqG-d00hw', 'authorChannelId': {'value': 'UCdKonJfMWAvTZOtqG-d00hw'}, 'canRate': True, 'viewerRating': 'none', 'likeCount': 0, 'publishedAt': '2022-10-23T22:18:36Z', 'updatedAt': '2022-10-23T22:18:36Z'}}, 'canReply': True, 'totalReplyCount': 0, 'isPublic': True}",,UCdKonJfMWAvTZOtqG-d00hw,2022-10-23T22:18:36Z,"Já Passou da hora de alguém partir para cima desses canalhas que estão destruindo a Nação Brasileira, isso vai chegar em um ponto que não vai ter mais volta. O povo já esta cansado dessas situações criadas por bandidos travestidos de Juízes, Vejam que, por causas dessas decisões fora da Constituição, esta gerando o caos, isso não vai acabar bem. Exercito neles já.",QURTSl9pMzVvOG1aa1RKMTRTdmRpVktBSVpYMVZSUFBZYzZ1QXpiTVNRN3lhaFBBcjVwa0pWXzBmR2YyTUNlM1c5anNHUU1BLTNuZS1MNA==,2023-06-08 14:52:47.221481
youtube#commentThread,Ze1jVF0d9q91UL-5gDneI1KXhI0,Ugzxa2Q984MguPphVpV4AaABAg,"{'videoId': 'zEfTDpfyt1o', 'topLevelComment': {'kind': 'youtube#comment', 'etag': 'lK87UMrgviuxdcHZgHoR4t04QTU', 'id': 'Ugzxa2Q984MguPphVpV4AaABAg', 'snippet': {'videoId': 'zEfTDpfyt1o', 'textDisplay': 'As mãos que detonaram tudo isto quem?Nosso digníssimo ministro.', 'textOriginal': 'As mãos que detonaram tudo isto quem?Nosso digníssimo ministro.', 'authorDisplayName': 'Edilamar Correa', 'authorProfileImageUrl': 'https://yt3.ggpht.com/ytc/AGIKgqMIZpyuKczc3yqjTPNsqQSrHKtjnP0DArLzFg=s48-c-k-c0x00ffffff-no-rj', 'authorChannelUrl': 'http://www.youtube.com/channel/UC-FGJJt2YTlk65DOrhXPGrg', 'authorChannelId': {'value': 'UC-FGJJt2YTlk65DOrhXPGrg'}, 'canRate': True, 'viewerRating': 'none', 'likeCount': 5, 'publishedAt': '2022-10-23T22:18:36Z', 'updatedAt': '2022-10-23T22:18:36Z'}}, 'canReply': True, 'totalReplyCount': 0, 'isPublic': True}",,UC-FGJJt2YTlk65DOrhXPGrg,2022-10-23T22:18:36Z,As mãos que detonaram tudo isto quem?Nosso digníssimo ministro.,QURTSl9pMzVvOG1aa1RKMTRTdmRpVktBSVpYMVZSUFBZYzZ1QXpiTVNRN3lhaFBBcjVwa0pWXzBmR2YyTUNlM1c5anNHUU1BLTNuZS1MNA==,2023-06-08 14:52:47.221481
youtube#commentThread,KqSAX-AsvaazuB0R6j3AR-4fymY,UgzOWrZgdGjT52nNf6Z4AaABAg,"{'videoId': 'zEfTDpfyt1o', 'topLevelComment': {'kind': 'youtube#comment', 'etag': 'hmEyjqACaeP0MZn8k95t3SwzKr8', 'id': 'UgzOWrZgdGjT52nNf6Z4AaABAg', 'snippet': {'videoId': 'zEfTDpfyt1o', 'textDisplay': 'Jovem Pan, apoiadores não! Não comece a querer espalhar mentiras,  Foi somente uma pessoa, então diga &quot; Apoiador &quot;.', 'textOriginal': 'Jovem Pan, apoiadores não! Não comece a querer espalhar mentiras,  Foi somente uma pessoa, então diga "" Apoiador "".', 'authorDisplayName': 'Rossanes Sousa Lima', 'authorProfileImageUrl': 'https://yt3.ggpht.com/ytc/AGIKgqMqTQO8RGjm2dd2IOA-IfAwHijSamENjQQwlUf8I2A=s48-c-k-c0x00ffffff-no-rj', 'authorChannelUrl': 'http://www.youtube.com/channel/UCeu5mGLI3goSVeAeXKAbPNQ', 'authorChannelId': {'value': 'UCeu5mGLI3goSVeAeXKAbPNQ'}, 'canRate': True, 'viewerRating': 'none', 'likeCount': 1, 'publishedAt': '2022-10-23T22:18:34Z', 'updatedAt': '2022-10-23T22:18:34Z'}}, 'canReply': True, 'totalReplyCount': 0, 'isPublic': True}",,UCeu5mGLI3goSVeAeXKAbPNQ,2022-10-23T22:18:34Z,"Jovem Pan, apoiadores não! Não comece a querer espalhar mentiras,  Foi somente uma pessoa, então diga "" Apoiador "".",QURTSl9pMzVvOG1aa1RKMTRTdmRpVktBSVpYMVZSUFBZYzZ1QXpiTVNRN3lhaFBBcjVwa0pWXzBmR2YyTUNlM1c5anNHUU1BLTNuZS1MNA==,2023-06-08 14:52:47.221481
youtube#commentThread,wlGUDM2FIbbtXmc-0rY5S-vkev4,UgzwAmjGwbN8YXSldQl4AaABAg,"{'videoId': 'zEfTDpfyt1o', 'topLevelComment': {'kind': 'youtube#comment', 'etag': 'dM7f-NSCzfbwM1QRmurC2ZK2JXc', 'id': 'UgzwAmjGwbN8YXSldQl4AaABAg', 'snippet': {'videoId': 'zEfTDpfyt1o', 'textDisplay': 'Agressão a jovem pam pode?', 'textOriginal': 'Agressão a jovem pam pode?', 'authorDisplayName': 'Pablo Antonio Iglesias Fuenzalida', 'authorProfileImageUrl': 'https://yt3.ggpht.com/ytc/AGIKgqMaHyxqNtl14ONcOJjuPn3oEh0MC8RdKOZDdQ=s48-c-k-c0x00ffffff-no-rj', 'authorChannelUrl': 'http://www.youtube.com/channel/UCuIjyDA_iT9N9r8K0S6I-Uw', 'authorChannelId': {'value': 'UCuIjyDA_iT9N9r8K0S6I-Uw'}, 'canRate': True, 'viewerRating': 'none', 'likeCount': 0, 'publishedAt': '2022-10-23T22:18:34Z', 'updatedAt': '2022-10-23T22:18:34Z'}}, 'canReply': True, 'totalReplyCount': 0, 'isPublic': True}",,UCuIjyDA_iT9N9r8K0S6I-Uw,2022-10-23T22:18:34Z,Agressão a jovem pam pode?,QURTSl9pMzVvOG1aa1RKMTRTdmRpVktBSVpYMVZSUFBZYzZ1QXpiTVNRN3lhaFBBcjVwa0pWXzBmR2YyTUNlM1c5anNHUU1BLTNuZS1MNA==,2023-06-08 14:52:47.221481
youtube#commentThread,fy8DR1viUpX_dOF3QDUxmq7dWS4,UgyQ2tPErx_K8NuGgB54AaABAg,"{'videoId': 'zEfTDpfyt1o', 'topLevelComment': {'kind': 'youtube#comment', 'etag': 'IDekwVlCpe4TJwSmKo4OcK0AVwY', 'id': 'UgyQ2tPErx_K8NuGgB54AaABAg', 'snippet': {'videoId': 'zEfTDpfyt1o', 'textDisplay': 'até que enfim falou a verdade', 'textOriginal': 'até que enfim falou a verdade', 'authorDisplayName': 'Maria Lopes', 'authorProfileImageUrl': 'https://yt3.ggpht.com/ytc/AGIKgqO4N1JosMhvoxiqkMe59bT2M9lwSmE_PejA0t3oUifN0-rFD6HU5shVE_Hvppyf=s48-c-k-c0x00ffffff-no-rj', 'authorChannelUrl': 'http://www.youtube.com/channel/UCZBIxbgKZAh0fBD8VhlTNHQ', 'authorChannelId': {'value': 'UCZBIxbgKZAh0fBD8VhlTNHQ'}, 'canRate': True, 'viewerRating': 'none', 'likeCount': 0, 'publishedAt': '2022-10-23T22:18:30Z', 'updatedAt': '2022-10-23T22:18:30Z'}}, 'canReply': True, 'totalReplyCount': 0, 'isPublic': True}",,UCZBIxbgKZAh0fBD8VhlTNHQ,2022-10-23T22:18:30Z,até que enfim falou a verdade,QURTSl9pMzVvOG1aa1RKMTRTdmRpVktBSVpYMVZSUFBZYzZ1QXpiTVNRN3lhaFBBcjVwa0pWXzBmR2YyTUNlM1c5anNHUU1BLTNuZS1MNA==,2023-06-08 14:52:47.221481
youtube#commentThread,PLPGYFgXOv0h73z_LH9LaHJjX0o,UgywvukzkfCHl9FEPzJ4AaABAg,"{'videoId': 'zEfTDpfyt1o', 'topLevelComment': {'kind': 'youtube#comment', 'etag': 'rfh5lYRAih2rWdXqkaaZVr6-vZs', 'id': 'UgywvukzkfCHl9FEPzJ4AaABAg', 'snippet': {'videoId': 'zEfTDpfyt1o', 'textDisplay': 'ROBERTO Jefferson censurado! Mais a Globo não pode ser censurrada???', 'textOriginal': 'ROBERTO Jefferson censurado! Mais a Globo não pode ser censurrada???', 'authorDisplayName': 'Weller Nerys', 'authorProfileImageUrl': 'https://yt3.ggpht.com/3htpC1oJ6QAZO7fAWnojZbtfGYBDSU2FJ3Bd1aj34cuPifB19vpwYgBAEKvTOPOcTNjZ6dF_0-E=s48-c-k-c0x00ffffff-no-rj', 'authorChannelUrl': 'http://www.youtube.com/channel/UCoEDwrditcSpGO3wFDzRIDQ', 'authorChannelId': {'value': 'UCoEDwrditcSpGO3wFDzRIDQ'}, 'canRate': True, 'viewerRating': 'none', 'likeCount': 1, 'publishedAt': '2022-10-23T22:18:29Z', 'updatedAt': '2022-10-23T22:18:29Z'}}, 'canReply': True, 'totalReplyCount': 0, 'isPublic': True}",,UCoEDwrditcSpGO3wFDzRIDQ,2022-10-23T22:18:29Z,ROBERTO Jefferson censurado! Mais a Globo não pode ser censurrada???,QURTSl9pMzVvOG1aa1RKMTRTdmRpVktBSVpYMVZSUFBZYzZ1QXpiTVNRN3lhaFBBcjVwa0pWXzBmR2YyTUNlM1c5anNHUU1BLTNuZS1MNA==,2023-06-08 14:52:47.221481
youtube#commentThread,XCpyzRmlVhC3WTGaUJKNyX26JVw,Ugzm94JExVJ9CqCe25t4AaABAg,"{'videoId': 'zEfTDpfyt1o', 'topLevelComment': {'kind': 'youtube#comment', 'etag': 'C3xctgt4-Z_JIdhgVKylaNhxwkg', 'id': 'Ugzm94JExVJ9CqCe25t4AaABAg', 'snippet': {'videoId': 'zEfTDpfyt1o', 'textDisplay': 'Exército brasileiro garantia da lei e da ordem. Não tem outro geito.Morais provocando o caõs no Brasil.', 'textOriginal': 'Exército brasileiro garantia da lei e da ordem. Não tem outro geito.Morais provocando o caõs no Brasil.', 'authorDisplayName': 'Nubia Campello Nina', 'authorProfileImageUrl': 'https://yt3.ggpht.com/OtWTYQ9CG-65CaGLi_--tQ_sW3RAjF0E2sVCLdwkFOeOcMJ-Axe2MOgt4T_HIeTtS4nF76gQ=s48-c-k-c0x00ffffff-no-rj', 'authorChannelUrl': 'http://www.youtube.com/channel/UCa856uvLhYOVHp_Cp5kGzQg', 'authorChannelId': {'value': 'UCa856uvLhYOVHp_Cp5kGzQg'}, 'canRate': True, 'viewerRating': 'none', 'likeCount': 1, 'publishedAt': '2022-10-23T22:18:27Z', 'updatedAt': '2022-10-23T22:18:27Z'}}, 'canReply': True, 'totalReplyCount': 0, 'isPublic': True}",,UCa856uvLhYOVHp_Cp5kGzQg,2022-10-23T22:18:27Z,Exército brasileiro garantia da lei e da ordem. Não tem outro geito.Morais provocando o caõs no Brasil.,QURTSl9pMzVvOG1aa1RKMTRTdmRpVktBSVpYMVZSUFBZYzZ1QXpiTVNRN3lhaFBBcjVwa0pWXzBmR2YyTUNlM1c5anNHUU1BLTNuZS1MNA==,2023-06-08 14:52:47.221481
youtube#commentThread,fWt1bPmD0fJkpeuLuToUm8vFdfM,UgwiRX4QQyWIqI6ALQd4AaABAg,"{'videoId': 'zEfTDpfyt1o', 'topLevelComment': {'kind': 'youtube#comment', 'etag': 'XXuvcxpm12ei3d1dJPmaxBueKtY', 'id': 'UgwiRX4QQyWIqI6ALQd4AaABAg', 'snippet': {'videoId': 'zEfTDpfyt1o', 'textDisplay': 'Isso  tudo culpa  do STF', 'textOriginal': 'Isso  tudo culpa  do STF', 'authorDisplayName': 'JOSE EVERALDO DE LIRA AFONSO FERREIRA', 'authorProfileImageUrl': 'https://yt3.ggpht.com/ytc/AGIKgqMqI5QFfHVQQ9IeqFDthpQS7sxEhoqGwaR7Hg=s48-c-k-c0x00ffffff-no-rj', 'authorChannelUrl': 'http://www.youtube.com/channel/UCzXUrRsY9zIKR0mjdxHcdnA', 'authorChannelId': {'value': 'UCzXUrRsY9zIKR0mjdxHcdnA'}, 'canRate': True, 'viewerRating': 'none', 'likeCount': 1, 'publishedAt': '2022-10-23T22:18:15Z', 'updatedAt': '2022-10-23T22:18:15Z'}}, 'canReply': True, 'totalReplyCount': 0, 'isPublic': True}",,UCzXUrRsY9zIKR0mjdxHcdnA,2022-10-23T22:18:15Z,Isso  tudo culpa  do STF,QURTSl9pMzVvOG1aa1RKMTRTdmRpVktBSVpYMVZSUFBZYzZ1QXpiTVNRN3lhaFBBcjVwa0pWXzBmR2YyTUNlM1c5anNHUU1BLTNuZS1MNA==,2023-06-08 14:52:47.221481
youtube#commentThread,o8PcBSQXo0FZoAxO5khFtuvoTuw,UgxI1eARZE_Nd989fqN4AaABAg,"{'videoId': 'zEfTDpfyt1o', 'topLevelComment': {'kind': 'youtube#comment', 'etag': 'RXj5TRZGbyIDIOaBJGoV40rRF3Q', 'id': 'UgxI1eARZE_Nd989fqN4AaABAg', 'snippet': {'videoId': 'zEfTDpfyt1o', 'textDisplay': 'Aí eu te pergunto de que é a culpa ??? Será do Xandão ou não ?', 'textOriginal': 'Aí eu te pergunto de que é a culpa ??? Será do Xandão ou não ?', 'authorDisplayName': 'Juliano 🙌', 'authorProfileImageUrl': 'https://yt3.ggpht.com/4ftZTqeDdXsWC45jncKe9rCfGTlo5aDSlx3230cV0k2LrfFsvhw799gi6ZSHdYQmXYssRFHu=s48-c-k-c0x00ffffff-no-rj', 'authorChannelUrl': 'http://www.youtube.com/channel/UCrwunsGuokf0mQ43Sr8BFEg', 'authorChannelId': {'value': 'UCrwunsGuokf0mQ43Sr8BFEg'}, 'canRate': True, 'viewerRating': 'none', 'likeCount': 0, 'publishedAt': '2022-10-23T22:18:11Z', 'updatedAt': '2022-10-23T22:18:11Z'}}, 'canReply': True, 'totalReplyCount': 0, 'isPublic': True}",,UCrwunsGuokf0mQ43Sr8BFEg,2022-10-23T22:18:11Z,Aí eu te pergunto de que é a culpa ??? Será do Xandão ou não ?,QURTSl9pMzVvOG1aa1RKMTRTdmRpVktBSVpYMVZSUFBZYzZ1QXpiTVNRN3lhaFBBcjVwa0pWXzBmR2YyTUNlM1c5anNHUU1BLTNuZS1MNA==,2023-06-08 14:52:47.221481
youtube#commentThread,ccpnzlPN6Uqn1Vryl5YBKJg-ogw,Ugzp_V3SdUd5CPP1SfV4AaABAg,"{'videoId': 'zEfTDpfyt1o', 'topLevelComment': {'kind': 'youtube#comment', 'etag': 'fqQSicHBJ0o0ypSYDaRwuvxodzQ', 'id': 'Ugzp_V3SdUd5CPP1SfV4AaABAg', 'snippet': {'videoId': 'zEfTDpfyt1o', 'textDisplay': 'Patriotas é isso aí fazendo o país numa praça de guerra', 'textOriginal': 'Patriotas é isso aí fazendo o país numa praça de guerra', 'authorDisplayName': 'Eduardo dos anjos Dos anjos', 'authorProfileImageUrl': 'https://yt3.ggpht.com/NdmIu79eaTDMZk11YMHZY0A3wWHA7lJWnys7lMFUl1M8VmOthmTk05h6_qikLCwc0OZyPyHDKw=s48-c-k-c0x00ffffff-no-rj', 'authorChannelUrl': 'http://www.youtube.com/channel/UCCZlDxHSLN5c485aS6OJAsA', 'authorChannelId': {'value': 'UCCZlDxHSLN5c485aS6OJAsA'}, 'canRate': True, 'viewerRating': 'none', 'likeCount': 0, 'publishedAt': '2022-10-23T22:18:08Z', 'updatedAt': '2022-10-23T22:18:08Z'}}, 'canReply': True, 'totalReplyCount': 0, 'isPublic': True}",,UCCZlDxHSLN5c485aS6OJAsA,2022-10-23T22:18:08Z,Patriotas é isso aí fazendo o país numa praça de guerra,QURTSl9pMzVvOG1aa1RKMTRTdmRpVktBSVpYMVZSUFBZYzZ1QXpiTVNRN3lhaFBBcjVwa0pWXzBmR2YyTUNlM1c5anNHUU1BLTNuZS1MNA==,2023-06-08 14:52:47.221481
youtube#commentThread,Eb3dpdFKXfACZxdJ1e_C7jgGxmo,UgwGvZBUds1G1SUKtQN4AaABAg,"{'videoId': 'zEfTDpfyt1o', 'topLevelComment': {'kind': 'youtube#comment', 'etag': 'xkf9COXczPUtjexhw3FLuHf0ONA', 'id': 'UgwGvZBUds1G1SUKtQN4AaABAg', 'snippet': {'videoId': 'zEfTDpfyt1o', 'textDisplay': 'BRASIL LIVRE NINGUÉM AGUENTA MAIS', 'textOriginal': 'BRASIL LIVRE NINGUÉM AGUENTA MAIS', 'authorDisplayName': 'Maria Elisabeth Barros', 'authorProfileImageUrl': 'https://yt3.ggpht.com/ytc/AGIKgqMx6WiV1_L8IDS30Jgw6AhRYp6dqCmVjqlxcm4keMI=s48-c-k-c0x00ffffff-no-rj', 'authorChannelUrl': 'http://www.youtube.com/channel/UCiL3Wms6WIFJiXk3LlZoKKQ', 'authorChannelId': {'value': 'UCiL3Wms6WIFJiXk3LlZoKKQ'}, 'canRate': True, 'viewerRating': 'none', 'likeCount': 0, 'publishedAt': '2022-10-23T22:18:07Z', 'updatedAt': '2022-10-23T22:18:07Z'}}, 'canReply': True, 'totalReplyCount': 0, 'isPublic': True}",,UCiL3Wms6WIFJiXk3LlZoKKQ,2022-10-23T22:18:07Z,BRASIL LIVRE NINGUÉM AGUENTA MAIS,QURTSl9pMzVvOG1aa1RKMTRTdmRpVktBSVpYMVZSUFBZYzZ1QXpiTVNRN3lhaFBBcjVwa0pWXzBmR2YyTUNlM1c5anNHUU1BLTNuZS1MNA==,2023-06-08 14:52:47.221481
youtube#commentThread,hQJL8gwQ_47a4NsXA952YSoNUW0,UgzXXrEXDa6DK6KHMtR4AaABAg,"{'videoId': 'zEfTDpfyt1o', 'topLevelComment': {'kind': 'youtube#comment', 'etag': 'M2MY1zLk-GqzuWV2fIl7HEiK7iw', 'id': 'UgzXXrEXDa6DK6KHMtR4AaABAg', 'snippet': {'videoId': 'zEfTDpfyt1o', 'textDisplay': 'A coisa começa errada, infelizmente e Xandão não respeita a constituição, as pessoas vão de inflamando. Esse STF é o responsável por isso. Esse é o começo', 'textOriginal': 'A coisa começa errada, infelizmente e Xandão não respeita a constituição, as pessoas vão de inflamando. Esse STF é o responsável por isso. Esse é o começo', 'authorDisplayName': 'Adoniram Ricardo Xavier', 'authorProfileImageUrl': 'https://yt3.ggpht.com/ytc/AGIKgqOLg091RfvjqRveOxYwVwIpQgiu6ernK67Ueg=s48-c-k-c0x00ffffff-no-rj', 'authorChannelUrl': 'http://www.youtube.com/channel/UCjskD6mFTvc6ZYZUP9_8TGA', 'authorChannelId': {'value': 'UCjskD6mFTvc6ZYZUP9_8TGA'}, 'canRate': True, 'viewerRating': 'none', 'likeCount': 0, 'publishedAt': '2022-10-23T22:18:07Z', 'updatedAt': '2022-10-23T22:18:07Z'}}, 'canReply': True, 'totalReplyCount': 0, 'isPublic': True}",,UCjskD6mFTvc6ZYZUP9_8TGA,2022-10-23T22:18:07Z,"A coisa começa errada, infelizmente e Xandão não respeita a constituição, as pessoas vão de inflamando. Esse STF é o responsável por isso. Esse é o começo",QURTSl9pMzVvOG1aa1RKMTRTdmRpVktBSVpYMVZSUFBZYzZ1QXpiTVNRN3lhaFBBcjVwa0pWXzBmR2YyTUNlM1c5anNHUU1BLTNuZS1MNA==,2023-06-08 14:52:47.221481
youtube#commentThread,YCgEM2kdpDF6k521AbtSynDs-rw,UgyjVQBny3LG4pxVjYl4AaABAg,"{'videoId': 'zEfTDpfyt1o', 'topLevelComment': {'kind': 'youtube#comment', 'etag': 'zE_tJcQxYsfjyMEGm07pPaBHQk4', 'id': 'UgyjVQBny3LG4pxVjYl4AaABAg', 'snippet': {'videoId': 'zEfTDpfyt1o', 'textDisplay': 'Resumindo: &quot;O voto da Ministra foi INDECENTE!&quot; A imprensa e o POVO estamos pensando. Só não estamos falando, porque estamos SOB CENSURA. É isso? Vivi para ver a &quot;DEMOCRACIA&quot; da EXTREMA ESQUERDA PETISTA em ação?', 'textOriginal': 'Resumindo: ""O voto da Ministra foi INDECENTE!"" A imprensa e o POVO estamos pensando. Só não estamos falando, porque estamos SOB CENSURA. É isso? Vivi para ver a ""DEMOCRACIA"" da EXTREMA ESQUERDA PETISTA em ação?', 'authorDisplayName': 'Maria', 'authorProfileImageUrl': 'https://yt3.ggpht.com/ytc/AGIKgqN1VJwmb_eyOT1lWSFlkobsFvZoNL6FLX3LYP-PS1JyUxS8QnCP6qQguIJi02rK=s48-c-k-c0x00ffffff-no-rj', 'authorChannelUrl': 'http://www.youtube.com/channel/UCpOgBk4dx1iaJYLnx-Licjw', 'authorChannelId': {'value': 'UCpOgBk4dx1iaJYLnx-Licjw'}, 'canRate': True, 'viewerRating': 'none', 'likeCount': 6, 'publishedAt': '2022-10-23T22:18:07Z', 'updatedAt': '2022-10-23T22:23:37Z'}}, 'canReply': True, 'totalReplyCount': 0, 'isPublic': True}",,UCpOgBk4dx1iaJYLnx-Licjw,2022-10-23T22:18:07Z,"Resumindo: ""O voto da Ministra foi INDECENTE!"" A imprensa e o POVO estamos pensando. Só não estamos falando, porque estamos SOB CENSURA. É isso? Vivi para ver a ""DEMOCRACIA"" da EXTREMA ESQUERDA PETISTA em ação?",QURTSl9pMzVvOG1aa1RKMTRTdmRpVktBSVpYMVZSUFBZYzZ1QXpiTVNRN3lhaFBBcjVwa0pWXzBmR2YyTUNlM1c5anNHUU1BLTNuZS1MNA==,2023-06-08 14:52:47.221481
youtube#commentThread,6lC0YCHYqqSYQa84SaS6N2-MaF0,UgzEksShLiaE7GMxZfJ4AaABAg,"{'videoId': 'zEfTDpfyt1o', 'topLevelComment': {'kind': 'youtube#comment', 'etag': '6K1E16sPQt2bgegBNjyQQEMlSzg', 'id': 'UgzEksShLiaE7GMxZfJ4AaABAg', 'snippet': {'videoId': 'zEfTDpfyt1o', 'textDisplay': 'O GADO COMEMORANDO UMA AGRESSÃO A UM PAI DE FAMÍLIA,QUE ESTAVA APENAS TRABALHANDO!', 'textOriginal': 'O GADO COMEMORANDO UMA AGRESSÃO A UM PAI DE FAMÍLIA,QUE ESTAVA APENAS TRABALHANDO!', 'authorDisplayName': 'david sousa', 'authorProfileImageUrl': 'https://yt3.ggpht.com/ytc/AGIKgqNktytgKXWa1mPstoi0F3pfUC-I5eSgltTyXA=s48-c-k-c0x00ffffff-no-rj', 'authorChannelUrl': 'http://www.youtube.com/channel/UCRFa-xcbe1Fafqeinu9sTjQ', 'authorChannelId': {'value': 'UCRFa-xcbe1Fafqeinu9sTjQ'}, 'canRate': True, 'viewerRating': 'none', 'likeCount': 0, 'publishedAt': '2022-10-23T22:18:00Z', 'updatedAt': '2022-10-23T22:18:00Z'}}, 'canReply': True, 'totalReplyCount': 0, 'isPublic': True}",,UCRFa-xcbe1Fafqeinu9sTjQ,2022-10-23T22:18:00Z,"O GADO COMEMORANDO UMA AGRESSÃO A UM PAI DE FAMÍLIA,QUE ESTAVA APENAS TRABALHANDO!",QURTSl9pMzVvOG1aa1RKMTRTdmRpVktBSVpYMVZSUFBZYzZ1QXpiTVNRN3lhaFBBcjVwa0pWXzBmR2YyTUNlM1c5anNHUU1BLTNuZS1MNA==,2023-06-08 14:52:47.221481
youtube#commentThread,8kHo9TYytjXz_RNFqML5wGU7ucE,Ugwccfs3u1UM9msjwAd4AaABAg,"{'videoId': 'zEfTDpfyt1o', 'topLevelComment': {'kind': 'youtube#comment', 'etag': 'lpYkDoY-5LYUyQuQ3JpBJjxrCFc', 'id': 'Ugwccfs3u1UM9msjwAd4AaABAg', 'snippet': {'videoId': 'zEfTDpfyt1o', 'textDisplay': 'Parabéns mais uma  vez à Jovem Pan. Graças à sua cobertura raivosa , odiosa, grosseira, agressiva, tendenciosa, nada isenta, vcs geraram esse tipo de ódio nos seguidores de Bolsonaro. As digitais de vcs estão nesta agressão.', 'textOriginal': 'Parabéns mais uma  vez à Jovem Pan. Graças à sua cobertura raivosa , odiosa, grosseira, agressiva, tendenciosa, nada isenta, vcs geraram esse tipo de ódio nos seguidores de Bolsonaro. As digitais de vcs estão nesta agressão.', 'authorDisplayName': 'Jonah Jojo The Man', 'authorProfileImageUrl': 'https://yt3.ggpht.com/p8HcMpJ5qk5OubFP3CUyQZ5F9TLIeSjR-5BnfC0oYYjr3rkEHuoUhOpW-vkid0lJ7I_F6jTboQ=s48-c-k-c0x00ffffff-no-rj', 'authorChannelUrl': 'http://www.youtube.com/channel/UCwNKLJ50O6wZ0dYrgmgdiPw', 'authorChannelId': {'value': 'UCwNKLJ50O6wZ0dYrgmgdiPw'}, 'canRate': True, 'viewerRating': 'none', 'likeCount': 0, 'publishedAt': '2022-10-23T22:17:59Z', 'updatedAt': '2022-10-23T22:17:59Z'}}, 'canReply': True, 'totalReplyCount': 0, 'isPublic': True}",,UCwNKLJ50O6wZ0dYrgmgdiPw,2022-10-23T22:17:59Z,"Parabéns mais uma  vez à Jovem Pan. Graças à sua cobertura raivosa , odiosa, grosseira, agressiva, tendenciosa, nada isenta, vcs geraram esse tipo de ódio nos seguidores de Bolsonaro. As digitais de vcs estão nesta agressão.",QURTSl9pMzVvOG1aa1RKMTRTdmRpVktBSVpYMVZSUFBZYzZ1QXpiTVNRN3lhaFBBcjVwa0pWXzBmR2YyTUNlM1c5anNHUU1BLTNuZS1MNA==,2023-06-08 14:52:47.221481
youtube#commentThread,aU6SxRVp2uBBX3xuVMb_24Wv_2g,UgyU-XRN8VwMP57cmxh4AaABAg,"{'videoId': 'zEfTDpfyt1o', 'topLevelComment': {'kind': 'youtube#comment', 'etag': 'HJyjgLVAPVNLNYVinTj4Z_s1SyE', 'id': 'UgyU-XRN8VwMP57cmxh4AaABAg', 'snippet': {'videoId': 'zEfTDpfyt1o', 'textDisplay': 'Mentira.  Ninguém agrediu  ninguém.  Mais fácil a Globo agredir', 'textOriginal': 'Mentira.  Ninguém agrediu  ninguém.  Mais fácil a Globo agredir', 'authorDisplayName': 'Cletis Ribeiro da Silva', 'authorProfileImageUrl': 'https://yt3.ggpht.com/ytc/AGIKgqMHhEw3c2e1Dh1-yZjwomXqABOpI2T3zGEAsx2Vrl8fc6eBwhOIcl7czQQULfj8=s48-c-k-c0x00ffffff-no-rj', 'authorChannelUrl': 'http://www.youtube.com/channel/UCuQeDNJIw04a9DzMUCSV19A', 'authorChannelId': {'value': 'UCuQeDNJIw04a9DzMUCSV19A'}, 'canRate': True, 'viewerRating': 'none', 'likeCount': 0, 'publishedAt': '2022-10-23T22:17:59Z', 'updatedAt': '2022-10-23T22:17:59Z'}}, 'canReply': True, 'totalReplyCount': 0, 'isPublic': True}",,UCuQeDNJIw04a9DzMUCSV19A,2022-10-23T22:17:59Z,Mentira.  Ninguém agrediu  ninguém.  Mais fácil a Globo agredir,QURTSl9pMzVvOG1aa1RKMTRTdmRpVktBSVpYMVZSUFBZYzZ1QXpiTVNRN3lhaFBBcjVwa0pWXzBmR2YyTUNlM1c5anNHUU1BLTNuZS1MNA==,2023-06-08 14:52:47.221481
youtube#commentThread,WkwS1qFDcLSLIS-2v6xCR1wDymI,UgzcAAPLwfwaAZVlAdF4AaABAg,"{'videoId': 'zEfTDpfyt1o', 'topLevelComment': {'kind': 'youtube#comment', 'etag': 'h2dVjFhpuxiPEVPgtnDtaXfZzwE', 'id': 'UgzcAAPLwfwaAZVlAdF4AaABAg', 'snippet': {'videoId': 'zEfTDpfyt1o', 'textDisplay': 'PARABÉNS PARA IS APOIADORES DE ROBERTO JÉFFERSON ESSES BANDIDOS DA GLOBOLIXO FAZEM JORNAZISMO SUJO CRIMINALIZANDO BOLSONARISTAS ESSES BANDIDOS NÃO SÃO JORNALISTAS MAO SÃO PROFISSIONAIS SÃO CRIMINOSOS AGINDO PARA CRIMINALIZAR BOLSONARISTAS. FORA GLOBOLIXO E JUSTIFICA SIM O POVO CONSERVADOR VEM SENDO CENSURADO E PERSEGUIDO', 'textOriginal': 'PARABÉNS PARA IS APOIADORES DE ROBERTO JÉFFERSON ESSES BANDIDOS DA GLOBOLIXO FAZEM JORNAZISMO SUJO CRIMINALIZANDO BOLSONARISTAS ESSES BANDIDOS NÃO SÃO JORNALISTAS MAO SÃO PROFISSIONAIS SÃO CRIMINOSOS AGINDO PARA CRIMINALIZAR BOLSONARISTAS. FORA GLOBOLIXO E JUSTIFICA SIM O POVO CONSERVADOR VEM SENDO CENSURADO E PERSEGUIDO', 'authorDisplayName': 'Marcos Romero Cruz', 'authorProfileImageUrl': 'https://yt3.ggpht.com/8ys1moPED_i3IqVVmhAmK_PgCKNacOPgYVx2PmhpaLCkyIoVdH3V4f6yYKZoCBjbr3X8e_bj=s48-c-k-c0x00ffffff-no-rj', 'authorChannelUrl': 'http://www.youtube.com/channel/UC1E_DBCWYK9pbyWTEtfHnIA', 'authorChannelId': {'value': 'UC1E_DBCWYK9pbyWTEtfHnIA'}, 'canRate': True, 'viewerRating': 'none', 'likeCount': 0, 'publishedAt': '2022-10-23T22:17:59Z', 'updatedAt': '2022-10-23T22:17:59Z'}}, 'canReply': True, 'totalReplyCount': 0, 'isPublic': True}",,UC1E_DBCWYK9pbyWTEtfHnIA,2022-10-23T22:17:59Z,PARABÉNS PARA IS APOIADORES DE ROBERTO JÉFFERSON ESSES BANDIDOS DA GLOBOLIXO FAZEM JORNAZISMO SUJO CRIMINALIZANDO BOLSONARISTAS ESSES BANDIDOS NÃO SÃO JORNALISTAS MAO SÃO PROFISSIONAIS SÃO CRIMINOSOS AGINDO PARA CRIMINALIZAR BOLSONARISTAS. FORA GLOBOLIXO E JUSTIFICA SIM O POVO CONSERVADOR VEM SENDO CENSURADO E PERSEGUIDO,QURTSl9pMzVvOG1aa1RKMTRTdmRpVktBSVpYMVZSUFBZYzZ1QXpiTVNRN3lhaFBBcjVwa0pWXzBmR2YyTUNlM1c5anNHUU1BLTNuZS1MNA==,2023-06-08 14:52:47.221481
youtube#commentThread,w3SFYcudvp5Jx0OUUvn1-tFgRzM,Ugx1QWYsNsiVxhHVf2t4AaABAg,"{'videoId': 'zEfTDpfyt1o', 'topLevelComment': {'kind': 'youtube#comment', 'etag': 'eZMJE3HY84Ng-0U1jeHdr3RFVDY', 'id': 'Ugx1QWYsNsiVxhHVf2t4AaABAg', 'snippet': {'videoId': 'zEfTDpfyt1o', 'textDisplay': 'Não se pode culpar o povo pelos fatos que estão acontecendo. Se tem algum culpado por essa onda de revolta, esses são os ministros do supremo tribunal federal. São eles que vieram cometendo atos atrás atos repudiantes com cobertura e panos quentes por maioria da classe jornalística. Esses fatos estão causando esses tipos de revolta na sociedade.', 'textOriginal': 'Não se pode culpar o povo pelos fatos que estão acontecendo. Se tem algum culpado por essa onda de revolta, esses são os ministros do supremo tribunal federal. São eles que vieram cometendo atos atrás atos repudiantes com cobertura e panos quentes por maioria da classe jornalística. Esses fatos estão causando esses tipos de revolta na sociedade.', 'authorDisplayName': 'Isaias Ribeiro', 'authorProfileImageUrl': 'https://yt3.ggpht.com/ytc/AGIKgqOHGGA4X-Adc4qZ6ysnq4V4YPoj7kpJ9xbLiA=s48-c-k-c0x00ffffff-no-rj', 'authorChannelUrl': 'http://www.youtube.com/channel/UCxDvtVDAyrKneLTJzl3TQEg', 'authorChannelId': {'value': 'UCxDvtVDAyrKneLTJzl3TQEg'}, 'canRate': True, 'viewerRating': 'none', 'likeCount': 0, 'publishedAt': '2022-10-23T22:17:58Z', 'updatedAt': '2022-10-23T22:17:58Z'}}, 'canReply': True, 'totalReplyCount': 0, 'isPublic': True}",,UCxDvtVDAyrKneLTJzl3TQEg,2022-10-23T22:17:58Z,"Não se pode culpar o povo pelos fatos que estão acontecendo. Se tem algum culpado por essa onda de revolta, esses são os ministros do supremo tribunal federal. São eles que vieram cometendo atos atrás atos repudiantes com cobertura e panos quentes por maioria da classe jornalística. Esses fatos estão causando esses tipos de revolta na sociedade.",QURTSl9pMzVvOG1aa1RKMTRTdmRpVktBSVpYMVZSUFBZYzZ1QXpiTVNRN3lhaFBBcjVwa0pWXzBmR2YyTUNlM1c5anNHUU1BLTNuZS1MNA==,2023-06-08 14:52:47.221481
youtube#commentThread,PWMwPkxX-45tVqBQ8wncb-RWlLQ,UgxtgiOvh5LqY37pbYx4AaABAg,"{'videoId': 'zEfTDpfyt1o', 'topLevelComment': {'kind': 'youtube#comment', 'etag': 'APNgZZVXHpHECNBWSuQa0rS0PcA', 'id': 'UgxtgiOvh5LqY37pbYx4AaABAg', 'snippet': {'videoId': 'zEfTDpfyt1o', 'textDisplay': 'Está serto sem violência', 'textOriginal': 'Está serto sem violência', 'authorDisplayName': 'jarbas de souza', 'authorProfileImageUrl': 'https://yt3.ggpht.com/ytc/AGIKgqMcrxLbpuKneyXAXy9-ZAERTCQE-hHir2lYwsmg=s48-c-k-c0x00ffffff-no-rj', 'authorChannelUrl': 'http://www.youtube.com/channel/UCBY_MN6MvUDu_DQRfITrlvg', 'authorChannelId': {'value': 'UCBY_MN6MvUDu_DQRfITrlvg'}, 'canRate': True, 'viewerRating': 'none', 'likeCount': 0, 'publishedAt': '2022-10-23T22:17:57Z', 'updatedAt': '2022-10-23T22:17:57Z'}}, 'canReply': True, 'totalReplyCount': 0, 'isPublic': True}",,UCBY_MN6MvUDu_DQRfITrlvg,2022-10-23T22:17:57Z,Está serto sem violência,QURTSl9pMzVvOG1aa1RKMTRTdmRpVktBSVpYMVZSUFBZYzZ1QXpiTVNRN3lhaFBBcjVwa0pWXzBmR2YyTUNlM1c5anNHUU1BLTNuZS1MNA==,2023-06-08 14:52:47.221481
youtube#commentThread,0Z4vy3hRa6wVmqetnc-M4lrgpNU,UgxlPtlD7KifGX0aygt4AaABAg,"{'videoId': 'zEfTDpfyt1o', 'topLevelComment': {'kind': 'youtube#comment', 'etag': 'm76uaMFkiEoaOTq-G_PIAWNITzU', 'id': 'UgxlPtlD7KifGX0aygt4AaABAg', 'snippet': {'videoId': 'zEfTDpfyt1o', 'textDisplay': 'Jovem pan não  recebeu apoio deles', 'textOriginal': 'Jovem pan não  recebeu apoio deles', 'authorDisplayName': 'Heloisa de Lima', 'authorProfileImageUrl': 'https://yt3.ggpht.com/ytc/AGIKgqPHV_p2OQ0CdcAHsFeOg85TZaHYj-B9Lfoqnw=s48-c-k-c0x00ffffff-no-rj', 'authorChannelUrl': 'http://www.youtube.com/channel/UCtFSs02-XLfwn3zaeGMfFNA', 'authorChannelId': {'value': 'UCtFSs02-XLfwn3zaeGMfFNA'}, 'canRate': True, 'viewerRating': 'none', 'likeCount': 0, 'publishedAt': '2022-10-23T22:17:56Z', 'updatedAt': '2022-10-23T22:17:56Z'}}, 'canReply': True, 'totalReplyCount': 0, 'isPublic': True}",,UCtFSs02-XLfwn3zaeGMfFNA,2022-10-23T22:17:56Z,Jovem pan não  recebeu apoio deles,QURTSl9pMzVvOG1aa1RKMTRTdmRpVktBSVpYMVZSUFBZYzZ1QXpiTVNRN3lhaFBBcjVwa0pWXzBmR2YyTUNlM1c5anNHUU1BLTNuZS1MNA==,2023-06-08 14:52:47.221481
youtube#commentThread,oxkpr6fmTQUg-3U_Z6VMoeZQUjA,UgyCQN38yNEk2ONyn7R4AaABAg,"{'videoId': 'zEfTDpfyt1o', 'topLevelComment': {'kind': 'youtube#comment', 'etag': 'JlXTaFFV1KLSaN8x2trCuJayXjk', 'id': 'UgyCQN38yNEk2ONyn7R4AaABAg', 'snippet': {'videoId': 'zEfTDpfyt1o', 'textDisplay': 'ALEXANDRE DE MORAES <br>FORA DA LEi<br><a href=""http://www.youtube.com/results?search_query=%23foralexandre"">#FORALEXANDRE</a>', 'textOriginal': 'ALEXANDRE DE MORAES \\nFORA DA LEi\\n#FORALEXANDRE', 'authorDisplayName': 'Greicy Ferreira', 'authorProfileImageUrl': 'https://yt3.ggpht.com/ytc/AGIKgqP6nNUPga0rfPB6y2u8M1Oguy6_a5JtMpw-tdXeyNM=s48-c-k-c0x00ffffff-no-rj', 'authorChannelUrl': 'http://www.youtube.com/channel/UCIyZrUr-SkJa5lgxc96CMmA', 'authorChannelId': {'value': 'UCIyZrUr-SkJa5lgxc96CMmA'}, 'canRate': True, 'viewerRating': 'none', 'likeCount': 0, 'publishedAt': '2022-10-23T22:17:55Z', 'updatedAt': '2022-10-23T22:17:55Z'}}, 'canReply': True, 'totalReplyCount': 0, 'isPublic': True}",,UCIyZrUr-SkJa5lgxc96CMmA,2022-10-23T22:17:55Z,"ALEXANDRE DE MORAES 
FORA DA LEi
#FORALEXANDRE",QURTSl9pMzVvOG1aa1RKMTRTdmRpVktBSVpYMVZSUFBZYzZ1QXpiTVNRN3lhaFBBcjVwa0pWXzBmR2YyTUNlM1c5anNHUU1BLTNuZS1MNA==,2023-06-08 14:52:47.221481
youtube#commentThread,hMovifmqEZHf72TkRC0EoJJsbeI,Ugyr-GeIVZP-JxFAbWJ4AaABAg,"{'videoId': 'zEfTDpfyt1o', 'topLevelComment': {'kind': 'youtube#comment', 'etag': 'n4yEdWRLmegeT_VMP3kdUP4mydo', 'id': 'Ugyr-GeIVZP-JxFAbWJ4AaABAg', 'snippet': {'videoId': 'zEfTDpfyt1o', 'textDisplay': 'Alexandre de Moraes parabéns pelo seu trabalho', 'textOriginal': 'Alexandre de Moraes parabéns pelo seu trabalho', 'authorDisplayName': 'José Ivanildo Da Silva', 'authorProfileImageUrl': 'https://yt3.ggpht.com/ytc/AGIKgqOzIeXvC6a9ul3RlUNDzKJWhK4mjXHDFK14Ag=s48-c-k-c0x00ffffff-no-rj', 'authorChannelUrl': 'http://www.youtube.com/channel/UCnFc5h5vyfFnTir638J3-uA', 'authorChannelId': {'value': 'UCnFc5h5vyfFnTir638J3-uA'}, 'canRate': True, 'viewerRating': 'none', 'likeCount': 0, 'publishedAt': '2022-10-23T22:17:51Z', 'updatedAt': '2022-10-23T22:17:51Z'}}, 'canReply': True, 'totalReplyCount': 1, 'isPublic': True}","{'comments': [{'kind': 'youtube#comment', 'etag': 'JmG1Nib4ZLdlC6iOBku3SrpvAeI', 'id': 'Ugyr-GeIVZP-JxFAbWJ4AaABAg.9hY9f-j3lFb9hYA9C0lbXe', 'snippet': {'videoId': 'zEfTDpfyt1o', 'textDisplay': 'O Sr. ROBERTO JEFFERSON  teve foi é <b>Coragem</b>  de  mostrar a bandidagem já na CPI dos Correios. <br>Meu profundo <b>RESPEITO</b>  ao  Bob  Jef ! !', 'textOriginal': 'O Sr. ROBERTO JEFFERSON  teve foi é *Coragem*  de  mostrar a bandidagem já na CPI dos Correios. \\nMeu profundo *RESPEITO*  ao  Bob  Jef ! !', 'parentId': 'Ugyr-GeIVZP-JxFAbWJ4AaABAg', 'authorDisplayName': 'Lucelia Mosena Mosena', 'authorProfileImageUrl': 'https://yt3.ggpht.com/ytc/AGIKgqNhgph_Z47uGtDp1MWtTycKYCcUiNGCcglkH7Zr=s48-c-k-c0x00ffffff-no-rj', 'authorChannelUrl': 'http://www.youtube.com/channel/UCqwNaQFmpYPe8-OqY9KFc0A', 'authorChannelId': {'value': 'UCqwNaQFmpYPe8-OqY9KFc0A'}, 'canRate': True, 'viewerRating': 'none', 'likeCount': 0, 'publishedAt': '2022-10-23T22:22:06Z', 'updatedAt': '2022-10-23T22:22:06Z'}}]}",UCnFc5h5vyfFnTir638J3-uA,2022-10-23T22:17:51Z,Alexandre de Moraes parabéns pelo seu trabalho,QURTSl9pMzVvOG1aa1RKMTRTdmRpVktBSVpYMVZSUFBZYzZ1QXpiTVNRN3lhaFBBcjVwa0pWXzBmR2YyTUNlM1c5anNHUU1BLTNuZS1MNA==,2023-06-08 14:52:47.221481
youtube#commentThread,Tre0brs82IHDGCd1pfxU8PcgOtA,UgzuWirn3YqH-YIrqF54AaABAg,"{'videoId': 'zEfTDpfyt1o', 'topLevelComment': {'kind': 'youtube#comment', 'etag': 'MyOXdI9q3gmAsLrC9RjABoCBvqU', 'id': 'UgzuWirn3YqH-YIrqF54AaABAg', 'snippet': {'videoId': 'zEfTDpfyt1o', 'textDisplay': 'Isso pode falar que e da censura', 'textOriginal': 'Isso pode falar que e da censura', 'authorDisplayName': 'Pablo Antonio Iglesias Fuenzalida', 'authorProfileImageUrl': 'https://yt3.ggpht.com/ytc/AGIKgqMaHyxqNtl14ONcOJjuPn3oEh0MC8RdKOZDdQ=s48-c-k-c0x00ffffff-no-rj', 'authorChannelUrl': 'http://www.youtube.com/channel/UCuIjyDA_iT9N9r8K0S6I-Uw', 'authorChannelId': {'value': 'UCuIjyDA_iT9N9r8K0S6I-Uw'}, 'canRate': True, 'viewerRating': 'none', 'likeCount': 0, 'publishedAt': '2022-10-23T22:17:49Z', 'updatedAt': '2022-10-23T22:17:49Z'}}, 'canReply': True, 'totalReplyCount': 0, 'isPublic': True}",,UCuIjyDA_iT9N9r8K0S6I-Uw,2022-10-23T22:17:49Z,Isso pode falar que e da censura,QURTSl9pMzVvOG1aa1RKMTRTdmRpVktBSVpYMVZSUFBZYzZ1QXpiTVNRN3lhaFBBcjVwa0pWXzBmR2YyTUNlM1c5anNHUU1BLTNuZS1MNA==,2023-06-08 14:52:47.221481
youtube#commentThread,B6STQssHiGnLNropmgmqK3JGy0A,UgzhAx89L0xh88mh2e94AaABAg,"{'videoId': 'zEfTDpfyt1o', 'topLevelComment': {'kind': 'youtube#comment', 'etag': 'qDnS_fCdwaF804F0VEEneyZ1qJs', 'id': 'UgzhAx89L0xh88mh2e94AaABAg', 'snippet': {'videoId': 'zEfTDpfyt1o', 'textDisplay': 'Ridícula Tibete', 'textOriginal': 'Ridícula Tibete', 'authorDisplayName': 'Agnes Wildt', 'authorProfileImageUrl': 'https://yt3.ggpht.com/ytc/AGIKgqO3Sm-AqqgOFzPHcJk1VhCmQLkQ0pFD-dsgviJ3d8d6A08HcJLJbtAkhBkbn0cz=s48-c-k-c0x00ffffff-no-rj', 'authorChannelUrl': 'http://www.youtube.com/channel/UCXwFYE_-RPiWH5hziXmslhQ', 'authorChannelId': {'value': 'UCXwFYE_-RPiWH5hziXmslhQ'}, 'canRate': True, 'viewerRating': 'none', 'likeCount': 1, 'publishedAt': '2022-10-23T22:17:48Z', 'updatedAt': '2022-10-23T22:17:48Z'}}, 'canReply': True, 'totalReplyCount': 0, 'isPublic': True}",,UCXwFYE_-RPiWH5hziXmslhQ,2022-10-23T22:17:48Z,Ridícula Tibete,QURTSl9pMzVvOG1aa1RKMTRTdmRpVktBSVpYMVZSUFBZYzZ1QXpiTVNRN3lhaFBBcjVwa0pWXzBmR2YyTUNlM1c5anNHUU1BLTNuZS1MNA==,2023-06-08 14:52:47.221481
youtube#commentThread,JFnBpEdiMRsyfjF36JDwQvJXP94,UgziepKCAfNT2QKnlGp4AaABAg,"{'videoId': 'zEfTDpfyt1o', 'topLevelComment': {'kind': 'youtube#comment', 'etag': '41zWb4fQotb85Kd4DPD-tAEIcQo', 'id': 'UgziepKCAfNT2QKnlGp4AaABAg', 'snippet': {'videoId': 'zEfTDpfyt1o', 'textDisplay': 'O STF, liderados por Moraes, Fachin, Barroso, Gilmar Mendes e Lewandovisck são os maiores responsáveis pela situação atual do Brasil. E vou mais adiante: se após as eleições ocorrer no país uma desordem civil no país, podem colocar tudo nas costas desses togados imundos. Eles conseguiram incitar ódio no país por culpa dos seus crimes de despotismos e esc[arnio contra o povo brasileiro.', 'textOriginal': 'O STF, liderados por Moraes, Fachin, Barroso, Gilmar Mendes e Lewandovisck são os maiores responsáveis pela situação atual do Brasil. E vou mais adiante: se após as eleições ocorrer no país uma desordem civil no país, podem colocar tudo nas costas desses togados imundos. Eles conseguiram incitar ódio no país por culpa dos seus crimes de despotismos e esc[arnio contra o povo brasileiro.', 'authorDisplayName': 'Saulo Moura de Farias', 'authorProfileImageUrl': 'https://yt3.ggpht.com/ytc/AGIKgqOGfcBULVLKkLPrq3ACIcXG4RJxBM8JvN4qil_IkA=s48-c-k-c0x00ffffff-no-rj', 'authorChannelUrl': 'http://www.youtube.com/channel/UCAlO66VUxMqVSeRceill5gA', 'authorChannelId': {'value': 'UCAlO66VUxMqVSeRceill5gA'}, 'canRate': True, 'viewerRating': 'none', 'likeCount': 0, 'publishedAt': '2022-10-23T22:17:47Z', 'updatedAt': '2022-10-23T22:17:47Z'}}, 'canReply': True, 'totalReplyCount': 0, 'isPublic': True}",,UCAlO66VUxMqVSeRceill5gA,2022-10-23T22:17:47Z,"O STF, liderados por Moraes, Fachin, Barroso, Gilmar Mendes e Lewandovisck são os maiores responsáveis pela situação atual do Brasil. E vou mais adiante: se após as eleições ocorrer no país uma desordem civil no país, podem colocar tudo nas costas desses togados imundos. Eles conseguiram incitar ódio no país por culpa dos seus crimes de despotismos e esc[arnio contra o povo brasileiro.",QURTSl9pMzVvOG1aa1RKMTRTdmRpVktBSVpYMVZSUFBZYzZ1QXpiTVNRN3lhaFBBcjVwa0pWXzBmR2YyTUNlM1c5anNHUU1BLTNuZS1MNA==,2023-06-08 14:52:47.221481
youtube#commentThread,aNPffV6OsMuNb_i8gxBEVrWUvxY,UgwyqV47BVDEq4fIPsp4AaABAg,"{'videoId': 'zEfTDpfyt1o', 'topLevelComment': {'kind': 'youtube#comment', 'etag': 'Bg6KKJ7E2wvm131sgwoneOVPUmg', 'id': 'UgwyqV47BVDEq4fIPsp4AaABAg', 'snippet': {'videoId': 'zEfTDpfyt1o', 'textDisplay': 'os fãs do Jeferson são covardes,tem que ser presos⚖️', 'textOriginal': 'os fãs do Jeferson são covardes,tem que ser presos⚖️', 'authorDisplayName': 'Monica Santana', 'authorProfileImageUrl': 'https://yt3.ggpht.com/ytc/AGIKgqMVTUIqRVZsZZeNBgMf11VEUIoIAyVvQJoszYC3Xg=s48-c-k-c0x00ffffff-no-rj', 'authorChannelUrl': 'http://www.youtube.com/channel/UC4p_0KkDeLmulPn3KdfANJw', 'authorChannelId': {'value': 'UC4p_0KkDeLmulPn3KdfANJw'}, 'canRate': True, 'viewerRating': 'none', 'likeCount': 0, 'publishedAt': '2022-10-23T22:17:46Z', 'updatedAt': '2022-10-23T22:17:46Z'}}, 'canReply': True, 'totalReplyCount': 0, 'isPublic': True}",,UC4p_0KkDeLmulPn3KdfANJw,2022-10-23T22:17:46Z,"os fãs do Jeferson são covardes,tem que ser presos⚖️",QURTSl9pMzVvOG1aa1RKMTRTdmRpVktBSVpYMVZSUFBZYzZ1QXpiTVNRN3lhaFBBcjVwa0pWXzBmR2YyTUNlM1c5anNHUU1BLTNuZS1MNA==,2023-06-08 14:52:47.221481
youtube#commentThread,om21_JVaDyoL6WwH-Bfy-tl-QjA,Ugw0hjOOkXna6H5V7Ox4AaABAg,"{'videoId': 'zEfTDpfyt1o', 'topLevelComment': {'kind': 'youtube#comment', 'etag': 'Sjn23zIUlysZt9Rt8IzHY2lA1sk', 'id': 'Ugw0hjOOkXna6H5V7Ox4AaABAg', 'snippet': {'videoId': 'zEfTDpfyt1o', 'textDisplay': 'A polícia federal, está clamando por um ditador, pra chamar de chefe. ...encontraram no Alexandre de Morais!', 'textOriginal': 'A polícia federal, está clamando por um ditador, pra chamar de chefe. ...encontraram no Alexandre de Morais!', 'authorDisplayName': 'Ricardo Nunes', 'authorProfileImageUrl': 'https://yt3.ggpht.com/ytc/AGIKgqOhC7FJD2Q8Gz1UbBaIuUHFE7_9XkAz4-XhYWQcbw=s48-c-k-c0x00ffffff-no-rj', 'authorChannelUrl': 'http://www.youtube.com/channel/UCzt0lwNlfniyuc7np6_WjPA', 'authorChannelId': {'value': 'UCzt0lwNlfniyuc7np6_WjPA'}, 'canRate': True, 'viewerRating': 'none', 'likeCount': 0, 'publishedAt': '2022-10-23T22:17:45Z', 'updatedAt': '2022-10-23T22:17:45Z'}}, 'canReply': True, 'totalReplyCount': 0, 'isPublic': True}",,UCzt0lwNlfniyuc7np6_WjPA,2022-10-23T22:17:45Z,"A polícia federal, está clamando por um ditador, pra chamar de chefe. ...encontraram no Alexandre de Morais!",QURTSl9pM1BBRGo4c1JoZWZ6WjZoWlRRQ1lrYUFHS2p0NkFKclUxaEFSRUVjVWFwd3FTZ2k1cWU3VGZIdS1WRFd6QkNBTjFCVENEZnZwZw==,2023-06-08 14:52:48.049091
youtube#commentThread,u5p7Pa_HwC3ApWD9V5QGhP-UgSE,UgxC5XQZou1pRTWXm2N4AaABAg,"{'videoId': 'zEfTDpfyt1o', 'topLevelComment': {'kind': 'youtube#comment', 'etag': 'DLH1J4lmjGj4NDYYfIbdT33vPMc', 'id': 'UgxC5XQZou1pRTWXm2N4AaABAg', 'snippet': {'videoId': 'zEfTDpfyt1o', 'textDisplay': 'Tem que prender esse cara que agrediu o  rapaz, trabalhador', 'textOriginal': 'Tem que prender esse cara que agrediu o  rapaz, trabalhador', 'authorDisplayName': 'Lia Melo', 'authorProfileImageUrl': 'https://yt3.ggpht.com/ytc/AGIKgqOnTCi9yUb3MVoT5eESqfBYJ4bd_Qq2I6tF3Rrc0w=s48-c-k-c0x00ffffff-no-rj', 'authorChannelUrl': 'http://www.youtube.com/channel/UClZ7QDSYRc6i9_YznoobeWg', 'authorChannelId': {'value': 'UClZ7QDSYRc6i9_YznoobeWg'}, 'canRate': True, 'viewerRating': 'none', 'likeCount': 1, 'publishedAt': '2022-10-23T22:17:42Z', 'updatedAt': '2022-10-23T22:17:42Z'}}, 'canReply': True, 'totalReplyCount': 0, 'isPublic': True}",,UClZ7QDSYRc6i9_YznoobeWg,2022-10-23T22:17:42Z,"Tem que prender esse cara que agrediu o  rapaz, trabalhador",QURTSl9pM1BBRGo4c1JoZWZ6WjZoWlRRQ1lrYUFHS2p0NkFKclUxaEFSRUVjVWFwd3FTZ2k1cWU3VGZIdS1WRFd6QkNBTjFCVENEZnZwZw==,2023-06-08 14:52:48.049091
youtube#commentThread,Al6qxJU3M4ydOm77PQcfoLxhh0g,UgzlRwXkM4WbRXYFhsR4AaABAg,"{'videoId': 'zEfTDpfyt1o', 'topLevelComment': {'kind': 'youtube#comment', 'etag': 'JsZoVNxpermUCw6tBmuQKlxxTXU', 'id': 'UgzlRwXkM4WbRXYFhsR4AaABAg', 'snippet': {'videoId': 'zEfTDpfyt1o', 'textDisplay': 'O careca disse que era só prender meia dúzia que isso parava!!!! Já começou', 'textOriginal': 'O careca disse que era só prender meia dúzia que isso parava!!!! Já começou', 'authorDisplayName': 'Simone Bremer', 'authorProfileImageUrl': 'https://yt3.ggpht.com/ytc/AGIKgqP51VzCDvlPUnL-5br9-ByVPJ5CbHq_CTGYgXuwQaA=s48-c-k-c0x00ffffff-no-rj', 'authorChannelUrl': 'http://www.youtube.com/channel/UCNHH6F3qGPUpCji-CIlNdCQ', 'authorChannelId': {'value': 'UCNHH6F3qGPUpCji-CIlNdCQ'}, 'canRate': True, 'viewerRating': 'none', 'likeCount': 0, 'publishedAt': '2022-10-23T22:17:41Z', 'updatedAt': '2022-10-23T22:17:41Z'}}, 'canReply': True, 'totalReplyCount': 0, 'isPublic': True}",,UCNHH6F3qGPUpCji-CIlNdCQ,2022-10-23T22:17:41Z,O careca disse que era só prender meia dúzia que isso parava!!!! Já começou,QURTSl9pM1BBRGo4c1JoZWZ6WjZoWlRRQ1lrYUFHS2p0NkFKclUxaEFSRUVjVWFwd3FTZ2k1cWU3VGZIdS1WRFd6QkNBTjFCVENEZnZwZw==,2023-06-08 14:52:48.049091
youtube#commentThread,IYnH0SLWKN2HRSZ4hJgom37c9w0,UgxxCYeU2TaEOTfbLWp4AaABAg,"{'videoId': 'zEfTDpfyt1o', 'topLevelComment': {'kind': 'youtube#comment', 'etag': 'h_n_i-rU0e-DA1y00gJplCN-MTU', 'id': 'UgxxCYeU2TaEOTfbLWp4AaABAg', 'snippet': {'videoId': 'zEfTDpfyt1o', 'textDisplay': 'Xandãopcc e seus aliados covardes, perderam o respeito do brasileiro !', 'textOriginal': 'Xandãopcc e seus aliados covardes, perderam o respeito do brasileiro !', 'authorDisplayName': 'Lourivaldo Gomes', 'authorProfileImageUrl': 'https://yt3.ggpht.com/ytc/AGIKgqMzOgmexBrzaterZPmKHivaF2Ic54NRGebdFz-OIg=s48-c-k-c0x00ffffff-no-rj', 'authorChannelUrl': 'http://www.youtube.com/channel/UChPth3_eccjR9m6l28cQvqg', 'authorChannelId': {'value': 'UChPth3_eccjR9m6l28cQvqg'}, 'canRate': True, 'viewerRating': 'none', 'likeCount': 0, 'publishedAt': '2022-10-23T22:17:38Z', 'updatedAt': '2022-10-23T22:17:38Z'}}, 'canReply': True, 'totalReplyCount': 0, 'isPublic': True}",,UChPth3_eccjR9m6l28cQvqg,2022-10-23T22:17:38Z,"Xandãopcc e seus aliados covardes, perderam o respeito do brasileiro !",QURTSl9pM1BBRGo4c1JoZWZ6WjZoWlRRQ1lrYUFHS2p0NkFKclUxaEFSRUVjVWFwd3FTZ2k1cWU3VGZIdS1WRFd6QkNBTjFCVENEZnZwZw==,2023-06-08 14:52:48.049091
youtube#commentThread,ixv4_HvisOD9Y4FWCxmdPjzlrEw,UgwiBY0ktRaqrfMqE9J4AaABAg,"{'videoId': 'zEfTDpfyt1o', 'topLevelComment': {'kind': 'youtube#comment', 'etag': 'eSGwX7OBBOHpFT59xcpLi1Jclc8', 'id': 'UgwiBY0ktRaqrfMqE9J4AaABAg', 'snippet': {'videoId': 'zEfTDpfyt1o', 'textDisplay': 'esse país tá virando uma bomba relógio', 'textOriginal': 'esse país tá virando uma bomba relógio', 'authorDisplayName': 'sergio santos', 'authorProfileImageUrl': 'https://yt3.ggpht.com/ytc/AGIKgqMZXYPiOLOzEFLAXwrp71tHQqE6jIw-rhIp-g=s48-c-k-c0x00ffffff-no-rj', 'authorChannelUrl': 'http://www.youtube.com/channel/UC0B1sLbyQ302lRMVDLyrMsg', 'authorChannelId': {'value': 'UC0B1sLbyQ302lRMVDLyrMsg'}, 'canRate': True, 'viewerRating': 'none', 'likeCount': 0, 'publishedAt': '2022-10-23T22:17:36Z', 'updatedAt': '2022-10-23T22:17:36Z'}}, 'canReply': True, 'totalReplyCount': 0, 'isPublic': True}",,UC0B1sLbyQ302lRMVDLyrMsg,2022-10-23T22:17:36Z,esse país tá virando uma bomba relógio,QURTSl9pM1BBRGo4c1JoZWZ6WjZoWlRRQ1lrYUFHS2p0NkFKclUxaEFSRUVjVWFwd3FTZ2k1cWU3VGZIdS1WRFd6QkNBTjFCVENEZnZwZw==,2023-06-08 14:52:48.049091
youtube#commentThread,Hv3aeJzEUNgRJP6RKkNIggtFjIo,UgxLAP-t5pwyIHofZz54AaABAg,"{'videoId': 'zEfTDpfyt1o', 'topLevelComment': {'kind': 'youtube#comment', 'etag': 'KAHE5OS63YaOQ-6idee9R2Ki3u0', 'id': 'UgxLAP-t5pwyIHofZz54AaABAg', 'snippet': {'videoId': 'zEfTDpfyt1o', 'textDisplay': 'As p', 'textOriginal': 'As p', 'authorDisplayName': 'Suely Nunes', 'authorProfileImageUrl': 'https://yt3.ggpht.com/ytc/AGIKgqM6rXueeTkWZv6-K3qSgpWiLnJeVtxQkh5pUg=s48-c-k-c0x00ffffff-no-rj', 'authorChannelUrl': 'http://www.youtube.com/channel/UC8wAvkBsCamCZb3bBCatwIw', 'authorChannelId': {'value': 'UC8wAvkBsCamCZb3bBCatwIw'}, 'canRate': True, 'viewerRating': 'none', 'likeCount': 0, 'publishedAt': '2022-10-23T22:17:36Z', 'updatedAt': '2022-10-23T22:17:36Z'}}, 'canReply': True, 'totalReplyCount': 1, 'isPublic': True}","{'comments': [{'kind': 'youtube#comment', 'etag': '75CUBcUwWA7gV_ZEq54R2boriOA', 'id': 'UgxLAP-t5pwyIHofZz54AaABAg.9hY9dCx9hvy9hY9wbNJHTQ', 'snippet': {'videoId': 'zEfTDpfyt1o', 'textDisplay': 'As pessoas estão nervosas com tanta irresponsabilid<br>ade e injustiça', 'textOriginal': 'As pessoas estão nervosas com tanta irresponsabilid\\nade e injustiça', 'parentId': 'UgxLAP-t5pwyIHofZz54AaABAg', 'authorDisplayName': 'Suely Nunes', 'authorProfileImageUrl': 'https://yt3.ggpht.com/ytc/AGIKgqM6rXueeTkWZv6-K3qSgpWiLnJeVtxQkh5pUg=s48-c-k-c0x00ffffff-no-rj', 'authorChannelUrl': 'http://www.youtube.com/channel/UC8wAvkBsCamCZb3bBCatwIw', 'authorChannelId': {'value': 'UC8wAvkBsCamCZb3bBCatwIw'}, 'canRate': True, 'viewerRating': 'none', 'likeCount': 0, 'publishedAt': '2022-10-23T22:20:15Z', 'updatedAt': '2022-10-23T22:20:15Z'}}]}",UC8wAvkBsCamCZb3bBCatwIw,2022-10-23T22:17:36Z,As p,QURTSl9pM1BBRGo4c1JoZWZ6WjZoWlRRQ1lrYUFHS2p0NkFKclUxaEFSRUVjVWFwd3FTZ2k1cWU3VGZIdS1WRFd6QkNBTjFCVENEZnZwZw==,2023-06-08 14:52:48.049091
youtube#commentThread,sq76Akpipw5D90OOHvUZNBDODmI,UgwQjyEFlTZ-UHDC8Td4AaABAg,"{'videoId': 'zEfTDpfyt1o', 'topLevelComment': {'kind': 'youtube#comment', 'etag': 'ol4Kr7afWBTY980NAogFjUaulGg', 'id': 'UgwQjyEFlTZ-UHDC8Td4AaABAg', 'snippet': {'videoId': 'zEfTDpfyt1o', 'textDisplay': 'culpado disso e o Careca Alexandre fala ai seus merdas.', 'textOriginal': 'culpado disso e o Careca Alexandre fala ai seus merdas.', 'authorDisplayName': 'GABRIEL Ferreira Da Silva', 'authorProfileImageUrl': 'https://yt3.ggpht.com/ytc/AGIKgqNnCpNhDL-1HTE2aOGqjljzKPiBXpBw3QpxNnI2lg=s48-c-k-c0x00ffffff-no-rj', 'authorChannelUrl': 'http://www.youtube.com/channel/UCNjWV8nUVvVEuxhG8tWNhgw', 'authorChannelId': {'value': 'UCNjWV8nUVvVEuxhG8tWNhgw'}, 'canRate': True, 'viewerRating': 'none', 'likeCount': 0, 'publishedAt': '2022-10-23T22:17:33Z', 'updatedAt': '2022-10-23T22:17:33Z'}}, 'canReply': True, 'totalReplyCount': 0, 'isPublic': True}",,UCNjWV8nUVvVEuxhG8tWNhgw,2022-10-23T22:17:33Z,culpado disso e o Careca Alexandre fala ai seus merdas.,QURTSl9pM1BBRGo4c1JoZWZ6WjZoWlRRQ1lrYUFHS2p0NkFKclUxaEFSRUVjVWFwd3FTZ2k1cWU3VGZIdS1WRFd6QkNBTjFCVENEZnZwZw==,2023-06-08 14:52:48.049091
youtube#commentThread,Myd5HpkO1vvO9g_34DoRIQgxIso,UgxenMmat0FWdMXWU-N4AaABAg,"{'videoId': 'zEfTDpfyt1o', 'topLevelComment': {'kind': 'youtube#comment', 'etag': 'j8Gtq7Pp0JlywVyLUZ85fP-8S4o', 'id': 'UgxenMmat0FWdMXWU-N4AaABAg', 'snippet': {'videoId': 'zEfTDpfyt1o', 'textDisplay': 'Deus tem misericórdia do Brasil 🇧🇷', 'textOriginal': 'Deus tem misericórdia do Brasil 🇧🇷', 'authorDisplayName': 'Kkkk', 'authorProfileImageUrl': 'https://yt3.ggpht.com/u89jBG6iMTXovpK8prIA4TVwEQRiWdEoNKtS8XIl0AxLwFujageSlOUvQkJfTJoC5jxfpyZafw=s48-c-k-c0x00ffffff-no-rj', 'authorChannelUrl': 'http://www.youtube.com/channel/UCakh25Lupz5w3rpQkksfoYw', 'authorChannelId': {'value': 'UCakh25Lupz5w3rpQkksfoYw'}, 'canRate': True, 'viewerRating': 'none', 'likeCount': 33, 'publishedAt': '2022-10-23T22:17:32Z', 'updatedAt': '2022-10-23T22:17:32Z'}}, 'canReply': True, 'totalReplyCount': 0, 'isPublic': True}",,UCakh25Lupz5w3rpQkksfoYw,2022-10-23T22:17:32Z,Deus tem misericórdia do Brasil 🇧🇷,QURTSl9pM1BBRGo4c1JoZWZ6WjZoWlRRQ1lrYUFHS2p0NkFKclUxaEFSRUVjVWFwd3FTZ2k1cWU3VGZIdS1WRFd6QkNBTjFCVENEZnZwZw==,2023-06-08 14:52:48.049091
youtube#commentThread,MniwJsXwBgT-3vPTzDVkvrJgPN8,Ugw9I7EMBMmetnVGAcl4AaABAg,"{'videoId': 'zEfTDpfyt1o', 'topLevelComment': {'kind': 'youtube#comment', 'etag': 'XK3H6-kfhrGbfIIqEGfhZrz_Xwc', 'id': 'Ugw9I7EMBMmetnVGAcl4AaABAg', 'snippet': {'videoId': 'zEfTDpfyt1o', 'textDisplay': 'CADEIAAAA PARA ESSE GRUPO DE EXTREMA direita', 'textOriginal': 'CADEIAAAA PARA ESSE GRUPO DE EXTREMA direita', 'authorDisplayName': 'Víctor Rossi', 'authorProfileImageUrl': 'https://yt3.ggpht.com/ytc/AGIKgqPPw_6RK4C-z82t00hCiA4V3AkaI39-zdDuEphMAfN9YsJo4zrE7CMP3cxW6Hfa=s48-c-k-c0x00ffffff-no-rj', 'authorChannelUrl': 'http://www.youtube.com/channel/UCb28vLarY52Wod2gwdbIO5Q', 'authorChannelId': {'value': 'UCb28vLarY52Wod2gwdbIO5Q'}, 'canRate': True, 'viewerRating': 'none', 'likeCount': 0, 'publishedAt': '2022-10-23T22:17:30Z', 'updatedAt': '2022-10-23T22:17:30Z'}}, 'canReply': True, 'totalReplyCount': 0, 'isPublic': True}",,UCb28vLarY52Wod2gwdbIO5Q,2022-10-23T22:17:30Z,CADEIAAAA PARA ESSE GRUPO DE EXTREMA direita,QURTSl9pM1BBRGo4c1JoZWZ6WjZoWlRRQ1lrYUFHS2p0NkFKclUxaEFSRUVjVWFwd3FTZ2k1cWU3VGZIdS1WRFd6QkNBTjFCVENEZnZwZw==,2023-06-08 14:52:48.049091
youtube#commentThread,6Tu3QE_-XwPbLamBg7uWNdBWZI0,UgzkbKrNogxfAPPECb94AaABAg,"{'videoId': 'zEfTDpfyt1o', 'topLevelComment': {'kind': 'youtube#comment', 'etag': 'seiVYI-_Aha6qBBgaT8ztuy5si0', 'id': 'UgzkbKrNogxfAPPECb94AaABAg', 'snippet': {'videoId': 'zEfTDpfyt1o', 'textDisplay': 'Inimigo bom é inimigo morto', 'textOriginal': 'Inimigo bom é inimigo morto', 'authorDisplayName': 'Professor Cassiano', 'authorProfileImageUrl': 'https://yt3.ggpht.com/ytc/AGIKgqPlBlCwXlVnWcgNOdbJNC17pNRfGQaJV7v0wFvj=s48-c-k-c0x00ffffff-no-rj', 'authorChannelUrl': 'http://www.youtube.com/channel/UC7cbWEwoZdaSazmjnpKlCGQ', 'authorChannelId': {'value': 'UC7cbWEwoZdaSazmjnpKlCGQ'}, 'canRate': True, 'viewerRating': 'none', 'likeCount': 0, 'publishedAt': '2022-10-23T22:17:27Z', 'updatedAt': '2022-10-23T22:17:27Z'}}, 'canReply': True, 'totalReplyCount': 0, 'isPublic': True}",,UC7cbWEwoZdaSazmjnpKlCGQ,2022-10-23T22:17:27Z,Inimigo bom é inimigo morto,QURTSl9pM1BBRGo4c1JoZWZ6WjZoWlRRQ1lrYUFHS2p0NkFKclUxaEFSRUVjVWFwd3FTZ2k1cWU3VGZIdS1WRFd6QkNBTjFCVENEZnZwZw==,2023-06-08 14:52:48.049091
youtube#commentThread,Sm7ykC03H7NRNsQEDqqrzxgqQK0,UgyrEU9yXwhefPSPuGB4AaABAg,"{'videoId': 'zEfTDpfyt1o', 'topLevelComment': {'kind': 'youtube#comment', 'etag': 'Pvt6NY2y2UoC_ieICOPmIfEWiYw', 'id': 'UgyrEU9yXwhefPSPuGB4AaABAg', 'snippet': {'videoId': 'zEfTDpfyt1o', 'textDisplay': 'Isso é culpa da Globo e do STF!! Prisão pra eles tbem???', 'textOriginal': 'Isso é culpa da Globo e do STF!! Prisão pra eles tbem???', 'authorDisplayName': 'Jacira Faria', 'authorProfileImageUrl': 'https://yt3.ggpht.com/ytc/AGIKgqPTF7HrxmfAdlif0uQ6L0b3WzfD1nF9SB4Yvyzh=s48-c-k-c0x00ffffff-no-rj', 'authorChannelUrl': 'http://www.youtube.com/channel/UCxzf2EYrsYd84ksL9sEHBug', 'authorChannelId': {'value': 'UCxzf2EYrsYd84ksL9sEHBug'}, 'canRate': True, 'viewerRating': 'none', 'likeCount': 0, 'publishedAt': '2022-10-23T22:17:26Z', 'updatedAt': '2022-10-23T22:17:26Z'}}, 'canReply': True, 'totalReplyCount': 0, 'isPublic': True}",,UCxzf2EYrsYd84ksL9sEHBug,2022-10-23T22:17:26Z,Isso é culpa da Globo e do STF!! Prisão pra eles tbem???,QURTSl9pM1BBRGo4c1JoZWZ6WjZoWlRRQ1lrYUFHS2p0NkFKclUxaEFSRUVjVWFwd3FTZ2k1cWU3VGZIdS1WRFd6QkNBTjFCVENEZnZwZw==,2023-06-08 14:52:48.049091
youtube#commentThread,sXoKicEsI5tOW1p20cr6zprPKl8,UgyE-cK4cw96oqhBDRN4AaABAg,"{'videoId': 'zEfTDpfyt1o', 'topLevelComment': {'kind': 'youtube#comment', 'etag': 'mGwZv2aFCBH73iTubTIU0Uej194', 'id': 'UgyE-cK4cw96oqhBDRN4AaABAg', 'snippet': {'videoId': 'zEfTDpfyt1o', 'textDisplay': 'Tudo 8sdo e culpa dos ditadores de tpga', 'textOriginal': 'Tudo 8sdo e culpa dos ditadores de tpga', 'authorDisplayName': 'Cláudia Duarla', 'authorProfileImageUrl': 'https://yt3.ggpht.com/ytc/AGIKgqN5bpXNJGqLUEGcbHlDcoiGcJWiJuOJX8qQkh6_-g=s48-c-k-c0x00ffffff-no-rj', 'authorChannelUrl': 'http://www.youtube.com/channel/UCf1Ahb3lHjUE7OjPHxqthuQ', 'authorChannelId': {'value': 'UCf1Ahb3lHjUE7OjPHxqthuQ'}, 'canRate': True, 'viewerRating': 'none', 'likeCount': 0, 'publishedAt': '2022-10-23T22:17:25Z', 'updatedAt': '2022-10-23T22:17:25Z'}}, 'canReply': True, 'totalReplyCount': 0, 'isPublic': True}",,UCf1Ahb3lHjUE7OjPHxqthuQ,2022-10-23T22:17:25Z,Tudo 8sdo e culpa dos ditadores de tpga,QURTSl9pM1BBRGo4c1JoZWZ6WjZoWlRRQ1lrYUFHS2p0NkFKclUxaEFSRUVjVWFwd3FTZ2k1cWU3VGZIdS1WRFd6QkNBTjFCVENEZnZwZw==,2023-06-08 14:52:48.049091
youtube#commentThread,FjNOOG1v8mFGMtpxd57XK4rglTY,UgxgdL7Y_kMYsIh6QTF4AaABAg,"{'videoId': 'zEfTDpfyt1o', 'topLevelComment': {'kind': 'youtube#comment', 'etag': 'CVVgarw3QW0pOmivDeuYKMx4Omk', 'id': 'UgxgdL7Y_kMYsIh6QTF4AaABAg', 'snippet': {'videoId': 'zEfTDpfyt1o', 'textDisplay': 'Esse político está envergonhando o partido que um dia fez parte da vida de Getúlio Vargas e trabalhadores que lutaram pelos direitos trabalhistas que hoje beneficia os atuais trabalhadores.', 'textOriginal': 'Esse político está envergonhando o partido que um dia fez parte da vida de Getúlio Vargas e trabalhadores que lutaram pelos direitos trabalhistas que hoje beneficia os atuais trabalhadores.', 'authorDisplayName': 'emily_duarte Emily123456', 'authorProfileImageUrl': 'https://yt3.ggpht.com/ytc/AGIKgqN93aZ2Te1iWvz-0lJ62mA4JJp_ClUcWrSvVA=s48-c-k-c0x00ffffff-no-rj', 'authorChannelUrl': 'http://www.youtube.com/channel/UCCOpSxVZZWxo9ZpsLUkRg_A', 'authorChannelId': {'value': 'UCCOpSxVZZWxo9ZpsLUkRg_A'}, 'canRate': True, 'viewerRating': 'none', 'likeCount': 0, 'publishedAt': '2022-10-23T22:17:22Z', 'updatedAt': '2022-10-23T22:17:22Z'}}, 'canReply': True, 'totalReplyCount': 0, 'isPublic': True}",,UCCOpSxVZZWxo9ZpsLUkRg_A,2022-10-23T22:17:22Z,Esse político está envergonhando o partido que um dia fez parte da vida de Getúlio Vargas e trabalhadores que lutaram pelos direitos trabalhistas que hoje beneficia os atuais trabalhadores.,QURTSl9pM1BBRGo4c1JoZWZ6WjZoWlRRQ1lrYUFHS2p0NkFKclUxaEFSRUVjVWFwd3FTZ2k1cWU3VGZIdS1WRFd6QkNBTjFCVENEZnZwZw==,2023-06-08 14:52:48.049091
youtube#commentThread,GABFtFUDC6kl81XQzRYCSR1Iv0Y,Ugy5nFWLXsEdHPNxRUF4AaABAg,"{'videoId': 'zEfTDpfyt1o', 'topLevelComment': {'kind': 'youtube#comment', 'etag': 'bw3zcBhiyUzxHx-B6iOTIZCfRGk', 'id': 'Ugy5nFWLXsEdHPNxRUF4AaABAg', 'snippet': {'videoId': 'zEfTDpfyt1o', 'textDisplay': 'A culpa é do STF', 'textOriginal': 'A culpa é do STF', 'authorDisplayName': 'Mariana Conde', 'authorProfileImageUrl': 'https://yt3.ggpht.com/ytc/AGIKgqNAmx3E2Q1qmdzYDkZhdfugWsWrNByuxA25CA=s48-c-k-c0x00ffffff-no-rj', 'authorChannelUrl': 'http://www.youtube.com/channel/UCY-Ur95GTEByDprPdu0BCbA', 'authorChannelId': {'value': 'UCY-Ur95GTEByDprPdu0BCbA'}, 'canRate': True, 'viewerRating': 'none', 'likeCount': 16, 'publishedAt': '2022-10-23T22:17:19Z', 'updatedAt': '2022-10-23T22:17:19Z'}}, 'canReply': True, 'totalReplyCount': 3, 'isPublic': True}","{'comments': [{'kind': 'youtube#comment', 'etag': 'wLKSa_WFnVVWHj6dzNsVQB5WIh4', 'id': 'Ugy5nFWLXsEdHPNxRUF4AaABAg.9hY9b694R5l9hYCBOkHWfS', 'snippet': {'videoId': 'zEfTDpfyt1o', 'textDisplay': '🙄', 'textOriginal': '🙄', 'parentId': 'Ugy5nFWLXsEdHPNxRUF4AaABAg', 'authorDisplayName': 'Kerlen Cabrera', 'authorProfileImageUrl': 'https://yt3.ggpht.com/CvgAxrQ9DGO580YKuiWe6VoV7y5QcfPP7mgTV9Wj_tSex8xLcqPD_89-WgWTrLHBl0n7IOHrAFU=s48-c-k-c0x00ffffff-no-rj', 'authorChannelUrl': 'http://www.youtube.com/channel/UCIj7PLnBOZGD6VDZnq0dutQ', 'authorChannelId': {'value': 'UCIj7PLnBOZGD6VDZnq0dutQ'}, 'canRate': True, 'viewerRating': 'none', 'likeCount': 0, 'publishedAt': '2022-10-23T22:39:53Z', 'updatedAt': '2022-10-23T22:39:53Z'}}, {'kind': 'youtube#comment', 'etag': 'lWMG76pFSNwHWz_qpLL-hkkfgpE', 'id': 'Ugy5nFWLXsEdHPNxRUF4AaABAg.9hY9b694R5l9hYBxygrp3H', 'snippet': {'videoId': 'zEfTDpfyt1o', 'textDisplay': 'A culpa é do Genocida Ladrão do Canibal.', 'textOriginal': 'A culpa é do Genocida Ladrão do Canibal.', 'parentId': 'Ugy5nFWLXsEdHPNxRUF4AaABAg', 'authorDisplayName': 'CHOCOLATE GAME', 'authorProfileImageUrl': 'https://yt3.ggpht.com/enESm38PtZpE0BRWewwWkR1vrWplyiXmrve4UavZYdsURN7gH_tzsBNJgmbNI0wrligkHMLR=s48-c-k-c0x00ffffff-no-rj', 'authorChannelUrl': 'http://www.youtube.com/channel/UCWB4w2pJURHwkJ23oojvEUQ', 'authorChannelId': {'value': 'UCWB4w2pJURHwkJ23oojvEUQ'}, 'canRate': True, 'viewerRating': 'none', 'likeCount': 1, 'publishedAt': '2022-10-23T22:37:55Z', 'updatedAt': '2022-10-23T22:37:55Z'}}, {'kind': 'youtube#comment', 'etag': 'xFkD9xfBJdSThLUfdDaF9d_YOuM', 'id': 'Ugy5nFWLXsEdHPNxRUF4AaABAg.9hY9b694R5l9hYBab9Fi7m', 'snippet': {'videoId': 'zEfTDpfyt1o', 'textDisplay': 'rsrsrsrs', 'textOriginal': 'rsrsrsrs', 'parentId': 'Ugy5nFWLXsEdHPNxRUF4AaABAg', 'authorDisplayName': 'marcos dos santos', 'authorProfileImageUrl': 'https://yt3.ggpht.com/ytc/AGIKgqN4b9HqRZYi_m94Xgf8PcyrA8pRyA3XJcquthkT=s48-c-k-c0x00ffffff-no-rj', 'authorChannelUrl': 'http://www.youtube.com/channel/UCTBtWOhsUY5Y1kN-L5t2jyw', 'authorChannelId': {'value': 'UCTBtWOhsUY5Y1kN-L5t2jyw'}, 'canRate': True, 'viewerRating': 'none', 'likeCount': 0, 'publishedAt': '2022-10-23T22:34:43Z', 'updatedAt': '2022-10-23T22:34:43Z'}}]}",UCY-Ur95GTEByDprPdu0BCbA,2022-10-23T22:17:19Z,A culpa é do STF,QURTSl9pM1BBRGo4c1JoZWZ6WjZoWlRRQ1lrYUFHS2p0NkFKclUxaEFSRUVjVWFwd3FTZ2k1cWU3VGZIdS1WRFd6QkNBTjFCVENEZnZwZw==,2023-06-08 14:52:48.049091
youtube#commentThread,a_bf96Jj5CQ8GKEw8zZ5iIm8YFs,UgyqVfotjHaWw4qXC0h4AaABAg,"{'videoId': 'zEfTDpfyt1o', 'topLevelComment': {'kind': 'youtube#comment', 'etag': 'Cx38esVSzWTScVDUJr1e_Mzg5OU', 'id': 'UgyqVfotjHaWw4qXC0h4AaABAg', 'snippet': {'videoId': 'zEfTDpfyt1o', 'textDisplay': 'O STF, STE, E PUXADINHOS, DESORGANIZARAM, TODA A DEMOCRACIA , DESESTRUTURAM O BRASIL ,E NÃO EXISTE QUEM OS PUNA, POR ISSO RUI BARBOSA JÁ DIZIA &quot; QUE A PIOR DITADURA É DO STF, COM ELA , NADA SE PODE FAZER&quot;', 'textOriginal': 'O STF, STE, E PUXADINHOS, DESORGANIZARAM, TODA A DEMOCRACIA , DESESTRUTURAM O BRASIL ,E NÃO EXISTE QUEM OS PUNA, POR ISSO RUI BARBOSA JÁ DIZIA "" QUE A PIOR DITADURA É DO STF, COM ELA , NADA SE PODE FAZER""', 'authorDisplayName': 'Ana Palhares', 'authorProfileImageUrl': 'https://yt3.ggpht.com/ytc/AGIKgqOrviiaMAjSmbNgGtxCYQhb0aDihzTx88X5Tg=s48-c-k-c0x00ffffff-no-rj', 'authorChannelUrl': 'http://www.youtube.com/channel/UCDSlTJQPMl4R5VRf0TINAiQ', 'authorChannelId': {'value': 'UCDSlTJQPMl4R5VRf0TINAiQ'}, 'canRate': True, 'viewerRating': 'none', 'likeCount': 0, 'publishedAt': '2022-10-23T22:17:17Z', 'updatedAt': '2022-10-23T22:17:17Z'}}, 'canReply': True, 'totalReplyCount': 0, 'isPublic': True}",,UCDSlTJQPMl4R5VRf0TINAiQ,2022-10-23T22:17:17Z,"O STF, STE, E PUXADINHOS, DESORGANIZARAM, TODA A DEMOCRACIA , DESESTRUTURAM O BRASIL ,E NÃO EXISTE QUEM OS PUNA, POR ISSO RUI BARBOSA JÁ DIZIA "" QUE A PIOR DITADURA É DO STF, COM ELA , NADA SE PODE FAZER""",QURTSl9pM1BBRGo4c1JoZWZ6WjZoWlRRQ1lrYUFHS2p0NkFKclUxaEFSRUVjVWFwd3FTZ2k1cWU3VGZIdS1WRFd6QkNBTjFCVENEZnZwZw==,2023-06-08 14:52:48.049091
youtube#commentThread,mkOZ9p6teIJiVZWmJwILIq8Gitw,UgxugAkO0KTnl5_haaN4AaABAg,"{'videoId': 'zEfTDpfyt1o', 'topLevelComment': {'kind': 'youtube#comment', 'etag': 'i4pZBHxnDy1yktQiAhf1TyKcjvs', 'id': 'UgxugAkO0KTnl5_haaN4AaABAg', 'snippet': {'videoId': 'zEfTDpfyt1o', 'textDisplay': 'Deixem de hipocrisia a globo em  momento nenhum saiu em defesa da censura que vcs estão vivendo...', 'textOriginal': 'Deixem de hipocrisia a globo em  momento nenhum saiu em defesa da censura que vcs estão vivendo...', 'authorDisplayName': 'Pátria Amada', 'authorProfileImageUrl': 'https://yt3.ggpht.com/ytc/AGIKgqOmwGLIiYiUotgTLgHuXetSq8NEoWdkLlhXmA=s48-c-k-c0x00ffffff-no-rj', 'authorChannelUrl': 'http://www.youtube.com/channel/UCC4UX9nMQRovrmtMNdb_PGw', 'authorChannelId': {'value': 'UCC4UX9nMQRovrmtMNdb_PGw'}, 'canRate': True, 'viewerRating': 'none', 'likeCount': 0, 'publishedAt': '2022-10-23T22:17:14Z', 'updatedAt': '2022-10-23T22:17:14Z'}}, 'canReply': True, 'totalReplyCount': 0, 'isPublic': True}",,UCC4UX9nMQRovrmtMNdb_PGw,2022-10-23T22:17:14Z,Deixem de hipocrisia a globo em  momento nenhum saiu em defesa da censura que vcs estão vivendo...,QURTSl9pM1BBRGo4c1JoZWZ6WjZoWlRRQ1lrYUFHS2p0NkFKclUxaEFSRUVjVWFwd3FTZ2k1cWU3VGZIdS1WRFd6QkNBTjFCVENEZnZwZw==,2023-06-08 14:52:48.049091
youtube#commentThread,41_lgDhYZPnu5RTOemJrUzR2kqQ,UgzlYfJwWoFnk5bR06l4AaABAg,"{'videoId': 'zEfTDpfyt1o', 'topLevelComment': {'kind': 'youtube#comment', 'etag': 'CzSEkZp3Jb0gTik7zJaHmmS6jWQ', 'id': 'UgzlYfJwWoFnk5bR06l4AaABAg', 'snippet': {'videoId': 'zEfTDpfyt1o', 'textDisplay': 'Gente, liberem o chat na live.', 'textOriginal': 'Gente, liberem o chat na live.', 'authorDisplayName': 'Laudicéia Feitosa', 'authorProfileImageUrl': 'https://yt3.ggpht.com/QOfQiHJtf5BTRN_3aHAZY_hG8E3u-VXMOdHdtlmzufcwEXnD1adaWWaJNGwSELwXyBgH6-e8=s48-c-k-c0x00ffffff-no-rj', 'authorChannelUrl': 'http://www.youtube.com/channel/UC0ydsv3_ruymKqn6lIiqMow', 'authorChannelId': {'value': 'UC0ydsv3_ruymKqn6lIiqMow'}, 'canRate': True, 'viewerRating': 'none', 'likeCount': 1, 'publishedAt': '2022-10-23T22:17:11Z', 'updatedAt': '2022-10-23T22:17:11Z'}}, 'canReply': True, 'totalReplyCount': 0, 'isPublic': True}",,UC0ydsv3_ruymKqn6lIiqMow,2022-10-23T22:17:11Z,"Gente, liberem o chat na live.",QURTSl9pM1BBRGo4c1JoZWZ6WjZoWlRRQ1lrYUFHS2p0NkFKclUxaEFSRUVjVWFwd3FTZ2k1cWU3VGZIdS1WRFd6QkNBTjFCVENEZnZwZw==,2023-06-08 14:52:48.049091
youtube#commentThread,MwQ-LM8X-C3gODU_Xg0Uv4NkBKM,UgwCAYdSHz8Njg1Hyh94AaABAg,"{'videoId': 'zEfTDpfyt1o', 'topLevelComment': {'kind': 'youtube#comment', 'etag': 'dNlAxcqBjaN6aduT_7qulhC-ZGg', 'id': 'UgwCAYdSHz8Njg1Hyh94AaABAg', 'snippet': {'videoId': 'zEfTDpfyt1o', 'textDisplay': 'Esse STF já passou de todos Os Limites,Abuso de Poder.em todas As Áreas tem Abuso de poder.', 'textOriginal': 'Esse STF já passou de todos Os Limites,Abuso de Poder.em todas As Áreas tem Abuso de poder.', 'authorDisplayName': 'Eva de Jesus de França Reis', 'authorProfileImageUrl': 'https://yt3.ggpht.com/ytc/AGIKgqOq7J8Ub0p3Jg5E-cnyF8paq0brMUVVJ6uZjfOQ1yZA0wpeGeRT5SBbjzVm8JVS=s48-c-k-c0x00ffffff-no-rj', 'authorChannelUrl': 'http://www.youtube.com/channel/UC6WzAX409SVPiatN6_r4Sgg', 'authorChannelId': {'value': 'UC6WzAX409SVPiatN6_r4Sgg'}, 'canRate': True, 'viewerRating': 'none', 'likeCount': 1, 'publishedAt': '2022-10-23T22:17:09Z', 'updatedAt': '2022-10-23T22:17:09Z'}}, 'canReply': True, 'totalReplyCount': 0, 'isPublic': True}",,UC6WzAX409SVPiatN6_r4Sgg,2022-10-23T22:17:09Z,"Esse STF já passou de todos Os Limites,Abuso de Poder.em todas As Áreas tem Abuso de poder.",QURTSl9pM1BBRGo4c1JoZWZ6WjZoWlRRQ1lrYUFHS2p0NkFKclUxaEFSRUVjVWFwd3FTZ2k1cWU3VGZIdS1WRFd6QkNBTjFCVENEZnZwZw==,2023-06-08 14:52:48.049091
youtube#commentThread,zyckca3VLBMMlXZSuYwkSQb7t-Y,UgxR6zl1emLL0ftiu7N4AaABAg,"{'videoId': 'zEfTDpfyt1o', 'topLevelComment': {'kind': 'youtube#comment', 'etag': 'v783GFO0LOf4O1Kwo7bejYlwgiA', 'id': 'UgxR6zl1emLL0ftiu7N4AaABAg', 'snippet': {'videoId': 'zEfTDpfyt1o', 'textDisplay': 'Que horror!!!<br>O rapaz estava trabalhando.<br>Isso é um abuso .', 'textOriginal': 'Que horror!!!\\nO rapaz estava trabalhando.\\nIsso é um abuso .', 'authorDisplayName': 'Sefora Dantas', 'authorProfileImageUrl': 'https://yt3.ggpht.com/ytc/AGIKgqM0lbCnNsfiK4X8XVxToLnFvvtzZEYge1TnlQM3ZCg=s48-c-k-c0x00ffffff-no-rj', 'authorChannelUrl': 'http://www.youtube.com/channel/UCUOIbjGctIv8HllhKd1bYFw', 'authorChannelId': {'value': 'UCUOIbjGctIv8HllhKd1bYFw'}, 'canRate': True, 'viewerRating': 'none', 'likeCount': 0, 'publishedAt': '2022-10-23T22:17:06Z', 'updatedAt': '2022-10-23T22:17:06Z'}}, 'canReply': True, 'totalReplyCount': 0, 'isPublic': True}",,UCUOIbjGctIv8HllhKd1bYFw,2022-10-23T22:17:06Z,"Que horror!!!
O rapaz estava trabalhando.
Isso é um abuso .",QURTSl9pM1BBRGo4c1JoZWZ6WjZoWlRRQ1lrYUFHS2p0NkFKclUxaEFSRUVjVWFwd3FTZ2k1cWU3VGZIdS1WRFd6QkNBTjFCVENEZnZwZw==,2023-06-08 14:52:48.049091
youtube#commentThread,Q-rt2y82HyZHxz7kVCBPAFOlaJI,UgzhwYfq_P5pdTIEexd4AaABAg,"{'videoId': 'zEfTDpfyt1o', 'topLevelComment': {'kind': 'youtube#comment', 'etag': '8km1gNkgS_QV3daj1L-N3jCT84A', 'id': 'UgzhwYfq_P5pdTIEexd4AaABAg', 'snippet': {'videoId': 'zEfTDpfyt1o', 'textDisplay': 'Se é da globo parabéns', 'textOriginal': 'Se é da globo parabéns', 'authorDisplayName': 'Professor Cassiano', 'authorProfileImageUrl': 'https://yt3.ggpht.com/ytc/AGIKgqPlBlCwXlVnWcgNOdbJNC17pNRfGQaJV7v0wFvj=s48-c-k-c0x00ffffff-no-rj', 'authorChannelUrl': 'http://www.youtube.com/channel/UC7cbWEwoZdaSazmjnpKlCGQ', 'authorChannelId': {'value': 'UC7cbWEwoZdaSazmjnpKlCGQ'}, 'canRate': True, 'viewerRating': 'none', 'likeCount': 0, 'publishedAt': '2022-10-23T22:17:06Z', 'updatedAt': '2022-10-23T22:17:06Z'}}, 'canReply': True, 'totalReplyCount': 0, 'isPublic': True}",,UC7cbWEwoZdaSazmjnpKlCGQ,2022-10-23T22:17:06Z,Se é da globo parabéns,QURTSl9pM1BBRGo4c1JoZWZ6WjZoWlRRQ1lrYUFHS2p0NkFKclUxaEFSRUVjVWFwd3FTZ2k1cWU3VGZIdS1WRFd6QkNBTjFCVENEZnZwZw==,2023-06-08 14:52:48.049091
youtube#commentThread,zxbG1-orSaNAx5QpduTdYT8WFS0,Ugzvo2gzJuOfS7ZVpsZ4AaABAg,"{'videoId': 'zEfTDpfyt1o', 'topLevelComment': {'kind': 'youtube#comment', 'etag': 'bvpoHlR4ZR74htcXdkkLGnQfGXo', 'id': 'Ugzvo2gzJuOfS7ZVpsZ4AaABAg', 'snippet': {'videoId': 'zEfTDpfyt1o', 'textDisplay': 'Forzar una detención en pleno domingo indica querer desbaratar el sistema y encubrir las críticas sufridas', 'textOriginal': 'Forzar una detención en pleno domingo indica querer desbaratar el sistema y encubrir las críticas sufridas', 'authorDisplayName': 'Agostinho Alves', 'authorProfileImageUrl': 'https://yt3.ggpht.com/ytc/AGIKgqMfYsHfsOWPZbeOe50cCbmL0v7976JCtV94Rw=s48-c-k-c0x00ffffff-no-rj', 'authorChannelUrl': 'http://www.youtube.com/channel/UCtFS671OmgnCLw5YceZ4a4g', 'authorChannelId': {'value': 'UCtFS671OmgnCLw5YceZ4a4g'}, 'canRate': True, 'viewerRating': 'none', 'likeCount': 18, 'publishedAt': '2022-10-23T22:17:03Z', 'updatedAt': '2022-10-23T22:17:03Z'}}, 'canReply': True, 'totalReplyCount': 1, 'isPublic': True}","{'comments': [{'kind': 'youtube#comment', 'etag': 'ej40TlPYb4yJ8JeTunpObP5WGAg', 'id': 'Ugzvo2gzJuOfS7ZVpsZ4AaABAg.9hY9_BdhN_u9hYS-HPlUX3', 'snippet': {'videoId': 'zEfTDpfyt1o', 'textDisplay': 'Por supuesto, hermano..', 'textOriginal': 'Por supuesto, hermano..', 'parentId': 'Ugzvo2gzJuOfS7ZVpsZ4AaABAg', 'authorDisplayName': 'Tiburcio Nascimento', 'authorProfileImageUrl': 'https://yt3.ggpht.com/ytc/AGIKgqPYJ16XbloZp1nRif2q9UiINjE9b3aLcJFllVpYZmGF8L32gAvFuJ_fm0H5T6oa=s48-c-k-c0x00ffffff-no-rj', 'authorChannelUrl': 'http://www.youtube.com/channel/UCOpVT2WBtvOTmNgRgNreY3Q', 'authorChannelId': {'value': 'UCOpVT2WBtvOTmNgRgNreY3Q'}, 'canRate': True, 'viewerRating': 'none', 'likeCount': 2, 'publishedAt': '2022-10-24T00:58:02Z', 'updatedAt': '2022-10-24T00:58:02Z'}}]}",UCtFS671OmgnCLw5YceZ4a4g,2022-10-23T22:17:03Z,Forzar una detención en pleno domingo indica querer desbaratar el sistema y encubrir las críticas sufridas,QURTSl9pM1BBRGo4c1JoZWZ6WjZoWlRRQ1lrYUFHS2p0NkFKclUxaEFSRUVjVWFwd3FTZ2k1cWU3VGZIdS1WRFd6QkNBTjFCVENEZnZwZw==,2023-06-08 14:52:48.049091
youtube#commentThread,4P1SsPVKG8I9ThNCh4L6bstb1bM,Ugw-F_UO8CbsSFGfBEV4AaABAg,"{'videoId': 'zEfTDpfyt1o', 'topLevelComment': {'kind': 'youtube#comment', 'etag': 'iAmrl_tKeObDN3UVk6NBR5kfnNQ', 'id': 'Ugw-F_UO8CbsSFGfBEV4AaABAg', 'snippet': {'videoId': 'zEfTDpfyt1o', 'textDisplay': 'QUE ESSE MARGINAL RECEBA O MESMO CARINHO QUE DETENTOS QUE CONFRONTAM A POLICIA RECEBEM.', 'textOriginal': 'QUE ESSE MARGINAL RECEBA O MESMO CARINHO QUE DETENTOS QUE CONFRONTAM A POLICIA RECEBEM.', 'authorDisplayName': 'Víctor Rossi', 'authorProfileImageUrl': 'https://yt3.ggpht.com/ytc/AGIKgqPPw_6RK4C-z82t00hCiA4V3AkaI39-zdDuEphMAfN9YsJo4zrE7CMP3cxW6Hfa=s48-c-k-c0x00ffffff-no-rj', 'authorChannelUrl': 'http://www.youtube.com/channel/UCb28vLarY52Wod2gwdbIO5Q', 'authorChannelId': {'value': 'UCb28vLarY52Wod2gwdbIO5Q'}, 'canRate': True, 'viewerRating': 'none', 'likeCount': 0, 'publishedAt': '2022-10-23T22:17:03Z', 'updatedAt': '2022-10-23T22:17:03Z'}}, 'canReply': True, 'totalReplyCount': 0, 'isPublic': True}",,UCb28vLarY52Wod2gwdbIO5Q,2022-10-23T22:17:03Z,QUE ESSE MARGINAL RECEBA O MESMO CARINHO QUE DETENTOS QUE CONFRONTAM A POLICIA RECEBEM.,QURTSl9pM1BBRGo4c1JoZWZ6WjZoWlRRQ1lrYUFHS2p0NkFKclUxaEFSRUVjVWFwd3FTZ2k1cWU3VGZIdS1WRFd6QkNBTjFCVENEZnZwZw==,2023-06-08 14:52:48.049091
youtube#commentThread,Rflo0eKfbhmLCbgqUApqkv-9poM,Ugy-7jgdRL8SY2OagRB4AaABAg,"{'videoId': 'zEfTDpfyt1o', 'topLevelComment': {'kind': 'youtube#comment', 'etag': 'oWE2dcxAgpCzZGBtVLIzxYA9LI4', 'id': 'Ugy-7jgdRL8SY2OagRB4AaABAg', 'snippet': {'videoId': 'zEfTDpfyt1o', 'textDisplay': 'Se querem o judiciário e a constituição sendo controlados pelo chefe do executivo é só irem para Cuba, Venezuela, Nicarágua, Coreia  do norte. Pois é assim nestes países, prosperidade pura.', 'textOriginal': 'Se querem o judiciário e a constituição sendo controlados pelo chefe do executivo é só irem para Cuba, Venezuela, Nicarágua, Coreia  do norte. Pois é assim nestes países, prosperidade pura.', 'authorDisplayName': 'josué silva', 'authorProfileImageUrl': 'https://yt3.ggpht.com/ytc/AGIKgqOQw-TA3mYdCk8fpY4ZBCt0oqaJ-QJdYvRKG88E=s48-c-k-c0x00ffffff-no-rj', 'authorChannelUrl': 'http://www.youtube.com/channel/UCzGnMGeZ4deGsbTORMKQe7g', 'authorChannelId': {'value': 'UCzGnMGeZ4deGsbTORMKQe7g'}, 'canRate': True, 'viewerRating': 'none', 'likeCount': 0, 'publishedAt': '2022-10-23T22:16:54Z', 'updatedAt': '2022-10-23T22:16:54Z'}}, 'canReply': True, 'totalReplyCount': 0, 'isPublic': True}",,UCzGnMGeZ4deGsbTORMKQe7g,2022-10-23T22:16:54Z,"Se querem o judiciário e a constituição sendo controlados pelo chefe do executivo é só irem para Cuba, Venezuela, Nicarágua, Coreia  do norte. Pois é assim nestes países, prosperidade pura.",QURTSl9pM1BBRGo4c1JoZWZ6WjZoWlRRQ1lrYUFHS2p0NkFKclUxaEFSRUVjVWFwd3FTZ2k1cWU3VGZIdS1WRFd6QkNBTjFCVENEZnZwZw==,2023-06-08 14:52:48.049091
youtube#commentThread,pnNJZC6trFWmKOEt8bYBHtlHeWI,Ugx47SGqsoJLKWflfUF4AaABAg,"{'videoId': 'zEfTDpfyt1o', 'topLevelComment': {'kind': 'youtube#comment', 'etag': 'POiMauGiRVqO2A0MMxRRtH7Lp5I', 'id': 'Ugx47SGqsoJLKWflfUF4AaABAg', 'snippet': {'videoId': 'zEfTDpfyt1o', 'textDisplay': 'apoiadores de Roberto Jeferson E BOLSONARO', 'textOriginal': 'apoiadores de Roberto Jeferson E BOLSONARO', 'authorDisplayName': 'Jonas Ribeiro', 'authorProfileImageUrl': 'https://yt3.ggpht.com/ytc/AGIKgqPIslT6zfCPVfjq342-5p_F5Urrmj5I5zdC6Wzqqw=s48-c-k-c0x00ffffff-no-rj', 'authorChannelUrl': 'http://www.youtube.com/channel/UCAmseo7tt4NPERV83odBAzw', 'authorChannelId': {'value': 'UCAmseo7tt4NPERV83odBAzw'}, 'canRate': True, 'viewerRating': 'none', 'likeCount': 1, 'publishedAt': '2022-10-23T22:16:52Z', 'updatedAt': '2022-10-23T22:16:52Z'}}, 'canReply': True, 'totalReplyCount': 0, 'isPublic': True}",,UCAmseo7tt4NPERV83odBAzw,2022-10-23T22:16:52Z,apoiadores de Roberto Jeferson E BOLSONARO,QURTSl9pM1BBRGo4c1JoZWZ6WjZoWlRRQ1lrYUFHS2p0NkFKclUxaEFSRUVjVWFwd3FTZ2k1cWU3VGZIdS1WRFd6QkNBTjFCVENEZnZwZw==,2023-06-08 14:52:48.049091
youtube#commentThread,VztTSvCyba7rGcOZ71CeZksc8KI,UgzuQ4_bDwPpX3xtqnB4AaABAg,"{'videoId': 'zEfTDpfyt1o', 'topLevelComment': {'kind': 'youtube#comment', 'etag': 'Vcfa9BuJfnz5qBwelV38_qBC_X0', 'id': 'UgzuQ4_bDwPpX3xtqnB4AaABAg', 'snippet': {'videoId': 'zEfTDpfyt1o', 'textDisplay': 'PARABÉNS PARA OS APOIADORES DE ROBERTO JÉFFERSON ESSES BANDIDOS DA GLOBOLIXO FAZEM JORNAZISMO SUJO CRIMINALIZANDO BOLSONARISTAS ESSES BANDIDOS NÃO SÃO JORNALISTAS MAO SÃO PROFISSIONAIS SÃO CRIMINOSOS AGINDO PARA CRIMINALIZAR BOLSONARISTAS. FORA GLOBOLIXO E JUSTIFICA SIM O POVO CONSERVADOR VEM SENDO CENSURADO E PERSEGUIDO', 'textOriginal': 'PARABÉNS PARA OS APOIADORES DE ROBERTO JÉFFERSON ESSES BANDIDOS DA GLOBOLIXO FAZEM JORNAZISMO SUJO CRIMINALIZANDO BOLSONARISTAS ESSES BANDIDOS NÃO SÃO JORNALISTAS MAO SÃO PROFISSIONAIS SÃO CRIMINOSOS AGINDO PARA CRIMINALIZAR BOLSONARISTAS. FORA GLOBOLIXO E JUSTIFICA SIM O POVO CONSERVADOR VEM SENDO CENSURADO E PERSEGUIDO', 'authorDisplayName': 'Marcos Romero Cruz', 'authorProfileImageUrl': 'https://yt3.ggpht.com/8ys1moPED_i3IqVVmhAmK_PgCKNacOPgYVx2PmhpaLCkyIoVdH3V4f6yYKZoCBjbr3X8e_bj=s48-c-k-c0x00ffffff-no-rj', 'authorChannelUrl': 'http://www.youtube.com/channel/UC1E_DBCWYK9pbyWTEtfHnIA', 'authorChannelId': {'value': 'UC1E_DBCWYK9pbyWTEtfHnIA'}, 'canRate': True, 'viewerRating': 'none', 'likeCount': 0, 'publishedAt': '2022-10-23T22:16:52Z', 'updatedAt': '2022-10-23T22:17:05Z'}}, 'canReply': True, 'totalReplyCount': 0, 'isPublic': True}",,UC1E_DBCWYK9pbyWTEtfHnIA,2022-10-23T22:16:52Z,PARABÉNS PARA OS APOIADORES DE ROBERTO JÉFFERSON ESSES BANDIDOS DA GLOBOLIXO FAZEM JORNAZISMO SUJO CRIMINALIZANDO BOLSONARISTAS ESSES BANDIDOS NÃO SÃO JORNALISTAS MAO SÃO PROFISSIONAIS SÃO CRIMINOSOS AGINDO PARA CRIMINALIZAR BOLSONARISTAS. FORA GLOBOLIXO E JUSTIFICA SIM O POVO CONSERVADOR VEM SENDO CENSURADO E PERSEGUIDO,QURTSl9pM1BBRGo4c1JoZWZ6WjZoWlRRQ1lrYUFHS2p0NkFKclUxaEFSRUVjVWFwd3FTZ2k1cWU3VGZIdS1WRFd6QkNBTjFCVENEZnZwZw==,2023-06-08 14:52:48.049091
youtube#commentThread,rJ-LNOHEfJEgLuKft2YiP5m36Hs,Ugxh4j79v71r4QbLq5x4AaABAg,"{'videoId': 'zEfTDpfyt1o', 'topLevelComment': {'kind': 'youtube#comment', 'etag': '8wQIJy-QF2G_R31geGOAx-8Zv8w', 'id': 'Ugxh4j79v71r4QbLq5x4AaABAg', 'snippet': {'videoId': 'zEfTDpfyt1o', 'textDisplay': 'É isso que p Alexandre de Moraes cria. Ninguém aguenta mais essa merd@ de cecnsura, o povo vai acabar pirando e vai partir para violência! Mesmo o resporter não tendo culpa,  acaba sendo agredido só por fazer parte de um canal que apoiou a cencsura da Jovem Pan.', 'textOriginal': 'É isso que p Alexandre de Moraes cria. Ninguém aguenta mais essa merd@ de cecnsura, o povo vai acabar pirando e vai partir para violência! Mesmo o resporter não tendo culpa,  acaba sendo agredido só por fazer parte de um canal que apoiou a cencsura da Jovem Pan.', 'authorDisplayName': 'RetroDelux', 'authorProfileImageUrl': 'https://yt3.ggpht.com/MPdINgZUzgPJmKue3JCZVzuURae1wcqfyv-oexcwQY6G2dqMG4If9NISvpFerAW4M3oNr9Rp9w=s48-c-k-c0x00ffffff-no-rj', 'authorChannelUrl': 'http://www.youtube.com/channel/UCFe-KHBt5VxMhp74lXIbOUA', 'authorChannelId': {'value': 'UCFe-KHBt5VxMhp74lXIbOUA'}, 'canRate': True, 'viewerRating': 'none', 'likeCount': 0, 'publishedAt': '2022-10-23T22:16:45Z', 'updatedAt': '2022-10-23T22:21:26Z'}}, 'canReply': True, 'totalReplyCount': 0, 'isPublic': True}",,UCFe-KHBt5VxMhp74lXIbOUA,2022-10-23T22:16:45Z,"É isso que p Alexandre de Moraes cria. Ninguém aguenta mais essa merd@ de cecnsura, o povo vai acabar pirando e vai partir para violência! Mesmo o resporter não tendo culpa,  acaba sendo agredido só por fazer parte de um canal que apoiou a cencsura da Jovem Pan.",QURTSl9pM1BBRGo4c1JoZWZ6WjZoWlRRQ1lrYUFHS2p0NkFKclUxaEFSRUVjVWFwd3FTZ2k1cWU3VGZIdS1WRFd6QkNBTjFCVENEZnZwZw==,2023-06-08 14:52:48.049091
youtube#commentThread,Tp6PPRqsdvrxR1PDSk4JS5zmsR4,UgzAQWBfNjFUCkoCGXh4AaABAg,"{'videoId': 'zEfTDpfyt1o', 'topLevelComment': {'kind': 'youtube#comment', 'etag': 'tcTqV52iB6QM_2kMYOcsXjTPSRI', 'id': 'UgzAQWBfNjFUCkoCGXh4AaABAg', 'snippet': {'videoId': 'zEfTDpfyt1o', 'textDisplay': 'Apoiadores de Bolsonaro e não de Roberto Jerferson😡😡😡 é isso que os Bolsonaristas são, violentos', 'textOriginal': 'Apoiadores de Bolsonaro e não de Roberto Jerferson😡😡😡 é isso que os Bolsonaristas são, violentos', 'authorDisplayName': 'A verdade vem de cima', 'authorProfileImageUrl': 'https://yt3.ggpht.com/r2asXMREGHbKelmWReeeX01iMaH3QecHSnQYGmEGBX-JoUa_51p3zndP0U1D-gKFMveDgaT5=s48-c-k-c0x00ffffff-no-rj', 'authorChannelUrl': 'http://www.youtube.com/channel/UCPejnFWowgtLRjBOixm8b5Q', 'authorChannelId': {'value': 'UCPejnFWowgtLRjBOixm8b5Q'}, 'canRate': True, 'viewerRating': 'none', 'likeCount': 1, 'publishedAt': '2022-10-23T22:16:45Z', 'updatedAt': '2022-10-23T22:17:22Z'}}, 'canReply': True, 'totalReplyCount': 0, 'isPublic': True}",,UCPejnFWowgtLRjBOixm8b5Q,2022-10-23T22:16:45Z,"Apoiadores de Bolsonaro e não de Roberto Jerferson😡😡😡 é isso que os Bolsonaristas são, violentos",QURTSl9pM1BBRGo4c1JoZWZ6WjZoWlRRQ1lrYUFHS2p0NkFKclUxaEFSRUVjVWFwd3FTZ2k1cWU3VGZIdS1WRFd6QkNBTjFCVENEZnZwZw==,2023-06-08 14:52:48.049091
youtube#commentThread,ulk_vzVNk3qShEEzvFvykQ0RAlE,UgwMjozAhfCpPAoMyD94AaABAg,"{'videoId': 'zEfTDpfyt1o', 'topLevelComment': {'kind': 'youtube#comment', 'etag': 'A5Xc8HB9cFrhokk5VL3-2aHoGxM', 'id': 'UgwMjozAhfCpPAoMyD94AaABAg', 'snippet': {'videoId': 'zEfTDpfyt1o', 'textDisplay': 'Poxa… que tristeza 😮', 'textOriginal': 'Poxa… que tristeza 😮', 'authorDisplayName': 'Kkkk', 'authorProfileImageUrl': 'https://yt3.ggpht.com/u89jBG6iMTXovpK8prIA4TVwEQRiWdEoNKtS8XIl0AxLwFujageSlOUvQkJfTJoC5jxfpyZafw=s48-c-k-c0x00ffffff-no-rj', 'authorChannelUrl': 'http://www.youtube.com/channel/UCakh25Lupz5w3rpQkksfoYw', 'authorChannelId': {'value': 'UCakh25Lupz5w3rpQkksfoYw'}, 'canRate': True, 'viewerRating': 'none', 'likeCount': 1, 'publishedAt': '2022-10-23T22:16:45Z', 'updatedAt': '2022-10-23T22:16:45Z'}}, 'canReply': True, 'totalReplyCount': 0, 'isPublic': True}",,UCakh25Lupz5w3rpQkksfoYw,2022-10-23T22:16:45Z,Poxa… que tristeza 😮,QURTSl9pM1BBRGo4c1JoZWZ6WjZoWlRRQ1lrYUFHS2p0NkFKclUxaEFSRUVjVWFwd3FTZ2k1cWU3VGZIdS1WRFd6QkNBTjFCVENEZnZwZw==,2023-06-08 14:52:48.049091
youtube#commentThread,vE8J2GrMmBQ348fwHQdKQ_WoLvA,UgzLDcYEhJ_y9IMkdKV4AaABAg,"{'videoId': 'zEfTDpfyt1o', 'topLevelComment': {'kind': 'youtube#comment', 'etag': '1rJo9AdxVyXDAwTXZI3s2w7WUFc', 'id': 'UgzLDcYEhJ_y9IMkdKV4AaABAg', 'snippet': {'videoId': 'zEfTDpfyt1o', 'textDisplay': 'Esta semana será decisiva para o Brasil. Vão tentar de tudo para desestabilizar o processo eleitoral. A esquerda está perdendo o controle. A virada já é uma realidade. Bolsonaro22. Que Deus abençoe a nossa nação.', 'textOriginal': 'Esta semana será decisiva para o Brasil. Vão tentar de tudo para desestabilizar o processo eleitoral. A esquerda está perdendo o controle. A virada já é uma realidade. Bolsonaro22. Que Deus abençoe a nossa nação.', 'authorDisplayName': 'Furtado', 'authorProfileImageUrl': 'https://yt3.ggpht.com/ytc/AGIKgqO2pTIyesnLV3W5KFEE1t808zRJDxnt_wf7Hg=s48-c-k-c0x00ffffff-no-rj', 'authorChannelUrl': 'http://www.youtube.com/channel/UCYKLt8gg45ZwHepCcBPtCZw', 'authorChannelId': {'value': 'UCYKLt8gg45ZwHepCcBPtCZw'}, 'canRate': True, 'viewerRating': 'none', 'likeCount': 0, 'publishedAt': '2022-10-23T22:16:44Z', 'updatedAt': '2022-10-23T22:16:44Z'}}, 'canReply': True, 'totalReplyCount': 0, 'isPublic': True}",,UCYKLt8gg45ZwHepCcBPtCZw,2022-10-23T22:16:44Z,Esta semana será decisiva para o Brasil. Vão tentar de tudo para desestabilizar o processo eleitoral. A esquerda está perdendo o controle. A virada já é uma realidade. Bolsonaro22. Que Deus abençoe a nossa nação.,QURTSl9pM1BBRGo4c1JoZWZ6WjZoWlRRQ1lrYUFHS2p0NkFKclUxaEFSRUVjVWFwd3FTZ2k1cWU3VGZIdS1WRFd6QkNBTjFCVENEZnZwZw==,2023-06-08 14:52:48.049091
youtube#commentThread,xOG2OiUibmzVX7m9JrbAmknoZ2w,Ugxbq0EcNKNGQCmMUVd4AaABAg,"{'videoId': 'zEfTDpfyt1o', 'topLevelComment': {'kind': 'youtube#comment', 'etag': 'drpKSyTimjiuJLcUE0KL6aIeCsA', 'id': 'Ugxbq0EcNKNGQCmMUVd4AaABAg', 'snippet': {'videoId': 'zEfTDpfyt1o', 'textDisplay': 'Sou Bolsonaro, mas a liberdade de impressa é essencial agressão jamais!!!!?', 'textOriginal': 'Sou Bolsonaro, mas a liberdade de impressa é essencial agressão jamais!!!!?', 'authorDisplayName': 'Luiz Santos', 'authorProfileImageUrl': 'https://yt3.ggpht.com/ytc/AGIKgqP6HjxPXR2elBt81Fv2GmCRrwClTgFBKdJAfaoc=s48-c-k-c0x00ffffff-no-rj', 'authorChannelUrl': 'http://www.youtube.com/channel/UCPxoFKmB1OU2NHBT_sgzMjA', 'authorChannelId': {'value': 'UCPxoFKmB1OU2NHBT_sgzMjA'}, 'canRate': True, 'viewerRating': 'none', 'likeCount': 3, 'publishedAt': '2022-10-23T22:16:36Z', 'updatedAt': '2022-10-23T22:16:36Z'}}, 'canReply': True, 'totalReplyCount': 0, 'isPublic': True}",,UCPxoFKmB1OU2NHBT_sgzMjA,2022-10-23T22:16:36Z,"Sou Bolsonaro, mas a liberdade de impressa é essencial agressão jamais!!!!?",QURTSl9pM1BBRGo4c1JoZWZ6WjZoWlRRQ1lrYUFHS2p0NkFKclUxaEFSRUVjVWFwd3FTZ2k1cWU3VGZIdS1WRFd6QkNBTjFCVENEZnZwZw==,2023-06-08 14:52:48.049091
youtube#commentThread,BqaR8994jXeKD7owRPoi2n3dAPg,UgwVPItH1wFO9nw34xV4AaABAg,"{'videoId': 'zEfTDpfyt1o', 'topLevelComment': {'kind': 'youtube#comment', 'etag': 'PD1NvCKrjRBqJpXKj2Mv2NPvIs4', 'id': 'UgwVPItH1wFO9nw34xV4AaABAg', 'snippet': {'videoId': 'zEfTDpfyt1o', 'textDisplay': 'Querem ver o circo pegar fogo', 'textOriginal': 'Querem ver o circo pegar fogo', 'authorDisplayName': 'Heloisa de Lima', 'authorProfileImageUrl': 'https://yt3.ggpht.com/ytc/AGIKgqPHV_p2OQ0CdcAHsFeOg85TZaHYj-B9Lfoqnw=s48-c-k-c0x00ffffff-no-rj', 'authorChannelUrl': 'http://www.youtube.com/channel/UCtFSs02-XLfwn3zaeGMfFNA', 'authorChannelId': {'value': 'UCtFSs02-XLfwn3zaeGMfFNA'}, 'canRate': True, 'viewerRating': 'none', 'likeCount': 0, 'publishedAt': '2022-10-23T22:16:32Z', 'updatedAt': '2022-10-23T22:16:32Z'}}, 'canReply': True, 'totalReplyCount': 0, 'isPublic': True}",,UCtFSs02-XLfwn3zaeGMfFNA,2022-10-23T22:16:32Z,Querem ver o circo pegar fogo,QURTSl9pM1BBRGo4c1JoZWZ6WjZoWlRRQ1lrYUFHS2p0NkFKclUxaEFSRUVjVWFwd3FTZ2k1cWU3VGZIdS1WRFd6QkNBTjFCVENEZnZwZw==,2023-06-08 14:52:48.049091
youtube#commentThread,zAZaGeVWqG7C8_u1TOY6obMFjPc,Ugz4kNHvp2uEHFZSdxx4AaABAg,"{'videoId': 'zEfTDpfyt1o', 'topLevelComment': {'kind': 'youtube#comment', 'etag': 'Tg2OJd3YF9eTiOsEu7dKpbM0nEc', 'id': 'Ugz4kNHvp2uEHFZSdxx4AaABAg', 'snippet': {'videoId': 'zEfTDpfyt1o', 'textDisplay': 'A guerra é eminente e inevitável!<br>Cada Brasileiro de honra deve Abrir fogo contra a horda do pt!<br><br>As puliça se entrar na frente, respeitando e obedecendo a horda do pt deve levar bala também!', 'textOriginal': 'A guerra é eminente e inevitável!\\nCada Brasileiro de honra deve Abrir fogo contra a horda do pt!\\n\\nAs puliça se entrar na frente, respeitando e obedecendo a horda do pt deve levar bala também!', 'authorDisplayName': 'Renato Alves, véio do rio!', 'authorProfileImageUrl': 'https://yt3.ggpht.com/DOMbXlBvz22yEdkj3nHVS9IIaFe0G7Qy3YQ2Es_HeelFU3XNlbxNZr3NMWuw7mBO0F1tjrJ8EwU=s48-c-k-c0x00ffffff-no-rj', 'authorChannelUrl': 'http://www.youtube.com/channel/UCIKDm_ydVSTEhB5lNy3rHpw', 'authorChannelId': {'value': 'UCIKDm_ydVSTEhB5lNy3rHpw'}, 'canRate': True, 'viewerRating': 'none', 'likeCount': 1, 'publishedAt': '2022-10-23T22:16:29Z', 'updatedAt': '2022-10-23T22:16:29Z'}}, 'canReply': True, 'totalReplyCount': 0, 'isPublic': True}",,UCIKDm_ydVSTEhB5lNy3rHpw,2022-10-23T22:16:29Z,"A guerra é eminente e inevitável!
Cada Brasileiro de honra deve Abrir fogo contra a horda do pt!

As puliça se entrar na frente, respeitando e obedecendo a horda do pt deve levar bala também!",QURTSl9pM1BBRGo4c1JoZWZ6WjZoWlRRQ1lrYUFHS2p0NkFKclUxaEFSRUVjVWFwd3FTZ2k1cWU3VGZIdS1WRFd6QkNBTjFCVENEZnZwZw==,2023-06-08 14:52:48.049091
youtube#commentThread,GYwQsCzzpf61jenw0mEmi-EYi3o,UgxhTE6OmWnrf6n6Ujp4AaABAg,"{'videoId': 'zEfTDpfyt1o', 'topLevelComment': {'kind': 'youtube#comment', 'etag': 'hBXymENbxL8co9ugbvyjplh1Sgs', 'id': 'UgxhTE6OmWnrf6n6Ujp4AaABAg', 'snippet': {'videoId': 'zEfTDpfyt1o', 'textDisplay': 'Isso tudo que estar acontecendo e culpa de Alexandre de Moraes ele quer a guerra no nosso país esse homem tem que ser expulso  do judiciário', 'textOriginal': 'Isso tudo que estar acontecendo e culpa de Alexandre de Moraes ele quer a guerra no nosso país esse homem tem que ser expulso  do judiciário', 'authorDisplayName': 'marileide Carmo', 'authorProfileImageUrl': 'https://yt3.ggpht.com/ytc/AGIKgqNqCiote61Rj0_wK0HlgqHIq_YtVGXBpCgzRA=s48-c-k-c0x00ffffff-no-rj', 'authorChannelUrl': 'http://www.youtube.com/channel/UCIjBPGb82u4G09WzLUeCbQA', 'authorChannelId': {'value': 'UCIjBPGb82u4G09WzLUeCbQA'}, 'canRate': True, 'viewerRating': 'none', 'likeCount': 0, 'publishedAt': '2022-10-23T22:16:26Z', 'updatedAt': '2022-10-23T22:16:26Z'}}, 'canReply': True, 'totalReplyCount': 0, 'isPublic': True}",,UCIjBPGb82u4G09WzLUeCbQA,2022-10-23T22:16:26Z,Isso tudo que estar acontecendo e culpa de Alexandre de Moraes ele quer a guerra no nosso país esse homem tem que ser expulso  do judiciário,QURTSl9pM1BBRGo4c1JoZWZ6WjZoWlRRQ1lrYUFHS2p0NkFKclUxaEFSRUVjVWFwd3FTZ2k1cWU3VGZIdS1WRFd6QkNBTjFCVENEZnZwZw==,2023-06-08 14:52:48.049091
youtube#commentThread,u1EAAkO-RWoOH1U3a5qm6uRaNrk,UgwoWrygwkwo8ajTuHR4AaABAg,"{'videoId': 'zEfTDpfyt1o', 'topLevelComment': {'kind': 'youtube#comment', 'etag': 'HRfwuVT7fN0fybjlD8qrdc1mLtI', 'id': 'UgwoWrygwkwo8ajTuHR4AaABAg', 'snippet': {'videoId': 'zEfTDpfyt1o', 'textDisplay': 'Onde que a câmera bateu?🤔', 'textOriginal': 'Onde que a câmera bateu?🤔', 'authorDisplayName': 'Pátria Amada', 'authorProfileImageUrl': 'https://yt3.ggpht.com/ytc/AGIKgqOmwGLIiYiUotgTLgHuXetSq8NEoWdkLlhXmA=s48-c-k-c0x00ffffff-no-rj', 'authorChannelUrl': 'http://www.youtube.com/channel/UCC4UX9nMQRovrmtMNdb_PGw', 'authorChannelId': {'value': 'UCC4UX9nMQRovrmtMNdb_PGw'}, 'canRate': True, 'viewerRating': 'none', 'likeCount': 1, 'publishedAt': '2022-10-23T22:16:26Z', 'updatedAt': '2022-10-23T22:16:26Z'}}, 'canReply': True, 'totalReplyCount': 0, 'isPublic': True}",,UCC4UX9nMQRovrmtMNdb_PGw,2022-10-23T22:16:26Z,Onde que a câmera bateu?🤔,QURTSl9pM1BBRGo4c1JoZWZ6WjZoWlRRQ1lrYUFHS2p0NkFKclUxaEFSRUVjVWFwd3FTZ2k1cWU3VGZIdS1WRFd6QkNBTjFCVENEZnZwZw==,2023-06-08 14:52:48.049091
youtube#commentThread,JMp81wHfV5GbI7t8Cz0Jrbd8aw0,Ugyc7CjGS2s_g0s4an94AaABAg,"{'videoId': 'zEfTDpfyt1o', 'topLevelComment': {'kind': 'youtube#comment', 'etag': '8flPKofHoQIGGDlArbZTSu7-vmk', 'id': 'Ugyc7CjGS2s_g0s4an94AaABAg', 'snippet': {'videoId': 'zEfTDpfyt1o', 'textDisplay': 'Pessoal não piorar as coisas', 'textOriginal': 'Pessoal não piorar as coisas', 'authorDisplayName': 'Lia Melo', 'authorProfileImageUrl': 'https://yt3.ggpht.com/ytc/AGIKgqOnTCi9yUb3MVoT5eESqfBYJ4bd_Qq2I6tF3Rrc0w=s48-c-k-c0x00ffffff-no-rj', 'authorChannelUrl': 'http://www.youtube.com/channel/UClZ7QDSYRc6i9_YznoobeWg', 'authorChannelId': {'value': 'UClZ7QDSYRc6i9_YznoobeWg'}, 'canRate': True, 'viewerRating': 'none', 'likeCount': 0, 'publishedAt': '2022-10-23T22:16:25Z', 'updatedAt': '2022-10-23T22:16:25Z'}}, 'canReply': True, 'totalReplyCount': 0, 'isPublic': True}",,UClZ7QDSYRc6i9_YznoobeWg,2022-10-23T22:16:25Z,Pessoal não piorar as coisas,QURTSl9pM1BBRGo4c1JoZWZ6WjZoWlRRQ1lrYUFHS2p0NkFKclUxaEFSRUVjVWFwd3FTZ2k1cWU3VGZIdS1WRFd6QkNBTjFCVENEZnZwZw==,2023-06-08 14:52:48.049091
youtube#commentThread,h-5g32ta0u-nCauIYmMwoFY8s2U,Ugz7N4LqQZgZyzr6j3h4AaABAg,"{'videoId': 'zEfTDpfyt1o', 'topLevelComment': {'kind': 'youtube#comment', 'etag': 'fMqpz44htyMgemzD4qHSa6JL_AU', 'id': 'Ugz7N4LqQZgZyzr6j3h4AaABAg', 'snippet': {'videoId': 'zEfTDpfyt1o', 'textDisplay': 'LAMENTÁVEL AS PESSOAS JÁ ESTÃO COM NERVO A FLOR DA PELE   ISSO QUE MORAIS ESTÁ FAZENDO E PRA TIRAR O FOCO DAS ELEIÇÕES', 'textOriginal': 'LAMENTÁVEL AS PESSOAS JÁ ESTÃO COM NERVO A FLOR DA PELE   ISSO QUE MORAIS ESTÁ FAZENDO E PRA TIRAR O FOCO DAS ELEIÇÕES', 'authorDisplayName': 'Lígia Maria', 'authorProfileImageUrl': 'https://yt3.ggpht.com/ytc/AGIKgqMYyvQXFYcgPoe22ISdb3W4SawKHULRxplvRw=s48-c-k-c0x00ffffff-no-rj', 'authorChannelUrl': 'http://www.youtube.com/channel/UCFx8CLpNYRjmDV8W1lB8FnQ', 'authorChannelId': {'value': 'UCFx8CLpNYRjmDV8W1lB8FnQ'}, 'canRate': True, 'viewerRating': 'none', 'likeCount': 0, 'publishedAt': '2022-10-23T22:16:23Z', 'updatedAt': '2022-10-23T22:16:23Z'}}, 'canReply': True, 'totalReplyCount': 0, 'isPublic': True}",,UCFx8CLpNYRjmDV8W1lB8FnQ,2022-10-23T22:16:23Z,LAMENTÁVEL AS PESSOAS JÁ ESTÃO COM NERVO A FLOR DA PELE   ISSO QUE MORAIS ESTÁ FAZENDO E PRA TIRAR O FOCO DAS ELEIÇÕES,QURTSl9pM1BBRGo4c1JoZWZ6WjZoWlRRQ1lrYUFHS2p0NkFKclUxaEFSRUVjVWFwd3FTZ2k1cWU3VGZIdS1WRFd6QkNBTjFCVENEZnZwZw==,2023-06-08 14:52:48.049091
youtube#commentThread,hsZusdviMehqg6ZiHURRm1d9zBQ,UgzR_aaRBsN7w8XRrt14AaABAg,"{'videoId': 'zEfTDpfyt1o', 'topLevelComment': {'kind': 'youtube#comment', 'etag': '58gFtl8ChKOmECBrFJiX7mJygs0', 'id': 'UgzR_aaRBsN7w8XRrt14AaABAg', 'snippet': {'videoId': 'zEfTDpfyt1o', 'textDisplay': 'Os ministros estavam procurando guerra e agora o tumulto começou.', 'textOriginal': 'Os ministros estavam procurando guerra e agora o tumulto começou.', 'authorDisplayName': 'Diva Helena', 'authorProfileImageUrl': 'https://yt3.ggpht.com/ytc/AGIKgqMYpkTi75igezU0nroedChLNT5YMccMxZoXzA=s48-c-k-c0x00ffffff-no-rj', 'authorChannelUrl': 'http://www.youtube.com/channel/UC4qWO54DGO7Tyjx3l6k-u4w', 'authorChannelId': {'value': 'UC4qWO54DGO7Tyjx3l6k-u4w'}, 'canRate': True, 'viewerRating': 'none', 'likeCount': 2, 'publishedAt': '2022-10-23T22:16:18Z', 'updatedAt': '2022-10-23T22:16:18Z'}}, 'canReply': True, 'totalReplyCount': 0, 'isPublic': True}",,UC4qWO54DGO7Tyjx3l6k-u4w,2022-10-23T22:16:18Z,Os ministros estavam procurando guerra e agora o tumulto começou.,QURTSl9pM1BBRGo4c1JoZWZ6WjZoWlRRQ1lrYUFHS2p0NkFKclUxaEFSRUVjVWFwd3FTZ2k1cWU3VGZIdS1WRFd6QkNBTjFCVENEZnZwZw==,2023-06-08 14:52:48.049091
youtube#commentThread,fkFZmX_fj2NB4bwrU-ydiHNmzT4,UgznYNZRGzQX25eeIUN4AaABAg,"{'videoId': 'zEfTDpfyt1o', 'topLevelComment': {'kind': 'youtube#comment', 'etag': 'PdxqnDFvWncg8eURFE9YwfgnEFg', 'id': 'UgznYNZRGzQX25eeIUN4AaABAg', 'snippet': {'videoId': 'zEfTDpfyt1o', 'textDisplay': 'Pois é  <br>O xannnnde deve  estar vibrando <br>O capeta que o instrui deve estar feliz', 'textOriginal': 'Pois é  \\nO xannnnde deve  estar vibrando \\nO capeta que o instrui deve estar feliz', 'authorDisplayName': 'Heloisa de Lima', 'authorProfileImageUrl': 'https://yt3.ggpht.com/ytc/AGIKgqPHV_p2OQ0CdcAHsFeOg85TZaHYj-B9Lfoqnw=s48-c-k-c0x00ffffff-no-rj', 'authorChannelUrl': 'http://www.youtube.com/channel/UCtFSs02-XLfwn3zaeGMfFNA', 'authorChannelId': {'value': 'UCtFSs02-XLfwn3zaeGMfFNA'}, 'canRate': True, 'viewerRating': 'none', 'likeCount': 0, 'publishedAt': '2022-10-23T22:16:14Z', 'updatedAt': '2022-10-23T22:16:14Z'}}, 'canReply': True, 'totalReplyCount': 0, 'isPublic': True}",,UCtFSs02-XLfwn3zaeGMfFNA,2022-10-23T22:16:14Z,"Pois é  
O xannnnde deve  estar vibrando 
O capeta que o instrui deve estar feliz",QURTSl9pM1BBRGo4c1JoZWZ6WjZoWlRRQ1lrYUFHS2p0NkFKclUxaEFSRUVjVWFwd3FTZ2k1cWU3VGZIdS1WRFd6QkNBTjFCVENEZnZwZw==,2023-06-08 14:52:48.049091
youtube#commentThread,yI3paoIgguY4lksqHW54FUmbjzU,UgxPxWptNOVlV4EuIOl4AaABAg,"{'videoId': 'zEfTDpfyt1o', 'topLevelComment': {'kind': 'youtube#comment', 'etag': 'CgpQbFpvs_lyP4mrJ-nQ0bQFesw', 'id': 'UgxPxWptNOVlV4EuIOl4AaABAg', 'snippet': {'videoId': 'zEfTDpfyt1o', 'textDisplay': 'A Globo News  tá dizendo que são apoiadores Bolsonaristas!<br>Agora tudo que acontecer vao associar ao nosso Presidente, mas não adianta! <br>Que Deus proteja o nosso Presidente e a nossa Nação 🙌🏼🙏🏻', 'textOriginal': 'A Globo News  tá dizendo que são apoiadores Bolsonaristas!\\nAgora tudo que acontecer vao associar ao nosso Presidente, mas não adianta! \\nQue Deus proteja o nosso Presidente e a nossa Nação 🙌🏼🙏🏻', 'authorDisplayName': 'Carmen Oliveira', 'authorProfileImageUrl': 'https://yt3.ggpht.com/ytc/AGIKgqP_Yari3oqLPZRUjEtvzcgMsHSVg7ro5qIF8tEldbspl2Jtn35NC0bDlXATMuRV=s48-c-k-c0x00ffffff-no-rj', 'authorChannelUrl': 'http://www.youtube.com/channel/UCo63OpED9LX0BQIYtU-XsOQ', 'authorChannelId': {'value': 'UCo63OpED9LX0BQIYtU-XsOQ'}, 'canRate': True, 'viewerRating': 'none', 'likeCount': 10, 'publishedAt': '2022-10-23T22:16:13Z', 'updatedAt': '2022-10-23T22:16:13Z'}}, 'canReply': True, 'totalReplyCount': 4, 'isPublic': True}","{'comments': [{'kind': 'youtube#comment', 'etag': 'LL7Ua8FB4S9ADnKMb23IiYb-0BQ', 'id': 'UgxPxWptNOVlV4EuIOl4AaABAg.9hY9U41dP0K9hYB4J0AxPx', 'snippet': {'videoId': 'zEfTDpfyt1o', 'textDisplay': 'É verdade, vão usar isso prá atrapalhar o Presidente, pois sabem muito bem que o povo abriu os olhos, mais Deus é fiel e não vái deixar que o Presidente seja atingido e que o povo Brasileiro não caíam nessa armadilha.', 'textOriginal': 'É verdade, vão usar isso prá atrapalhar o Presidente, pois sabem muito bem que o povo abriu os olhos, mais Deus é fiel e não vái deixar que o Presidente seja atingido e que o povo Brasileiro não caíam nessa armadilha.', 'parentId': 'UgxPxWptNOVlV4EuIOl4AaABAg', 'authorDisplayName': 'Maria Ferreira', 'authorProfileImageUrl': 'https://yt3.ggpht.com/ytc/AGIKgqMuouQor61AY9VuElB7PmOgsJ7IYCFP8Z9yAQ=s48-c-k-c0x00ffffff-no-rj', 'authorChannelUrl': 'http://www.youtube.com/channel/UCjoQMtrUCe4y9p_XcsBz9iw', 'authorChannelId': {'value': 'UCjoQMtrUCe4y9p_XcsBz9iw'}, 'canRate': True, 'viewerRating': 'none', 'likeCount': 0, 'publishedAt': '2022-10-23T22:30:11Z', 'updatedAt': '2022-10-23T22:30:11Z'}}, {'kind': 'youtube#comment', 'etag': 'nRvqyxG3CY8hEkzItfFyEpv8Vy8', 'id': 'UgxPxWptNOVlV4EuIOl4AaABAg.9hY9U41dP0K9hYAv9m-2Q-', 'snippet': {'videoId': 'zEfTDpfyt1o', 'textDisplay': 'Ah são jefersistas então??? Conta outra gado', 'textOriginal': 'Ah são jefersistas então??? Conta outra gado', 'parentId': 'UgxPxWptNOVlV4EuIOl4AaABAg', 'authorDisplayName': 'Murilo Roma', 'authorProfileImageUrl': 'https://yt3.ggpht.com/ytc/AGIKgqMuEBDYs2jK0VBNZ5a_pid9b5p9fKMwNg48-Cez1Q=s48-c-k-c0x00ffffff-no-rj', 'authorChannelUrl': 'http://www.youtube.com/channel/UC2kIjPrnpoDrB_5rGsQGy_A', 'authorChannelId': {'value': 'UC2kIjPrnpoDrB_5rGsQGy_A'}, 'canRate': True, 'viewerRating': 'none', 'likeCount': 0, 'publishedAt': '2022-10-23T22:28:48Z', 'updatedAt': '2022-10-23T22:28:48Z'}}, {'kind': 'youtube#comment', 'etag': 'zU26CWDvGNieG28hwY96PdK5G3o', 'id': 'UgxPxWptNOVlV4EuIOl4AaABAg.9hY9U41dP0K9hYAmh4Vs1c', 'snippet': {'videoId': 'zEfTDpfyt1o', 'textDisplay': 'Tô falando  acho até que isso é  de propósito pra associar ao apoiadores de bolsonaro', 'textOriginal': 'Tô falando  acho até que isso é  de propósito pra associar ao apoiadores de bolsonaro', 'parentId': 'UgxPxWptNOVlV4EuIOl4AaABAg', 'authorDisplayName': 'Vera Amengol', 'authorProfileImageUrl': 'https://yt3.ggpht.com/ytc/AGIKgqPtRnYGEeIBZGnsMCrzg3zf06ScB_xkd-Y4WQ=s48-c-k-c0x00ffffff-no-rj', 'authorChannelUrl': 'http://www.youtube.com/channel/UCk2ed6BH_ctkWZuM_Rdt8iA', 'authorChannelId': {'value': 'UCk2ed6BH_ctkWZuM_Rdt8iA'}, 'canRate': True, 'viewerRating': 'none', 'likeCount': 1, 'publishedAt': '2022-10-23T22:27:38Z', 'updatedAt': '2022-10-23T22:27:38Z'}}, {'kind': 'youtube#comment', 'etag': '5Os8CJ5kS45wbgwq7NLffUhehXE', 'id': 'UgxPxWptNOVlV4EuIOl4AaABAg.9hY9U41dP0K9hYAex2DziF', 'snippet': {'videoId': 'zEfTDpfyt1o', 'textDisplay': 'A PF já sabia que o Roberto Jefferson agiria assim e eles acataram.', 'textOriginal': 'A PF já sabia que o Roberto Jefferson agiria assim e eles acataram.', 'parentId': 'UgxPxWptNOVlV4EuIOl4AaABAg', 'authorDisplayName': 'Ana Paula Santos', 'authorProfileImageUrl': 'https://yt3.ggpht.com/zhHAN7zRdt6Vrgsar8pcqajf5KH3tFI7yuhZPZZBwmQJllLPygP7wX4Tc6T-Vrc-_Qe11xeLHQ=s48-c-k-c0x00ffffff-no-rj', 'authorChannelUrl': 'http://www.youtube.com/channel/UCUee_p-cU0ZeTiG5ng5PmMw', 'authorChannelId': {'value': 'UCUee_p-cU0ZeTiG5ng5PmMw'}, 'canRate': True, 'viewerRating': 'none', 'likeCount': 1, 'publishedAt': '2022-10-23T22:26:35Z', 'updatedAt': '2022-10-23T22:26:35Z'}}]}",UCo63OpED9LX0BQIYtU-XsOQ,2022-10-23T22:16:13Z,"A Globo News  tá dizendo que são apoiadores Bolsonaristas!
Agora tudo que acontecer vao associar ao nosso Presidente, mas não adianta! 
Que Deus proteja o nosso Presidente e a nossa Nação 🙌🏼🙏🏻",QURTSl9pM1BBRGo4c1JoZWZ6WjZoWlRRQ1lrYUFHS2p0NkFKclUxaEFSRUVjVWFwd3FTZ2k1cWU3VGZIdS1WRFd6QkNBTjFCVENEZnZwZw==,2023-06-08 14:52:48.049091
youtube#commentThread,P18oXAwRungp2sHSKKeBFOS_L0c,UgyKbM5nSVdV9Fa9T5d4AaABAg,"{'videoId': 'zEfTDpfyt1o', 'topLevelComment': {'kind': 'youtube#comment', 'etag': '_5NiYHSQROqfZzMoGn-Aj5oWQaQ', 'id': 'UgyKbM5nSVdV9Fa9T5d4AaABAg', 'snippet': {'videoId': 'zEfTDpfyt1o', 'textDisplay': 'Lamentável 😞', 'textOriginal': 'Lamentável 😞', 'authorDisplayName': 'Jaktequilla', 'authorProfileImageUrl': 'https://yt3.ggpht.com/ytc/AGIKgqP71nJXISO6KgAbZ-hqxOoy85Bxq_kLdGP0pjr0TA=s48-c-k-c0x00ffffff-no-rj', 'authorChannelUrl': 'http://www.youtube.com/channel/UCN9fRaGd4FRmKRBqgSUqKcQ', 'authorChannelId': {'value': 'UCN9fRaGd4FRmKRBqgSUqKcQ'}, 'canRate': True, 'viewerRating': 'none', 'likeCount': 7, 'publishedAt': '2022-10-23T22:16:13Z', 'updatedAt': '2022-10-23T22:16:13Z'}}, 'canReply': True, 'totalReplyCount': 0, 'isPublic': True}",,UCN9fRaGd4FRmKRBqgSUqKcQ,2022-10-23T22:16:13Z,Lamentável 😞,QURTSl9pM1BBRGo4c1JoZWZ6WjZoWlRRQ1lrYUFHS2p0NkFKclUxaEFSRUVjVWFwd3FTZ2k1cWU3VGZIdS1WRFd6QkNBTjFCVENEZnZwZw==,2023-06-08 14:52:48.049091
youtube#commentThread,fH3PdQdTzEBIHE2ODZKFtlgf2yk,Ugwh8Imtdeua5wRjXT14AaABAg,"{'videoId': 'zEfTDpfyt1o', 'topLevelComment': {'kind': 'youtube#comment', 'etag': '2urelcXGcMvRx1t99_HT8Gj_fWs', 'id': 'Ugwh8Imtdeua5wRjXT14AaABAg', 'snippet': {'videoId': 'zEfTDpfyt1o', 'textDisplay': 'A jovem Pan já foi comprada', 'textOriginal': 'A jovem Pan já foi comprada', 'authorDisplayName': 'Paulo Marinho', 'authorProfileImageUrl': 'https://yt3.ggpht.com/ytc/AGIKgqO93P7uFuKEIWTN7ClT_LKQGOWC2uC0e7myag=s48-c-k-c0x00ffffff-no-rj', 'authorChannelUrl': 'http://www.youtube.com/channel/UC0sYmFThUAWDE4NRZ7Ftgqw', 'authorChannelId': {'value': 'UC0sYmFThUAWDE4NRZ7Ftgqw'}, 'canRate': True, 'viewerRating': 'none', 'likeCount': 1, 'publishedAt': '2022-10-23T22:16:10Z', 'updatedAt': '2022-10-23T22:16:10Z'}}, 'canReply': True, 'totalReplyCount': 0, 'isPublic': True}",,UC0sYmFThUAWDE4NRZ7Ftgqw,2022-10-23T22:16:10Z,A jovem Pan já foi comprada,QURTSl9pM1BBRGo4c1JoZWZ6WjZoWlRRQ1lrYUFHS2p0NkFKclUxaEFSRUVjVWFwd3FTZ2k1cWU3VGZIdS1WRFd6QkNBTjFCVENEZnZwZw==,2023-06-08 14:52:48.049091
youtube#commentThread,ZkSbHutAuANibcYKL8qgy8X16fQ,Ugz_wg_S6SVmS44C8dZ4AaABAg,"{'videoId': 'zEfTDpfyt1o', 'topLevelComment': {'kind': 'youtube#comment', 'etag': 'V03n-DdgfqfSTK2bpm3Xo3KPpg4', 'id': 'Ugz_wg_S6SVmS44C8dZ4AaABAg', 'snippet': {'videoId': 'zEfTDpfyt1o', 'textDisplay': 'Pessoal concentram pra layve do Bolsonaro', 'textOriginal': 'Pessoal concentram pra layve do Bolsonaro', 'authorDisplayName': 'paixãodomestre', 'authorProfileImageUrl': 'https://yt3.ggpht.com/khjMAYH0tYLLxB33oEvhLdgcIQMFONmZgt5QoVkAghP1RZ36KZooYE5NPx-fvGvAjnN9N8eP1PM=s48-c-k-c0x00ffffff-no-rj', 'authorChannelUrl': 'http://www.youtube.com/channel/UC25Mmm2pcGS-l51NHdfgGJw', 'authorChannelId': {'value': 'UC25Mmm2pcGS-l51NHdfgGJw'}, 'canRate': True, 'viewerRating': 'none', 'likeCount': 0, 'publishedAt': '2022-10-23T22:16:09Z', 'updatedAt': '2022-10-23T22:16:09Z'}}, 'canReply': True, 'totalReplyCount': 0, 'isPublic': True}",,UC25Mmm2pcGS-l51NHdfgGJw,2022-10-23T22:16:09Z,Pessoal concentram pra layve do Bolsonaro,QURTSl9pM1BBRGo4c1JoZWZ6WjZoWlRRQ1lrYUFHS2p0NkFKclUxaEFSRUVjVWFwd3FTZ2k1cWU3VGZIdS1WRFd6QkNBTjFCVENEZnZwZw==,2023-06-08 14:52:48.049091
youtube#commentThread,UkV28J5A9R0f1C3ctsW76k0sZX0,UgyCjoT1nJCZ9-1j1oR4AaABAg,"{'videoId': 'zEfTDpfyt1o', 'topLevelComment': {'kind': 'youtube#comment', 'etag': 'dcILmnDdNBajxpxNVIQZ6cohJGU', 'id': 'UgyCjoT1nJCZ9-1j1oR4AaABAg', 'snippet': {'videoId': 'zEfTDpfyt1o', 'textDisplay': 'Alguém informar como está o estado de saúde do reporte da globo?', 'textOriginal': 'Alguém informar como está o estado de saúde do reporte da globo?', 'authorDisplayName': 'Osvaldo Sousa', 'authorProfileImageUrl': 'https://yt3.ggpht.com/ytc/AGIKgqOeLpUpNyOnOifRKUvPldn1v1oLXr_U22yvScRHBcw=s48-c-k-c0x00ffffff-no-rj', 'authorChannelUrl': 'http://www.youtube.com/channel/UCn_ySSkoxHo4-_nxQdXk3QA', 'authorChannelId': {'value': 'UCn_ySSkoxHo4-_nxQdXk3QA'}, 'canRate': True, 'viewerRating': 'none', 'likeCount': 0, 'publishedAt': '2022-10-23T22:16:07Z', 'updatedAt': '2022-10-23T22:16:07Z'}}, 'canReply': True, 'totalReplyCount': 0, 'isPublic': True}",,UCn_ySSkoxHo4-_nxQdXk3QA,2022-10-23T22:16:07Z,Alguém informar como está o estado de saúde do reporte da globo?,QURTSl9pM1BBRGo4c1JoZWZ6WjZoWlRRQ1lrYUFHS2p0NkFKclUxaEFSRUVjVWFwd3FTZ2k1cWU3VGZIdS1WRFd6QkNBTjFCVENEZnZwZw==,2023-06-08 14:52:48.049091
youtube#commentThread,gqUZSOVCS48z_KUHTiGkw2ynrS8,Ugw6dH3f-tCby5zZKs94AaABAg,"{'videoId': 'zEfTDpfyt1o', 'topLevelComment': {'kind': 'youtube#comment', 'etag': 'cB-RlTOlmb_rvG3WogyGY-0QVmc', 'id': 'Ugw6dH3f-tCby5zZKs94AaABAg', 'snippet': {'videoId': 'zEfTDpfyt1o', 'textDisplay': 'Estão  querendo armar de qualquer jeito. Partido do inferno.', 'textOriginal': 'Estão  querendo armar de qualquer jeito. Partido do inferno.', 'authorDisplayName': 'Valquiria Mattos Tomie', 'authorProfileImageUrl': 'https://yt3.ggpht.com/ytc/AGIKgqPHu2Md4zO1mcX-b6gww8Vbvg5bi-V_eJ0FZ_4f-A=s48-c-k-c0x00ffffff-no-rj', 'authorChannelUrl': 'http://www.youtube.com/channel/UCpHnCMKrGcuQnKBhV6fXVYQ', 'authorChannelId': {'value': 'UCpHnCMKrGcuQnKBhV6fXVYQ'}, 'canRate': True, 'viewerRating': 'none', 'likeCount': 0, 'publishedAt': '2022-10-23T22:16:04Z', 'updatedAt': '2022-10-23T22:16:04Z'}}, 'canReply': True, 'totalReplyCount': 0, 'isPublic': True}",,UCpHnCMKrGcuQnKBhV6fXVYQ,2022-10-23T22:16:04Z,Estão  querendo armar de qualquer jeito. Partido do inferno.,QURTSl9pM1BBRGo4c1JoZWZ6WjZoWlRRQ1lrYUFHS2p0NkFKclUxaEFSRUVjVWFwd3FTZ2k1cWU3VGZIdS1WRFd6QkNBTjFCVENEZnZwZw==,2023-06-08 14:52:48.049091
youtube#commentThread,DLP-dlwNaqSusWICliVvdlIPIyQ,UgxGq-Ygk0IiNKQu-iB4AaABAg,"{'videoId': 'zEfTDpfyt1o', 'topLevelComment': {'kind': 'youtube#comment', 'etag': 'rElXo9wHJcE_a0aBMjliYj4x-bQ', 'id': 'UgxGq-Ygk0IiNKQu-iB4AaABAg', 'snippet': {'videoId': 'zEfTDpfyt1o', 'textDisplay': 'Bolsonaro vai soltar eles', 'textOriginal': 'Bolsonaro vai soltar eles', 'authorDisplayName': 'José Ivanildo Da Silva', 'authorProfileImageUrl': 'https://yt3.ggpht.com/ytc/AGIKgqOzIeXvC6a9ul3RlUNDzKJWhK4mjXHDFK14Ag=s48-c-k-c0x00ffffff-no-rj', 'authorChannelUrl': 'http://www.youtube.com/channel/UCnFc5h5vyfFnTir638J3-uA', 'authorChannelId': {'value': 'UCnFc5h5vyfFnTir638J3-uA'}, 'canRate': True, 'viewerRating': 'none', 'likeCount': 0, 'publishedAt': '2022-10-23T22:15:57Z', 'updatedAt': '2022-10-23T22:15:57Z'}}, 'canReply': True, 'totalReplyCount': 0, 'isPublic': True}",,UCnFc5h5vyfFnTir638J3-uA,2022-10-23T22:15:57Z,Bolsonaro vai soltar eles,QURTSl9pM1BBRGo4c1JoZWZ6WjZoWlRRQ1lrYUFHS2p0NkFKclUxaEFSRUVjVWFwd3FTZ2k1cWU3VGZIdS1WRFd6QkNBTjFCVENEZnZwZw==,2023-06-08 14:52:48.049091
youtube#commentThread,7OJkF0AmAyQub39CB9IvE0JJdsE,UgzfqrKqn2ZCgci-kCJ4AaABAg,"{'videoId': 'zEfTDpfyt1o', 'topLevelComment': {'kind': 'youtube#comment', 'etag': 't8RMqsK5Utb-ZmRrjuS6VjinL-s', 'id': 'UgzfqrKqn2ZCgci-kCJ4AaABAg', 'snippet': {'videoId': 'zEfTDpfyt1o', 'textDisplay': 'Esses apoiadores não são do MINTO? Kkk', 'textOriginal': 'Esses apoiadores não são do MINTO? Kkk', 'authorDisplayName': 'Jhon Lopesq', 'authorProfileImageUrl': 'https://yt3.ggpht.com/ytc/AGIKgqOIn1cH0bv6EmoqS5tCT1LMDNSIpb_OKmaFzQ=s48-c-k-c0x00ffffff-no-rj', 'authorChannelUrl': 'http://www.youtube.com/channel/UCaXnPoXzxMOJmg9vXTGCRMA', 'authorChannelId': {'value': 'UCaXnPoXzxMOJmg9vXTGCRMA'}, 'canRate': True, 'viewerRating': 'none', 'likeCount': 1, 'publishedAt': '2022-10-23T22:15:57Z', 'updatedAt': '2022-10-23T22:15:57Z'}}, 'canReply': True, 'totalReplyCount': 0, 'isPublic': True}",,UCaXnPoXzxMOJmg9vXTGCRMA,2022-10-23T22:15:57Z,Esses apoiadores não são do MINTO? Kkk,QURTSl9pM1BBRGo4c1JoZWZ6WjZoWlRRQ1lrYUFHS2p0NkFKclUxaEFSRUVjVWFwd3FTZ2k1cWU3VGZIdS1WRFd6QkNBTjFCVENEZnZwZw==,2023-06-08 14:52:48.049091
youtube#commentThread,V95OUrZXFVcc4f-M5d6rEYg9Sh4,UgyHirlLO20xhEYAwu14AaABAg,"{'videoId': 'zEfTDpfyt1o', 'topLevelComment': {'kind': 'youtube#comment', 'etag': 'tFDRsYtSOG-XoILf1UBhQmjvRO8', 'id': 'UgyHirlLO20xhEYAwu14AaABAg', 'snippet': {'videoId': 'zEfTDpfyt1o', 'textDisplay': 'É EXATAMENTE ISSO QUE ESSA SUPREMA CORTE MALDITA QUER, VER O CAOS NAS RUAS. NÃO PODEMOS CAIR NESSA ARMADILHA. ACORDEM, FOQUE NO QUE REALMENTE IMPORTA. DIA 30 🇧🇷', 'textOriginal': 'É EXATAMENTE ISSO QUE ESSA SUPREMA CORTE MALDITA QUER, VER O CAOS NAS RUAS. NÃO PODEMOS CAIR NESSA ARMADILHA. ACORDEM, FOQUE NO QUE REALMENTE IMPORTA. DIA 30 🇧🇷', 'authorDisplayName': 'Jane', 'authorProfileImageUrl': 'https://yt3.ggpht.com/ytc/AGIKgqMKxMN8R6LV2qhr5L1dHBP7vTi-tKB95xh1og=s48-c-k-c0x00ffffff-no-rj', 'authorChannelUrl': 'http://www.youtube.com/channel/UCTBwNMSrEaPjyQi6LzzzHFA', 'authorChannelId': {'value': 'UCTBwNMSrEaPjyQi6LzzzHFA'}, 'canRate': True, 'viewerRating': 'none', 'likeCount': 0, 'publishedAt': '2022-10-23T22:15:55Z', 'updatedAt': '2022-10-23T22:15:55Z'}}, 'canReply': True, 'totalReplyCount': 0, 'isPublic': True}",,UCTBwNMSrEaPjyQi6LzzzHFA,2022-10-23T22:15:55Z,"É EXATAMENTE ISSO QUE ESSA SUPREMA CORTE MALDITA QUER, VER O CAOS NAS RUAS. NÃO PODEMOS CAIR NESSA ARMADILHA. ACORDEM, FOQUE NO QUE REALMENTE IMPORTA. DIA 30 🇧🇷",QURTSl9pM1BBRGo4c1JoZWZ6WjZoWlRRQ1lrYUFHS2p0NkFKclUxaEFSRUVjVWFwd3FTZ2k1cWU3VGZIdS1WRFd6QkNBTjFCVENEZnZwZw==,2023-06-08 14:52:48.049091
youtube#commentThread,p-m8Bp6p1RNKnKM0Zvb_50BeGcA,UgxceMA4iuNYmk_hQEh4AaABAg,"{'videoId': 'zEfTDpfyt1o', 'topLevelComment': {'kind': 'youtube#comment', 'etag': 'ktTYJAkIPY-v85c8OhR2v4WQ2sY', 'id': 'UgxceMA4iuNYmk_hQEh4AaABAg', 'snippet': {'videoId': 'zEfTDpfyt1o', 'textDisplay': 'Isso é inaceitável! Que absurdo...', 'textOriginal': 'Isso é inaceitável! Que absurdo...', 'authorDisplayName': 'Dra. Angeli Berny', 'authorProfileImageUrl': 'https://yt3.ggpht.com/VVjHwUbN4sEgDh37YcgtwO6uqAcpSNopf4M2SzuJ3OK7o7YYEgrpRHb0tjsN97_Gp7T1oX3e=s48-c-k-c0x00ffffff-no-rj', 'authorChannelUrl': 'http://www.youtube.com/channel/UCGRIqal-TkATqY7euedJ21g', 'authorChannelId': {'value': 'UCGRIqal-TkATqY7euedJ21g'}, 'canRate': True, 'viewerRating': 'none', 'likeCount': 0, 'publishedAt': '2022-10-23T22:15:51Z', 'updatedAt': '2022-10-23T22:15:51Z'}}, 'canReply': True, 'totalReplyCount': 0, 'isPublic': True}",,UCGRIqal-TkATqY7euedJ21g,2022-10-23T22:15:51Z,Isso é inaceitável! Que absurdo...,QURTSl9pM1BBRGo4c1JoZWZ6WjZoWlRRQ1lrYUFHS2p0NkFKclUxaEFSRUVjVWFwd3FTZ2k1cWU3VGZIdS1WRFd6QkNBTjFCVENEZnZwZw==,2023-06-08 14:52:48.049091
youtube#commentThread,GOfgDGgMx-fHdd7YexoqosuLVR0,UgylDB7aacsvgwg3exZ4AaABAg,"{'videoId': 'zEfTDpfyt1o', 'topLevelComment': {'kind': 'youtube#comment', 'etag': 'a-kZZ6577u-WXD8msBq9Da_bgfo', 'id': 'UgylDB7aacsvgwg3exZ4AaABAg', 'snippet': {'videoId': 'zEfTDpfyt1o', 'textDisplay': 'Xande tá que tá e ninguém vai pará-lo,  só Deus', 'textOriginal': 'Xande tá que tá e ninguém vai pará-lo,  só Deus', 'authorDisplayName': 'Paulo Melo', 'authorProfileImageUrl': 'https://yt3.ggpht.com/ytc/AGIKgqMemkM9M1pMBP7dF6itzqTJZIfikIbI4y7Mg9h7rBA=s48-c-k-c0x00ffffff-no-rj', 'authorChannelUrl': 'http://www.youtube.com/channel/UC6UOyLC61USl2dUHLLwHtKg', 'authorChannelId': {'value': 'UC6UOyLC61USl2dUHLLwHtKg'}, 'canRate': True, 'viewerRating': 'none', 'likeCount': 7, 'publishedAt': '2022-10-23T22:15:50Z', 'updatedAt': '2022-10-23T22:15:50Z'}}, 'canReply': True, 'totalReplyCount': 3, 'isPublic': True}","{'comments': [{'kind': 'youtube#comment', 'etag': '1kCBv68rTC9pp6kfSzZj7TzIlcY', 'id': 'UgylDB7aacsvgwg3exZ4AaABAg.9hY9RIGGN4w9hYjSVbNbrf', 'snippet': {'videoId': 'zEfTDpfyt1o', 'textDisplay': 'Nem precisa tanto...', 'textOriginal': 'Nem precisa tanto...', 'parentId': 'UgylDB7aacsvgwg3exZ4AaABAg', 'authorDisplayName': 'Tiburcio Nascimento', 'authorProfileImageUrl': 'https://yt3.ggpht.com/ytc/AGIKgqPYJ16XbloZp1nRif2q9UiINjE9b3aLcJFllVpYZmGF8L32gAvFuJ_fm0H5T6oa=s48-c-k-c0x00ffffff-no-rj', 'authorChannelUrl': 'http://www.youtube.com/channel/UCOpVT2WBtvOTmNgRgNreY3Q', 'authorChannelId': {'value': 'UCOpVT2WBtvOTmNgRgNreY3Q'}, 'canRate': True, 'viewerRating': 'none', 'likeCount': 1, 'publishedAt': '2022-10-24T03:39:19Z', 'updatedAt': '2022-10-24T03:39:19Z'}}, {'kind': 'youtube#comment', 'etag': 'WctxCiM0TxFZnz1IkzmfrPuW8s8', 'id': 'UgylDB7aacsvgwg3exZ4AaABAg.9hY9RIGGN4w9hYAvedURLH', 'snippet': {'videoId': 'zEfTDpfyt1o', 'textDisplay': 'O demo😈 vai pará- lo', 'textOriginal': 'O demo😈 vai pará- lo', 'parentId': 'UgylDB7aacsvgwg3exZ4AaABAg', 'authorDisplayName': 'Col. Bill Kilgore', 'authorProfileImageUrl': 'https://yt3.ggpht.com/ytc/AGIKgqNtJZT4kKVA4vEA8uEZ5KPRMzhIjBA1WxUyKQUD=s48-c-k-c0x00ffffff-no-rj', 'authorChannelUrl': 'http://www.youtube.com/channel/UCKkW2aT1sOYNggMMBP46uMw', 'authorChannelId': {'value': 'UCKkW2aT1sOYNggMMBP46uMw'}, 'canRate': True, 'viewerRating': 'none', 'likeCount': 1, 'publishedAt': '2022-10-23T22:28:52Z', 'updatedAt': '2022-10-23T22:28:52Z'}}, {'kind': 'youtube#comment', 'etag': 'X1D2ETEIsfy8qYeg00HsWRLGsKc', 'id': 'UgylDB7aacsvgwg3exZ4AaABAg.9hY9RIGGN4w9hYADYlJ0-U', 'snippet': {'videoId': 'zEfTDpfyt1o', 'textDisplay': 'Verdade', 'textOriginal': 'Verdade', 'parentId': 'UgylDB7aacsvgwg3exZ4AaABAg', 'authorDisplayName': 'E͙m͙i͙l͙i͙a͙ T͙o͙r͙r͙e͙s͙', 'authorProfileImageUrl': 'https://yt3.ggpht.com/ytc/AGIKgqMDK-5BJ7MIJDanEeT3lc1tklNEwvV5V_n39BlyjQ=s48-c-k-c0x00ffffff-no-rj', 'authorChannelUrl': 'http://www.youtube.com/channel/UCAK86LNhiGaTew30IBYG-zg', 'authorChannelId': {'value': 'UCAK86LNhiGaTew30IBYG-zg'}, 'canRate': True, 'viewerRating': 'none', 'likeCount': 1, 'publishedAt': '2022-10-23T22:22:42Z', 'updatedAt': '2022-10-23T22:22:42Z'}}]}",UC6UOyLC61USl2dUHLLwHtKg,2022-10-23T22:15:50Z,"Xande tá que tá e ninguém vai pará-lo,  só Deus",QURTSl9pM1BBRGo4c1JoZWZ6WjZoWlRRQ1lrYUFHS2p0NkFKclUxaEFSRUVjVWFwd3FTZ2k1cWU3VGZIdS1WRFd6QkNBTjFCVENEZnZwZw==,2023-06-08 14:52:48.049091
youtube#commentThread,Rw00lc30JY9VlNHDJgb-77Tkqho,Ugzn4BYSDuDLz1BrrTF4AaABAg,"{'videoId': 'zEfTDpfyt1o', 'topLevelComment': {'kind': 'youtube#comment', 'etag': 'fRRse2IDtiIOb8740osTnU0KaP8', 'id': 'Ugzn4BYSDuDLz1BrrTF4AaABAg', 'snippet': {'videoId': 'zEfTDpfyt1o', 'textDisplay': 'O que é o artigo 142 das Forças Armadas?\\r<br>§ 1º - Às Forças Armadas compete, na forma da lei, atribuir serviço alternativo aos que, em tempo de paz, após alistados, alegarem imperativo de consciência, entendendo-se como tal o decorrente de crença religiosa e de convicção filosófica ou política, para se eximirem de atividades de caráter essencialmente militar.', 'textOriginal': 'O que é o artigo 142 das Forças Armadas?\\r\\n§ 1º - Às Forças Armadas compete, na forma da lei, atribuir serviço alternativo aos que, em tempo de paz, após alistados, alegarem imperativo de consciência, entendendo-se como tal o decorrente de crença religiosa e de convicção filosófica ou política, para se eximirem de atividades de caráter essencialmente militar.', 'authorDisplayName': 'Thomas A. Anderson', 'authorProfileImageUrl': 'https://yt3.ggpht.com/ytc/AGIKgqPddr5yoTKvSP4VcmgyRLzxSiMrj4CL9MRDUw=s48-c-k-c0x00ffffff-no-rj', 'authorChannelUrl': 'http://www.youtube.com/channel/UCar60DWpdHyq36jyk4e3ufw', 'authorChannelId': {'value': 'UCar60DWpdHyq36jyk4e3ufw'}, 'canRate': True, 'viewerRating': 'none', 'likeCount': 1, 'publishedAt': '2022-10-23T22:15:45Z', 'updatedAt': '2022-10-23T22:15:45Z'}}, 'canReply': True, 'totalReplyCount': 0, 'isPublic': True}",,UCar60DWpdHyq36jyk4e3ufw,2022-10-23T22:15:45Z,"O que é o artigo 142 das Forças Armadas?
§ 1º - Às Forças Armadas compete, na forma da lei, atribuir serviço alternativo aos que, em tempo de paz, após alistados, alegarem imperativo de consciência, entendendo-se como tal o decorrente de crença religiosa e de convicção filosófica ou política, para se eximirem de atividades de caráter essencialmente militar.",QURTSl9pM1BBRGo4c1JoZWZ6WjZoWlRRQ1lrYUFHS2p0NkFKclUxaEFSRUVjVWFwd3FTZ2k1cWU3VGZIdS1WRFd6QkNBTjFCVENEZnZwZw==,2023-06-08 14:52:48.049091
youtube#commentThread,kXV5yLXK8JV7GOJXntX6CV7dS3Y,UgzG1-O_NXZYb70OruV4AaABAg,"{'videoId': 'zEfTDpfyt1o', 'topLevelComment': {'kind': 'youtube#comment', 'etag': '7YYlZ3axRIyiUbeRn_ZnTVZxCwA', 'id': 'UgzG1-O_NXZYb70OruV4AaABAg', 'snippet': {'videoId': 'zEfTDpfyt1o', 'textDisplay': 'sobre censura e apoiando a  rede globo tem do poh eu vejo vcs prq vcs nao sao canalhas que nem eles', 'textOriginal': 'sobre censura e apoiando a  rede globo tem do poh eu vejo vcs prq vcs nao sao canalhas que nem eles', 'authorDisplayName': 'QuebrA-OssoS', 'authorProfileImageUrl': 'https://yt3.ggpht.com/ytc/AGIKgqN93EkvGXcWIlRpOS1IA2eWIlmiTo_8nQq1V4QrUw=s48-c-k-c0x00ffffff-no-rj', 'authorChannelUrl': 'http://www.youtube.com/channel/UC6ZKK7-FTLEEOO_kzXuuTTA', 'authorChannelId': {'value': 'UC6ZKK7-FTLEEOO_kzXuuTTA'}, 'canRate': True, 'viewerRating': 'none', 'likeCount': 0, 'publishedAt': '2022-10-23T22:15:44Z', 'updatedAt': '2022-10-23T22:15:44Z'}}, 'canReply': True, 'totalReplyCount': 0, 'isPublic': True}",,UC6ZKK7-FTLEEOO_kzXuuTTA,2022-10-23T22:15:44Z,sobre censura e apoiando a  rede globo tem do poh eu vejo vcs prq vcs nao sao canalhas que nem eles,QURTSl9pM1BBRGo4c1JoZWZ6WjZoWlRRQ1lrYUFHS2p0NkFKclUxaEFSRUVjVWFwd3FTZ2k1cWU3VGZIdS1WRFd6QkNBTjFCVENEZnZwZw==,2023-06-08 14:52:48.049091
youtube#commentThread,f__tgrCLcImrR7YZjirCl5bDQfs,Ugxbdfzv-Bj-1dl3Lid4AaABAg,"{'videoId': 'zEfTDpfyt1o', 'topLevelComment': {'kind': 'youtube#comment', 'etag': 'oiiqzcjrV5n9U0UW6109u0ZY-6g', 'id': 'Ugxbdfzv-Bj-1dl3Lid4AaABAg', 'snippet': {'videoId': 'zEfTDpfyt1o', 'textDisplay': 'É verdade! O Repórter tem o direito de cumprir a sua atividade.', 'textOriginal': 'É verdade! O Repórter tem o direito de cumprir a sua atividade.', 'authorDisplayName': 'Edileuza Brito', 'authorProfileImageUrl': 'https://yt3.ggpht.com/ytc/AGIKgqMeKEVJJeSTeK7r2SJjkXYaQy4aJp38cEd-mA=s48-c-k-c0x00ffffff-no-rj', 'authorChannelUrl': 'http://www.youtube.com/channel/UCAsj62FFUmLm9x0pd-kNOdw', 'authorChannelId': {'value': 'UCAsj62FFUmLm9x0pd-kNOdw'}, 'canRate': True, 'viewerRating': 'none', 'likeCount': 0, 'publishedAt': '2022-10-23T22:15:44Z', 'updatedAt': '2022-10-23T22:15:44Z'}}, 'canReply': True, 'totalReplyCount': 0, 'isPublic': True}",,UCAsj62FFUmLm9x0pd-kNOdw,2022-10-23T22:15:44Z,É verdade! O Repórter tem o direito de cumprir a sua atividade.,QURTSl9pM1BBRGo4c1JoZWZ6WjZoWlRRQ1lrYUFHS2p0NkFKclUxaEFSRUVjVWFwd3FTZ2k1cWU3VGZIdS1WRFd6QkNBTjFCVENEZnZwZw==,2023-06-08 14:52:48.049091
youtube#commentThread,cycpG7FtOcYaxL77XW-8kb4A6gs,UgyJvhU0fV3448ta1_B4AaABAg,"{'videoId': 'zEfTDpfyt1o', 'topLevelComment': {'kind': 'youtube#comment', 'etag': 'Uh2sQYmEVfVtNThZFCfWFgeEFEU', 'id': 'UgyJvhU0fV3448ta1_B4AaABAg', 'snippet': {'videoId': 'zEfTDpfyt1o', 'textDisplay': 'culpa do padrinhos deles o xandão q ataca a democracia e desreipeita a constituição', 'textOriginal': 'culpa do padrinhos deles o xandão q ataca a democracia e desreipeita a constituição', 'authorDisplayName': 'BONDE FUTURISTA', 'authorProfileImageUrl': 'https://yt3.ggpht.com/-l7Z6dEUgjagR2fUBlhub_k1XE78IlHimEinc1ODaQZMXcXxM4n-jUIUOpZ0ghlJblJ22f0DyBI=s48-c-k-c0x00ffffff-no-rj', 'authorChannelUrl': 'http://www.youtube.com/channel/UCVQ4hQz2M0OTv7GftZHE1BA', 'authorChannelId': {'value': 'UCVQ4hQz2M0OTv7GftZHE1BA'}, 'canRate': True, 'viewerRating': 'none', 'likeCount': 0, 'publishedAt': '2022-10-23T22:15:40Z', 'updatedAt': '2022-10-23T22:15:40Z'}}, 'canReply': True, 'totalReplyCount': 0, 'isPublic': True}",,UCVQ4hQz2M0OTv7GftZHE1BA,2022-10-23T22:15:40Z,culpa do padrinhos deles o xandão q ataca a democracia e desreipeita a constituição,QURTSl9pM1BBRGo4c1JoZWZ6WjZoWlRRQ1lrYUFHS2p0NkFKclUxaEFSRUVjVWFwd3FTZ2k1cWU3VGZIdS1WRFd6QkNBTjFCVENEZnZwZw==,2023-06-08 14:52:48.049091
youtube#commentThread,HViAZNWK_y7d9NfrEhdd_V3nzpg,UgyBMa8Xk8fhLB7m_Yd4AaABAg,"{'videoId': 'zEfTDpfyt1o', 'topLevelComment': {'kind': 'youtube#comment', 'etag': 'vh7I5LC82rn9qtO3oXXyJbFOk_g', 'id': 'UgyBMa8Xk8fhLB7m_Yd4AaABAg', 'snippet': {'videoId': 'zEfTDpfyt1o', 'textDisplay': 'Eupensei que o unica palavra  era o jovem  pa', 'textOriginal': 'Eupensei que o unica palavra  era o jovem  pa', 'authorDisplayName': 'Thereza Christina', 'authorProfileImageUrl': 'https://yt3.ggpht.com/ytc/AGIKgqPxmrdQSrjiI5Ie6NXCjA1_1dnXgXRE5ze-iA=s48-c-k-c0x00ffffff-no-rj', 'authorChannelUrl': 'http://www.youtube.com/channel/UC2We5LA2gNMDr3O_iNwVM0A', 'authorChannelId': {'value': 'UC2We5LA2gNMDr3O_iNwVM0A'}, 'canRate': True, 'viewerRating': 'none', 'likeCount': 0, 'publishedAt': '2022-10-23T22:15:36Z', 'updatedAt': '2022-10-23T22:15:36Z'}}, 'canReply': True, 'totalReplyCount': 0, 'isPublic': True}",,UC2We5LA2gNMDr3O_iNwVM0A,2022-10-23T22:15:36Z,Eupensei que o unica palavra  era o jovem  pa,QURTSl9pM1BBRGo4c1JoZWZ6WjZoWlRRQ1lrYUFHS2p0NkFKclUxaEFSRUVjVWFwd3FTZ2k1cWU3VGZIdS1WRFd6QkNBTjFCVENEZnZwZw==,2023-06-08 14:52:48.049091
youtube#commentThread,BI6lO1eeTPB0pQNytn5upqi2ZxU,UgzvseXwfV58BwKN1OF4AaABAg,"{'videoId': 'zEfTDpfyt1o', 'topLevelComment': {'kind': 'youtube#comment', 'etag': 'GA0Kno-C_wI43HMjvr8GthwcTTk', 'id': 'UgzvseXwfV58BwKN1OF4AaABAg', 'snippet': {'videoId': 'zEfTDpfyt1o', 'textDisplay': 'joven  pan  ,  por  favor  nao   se  faça   de  vitima   ou  vai  perder  o  respeito  do  povo ,  ate  agora  nao  vimos   voce  lutarem  contra  as  ordens  do  alexandre  de  morais', 'textOriginal': 'joven  pan  ,  por  favor  nao   se  faça   de  vitima   ou  vai  perder  o  respeito  do  povo ,  ate  agora  nao  vimos   voce  lutarem  contra  as  ordens  do  alexandre  de  morais', 'authorDisplayName': 'PAULO   CARDOSO', 'authorProfileImageUrl': 'https://yt3.ggpht.com/id-CvbGg75UWeUjYd2KVcZEB97qB2UBAn12uN9dSYjztBKeo3mscQAURy_zog3EMa7IwlZbtEQ=s48-c-k-c0x00ffffff-no-rj', 'authorChannelUrl': 'http://www.youtube.com/channel/UCVd0v5rvOrPAZ9XMyozA3dw', 'authorChannelId': {'value': 'UCVd0v5rvOrPAZ9XMyozA3dw'}, 'canRate': True, 'viewerRating': 'none', 'likeCount': 0, 'publishedAt': '2022-10-23T22:15:34Z', 'updatedAt': '2022-10-23T22:15:34Z'}}, 'canReply': True, 'totalReplyCount': 0, 'isPublic': True}",,UCVd0v5rvOrPAZ9XMyozA3dw,2022-10-23T22:15:34Z,"joven  pan  ,  por  favor  nao   se  faça   de  vitima   ou  vai  perder  o  respeito  do  povo ,  ate  agora  nao  vimos   voce  lutarem  contra  as  ordens  do  alexandre  de  morais",QURTSl9pM1BBRGo4c1JoZWZ6WjZoWlRRQ1lrYUFHS2p0NkFKclUxaEFSRUVjVWFwd3FTZ2k1cWU3VGZIdS1WRFd6QkNBTjFCVENEZnZwZw==,2023-06-08 14:52:48.049091
youtube#commentThread,c_XSz826RZ593fcuhqy62NlbWDw,Ugz23L7ri7wrJm4k5RF4AaABAg,"{'videoId': 'zEfTDpfyt1o', 'topLevelComment': {'kind': 'youtube#comment', 'etag': 'M5zAWLcwZuSBImoyE0aEg0JUj9A', 'id': 'Ugz23L7ri7wrJm4k5RF4AaABAg', 'snippet': {'videoId': 'zEfTDpfyt1o', 'textDisplay': 'Ninguém aguenta mais as mentiras da Rede Globo, televisão do kpta', 'textOriginal': 'Ninguém aguenta mais as mentiras da Rede Globo, televisão do kpta', 'authorDisplayName': 'Wagner Miranda', 'authorProfileImageUrl': 'https://yt3.ggpht.com/ytc/AGIKgqMv_1BZ89VkGuYOdLT3EFPS-6HRwRMDZwLWa16dBByqAdFwyMKU0Wpoh98kQqYr=s48-c-k-c0x00ffffff-no-rj', 'authorChannelUrl': 'http://www.youtube.com/channel/UC-teOHDrzSxOx0wZXHdJOBg', 'authorChannelId': {'value': 'UC-teOHDrzSxOx0wZXHdJOBg'}, 'canRate': True, 'viewerRating': 'none', 'likeCount': 0, 'publishedAt': '2022-10-23T22:15:33Z', 'updatedAt': '2022-10-23T22:15:33Z'}}, 'canReply': True, 'totalReplyCount': 0, 'isPublic': True}",,UC-teOHDrzSxOx0wZXHdJOBg,2022-10-23T22:15:33Z,"Ninguém aguenta mais as mentiras da Rede Globo, televisão do kpta",QURTSl9pM1BBRGo4c1JoZWZ6WjZoWlRRQ1lrYUFHS2p0NkFKclUxaEFSRUVjVWFwd3FTZ2k1cWU3VGZIdS1WRFd6QkNBTjFCVENEZnZwZw==,2023-06-08 14:52:48.049091
youtube#commentThread,zVSDGDVDoctTy76qudTOnvJToD8,UgxmzdUE1OlxFoOmyKh4AaABAg,"{'videoId': 'zEfTDpfyt1o', 'topLevelComment': {'kind': 'youtube#comment', 'etag': 'lFDVCILbapqrVhXx3fuPNpj8XrA', 'id': 'UgxmzdUE1OlxFoOmyKh4AaABAg', 'snippet': {'videoId': 'zEfTDpfyt1o', 'textDisplay': 'Força Roberto Jeferson, você está certo.', 'textOriginal': 'Força Roberto Jeferson, você está certo.', 'authorDisplayName': 'Fabi Soares', 'authorProfileImageUrl': 'https://yt3.ggpht.com/ytc/AGIKgqOLu3sFRL_UoIOP1QmNoCaYJ-Ir4gfilbutvfAU=s48-c-k-c0x00ffffff-no-rj', 'authorChannelUrl': 'http://www.youtube.com/channel/UCvJhBA-c9TPWAezgdMGTZdA', 'authorChannelId': {'value': 'UCvJhBA-c9TPWAezgdMGTZdA'}, 'canRate': True, 'viewerRating': 'none', 'likeCount': 11, 'publishedAt': '2022-10-23T22:15:33Z', 'updatedAt': '2022-10-23T22:15:33Z'}}, 'canReply': True, 'totalReplyCount': 4, 'isPublic': True}","{'comments': [{'kind': 'youtube#comment', 'etag': 'Z4EEO1oBM94qosqOoe5nO2cWKuE', 'id': 'UgxmzdUE1OlxFoOmyKh4AaABAg.9hY9PCczKyk9hYBidburQE', 'snippet': {'videoId': 'zEfTDpfyt1o', 'textDisplay': 'Depois vcs falam dos petistas, Bob Jeferson é um bandido e estava cumprindo pena em casa.', 'textOriginal': 'Depois vcs falam dos petistas, Bob Jeferson é um bandido e estava cumprindo pena em casa.', 'parentId': 'UgxmzdUE1OlxFoOmyKh4AaABAg', 'authorDisplayName': 'Angélica Lima', 'authorProfileImageUrl': 'https://yt3.ggpht.com/ytc/AGIKgqOpblqCPcv_C510fEttpdZ41-fVoQBdTkNI1k8ENw=s48-c-k-c0x00ffffff-no-rj', 'authorChannelUrl': 'http://www.youtube.com/channel/UCbYl7K0l8DDBL1cvMdIqPjQ', 'authorChannelId': {'value': 'UCbYl7K0l8DDBL1cvMdIqPjQ'}, 'canRate': True, 'viewerRating': 'none', 'likeCount': 0, 'publishedAt': '2022-10-23T22:35:49Z', 'updatedAt': '2022-10-23T22:35:49Z'}}, {'kind': 'youtube#comment', 'etag': '287rdm5l8LpmtF30j-OUHA3KnSs', 'id': 'UgxmzdUE1OlxFoOmyKh4AaABAg.9hY9PCczKyk9hYBhO_Qja2', 'snippet': {'videoId': 'zEfTDpfyt1o', 'textDisplay': 'Sociedade estranha... Valores se invertendo. O sujeito recebe a polícia a bala e a granada, e o mesmo que está certo.', 'textOriginal': 'Sociedade estranha... Valores se invertendo. O sujeito recebe a polícia a bala e a granada, e o mesmo que está certo.', 'parentId': 'UgxmzdUE1OlxFoOmyKh4AaABAg', 'authorDisplayName': 'Ricardo', 'authorProfileImageUrl': 'https://yt3.ggpht.com/ytc/AGIKgqPx-S4l1k_st73kPaheByWN8gD4E_f0pg83XmNakYup7KprRz8hunAgYf7cMHOH=s48-c-k-c0x00ffffff-no-rj', 'authorChannelUrl': 'http://www.youtube.com/channel/UCJDeJNBpo7M-ne8o2bzxsgQ', 'authorChannelId': {'value': 'UCJDeJNBpo7M-ne8o2bzxsgQ'}, 'canRate': True, 'viewerRating': 'none', 'likeCount': 0, 'publishedAt': '2022-10-23T22:35:39Z', 'updatedAt': '2022-10-23T22:36:26Z'}}, {'kind': 'youtube#comment', 'etag': '59lf1SEB-0ds_QICKTXRbpIHN5A', 'id': 'UgxmzdUE1OlxFoOmyKh4AaABAg.9hY9PCczKyk9hYBdoSKBoW', 'snippet': {'videoId': 'zEfTDpfyt1o', 'textDisplay': 'vai lá defender ele contra a policia, bandidos tem que levar é chumbo', 'textOriginal': 'vai lá defender ele contra a policia, bandidos tem que levar é chumbo', 'parentId': 'UgxmzdUE1OlxFoOmyKh4AaABAg', 'authorDisplayName': 'marcos dos santos', 'authorProfileImageUrl': 'https://yt3.ggpht.com/ytc/AGIKgqN4b9HqRZYi_m94Xgf8PcyrA8pRyA3XJcquthkT=s48-c-k-c0x00ffffff-no-rj', 'authorChannelUrl': 'http://www.youtube.com/channel/UCTBtWOhsUY5Y1kN-L5t2jyw', 'authorChannelId': {'value': 'UCTBtWOhsUY5Y1kN-L5t2jyw'}, 'canRate': True, 'viewerRating': 'none', 'likeCount': 0, 'publishedAt': '2022-10-23T22:35:10Z', 'updatedAt': '2022-10-23T22:35:10Z'}}, {'kind': 'youtube#comment', 'etag': 'k_z6wEK1bC0Nnmtydp8k-g6bJ9I', 'id': 'UgxmzdUE1OlxFoOmyKh4AaABAg.9hY9PCczKyk9hYBVo9InCT', 'snippet': {'videoId': 'zEfTDpfyt1o', 'textDisplay': '🙄🙄🙄🙄🙄', 'textOriginal': '🙄🙄🙄🙄🙄', 'parentId': 'UgxmzdUE1OlxFoOmyKh4AaABAg', 'authorDisplayName': 'Beatriz Pontes', 'authorProfileImageUrl': 'https://yt3.ggpht.com/ytc/AGIKgqNLHiWPsbj6vqn2p_VxDdAex8zO1UwgMzFFmw=s48-c-k-c0x00ffffff-no-rj', 'authorChannelUrl': 'http://www.youtube.com/channel/UC1dBY2-8EYushAjhOvrdy0Q', 'authorChannelId': {'value': 'UC1dBY2-8EYushAjhOvrdy0Q'}, 'canRate': True, 'viewerRating': 'none', 'likeCount': 0, 'publishedAt': '2022-10-23T22:33:56Z', 'updatedAt': '2022-10-23T22:33:56Z'}}]}",UCvJhBA-c9TPWAezgdMGTZdA,2022-10-23T22:15:33Z,"Força Roberto Jeferson, você está certo.",QURTSl9pM1BBRGo4c1JoZWZ6WjZoWlRRQ1lrYUFHS2p0NkFKclUxaEFSRUVjVWFwd3FTZ2k1cWU3VGZIdS1WRFd6QkNBTjFCVENEZnZwZw==,2023-06-08 14:52:48.049091
youtube#commentThread,SeZIMmpzhhKI1VPmfrMIyHPurdY,Ugxp7AUE4CQEGcg8yEx4AaABAg,"{'videoId': 'zEfTDpfyt1o', 'topLevelComment': {'kind': 'youtube#comment', 'etag': 'vG0b2VwP4zhsCAS0CswPVQL-VBo', 'id': 'Ugxp7AUE4CQEGcg8yEx4AaABAg', 'snippet': {'videoId': 'zEfTDpfyt1o', 'textDisplay': 'Apoiadores de Bolsonaro kkkkkk', 'textOriginal': 'Apoiadores de Bolsonaro kkkkkk', 'authorDisplayName': 'Danillo Sidney', 'authorProfileImageUrl': 'https://yt3.ggpht.com/ytc/AGIKgqMlFeVmMT77KPmROFNjiFt_CNSYokVLvR0Eye9iNg=s48-c-k-c0x00ffffff-no-rj', 'authorChannelUrl': 'http://www.youtube.com/channel/UCSHvuLis8nuZSH-_D5BjKfA', 'authorChannelId': {'value': 'UCSHvuLis8nuZSH-_D5BjKfA'}, 'canRate': True, 'viewerRating': 'none', 'likeCount': 0, 'publishedAt': '2022-10-23T22:15:25Z', 'updatedAt': '2022-10-23T22:15:25Z'}}, 'canReply': True, 'totalReplyCount': 0, 'isPublic': True}",,UCSHvuLis8nuZSH-_D5BjKfA,2022-10-23T22:15:25Z,Apoiadores de Bolsonaro kkkkkk,QURTSl9pM1BBRGo4c1JoZWZ6WjZoWlRRQ1lrYUFHS2p0NkFKclUxaEFSRUVjVWFwd3FTZ2k1cWU3VGZIdS1WRFd6QkNBTjFCVENEZnZwZw==,2023-06-08 14:52:48.049091
youtube#commentThread,8ylTNWp-01jNwLH_0EHl9nI7LCQ,UgyKmd_XcZo8vVRyAyJ4AaABAg,"{'videoId': 'zEfTDpfyt1o', 'topLevelComment': {'kind': 'youtube#comment', 'etag': 'Bb5ZSGuFa0_cobdfog8CsHcHhZk', 'id': 'UgyKmd_XcZo8vVRyAyJ4AaABAg', 'snippet': {'videoId': 'zEfTDpfyt1o', 'textDisplay': 'Se é da Globo tem que apanhar mesmo', 'textOriginal': 'Se é da Globo tem que apanhar mesmo', 'authorDisplayName': 'Fatima Machado', 'authorProfileImageUrl': 'https://yt3.ggpht.com/ytc/AGIKgqPq7zbXTuNppqUQ_NGeso_7BLh5Qu_IZMS_Xg=s48-c-k-c0x00ffffff-no-rj', 'authorChannelUrl': 'http://www.youtube.com/channel/UChnTyD2ISD6MaZW1fylvhWg', 'authorChannelId': {'value': 'UChnTyD2ISD6MaZW1fylvhWg'}, 'canRate': True, 'viewerRating': 'none', 'likeCount': 0, 'publishedAt': '2022-10-23T22:15:24Z', 'updatedAt': '2022-10-23T22:15:24Z'}}, 'canReply': True, 'totalReplyCount': 0, 'isPublic': True}",,UChnTyD2ISD6MaZW1fylvhWg,2022-10-23T22:15:24Z,Se é da Globo tem que apanhar mesmo,QURTSl9pM1BBRGo4c1JoZWZ6WjZoWlRRQ1lrYUFHS2p0NkFKclUxaEFSRUVjVWFwd3FTZ2k1cWU3VGZIdS1WRFd6QkNBTjFCVENEZnZwZw==,2023-06-08 14:52:48.049091
youtube#commentThread,KemW1_4n8vAlKJ760ipfm-2nHss,Ugx0OtOlDQpAEZ-gI-x4AaABAg,"{'videoId': 'zEfTDpfyt1o', 'topLevelComment': {'kind': 'youtube#comment', 'etag': 'I0E0bT8GpmUMBUJQ4c-EIa1w-lc', 'id': 'Ugx0OtOlDQpAEZ-gI-x4AaABAg', 'snippet': {'videoId': 'zEfTDpfyt1o', 'textDisplay': 'Os Zé bucetas da imprensa vão transformar o Bob em herói nacional.', 'textOriginal': 'Os Zé bucetas da imprensa vão transformar o Bob em herói nacional.', 'authorDisplayName': 'Antonio Aleixo', 'authorProfileImageUrl': 'https://yt3.ggpht.com/ytc/AGIKgqPtiPCNRdxrUJPR2LU2jt6yGJZJ2dVeSleQzQ=s48-c-k-c0x00ffffff-no-rj', 'authorChannelUrl': 'http://www.youtube.com/channel/UCrzuNuZHSRssTBbTFbcqHaQ', 'authorChannelId': {'value': 'UCrzuNuZHSRssTBbTFbcqHaQ'}, 'canRate': True, 'viewerRating': 'none', 'likeCount': 0, 'publishedAt': '2022-10-23T22:15:18Z', 'updatedAt': '2022-10-23T22:15:18Z'}}, 'canReply': True, 'totalReplyCount': 0, 'isPublic': True}",,UCrzuNuZHSRssTBbTFbcqHaQ,2022-10-23T22:15:18Z,Os Zé bucetas da imprensa vão transformar o Bob em herói nacional.,QURTSl9pM1BBRGo4c1JoZWZ6WjZoWlRRQ1lrYUFHS2p0NkFKclUxaEFSRUVjVWFwd3FTZ2k1cWU3VGZIdS1WRFd6QkNBTjFCVENEZnZwZw==,2023-06-08 14:52:48.049091
youtube#commentThread,YEXcqU-Fl90MWKiBeYkGjkwjfOI,Ugz2uw5Hovjy8zvdXlh4AaABAg,"{'videoId': 'zEfTDpfyt1o', 'topLevelComment': {'kind': 'youtube#comment', 'etag': '70VDi0n3_PqmFGm6w0gUoxZW_j4', 'id': 'Ugz2uw5Hovjy8zvdXlh4AaABAg', 'snippet': {'videoId': 'zEfTDpfyt1o', 'textDisplay': 'Lamentável!!!', 'textOriginal': 'Lamentável!!!', 'authorDisplayName': 'Ana Marçal', 'authorProfileImageUrl': 'https://yt3.ggpht.com/ytc/AGIKgqP13JipJROv-RtIRZwkmxl40Q1tpQJMbXNrgA=s48-c-k-c0x00ffffff-no-rj', 'authorChannelUrl': 'http://www.youtube.com/channel/UCAZH4Ah-OVXH7O0DeMjSDIQ', 'authorChannelId': {'value': 'UCAZH4Ah-OVXH7O0DeMjSDIQ'}, 'canRate': True, 'viewerRating': 'none', 'likeCount': 0, 'publishedAt': '2022-10-23T22:15:11Z', 'updatedAt': '2022-10-23T22:15:11Z'}}, 'canReply': True, 'totalReplyCount': 0, 'isPublic': True}",,UCAZH4Ah-OVXH7O0DeMjSDIQ,2022-10-23T22:15:11Z,Lamentável!!!,QURTSl9pM1BBRGo4c1JoZWZ6WjZoWlRRQ1lrYUFHS2p0NkFKclUxaEFSRUVjVWFwd3FTZ2k1cWU3VGZIdS1WRFd6QkNBTjFCVENEZnZwZw==,2023-06-08 14:52:48.049091
youtube#commentThread,PETg-DivSBfn7Fc4jAlzNjR7ICE,Ugw9t52fudsHFCE9IC94AaABAg,"{'videoId': 'zEfTDpfyt1o', 'topLevelComment': {'kind': 'youtube#comment', 'etag': 'i-KqDE9DG6JUjxX4kHbCSofUaw0', 'id': 'Ugw9t52fudsHFCE9IC94AaABAg', 'snippet': {'videoId': 'zEfTDpfyt1o', 'textDisplay': 'Toda violência tem de ser combatida , seja a quem for.<br>Só precisa ouvir o agressor para ouvir as motivações , embora nenhuma justifique a violência.', 'textOriginal': 'Toda violência tem de ser combatida , seja a quem for.\\nSó precisa ouvir o agressor para ouvir as motivações , embora nenhuma justifique a violência.', 'authorDisplayName': 'José Smith', 'authorProfileImageUrl': 'https://yt3.ggpht.com/ytc/AGIKgqO3u2Zpv1QBccgEc55T5IiXPu6_MmYKHADxoAOAsJ0XN4IEpeUc3TOQxWRVvNth=s48-c-k-c0x00ffffff-no-rj', 'authorChannelUrl': 'http://www.youtube.com/channel/UCB39YS0KIFSW-Pg9KeH2X2A', 'authorChannelId': {'value': 'UCB39YS0KIFSW-Pg9KeH2X2A'}, 'canRate': True, 'viewerRating': 'none', 'likeCount': 2, 'publishedAt': '2022-10-23T22:15:02Z', 'updatedAt': '2022-10-23T22:15:02Z'}}, 'canReply': True, 'totalReplyCount': 1, 'isPublic': True}","{'comments': [{'kind': 'youtube#comment', 'etag': '4veLNkEPjYa92OEQfGIsQWh37C4', 'id': 'Ugw9t52fudsHFCE9IC94AaABAg.9hY9LM4_jtV9hYfdtp9f5l', 'snippet': {'videoId': 'zEfTDpfyt1o', 'textDisplay': 'Os do Celso Daniel não acharam....o Bispo é doentinho...as testemunhas se suicidaram e assim vai...Cai na real....', 'textOriginal': 'Os do Celso Daniel não acharam....o Bispo é doentinho...as testemunhas se suicidaram e assim vai...Cai na real....', 'parentId': 'Ugw9t52fudsHFCE9IC94AaABAg', 'authorDisplayName': 'Tiburcio Nascimento', 'authorProfileImageUrl': 'https://yt3.ggpht.com/ytc/AGIKgqPYJ16XbloZp1nRif2q9UiINjE9b3aLcJFllVpYZmGF8L32gAvFuJ_fm0H5T6oa=s48-c-k-c0x00ffffff-no-rj', 'authorChannelUrl': 'http://www.youtube.com/channel/UCOpVT2WBtvOTmNgRgNreY3Q', 'authorChannelId': {'value': 'UCOpVT2WBtvOTmNgRgNreY3Q'}, 'canRate': True, 'viewerRating': 'none', 'likeCount': 0, 'publishedAt': '2022-10-24T03:06:03Z', 'updatedAt': '2022-10-24T03:06:03Z'}}]}",UCB39YS0KIFSW-Pg9KeH2X2A,2022-10-23T22:15:02Z,"Toda violência tem de ser combatida , seja a quem for.
Só precisa ouvir o agressor para ouvir as motivações , embora nenhuma justifique a violência.",QURTSl9pM1BBRGo4c1JoZWZ6WjZoWlRRQ1lrYUFHS2p0NkFKclUxaEFSRUVjVWFwd3FTZ2k1cWU3VGZIdS1WRFd6QkNBTjFCVENEZnZwZw==,2023-06-08 14:52:48.049091
youtube#commentThread,prpxkaqLXvySW1RmPu5sachTeVc,Ugxee1iWGchOxTV4Xmt4AaABAg,"{'videoId': 'zEfTDpfyt1o', 'topLevelComment': {'kind': 'youtube#comment', 'etag': '9k_5WIMvHtRXkHak41lpov2gwQc', 'id': 'Ugxee1iWGchOxTV4Xmt4AaABAg', 'snippet': {'videoId': 'zEfTDpfyt1o', 'textDisplay': 'Apoiadores? Vcs nem sabem se o cara apoia o Jefferson mesmo,por nada estáva Ali só de curioso,outra coisa,foi uma,a matéria fala q apoiadores.),deveriam cuidar mais disso.', 'textOriginal': 'Apoiadores? Vcs nem sabem se o cara apoia o Jefferson mesmo,por nada estáva Ali só de curioso,outra coisa,foi uma,a matéria fala q apoiadores.),deveriam cuidar mais disso.', 'authorDisplayName': 'A hora é agora', 'authorProfileImageUrl': 'https://yt3.ggpht.com/ytc/AGIKgqMfyaD5iSEAA_UYFJtIWuwNZQbTPrG_M8efmh2B=s48-c-k-c0x00ffffff-no-rj', 'authorChannelUrl': 'http://www.youtube.com/channel/UCkjnENQ577U7ES_iwWWGieQ', 'authorChannelId': {'value': 'UCkjnENQ577U7ES_iwWWGieQ'}, 'canRate': True, 'viewerRating': 'none', 'likeCount': 0, 'publishedAt': '2022-10-23T22:15:01Z', 'updatedAt': '2022-10-23T22:15:01Z'}}, 'canReply': True, 'totalReplyCount': 0, 'isPublic': True}",,UCkjnENQ577U7ES_iwWWGieQ,2022-10-23T22:15:01Z,"Apoiadores? Vcs nem sabem se o cara apoia o Jefferson mesmo,por nada estáva Ali só de curioso,outra coisa,foi uma,a matéria fala q apoiadores.),deveriam cuidar mais disso.",QURTSl9pM1BBRGo4c1JoZWZ6WjZoWlRRQ1lrYUFHS2p0NkFKclUxaEFSRUVjVWFwd3FTZ2k1cWU3VGZIdS1WRFd6QkNBTjFCVENEZnZwZw==,2023-06-08 14:52:48.049091
youtube#commentThread,Mdul1WfYclO690B15WEldc8XHKA,UgxGdyrRFaszcwmAeCR4AaABAg,"{'videoId': 'zEfTDpfyt1o', 'topLevelComment': {'kind': 'youtube#comment', 'etag': 'oCLWnfPYuLT0PvBQy2ej6B69e10', 'id': 'UgxGdyrRFaszcwmAeCR4AaABAg', 'snippet': {'videoId': 'zEfTDpfyt1o', 'textDisplay': 'Triste realidade deste país, onde um povo clama pela liberdade que esta sendo perdida a cada dia, enquanto isso o STF vai muito bem principalmente Alexandre de Moraes o Ditador.', 'textOriginal': 'Triste realidade deste país, onde um povo clama pela liberdade que esta sendo perdida a cada dia, enquanto isso o STF vai muito bem principalmente Alexandre de Moraes o Ditador.', 'authorDisplayName': 'Su.Medeiros', 'authorProfileImageUrl': 'https://yt3.ggpht.com/pdWTuHuwS7a2jpStYly7qdXCbhsc1CEnnVoUio7smUHN9rvXYjeFEiC8qQdVNGAC6mx0O1-nFQ=s48-c-k-c0x00ffffff-no-rj', 'authorChannelUrl': 'http://www.youtube.com/channel/UCzJ8h__n_SLDIy2cZWXpVIQ', 'authorChannelId': {'value': 'UCzJ8h__n_SLDIy2cZWXpVIQ'}, 'canRate': True, 'viewerRating': 'none', 'likeCount': 24, 'publishedAt': '2022-10-23T22:14:57Z', 'updatedAt': '2022-10-23T22:14:57Z'}}, 'canReply': True, 'totalReplyCount': 1, 'isPublic': True}","{'comments': [{'kind': 'youtube#comment', 'etag': '2zqCdUnX7ndPJ9K8RcSrWndIHB4', 'id': 'UgxGdyrRFaszcwmAeCR4AaABAg.9hY9KohbCKr9hYBSkh_mfs', 'snippet': {'videoId': 'zEfTDpfyt1o', 'textDisplay': 'Vocês são doentes.', 'textOriginal': 'Vocês são doentes.', 'parentId': 'UgxGdyrRFaszcwmAeCR4AaABAg', 'authorDisplayName': 'Lil Comunista', 'authorProfileImageUrl': 'https://yt3.ggpht.com/0VyXywvS4sQfTJcmdphBFDLfNro99A7elJXgG_UXzRty9gAuyxesfwpSYfRGpYbJ90HK9P5Spg=s48-c-k-c0x00ffffff-no-rj', 'authorChannelUrl': 'http://www.youtube.com/channel/UCgZNO4OWhkt_kRb30mUlGmg', 'authorChannelId': {'value': 'UCgZNO4OWhkt_kRb30mUlGmg'}, 'canRate': True, 'viewerRating': 'none', 'likeCount': 0, 'publishedAt': '2022-10-23T22:33:31Z', 'updatedAt': '2022-10-23T22:33:31Z'}}]}",UCzJ8h__n_SLDIy2cZWXpVIQ,2022-10-23T22:14:57Z,"Triste realidade deste país, onde um povo clama pela liberdade que esta sendo perdida a cada dia, enquanto isso o STF vai muito bem principalmente Alexandre de Moraes o Ditador.",QURTSl9pM1BBRGo4c1JoZWZ6WjZoWlRRQ1lrYUFHS2p0NkFKclUxaEFSRUVjVWFwd3FTZ2k1cWU3VGZIdS1WRFd6QkNBTjFCVENEZnZwZw==,2023-06-08 14:52:48.049091
youtube#commentThread,YN9j8CHzSaQP2CFVn-bNrguB7EM,UgzQkesEiButbriZdAJ4AaABAg,"{'videoId': 'zEfTDpfyt1o', 'topLevelComment': {'kind': 'youtube#comment', 'etag': 'ocFQHTeERXBc-z-IBjWG0FN07og', 'id': 'UgzQkesEiButbriZdAJ4AaABAg', 'snippet': {'videoId': 'zEfTDpfyt1o', 'textDisplay': 'O povo precisa manter a calma e esperar mais 3 meses com o novo Senado Federal!!    Haverá impeachment no STF!!   Sabia???     Vai torar!!', 'textOriginal': 'O povo precisa manter a calma e esperar mais 3 meses com o novo Senado Federal!!    Haverá impeachment no STF!!   Sabia???     Vai torar!!', 'authorDisplayName': 'Canal SAÚDE Culinária e BELEZA', 'authorProfileImageUrl': 'https://yt3.ggpht.com/Yjn4mVhvReCjiuf6dXNXeRCIkVvc0p8FTLGw6vdqPrIThN_gPS_3ncZ2-IH_KVSD5R-G7kEOZg=s48-c-k-c0x00ffffff-no-rj', 'authorChannelUrl': 'http://www.youtube.com/channel/UC3EeTdqeuZLcG7CReLi1Dvw', 'authorChannelId': {'value': 'UC3EeTdqeuZLcG7CReLi1Dvw'}, 'canRate': True, 'viewerRating': 'none', 'likeCount': 1, 'publishedAt': '2022-10-23T22:14:53Z', 'updatedAt': '2022-10-23T22:14:53Z'}}, 'canReply': True, 'totalReplyCount': 0, 'isPublic': True}",,UC3EeTdqeuZLcG7CReLi1Dvw,2022-10-23T22:14:53Z,O povo precisa manter a calma e esperar mais 3 meses com o novo Senado Federal!!    Haverá impeachment no STF!!   Sabia???     Vai torar!!,QURTSl9pM1BBRGo4c1JoZWZ6WjZoWlRRQ1lrYUFHS2p0NkFKclUxaEFSRUVjVWFwd3FTZ2k1cWU3VGZIdS1WRFd6QkNBTjFCVENEZnZwZw==,2023-06-08 14:52:48.049091
youtube#commentThread,YtcQFI24CnfrwFa-0Z17ssNyPjU,UgwzJH2oYUD5KKMOHp94AaABAg,"{'videoId': 'zEfTDpfyt1o', 'topLevelComment': {'kind': 'youtube#comment', 'etag': '3A8pwzajAyj4f4CRqiSRUpgAyCo', 'id': 'UgwzJH2oYUD5KKMOHp94AaABAg', 'snippet': {'videoId': 'zEfTDpfyt1o', 'textDisplay': 'Olha onde isso tudo vai parar', 'textOriginal': 'Olha onde isso tudo vai parar', 'authorDisplayName': 'Marisa Maas', 'authorProfileImageUrl': 'https://yt3.ggpht.com/ytc/AGIKgqOGPEsc9B1osShswB4GWkJsPbcXKIY4jN2JBA=s48-c-k-c0x00ffffff-no-rj', 'authorChannelUrl': 'http://www.youtube.com/channel/UCsxazPqE2ZTSCHmVLOQY6hg', 'authorChannelId': {'value': 'UCsxazPqE2ZTSCHmVLOQY6hg'}, 'canRate': True, 'viewerRating': 'none', 'likeCount': 0, 'publishedAt': '2022-10-23T22:14:52Z', 'updatedAt': '2022-10-23T22:15:05Z'}}, 'canReply': True, 'totalReplyCount': 0, 'isPublic': True}",,UCsxazPqE2ZTSCHmVLOQY6hg,2022-10-23T22:14:52Z,Olha onde isso tudo vai parar,QURTSl9pM1BBRGo4c1JoZWZ6WjZoWlRRQ1lrYUFHS2p0NkFKclUxaEFSRUVjVWFwd3FTZ2k1cWU3VGZIdS1WRFd6QkNBTjFCVENEZnZwZw==,2023-06-08 14:52:48.049091
youtube#commentThread,8EaBTjAfi1ZwvdQIyzcx4OwXGoQ,UgznxgAiVC1God_QiKl4AaABAg,"{'videoId': 'zEfTDpfyt1o', 'topLevelComment': {'kind': 'youtube#comment', 'etag': 'ObymQJHwdDd9zKMstuZNuvfYOF4', 'id': 'UgznxgAiVC1God_QiKl4AaABAg', 'snippet': {'videoId': 'zEfTDpfyt1o', 'textDisplay': 'SO PRA AVISAR AO GADO, BOLSONARO JA FALOU QUE NÃO TEM NADA A VER COM ELE, FALOU QUE NÃO TEM FOTOS COM ELE,QUE NÃO É AMIGO DELE KKKKK! ENQUANTO O GADO TA AI DEFENDENDO ELE O BOLSONARO TIROU O CORPO FORA KKKKKKKKKKKK', 'textOriginal': 'SO PRA AVISAR AO GADO, BOLSONARO JA FALOU QUE NÃO TEM NADA A VER COM ELE, FALOU QUE NÃO TEM FOTOS COM ELE,QUE NÃO É AMIGO DELE KKKKK! ENQUANTO O GADO TA AI DEFENDENDO ELE O BOLSONARO TIROU O CORPO FORA KKKKKKKKKKKK', 'authorDisplayName': 'david sousa', 'authorProfileImageUrl': 'https://yt3.ggpht.com/ytc/AGIKgqNktytgKXWa1mPstoi0F3pfUC-I5eSgltTyXA=s48-c-k-c0x00ffffff-no-rj', 'authorChannelUrl': 'http://www.youtube.com/channel/UCRFa-xcbe1Fafqeinu9sTjQ', 'authorChannelId': {'value': 'UCRFa-xcbe1Fafqeinu9sTjQ'}, 'canRate': True, 'viewerRating': 'none', 'likeCount': 0, 'publishedAt': '2022-10-23T22:14:42Z', 'updatedAt': '2022-10-23T22:14:42Z'}}, 'canReply': True, 'totalReplyCount': 0, 'isPublic': True}",,UCRFa-xcbe1Fafqeinu9sTjQ,2022-10-23T22:14:42Z,"SO PRA AVISAR AO GADO, BOLSONARO JA FALOU QUE NÃO TEM NADA A VER COM ELE, FALOU QUE NÃO TEM FOTOS COM ELE,QUE NÃO É AMIGO DELE KKKKK! ENQUANTO O GADO TA AI DEFENDENDO ELE O BOLSONARO TIROU O CORPO FORA KKKKKKKKKKKK",QURTSl9pM1BBRGo4c1JoZWZ6WjZoWlRRQ1lrYUFHS2p0NkFKclUxaEFSRUVjVWFwd3FTZ2k1cWU3VGZIdS1WRFd6QkNBTjFCVENEZnZwZw==,2023-06-08 14:52:48.049091
youtube#commentThread,mZVRj7G_nat7ochT5tJIz9bSQ5U,UgwknIJYvPQoeTGWinV4AaABAg,"{'videoId': 'zEfTDpfyt1o', 'topLevelComment': {'kind': 'youtube#comment', 'etag': 'zmz-kZwVdJfqiKnQ_HpECzYA0Qc', 'id': 'UgwknIJYvPQoeTGWinV4AaABAg', 'snippet': {'videoId': 'zEfTDpfyt1o', 'textDisplay': 'É  Alexandre de Moraes, o povo ñ aguenta mais! ....', 'textOriginal': 'É  Alexandre de Moraes, o povo ñ aguenta mais! ....', 'authorDisplayName': 'Susana Sakon Yassonubu', 'authorProfileImageUrl': 'https://yt3.ggpht.com/ytc/AGIKgqP4e_YbVb0SHZ11Cz97r0gmeUoMHbSUi6H6ZA=s48-c-k-c0x00ffffff-no-rj', 'authorChannelUrl': 'http://www.youtube.com/channel/UCgMaEHmmIX-Sc4fgNoZnrsw', 'authorChannelId': {'value': 'UCgMaEHmmIX-Sc4fgNoZnrsw'}, 'canRate': True, 'viewerRating': 'none', 'likeCount': 0, 'publishedAt': '2022-10-23T22:14:40Z', 'updatedAt': '2022-10-23T22:14:40Z'}}, 'canReply': True, 'totalReplyCount': 0, 'isPublic': True}",,UCgMaEHmmIX-Sc4fgNoZnrsw,2022-10-23T22:14:40Z,"É  Alexandre de Moraes, o povo ñ aguenta mais! ....",QURTSl9pM1BBRGo4c1JoZWZ6WjZoWlRRQ1lrYUFHS2p0NkFKclUxaEFSRUVjVWFwd3FTZ2k1cWU3VGZIdS1WRFd6QkNBTjFCVENEZnZwZw==,2023-06-08 14:52:48.049091
youtube#commentThread,i1rT74hTAEU_jQQTGRrncftibw8,Ugy-9j7y6MTxZV9CSYN4AaABAg,"{'videoId': 'zEfTDpfyt1o', 'topLevelComment': {'kind': 'youtube#comment', 'etag': '31I2jhELD2dn1ZMKZaWZcYI26Aw', 'id': 'Ugy-9j7y6MTxZV9CSYN4AaABAg', 'snippet': {'videoId': 'zEfTDpfyt1o', 'textDisplay': 'Tudo por causa desse maldito  Alexandre de Moraes. Esse energumeno está  causando tudo isso.', 'textOriginal': 'Tudo por causa desse maldito  Alexandre de Moraes. Esse energumeno está  causando tudo isso.', 'authorDisplayName': 'Lene Cabral', 'authorProfileImageUrl': 'https://yt3.ggpht.com/ytc/AGIKgqPrYBVqDQLIBpaHjQJaJSf8PHJtmcY0KA5Ilg=s48-c-k-c0x00ffffff-no-rj', 'authorChannelUrl': 'http://www.youtube.com/channel/UCcEBJiLKPQ4RLx_Sh18qwMQ', 'authorChannelId': {'value': 'UCcEBJiLKPQ4RLx_Sh18qwMQ'}, 'canRate': True, 'viewerRating': 'none', 'likeCount': 0, 'publishedAt': '2022-10-23T22:14:38Z', 'updatedAt': '2022-10-23T22:14:38Z'}}, 'canReply': True, 'totalReplyCount': 0, 'isPublic': True}",,UCcEBJiLKPQ4RLx_Sh18qwMQ,2022-10-23T22:14:38Z,Tudo por causa desse maldito  Alexandre de Moraes. Esse energumeno está  causando tudo isso.,QURTSl9pM1BBRGo4c1JoZWZ6WjZoWlRRQ1lrYUFHS2p0NkFKclUxaEFSRUVjVWFwd3FTZ2k1cWU3VGZIdS1WRFd6QkNBTjFCVENEZnZwZw==,2023-06-08 14:52:48.049091
youtube#commentThread,ZE1x-Ztr8Bf4wi_3oDSvniSnl0Y,Ugyun4qwumjBC5ivCGt4AaABAg,"{'videoId': 'zEfTDpfyt1o', 'topLevelComment': {'kind': 'youtube#comment', 'etag': '0tIhzvIJczJY6N_nHSoQSvJHXE4', 'id': 'Ugyun4qwumjBC5ivCGt4AaABAg', 'snippet': {'videoId': 'zEfTDpfyt1o', 'textDisplay': 'Somos todos iguais: sabe quantos cidadoes comuns são agredidas?  Vocês sabem muito bem que a Globo distorce fatos e notícias. Também não sou a favor a agressão!! De qualquer profissional, porém o jornalismo hoje vêm perdendo sua confiança, Zé Maria vc sabe que tem muitos que são partidários.', 'textOriginal': 'Somos todos iguais: sabe quantos cidadoes comuns são agredidas?  Vocês sabem muito bem que a Globo distorce fatos e notícias. Também não sou a favor a agressão!! De qualquer profissional, porém o jornalismo hoje vêm perdendo sua confiança, Zé Maria vc sabe que tem muitos que são partidários.', 'authorDisplayName': 'oldair martins da silva Martins', 'authorProfileImageUrl': 'https://yt3.ggpht.com/ytc/AGIKgqOo7GJLsnDBMRq9qyOmO-rNbksKLfQJhzXl5nzRUg=s48-c-k-c0x00ffffff-no-rj', 'authorChannelUrl': 'http://www.youtube.com/channel/UCKVyEJtDHqMU34PzpSnQfhg', 'authorChannelId': {'value': 'UCKVyEJtDHqMU34PzpSnQfhg'}, 'canRate': True, 'viewerRating': 'none', 'likeCount': 0, 'publishedAt': '2022-10-23T22:14:34Z', 'updatedAt': '2022-10-23T22:14:34Z'}}, 'canReply': True, 'totalReplyCount': 0, 'isPublic': True}",,UCKVyEJtDHqMU34PzpSnQfhg,2022-10-23T22:14:34Z,"Somos todos iguais: sabe quantos cidadoes comuns são agredidas?  Vocês sabem muito bem que a Globo distorce fatos e notícias. Também não sou a favor a agressão!! De qualquer profissional, porém o jornalismo hoje vêm perdendo sua confiança, Zé Maria vc sabe que tem muitos que são partidários.",QURTSl9pM1BBRGo4c1JoZWZ6WjZoWlRRQ1lrYUFHS2p0NkFKclUxaEFSRUVjVWFwd3FTZ2k1cWU3VGZIdS1WRFd6QkNBTjFCVENEZnZwZw==,2023-06-08 14:52:48.049091
youtube#commentThread,xBc-EBe2qTGMnj9pGHEURUm_VBg,Ugw-MT8yZAVgiOfMDtJ4AaABAg,"{'videoId': 'zEfTDpfyt1o', 'topLevelComment': {'kind': 'youtube#comment', 'etag': 'zAaWV0XSs1hpZ2Qm4D8KbxGGakE', 'id': 'Ugw-MT8yZAVgiOfMDtJ4AaABAg', 'snippet': {'videoId': 'zEfTDpfyt1o', 'textDisplay': 'Concordo plenamente com o seu comentário!', 'textOriginal': 'Concordo plenamente com o seu comentário!', 'authorDisplayName': 'Aureliano Marques', 'authorProfileImageUrl': 'https://yt3.ggpht.com/ytc/AGIKgqMVZzWZZx3UilGJpmzRgcoo8evmbDjzVKgDLmmRJ3U=s48-c-k-c0x00ffffff-no-rj', 'authorChannelUrl': 'http://www.youtube.com/channel/UCxveuglMB_3-8_u02IYKMMA', 'authorChannelId': {'value': 'UCxveuglMB_3-8_u02IYKMMA'}, 'canRate': True, 'viewerRating': 'none', 'likeCount': 0, 'publishedAt': '2022-10-23T22:14:34Z', 'updatedAt': '2022-10-23T22:14:34Z'}}, 'canReply': True, 'totalReplyCount': 0, 'isPublic': True}",,UCxveuglMB_3-8_u02IYKMMA,2022-10-23T22:14:34Z,Concordo plenamente com o seu comentário!,QURTSl9pM1BBRGo4c1JoZWZ6WjZoWlRRQ1lrYUFHS2p0NkFKclUxaEFSRUVjVWFwd3FTZ2k1cWU3VGZIdS1WRFd6QkNBTjFCVENEZnZwZw==,2023-06-08 14:52:48.049091
youtube#commentThread,U82iiQXLn-sFIQXEWXfgV11zj8o,Ugz0z1MHYBoRJqbgKmh4AaABAg,"{'videoId': 'zEfTDpfyt1o', 'topLevelComment': {'kind': 'youtube#comment', 'etag': '-PD9Fi-3ZVim7YWTfOHVB4QjIrA', 'id': 'Ugz0z1MHYBoRJqbgKmh4AaABAg', 'snippet': {'videoId': 'zEfTDpfyt1o', 'textDisplay': 'Gente Bolsonaro não tem culpa das atitudes dos outros cada tem que ser responsável pelas suas ações', 'textOriginal': 'Gente Bolsonaro não tem culpa das atitudes dos outros cada tem que ser responsável pelas suas ações', 'authorDisplayName': 'Helena Elias', 'authorProfileImageUrl': 'https://yt3.ggpht.com/ytc/AGIKgqNKlBUB7vdz0x6-YcRCi9yfyu3ShoywY-81JQ=s48-c-k-c0x00ffffff-no-rj', 'authorChannelUrl': 'http://www.youtube.com/channel/UC8F5H-cbDTpT_WNtnwjIPfg', 'authorChannelId': {'value': 'UC8F5H-cbDTpT_WNtnwjIPfg'}, 'canRate': True, 'viewerRating': 'none', 'likeCount': 11, 'publishedAt': '2022-10-23T22:14:30Z', 'updatedAt': '2022-10-23T22:14:30Z'}}, 'canReply': True, 'totalReplyCount': 1, 'isPublic': True}","{'comments': [{'kind': 'youtube#comment', 'etag': 'd_8zp9WAPq5ej5voyK5KMj6Db5A', 'id': 'Ugz0z1MHYBoRJqbgKmh4AaABAg.9hY9HSDCTp69hYYXtkPCGv', 'snippet': {'videoId': 'zEfTDpfyt1o', 'textDisplay': 'Ele é o ditador que decepcionou os comunas, que precisaram implantar alguns...no que esperavam dele..se ferraram.. 22 neles..', 'textOriginal': 'Ele é o ditador que decepcionou os comunas, que precisaram implantar alguns...no que esperavam dele..se ferraram.. 22 neles..', 'parentId': 'Ugz0z1MHYBoRJqbgKmh4AaABAg', 'authorDisplayName': 'Tiburcio Nascimento', 'authorProfileImageUrl': 'https://yt3.ggpht.com/ytc/AGIKgqPYJ16XbloZp1nRif2q9UiINjE9b3aLcJFllVpYZmGF8L32gAvFuJ_fm0H5T6oa=s48-c-k-c0x00ffffff-no-rj', 'authorChannelUrl': 'http://www.youtube.com/channel/UCOpVT2WBtvOTmNgRgNreY3Q', 'authorChannelId': {'value': 'UCOpVT2WBtvOTmNgRgNreY3Q'}, 'canRate': True, 'viewerRating': 'none', 'likeCount': 0, 'publishedAt': '2022-10-24T01:55:12Z', 'updatedAt': '2022-10-24T01:55:12Z'}}]}",UC8F5H-cbDTpT_WNtnwjIPfg,2022-10-23T22:14:30Z,Gente Bolsonaro não tem culpa das atitudes dos outros cada tem que ser responsável pelas suas ações,QURTSl9pM1BBRGo4c1JoZWZ6WjZoWlRRQ1lrYUFHS2p0NkFKclUxaEFSRUVjVWFwd3FTZ2k1cWU3VGZIdS1WRFd6QkNBTjFCVENEZnZwZw==,2023-06-08 14:52:48.049091
youtube#commentThread,wTaJDn1pqptLv08IWMDnBNELkB0,Ugx_PeT2LW9TJS77rk94AaABAg,"{'videoId': 'zEfTDpfyt1o', 'topLevelComment': {'kind': 'youtube#comment', 'etag': 'BqLCelt2AfRzcjUZrf-_NpYXvSk', 'id': 'Ugx_PeT2LW9TJS77rk94AaABAg', 'snippet': {'videoId': 'zEfTDpfyt1o', 'textDisplay': 'Isso é infiltrado. Quem não vê ?! O cara jogou câmera no chão.', 'textOriginal': 'Isso é infiltrado. Quem não vê ?! O cara jogou câmera no chão.', 'authorDisplayName': 'L.Hodson', 'authorProfileImageUrl': 'https://yt3.ggpht.com/Tc5YlWf9tNG9MhBW1N8DHBNz1UtSIVN08Awk5SOr0PJYN0iGb_1QI_oar9vOcTpAq5BqN2Fb=s48-c-k-c0x00ffffff-no-rj', 'authorChannelUrl': 'http://www.youtube.com/channel/UCoouLoNtN2GVDJWGeWjpLng', 'authorChannelId': {'value': 'UCoouLoNtN2GVDJWGeWjpLng'}, 'canRate': True, 'viewerRating': 'none', 'likeCount': 0, 'publishedAt': '2022-10-23T22:14:28Z', 'updatedAt': '2022-10-23T22:14:28Z'}}, 'canReply': True, 'totalReplyCount': 0, 'isPublic': True}",,UCoouLoNtN2GVDJWGeWjpLng,2022-10-23T22:14:28Z,Isso é infiltrado. Quem não vê ?! O cara jogou câmera no chão.,QURTSl9pM1BBRGo4c1JoZWZ6WjZoWlRRQ1lrYUFHS2p0NkFKclUxaEFSRUVjVWFwd3FTZ2k1cWU3VGZIdS1WRFd6QkNBTjFCVENEZnZwZw==,2023-06-08 14:52:48.049091
youtube#commentThread,hYqOwp5hkDJbwIYQNIx4_tbNKLE,UgzWaD5Hj8BiJFJd03B4AaABAg,"{'videoId': 'zEfTDpfyt1o', 'topLevelComment': {'kind': 'youtube#comment', 'etag': 'UwZTmpCUdyLiPZ8Zjb5m6tOVcsY', 'id': 'UgzWaD5Hj8BiJFJd03B4AaABAg', 'snippet': {'videoId': 'zEfTDpfyt1o', 'textDisplay': 'Força Bob', 'textOriginal': 'Força Bob', 'authorDisplayName': 'Roberto Minas Novas', 'authorProfileImageUrl': 'https://yt3.ggpht.com/ytc/AGIKgqPQYQ4REBZDxif-caWB0LXLsdxVK6R3NUQDKA=s48-c-k-c0x00ffffff-no-rj', 'authorChannelUrl': 'http://www.youtube.com/channel/UCMXXGDZTmDxXEgnmzR13rfQ', 'authorChannelId': {'value': 'UCMXXGDZTmDxXEgnmzR13rfQ'}, 'canRate': True, 'viewerRating': 'none', 'likeCount': 0, 'publishedAt': '2022-10-23T22:14:26Z', 'updatedAt': '2022-10-23T22:14:26Z'}}, 'canReply': True, 'totalReplyCount': 0, 'isPublic': True}",,UCMXXGDZTmDxXEgnmzR13rfQ,2022-10-23T22:14:26Z,Força Bob,QURTSl9pM1BBRGo4c1JoZWZ6WjZoWlRRQ1lrYUFHS2p0NkFKclUxaEFSRUVjVWFwd3FTZ2k1cWU3VGZIdS1WRFd6QkNBTjFCVENEZnZwZw==,2023-06-08 14:52:48.049091
youtube#commentThread,XfSLJ6sHyHZn2FfR0hHEOEttIBw,UgyiFhrA4G3dZytDoO14AaABAg,"{'videoId': 'zEfTDpfyt1o', 'topLevelComment': {'kind': 'youtube#comment', 'etag': 'ZTDUFTh9NuG3RCoa4bbX7duLFzU', 'id': 'UgyiFhrA4G3dZytDoO14AaABAg', 'snippet': {'videoId': 'zEfTDpfyt1o', 'textDisplay': 'Estamos lutando contra a censura e fazem isso  , não pode , nada justifica quem faz isso  triste episódio<br>A culpa de tudo isso eh um senado omisso', 'textOriginal': 'Estamos lutando contra a censura e fazem isso  , não pode , nada justifica quem faz isso  triste episódio\\nA culpa de tudo isso eh um senado omisso', 'authorDisplayName': 'Claudia Camara Nunes', 'authorProfileImageUrl': 'https://yt3.ggpht.com/ytc/AGIKgqP2g0FWY6-LPBXMccJjlv4_CA952V0hQG-jmA=s48-c-k-c0x00ffffff-no-rj', 'authorChannelUrl': 'http://www.youtube.com/channel/UChwZlno1BB4TSXYgw_DR6yQ', 'authorChannelId': {'value': 'UChwZlno1BB4TSXYgw_DR6yQ'}, 'canRate': True, 'viewerRating': 'none', 'likeCount': 39, 'publishedAt': '2022-10-23T22:14:26Z', 'updatedAt': '2022-10-23T22:18:58Z'}}, 'canReply': True, 'totalReplyCount': 3, 'isPublic': True}","{'comments': [{'kind': 'youtube#comment', 'etag': 'GlQzwhNTZHvHVEZrFJYZyC6wMpw', 'id': 'UgyiFhrA4G3dZytDoO14AaABAg.9hY9Gzop4UR9hYPsGNt4DU', 'snippet': {'videoId': 'zEfTDpfyt1o', 'textDisplay': 'Senado omisso, justiça  descaradamente militante,  PF conivente,  mídia tradicional  e institutos de pesquisa vendidos, derrotados inconformados, bandidos soltos e descriminalizados... Um emocionante fim de novela, que encerra dia 30, com a derrota dos vilões,  queira Deus..', 'textOriginal': 'Senado omisso, justiça  descaradamente militante,  PF conivente,  mídia tradicional  e institutos de pesquisa vendidos, derrotados inconformados, bandidos soltos e descriminalizados... Um emocionante fim de novela, que encerra dia 30, com a derrota dos vilões,  queira Deus..', 'parentId': 'UgyiFhrA4G3dZytDoO14AaABAg', 'authorDisplayName': 'Tiburcio Nascimento', 'authorProfileImageUrl': 'https://yt3.ggpht.com/ytc/AGIKgqPYJ16XbloZp1nRif2q9UiINjE9b3aLcJFllVpYZmGF8L32gAvFuJ_fm0H5T6oa=s48-c-k-c0x00ffffff-no-rj', 'authorChannelUrl': 'http://www.youtube.com/channel/UCOpVT2WBtvOTmNgRgNreY3Q', 'authorChannelId': {'value': 'UCOpVT2WBtvOTmNgRgNreY3Q'}, 'canRate': True, 'viewerRating': 'none', 'likeCount': 0, 'publishedAt': '2022-10-24T00:39:28Z', 'updatedAt': '2022-10-24T00:39:28Z'}}, {'kind': 'youtube#comment', 'etag': 'flu540oJOLZO9K6W4ijO2RStfMw', 'id': 'UgyiFhrA4G3dZytDoO14AaABAg.9hY9Gzop4UR9hYBredUy37', 'snippet': {'videoId': 'zEfTDpfyt1o', 'textDisplay': 'Falou certo, Senado omisso. Senado de rabo preso.', 'textOriginal': 'Falou certo, Senado omisso. Senado de rabo preso.', 'parentId': 'UgyiFhrA4G3dZytDoO14AaABAg', 'authorDisplayName': 'Edson Gilmar Schwingel', 'authorProfileImageUrl': 'https://yt3.ggpht.com/ytc/AGIKgqM4lrcAsNNuAJs7dY755g1WqO9QgRmCwAXx4Q=s48-c-k-c0x00ffffff-no-rj', 'authorChannelUrl': 'http://www.youtube.com/channel/UCLtuZOm0S3svZ8uZsekufyA', 'authorChannelId': {'value': 'UCLtuZOm0S3svZ8uZsekufyA'}, 'canRate': True, 'viewerRating': 'none', 'likeCount': 2, 'publishedAt': '2022-10-23T22:37:03Z', 'updatedAt': '2022-10-23T22:37:03Z'}}, {'kind': 'youtube#comment', 'etag': 'Lct9TT68motjyQLD-STqpANPuLc', 'id': 'UgyiFhrA4G3dZytDoO14AaABAg.9hY9Gzop4UR9hYBcpXibTZ', 'snippet': {'videoId': 'zEfTDpfyt1o', 'textDisplay': 'Culpa do Bolsonaro', 'textOriginal': 'Culpa do Bolsonaro', 'parentId': 'UgyiFhrA4G3dZytDoO14AaABAg', 'authorDisplayName': 'Eva Rodrigues Barbosa Pelozi', 'authorProfileImageUrl': 'https://yt3.ggpht.com/ytc/AGIKgqNdkGQa9bgbepJ3PDbg_J-UONEWUVrEof9ETbOZmqoLV45CyqPovdkum9R_dCeB=s48-c-k-c0x00ffffff-no-rj', 'authorChannelUrl': 'http://www.youtube.com/channel/UC3z0N4-Bz4RMYL-A_rKgL-g', 'authorChannelId': {'value': 'UC3z0N4-Bz4RMYL-A_rKgL-g'}, 'canRate': True, 'viewerRating': 'none', 'likeCount': 0, 'publishedAt': '2022-10-23T22:35:02Z', 'updatedAt': '2022-10-23T22:35:02Z'}}]}",UChwZlno1BB4TSXYgw_DR6yQ,2022-10-23T22:14:26Z,"Estamos lutando contra a censura e fazem isso  , não pode , nada justifica quem faz isso  triste episódio
A culpa de tudo isso eh um senado omisso",QURTSl9pM1BBRGo4c1JoZWZ6WjZoWlRRQ1lrYUFHS2p0NkFKclUxaEFSRUVjVWFwd3FTZ2k1cWU3VGZIdS1WRFd6QkNBTjFCVENEZnZwZw==,2023-06-08 14:52:48.049091
youtube#commentThread,lTAsPxYk5iGmVBWg2d3RMtHWqLM,UgwHkdg-6Oz6iaL05_l4AaABAg,"{'videoId': 'zEfTDpfyt1o', 'topLevelComment': {'kind': 'youtube#comment', 'etag': 'KAYzKhQJdV_uW11QGHxBpVUfwF0', 'id': 'UgwHkdg-6Oz6iaL05_l4AaABAg', 'snippet': {'videoId': 'zEfTDpfyt1o', 'textDisplay': 'a globo é a primeira a apoiar a censura !', 'textOriginal': 'a globo é a primeira a apoiar a censura !', 'authorDisplayName': 'Ex Machina', 'authorProfileImageUrl': 'https://yt3.ggpht.com/ytc/AGIKgqPsR-6gruuHVsbpqK-UV5LtFHJ_xO91MXYt0_Cw4A=s48-c-k-c0x00ffffff-no-rj', 'authorChannelUrl': 'http://www.youtube.com/channel/UCz9xVpSQA62kH0snxsu6JPg', 'authorChannelId': {'value': 'UCz9xVpSQA62kH0snxsu6JPg'}, 'canRate': True, 'viewerRating': 'none', 'likeCount': 0, 'publishedAt': '2022-10-23T22:14:25Z', 'updatedAt': '2022-10-23T22:14:25Z'}}, 'canReply': True, 'totalReplyCount': 0, 'isPublic': True}",,UCz9xVpSQA62kH0snxsu6JPg,2022-10-23T22:14:25Z,a globo é a primeira a apoiar a censura !,QURTSl9pM1BBRGo4c1JoZWZ6WjZoWlRRQ1lrYUFHS2p0NkFKclUxaEFSRUVjVWFwd3FTZ2k1cWU3VGZIdS1WRFd6QkNBTjFCVENEZnZwZw==,2023-06-08 14:52:48.049091
youtube#commentThread,_YCnASF9738XagY6DzpahyWWqQs,UgzoB1TEC-vfiP-iA9t4AaABAg,"{'videoId': 'zEfTDpfyt1o', 'topLevelComment': {'kind': 'youtube#comment', 'etag': 'v_ezH99UiW7psiR7XwYPZEkB-AQ', 'id': 'UgzoB1TEC-vfiP-iA9t4AaABAg', 'snippet': {'videoId': 'zEfTDpfyt1o', 'textDisplay': 'Certíssimo', 'textOriginal': 'Certíssimo', 'authorDisplayName': 'Maria Bernadete De Oliveira Santanna', 'authorProfileImageUrl': 'https://yt3.ggpht.com/ytc/AGIKgqMmhS_K7A7tVDkDGGvphWQItPyeKuulYr2FOjBp1s-_PiyKvjiePWVNPYfB_gcV=s48-c-k-c0x00ffffff-no-rj', 'authorChannelUrl': 'http://www.youtube.com/channel/UCCOjO_NzC1JZpPCtT7X2-pA', 'authorChannelId': {'value': 'UCCOjO_NzC1JZpPCtT7X2-pA'}, 'canRate': True, 'viewerRating': 'none', 'likeCount': 0, 'publishedAt': '2022-10-23T22:14:25Z', 'updatedAt': '2022-10-23T22:14:25Z'}}, 'canReply': True, 'totalReplyCount': 0, 'isPublic': True}",,UCCOjO_NzC1JZpPCtT7X2-pA,2022-10-23T22:14:25Z,Certíssimo,QURTSl9pM1BBRGo4c1JoZWZ6WjZoWlRRQ1lrYUFHS2p0NkFKclUxaEFSRUVjVWFwd3FTZ2k1cWU3VGZIdS1WRFd6QkNBTjFCVENEZnZwZw==,2023-06-08 14:52:48.049091
youtube#commentThread,5n_PGMxX_a9hPi1A1rYo6H6Y2yk,UgyrFY3vwD0V6vt5QEF4AaABAg,"{'videoId': 'zEfTDpfyt1o', 'topLevelComment': {'kind': 'youtube#comment', 'etag': 'XfY4NBm27HHWV4j0dLj56Dq7cU8', 'id': 'UgyrFY3vwD0V6vt5QEF4AaABAg', 'snippet': {'videoId': 'zEfTDpfyt1o', 'textDisplay': 'O bandido Alexandre colocou Caos antes das eleições. Roberto Jefferson caiu na armadilha do Bandido. Parabéns aos policiais que atacam pedido do bandido Alexandre de Moraes. AGORA VÃO TENTAR MATAR O ROBERTO JEFFERSON NA CADEIA.', 'textOriginal': 'O bandido Alexandre colocou Caos antes das eleições. Roberto Jefferson caiu na armadilha do Bandido. Parabéns aos policiais que atacam pedido do bandido Alexandre de Moraes. AGORA VÃO TENTAR MATAR O ROBERTO JEFFERSON NA CADEIA.', 'authorDisplayName': 'Ana Paula Santos', 'authorProfileImageUrl': 'https://yt3.ggpht.com/zhHAN7zRdt6Vrgsar8pcqajf5KH3tFI7yuhZPZZBwmQJllLPygP7wX4Tc6T-Vrc-_Qe11xeLHQ=s48-c-k-c0x00ffffff-no-rj', 'authorChannelUrl': 'http://www.youtube.com/channel/UCUee_p-cU0ZeTiG5ng5PmMw', 'authorChannelId': {'value': 'UCUee_p-cU0ZeTiG5ng5PmMw'}, 'canRate': True, 'viewerRating': 'none', 'likeCount': 0, 'publishedAt': '2022-10-23T22:14:24Z', 'updatedAt': '2022-10-23T22:19:31Z'}}, 'canReply': True, 'totalReplyCount': 0, 'isPublic': True}",,UCUee_p-cU0ZeTiG5ng5PmMw,2022-10-23T22:14:24Z,O bandido Alexandre colocou Caos antes das eleições. Roberto Jefferson caiu na armadilha do Bandido. Parabéns aos policiais que atacam pedido do bandido Alexandre de Moraes. AGORA VÃO TENTAR MATAR O ROBERTO JEFFERSON NA CADEIA.,QURTSl9pM1BBRGo4c1JoZWZ6WjZoWlRRQ1lrYUFHS2p0NkFKclUxaEFSRUVjVWFwd3FTZ2k1cWU3VGZIdS1WRFd6QkNBTjFCVENEZnZwZw==,2023-06-08 14:52:48.049091
youtube#commentThread,eSDGvQK1fuLFHARkT-BIS0366Dw,Ugz16cA8MICj9sr2QWl4AaABAg,"{'videoId': 'zEfTDpfyt1o', 'topLevelComment': {'kind': 'youtube#comment', 'etag': '2zQQhvZXNu9Rfj-9DleH6p2oCqY', 'id': 'Ugz16cA8MICj9sr2QWl4AaABAg', 'snippet': {'videoId': 'zEfTDpfyt1o', 'textDisplay': 'Voces estão  todo com o rabo preso', 'textOriginal': 'Voces estão  todo com o rabo preso', 'authorDisplayName': 'Thereza Christina', 'authorProfileImageUrl': 'https://yt3.ggpht.com/ytc/AGIKgqPxmrdQSrjiI5Ie6NXCjA1_1dnXgXRE5ze-iA=s48-c-k-c0x00ffffff-no-rj', 'authorChannelUrl': 'http://www.youtube.com/channel/UC2We5LA2gNMDr3O_iNwVM0A', 'authorChannelId': {'value': 'UC2We5LA2gNMDr3O_iNwVM0A'}, 'canRate': True, 'viewerRating': 'none', 'likeCount': 0, 'publishedAt': '2022-10-23T22:14:23Z', 'updatedAt': '2022-10-23T22:14:23Z'}}, 'canReply': True, 'totalReplyCount': 0, 'isPublic': True}",,UC2We5LA2gNMDr3O_iNwVM0A,2022-10-23T22:14:23Z,Voces estão  todo com o rabo preso,QURTSl9pM1BBRGo4c1JoZWZ6WjZoWlRRQ1lrYUFHS2p0NkFKclUxaEFSRUVjVWFwd3FTZ2k1cWU3VGZIdS1WRFd6QkNBTjFCVENEZnZwZw==,2023-06-08 14:52:48.049091
youtube#commentThread,ytb84k8sp5UcxHq2vS16NqeYkgc,UgyVgo9MQ5YOXh2jaJx4AaABAg,"{'videoId': 'zEfTDpfyt1o', 'topLevelComment': {'kind': 'youtube#comment', 'etag': 'CKsOe2hysAsyPGMDcU9-xeOsudo', 'id': 'UgyVgo9MQ5YOXh2jaJx4AaABAg', 'snippet': {'videoId': 'zEfTDpfyt1o', 'textDisplay': 'Cidadão de bem bolsonarista agressivo ? Antes a jovem pan não repudiava isso contra a &quot;globolixo&quot;. Efeito Xandão.', 'textOriginal': 'Cidadão de bem bolsonarista agressivo ? Antes a jovem pan não repudiava isso contra a ""globolixo"". Efeito Xandão.', 'authorDisplayName': '** Sergius Septmus Severus', 'authorProfileImageUrl': 'https://yt3.ggpht.com/3p-ZI6OsjjdafU28cwkBf7MJAthg8bnDowhnT04NoDsCFo08cdGAH9bYUyTq8uzLEoYUfJ_6tA=s48-c-k-c0x00ffffff-no-rj', 'authorChannelUrl': 'http://www.youtube.com/channel/UCyyNwyZ8eWANQHbnM1JrGFg', 'authorChannelId': {'value': 'UCyyNwyZ8eWANQHbnM1JrGFg'}, 'canRate': True, 'viewerRating': 'none', 'likeCount': 0, 'publishedAt': '2022-10-23T22:14:18Z', 'updatedAt': '2022-10-23T22:18:20Z'}}, 'canReply': True, 'totalReplyCount': 0, 'isPublic': True}",,UCyyNwyZ8eWANQHbnM1JrGFg,2022-10-23T22:14:18Z,"Cidadão de bem bolsonarista agressivo ? Antes a jovem pan não repudiava isso contra a ""globolixo"". Efeito Xandão.",QURTSl9pM1BBRGo4c1JoZWZ6WjZoWlRRQ1lrYUFHS2p0NkFKclUxaEFSRUVjVWFwd3FTZ2k1cWU3VGZIdS1WRFd6QkNBTjFCVENEZnZwZw==,2023-06-08 14:52:48.049091
youtube#commentThread,Ul6Jfgsvfe33V--nDc_zpp2irDM,UgwDN710vUEds30JFSZ4AaABAg,"{'videoId': 'zEfTDpfyt1o', 'topLevelComment': {'kind': 'youtube#comment', 'etag': 'H5yqmgKtxBQQp0mj0uzLq_ZXwNk', 'id': 'UgwDN710vUEds30JFSZ4AaABAg', 'snippet': {'videoId': 'zEfTDpfyt1o', 'textDisplay': 'Nossa q absurdo  cara trabalhando  e foi acredito não  pode', 'textOriginal': 'Nossa q absurdo  cara trabalhando  e foi acredito não  pode', 'authorDisplayName': 'Raimundo Gomes Gomes', 'authorProfileImageUrl': 'https://yt3.ggpht.com/ytc/AGIKgqNtbnTdfvN3t9pOIdKaK4-uPIaxUMjAb8Nf8A=s48-c-k-c0x00ffffff-no-rj', 'authorChannelUrl': 'http://www.youtube.com/channel/UCh9QH58SuSXFRNYhAOS2Ukg', 'authorChannelId': {'value': 'UCh9QH58SuSXFRNYhAOS2Ukg'}, 'canRate': True, 'viewerRating': 'none', 'likeCount': 0, 'publishedAt': '2022-10-23T22:14:17Z', 'updatedAt': '2022-10-23T22:14:17Z'}}, 'canReply': True, 'totalReplyCount': 0, 'isPublic': True}",,UCh9QH58SuSXFRNYhAOS2Ukg,2022-10-23T22:14:17Z,Nossa q absurdo  cara trabalhando  e foi acredito não  pode,QURTSl9pM1BBRGo4c1JoZWZ6WjZoWlRRQ1lrYUFHS2p0NkFKclUxaEFSRUVjVWFwd3FTZ2k1cWU3VGZIdS1WRFd6QkNBTjFCVENEZnZwZw==,2023-06-08 14:52:48.049091
youtube#commentThread,_FgMoeplKKHU3aQPQrtxkf8kTNI,UgwW-YfAClwDKvAcps54AaABAg,"{'videoId': 'zEfTDpfyt1o', 'topLevelComment': {'kind': 'youtube#comment', 'etag': '5syQd5b4ZlO6iRZoMvwsQv0_5HQ', 'id': 'UgwW-YfAClwDKvAcps54AaABAg', 'snippet': {'videoId': 'zEfTDpfyt1o', 'textDisplay': 'Vcs estam censurados pelo XANDÃO também  triste', 'textOriginal': 'Vcs estam censurados pelo XANDÃO também  triste', 'authorDisplayName': 'Tania Alves', 'authorProfileImageUrl': 'https://yt3.ggpht.com/ytc/AGIKgqNWx6cxYDnQ9go9x7GA3IsoN5pPGfhaF7UVpQ=s48-c-k-c0x00ffffff-no-rj', 'authorChannelUrl': 'http://www.youtube.com/channel/UCUv8IGTIfxkVxdBKzEdZFBg', 'authorChannelId': {'value': 'UCUv8IGTIfxkVxdBKzEdZFBg'}, 'canRate': True, 'viewerRating': 'none', 'likeCount': 0, 'publishedAt': '2022-10-23T22:14:16Z', 'updatedAt': '2022-10-23T22:14:16Z'}}, 'canReply': True, 'totalReplyCount': 0, 'isPublic': True}",,UCUv8IGTIfxkVxdBKzEdZFBg,2022-10-23T22:14:16Z,Vcs estam censurados pelo XANDÃO também  triste,QURTSl9pM1BBRGo4c1JoZWZ6WjZoWlRRQ1lrYUFHS2p0NkFKclUxaEFSRUVjVWFwd3FTZ2k1cWU3VGZIdS1WRFd6QkNBTjFCVENEZnZwZw==,2023-06-08 14:52:48.049091
youtube#commentThread,nC4yU2iOF83D9hVrBxEzUpIxuwo,Ugz5LRrZxytsa5sEuQV4AaABAg,"{'videoId': 'zEfTDpfyt1o', 'topLevelComment': {'kind': 'youtube#comment', 'etag': '_egQYnHAF4dr-nxUqhX7G9hP1wg', 'id': 'Ugz5LRrZxytsa5sEuQV4AaABAg', 'snippet': {'videoId': 'zEfTDpfyt1o', 'textDisplay': 'Não podem fazer isso o cinegrafista  não te culpa ,agressão  nunca ,não devemos  agredir um profissional', 'textOriginal': 'Não podem fazer isso o cinegrafista  não te culpa ,agressão  nunca ,não devemos  agredir um profissional', 'authorDisplayName': 'Wendell Santana', 'authorProfileImageUrl': 'https://yt3.ggpht.com/DHpBB8MJc9uqd_VTErLoVcDcFQ9TOO7r_HtSp5y9kD_LmGCZ4_bAHWNqbqSRiMrD5oCvPPKkDA=s48-c-k-c0x00ffffff-no-rj', 'authorChannelUrl': 'http://www.youtube.com/channel/UCcRookX9CGqXhUKr6as57Fw', 'authorChannelId': {'value': 'UCcRookX9CGqXhUKr6as57Fw'}, 'canRate': True, 'viewerRating': 'none', 'likeCount': 0, 'publishedAt': '2022-10-23T22:14:10Z', 'updatedAt': '2022-10-23T22:14:10Z'}}, 'canReply': True, 'totalReplyCount': 0, 'isPublic': True}",,UCcRookX9CGqXhUKr6as57Fw,2022-10-23T22:14:10Z,"Não podem fazer isso o cinegrafista  não te culpa ,agressão  nunca ,não devemos  agredir um profissional",QURTSl9pM1BBRGo4c1JoZWZ6WjZoWlRRQ1lrYUFHS2p0NkFKclUxaEFSRUVjVWFwd3FTZ2k1cWU3VGZIdS1WRFd6QkNBTjFCVENEZnZwZw==,2023-06-08 14:52:48.049091
youtube#commentThread,u3HRl3jChV0_ARzk-_zHQtz687o,Ugyr9SYfv5lqk7y0Tih4AaABAg,"{'videoId': 'zEfTDpfyt1o', 'topLevelComment': {'kind': 'youtube#comment', 'etag': 'a3bRtwKOveabAveL6HZ2dMT7904', 'id': 'Ugyr9SYfv5lqk7y0Tih4AaABAg', 'snippet': {'videoId': 'zEfTDpfyt1o', 'textDisplay': 'Olha ! Nós estamos onde estamos por causa dessa imprensa ( tipo globolixo/ bandlixo ) /se mostrasse o que está acontecendo / não estaríamos nessa situação', 'textOriginal': 'Olha ! Nós estamos onde estamos por causa dessa imprensa ( tipo globolixo/ bandlixo ) /se mostrasse o que está acontecendo / não estaríamos nessa situação', 'authorDisplayName': 'Anita Pontes', 'authorProfileImageUrl': 'https://yt3.ggpht.com/ytc/AGIKgqOUvxsPfhsp9wv6VLw4yL2U06WmxXGWweUuww=s48-c-k-c0x00ffffff-no-rj', 'authorChannelUrl': 'http://www.youtube.com/channel/UCOewmO2GzppKiPoBSg1Jjkg', 'authorChannelId': {'value': 'UCOewmO2GzppKiPoBSg1Jjkg'}, 'canRate': True, 'viewerRating': 'none', 'likeCount': 26, 'publishedAt': '2022-10-23T22:14:08Z', 'updatedAt': '2022-10-23T22:14:08Z'}}, 'canReply': True, 'totalReplyCount': 0, 'isPublic': True}",,UCOewmO2GzppKiPoBSg1Jjkg,2022-10-23T22:14:08Z,Olha ! Nós estamos onde estamos por causa dessa imprensa ( tipo globolixo/ bandlixo ) /se mostrasse o que está acontecendo / não estaríamos nessa situação,QURTSl9pM1BBRGo4c1JoZWZ6WjZoWlRRQ1lrYUFHS2p0NkFKclUxaEFSRUVjVWFwd3FTZ2k1cWU3VGZIdS1WRFd6QkNBTjFCVENEZnZwZw==,2023-06-08 14:52:48.049091
youtube#commentThread,h5Gq2stusBjOVpr2TE__BjraFDQ,UgynMl2kH5-6lqdvknx4AaABAg,"{'videoId': 'zEfTDpfyt1o', 'topLevelComment': {'kind': 'youtube#comment', 'etag': 'FMLEOFMdWl-lFGLopeeND4ozZbU', 'id': 'UgynMl2kH5-6lqdvknx4AaABAg', 'snippet': {'videoId': 'zEfTDpfyt1o', 'textDisplay': 'Meu Deus do céu.  Tudo isso por causa de uma canetada.', 'textOriginal': 'Meu Deus do céu.  Tudo isso por causa de uma canetada.', 'authorDisplayName': 'Sol Guimarães', 'authorProfileImageUrl': 'https://yt3.ggpht.com/xiUO0M9LnImVMOZxWavV_Ms5JrGBSCf57TBucrLJvqw-fE62BS4332JEN9sRLN1p9SOl6lwBG7s=s48-c-k-c0x00ffffff-no-rj', 'authorChannelUrl': 'http://www.youtube.com/channel/UCiQZdZ53Lye8lexP2cSZ83g', 'authorChannelId': {'value': 'UCiQZdZ53Lye8lexP2cSZ83g'}, 'canRate': True, 'viewerRating': 'none', 'likeCount': 0, 'publishedAt': '2022-10-23T22:14:05Z', 'updatedAt': '2022-10-23T22:14:05Z'}}, 'canReply': True, 'totalReplyCount': 0, 'isPublic': True}",,UCiQZdZ53Lye8lexP2cSZ83g,2022-10-23T22:14:05Z,Meu Deus do céu.  Tudo isso por causa de uma canetada.,QURTSl9pM1BBRGo4c1JoZWZ6WjZoWlRRQ1lrYUFHS2p0NkFKclUxaEFSRUVjVWFwd3FTZ2k1cWU3VGZIdS1WRFd6QkNBTjFCVENEZnZwZw==,2023-06-08 14:52:48.049091
youtube#commentThread,f1gA4SPq0bAik3NpYevQv6lR-OI,UgzNEnqLX-JkZTuyqfZ4AaABAg,"{'videoId': 'zEfTDpfyt1o', 'topLevelComment': {'kind': 'youtube#comment', 'etag': 'VI3WADDDgUg6uQcJm6KYSl3X3AI', 'id': 'UgzNEnqLX-JkZTuyqfZ4AaABAg', 'snippet': {'videoId': 'zEfTDpfyt1o', 'textDisplay': 'A insegurança foi instalada...misericórdia!!', 'textOriginal': 'A insegurança foi instalada...misericórdia!!', 'authorDisplayName': 'Linda Dirce Lopes de Almeida', 'authorProfileImageUrl': 'https://yt3.ggpht.com/ytc/AGIKgqMRkiIFpPBr6KlXLl9sXr2LkPjD2Wxvy5ie6A=s48-c-k-c0x00ffffff-no-rj', 'authorChannelUrl': 'http://www.youtube.com/channel/UC5UQb0Mu3XG2wmxxsJMLt9g', 'authorChannelId': {'value': 'UC5UQb0Mu3XG2wmxxsJMLt9g'}, 'canRate': True, 'viewerRating': 'none', 'likeCount': 0, 'publishedAt': '2022-10-23T22:14:04Z', 'updatedAt': '2022-10-23T22:14:04Z'}}, 'canReply': True, 'totalReplyCount': 0, 'isPublic': True}",,UC5UQb0Mu3XG2wmxxsJMLt9g,2022-10-23T22:14:04Z,A insegurança foi instalada...misericórdia!!,QURTSl9pM1BBRGo4c1JoZWZ6WjZoWlRRQ1lrYUFHS2p0NkFKclUxaEFSRUVjVWFwd3FTZ2k1cWU3VGZIdS1WRFd6QkNBTjFCVENEZnZwZw==,2023-06-08 14:52:48.049091
youtube#commentThread,Wa_2x217SoAHJYBiLdlvWZ8JT_4,UgxrCF9M8xqg1URwb-p4AaABAg,"{'videoId': 'zEfTDpfyt1o', 'topLevelComment': {'kind': 'youtube#comment', 'etag': 'tCU995KOXFUr8YL2xjWojDHI6Fo', 'id': 'UgxrCF9M8xqg1URwb-p4AaABAg', 'snippet': {'videoId': 'zEfTDpfyt1o', 'textDisplay': 'Porém a JP não faz repúdio a censura?', 'textOriginal': 'Porém a JP não faz repúdio a censura?', 'authorDisplayName': 'Silvio Carvalho', 'authorProfileImageUrl': 'https://yt3.ggpht.com/ytc/AGIKgqNXBVamgfQSBdor70OBPlZ6j8X0J1xziErDJzg-MqlOrNceMwaPop841nIS9lEf=s48-c-k-c0x00ffffff-no-rj', 'authorChannelUrl': 'http://www.youtube.com/channel/UCkgLolHGWHRjdkBPsGUzIxA', 'authorChannelId': {'value': 'UCkgLolHGWHRjdkBPsGUzIxA'}, 'canRate': True, 'viewerRating': 'none', 'likeCount': 0, 'publishedAt': '2022-10-23T22:14:04Z', 'updatedAt': '2022-10-23T22:14:04Z'}}, 'canReply': True, 'totalReplyCount': 0, 'isPublic': True}",,UCkgLolHGWHRjdkBPsGUzIxA,2022-10-23T22:14:04Z,Porém a JP não faz repúdio a censura?,QURTSl9pM1BBRGo4c1JoZWZ6WjZoWlRRQ1lrYUFHS2p0NkFKclUxaEFSRUVjVWFwd3FTZ2k1cWU3VGZIdS1WRFd6QkNBTjFCVENEZnZwZw==,2023-06-08 14:52:48.049091
youtube#commentThread,FfUnr3tSCXVvcAxtJfwvPwy4Am0,UgxWQuquNYZ3tcqIqZt4AaABAg,"{'videoId': 'zEfTDpfyt1o', 'topLevelComment': {'kind': 'youtube#comment', 'etag': 'Kem_0G7986o3HCz5l6tHTnU01B8', 'id': 'UgxWQuquNYZ3tcqIqZt4AaABAg', 'snippet': {'videoId': 'zEfTDpfyt1o', 'textDisplay': 'Eu estranho porque, toda vez que tem agressão vem da rede Globo. E, eu me pergunto, qual apoio os jornalistas da Globo estão dando a vcs da JP agora nesse momento? Os jornalistas da Globo fazem questão de distorcer a verdade. Nós, bolsonaristas sofremos um absurdo por causa desses jornalistas irresponsáveis da Globo. Não desejo mal a ninguém, mas parece carniceiros em cima do defunto.', 'textOriginal': 'Eu estranho porque, toda vez que tem agressão vem da rede Globo. E, eu me pergunto, qual apoio os jornalistas da Globo estão dando a vcs da JP agora nesse momento? Os jornalistas da Globo fazem questão de distorcer a verdade. Nós, bolsonaristas sofremos um absurdo por causa desses jornalistas irresponsáveis da Globo. Não desejo mal a ninguém, mas parece carniceiros em cima do defunto.', 'authorDisplayName': 'Jacira Faria', 'authorProfileImageUrl': 'https://yt3.ggpht.com/ytc/AGIKgqPTF7HrxmfAdlif0uQ6L0b3WzfD1nF9SB4Yvyzh=s48-c-k-c0x00ffffff-no-rj', 'authorChannelUrl': 'http://www.youtube.com/channel/UCxzf2EYrsYd84ksL9sEHBug', 'authorChannelId': {'value': 'UCxzf2EYrsYd84ksL9sEHBug'}, 'canRate': True, 'viewerRating': 'none', 'likeCount': 0, 'publishedAt': '2022-10-23T22:14:02Z', 'updatedAt': '2022-10-23T22:14:02Z'}}, 'canReply': True, 'totalReplyCount': 0, 'isPublic': True}",,UCxzf2EYrsYd84ksL9sEHBug,2022-10-23T22:14:02Z,"Eu estranho porque, toda vez que tem agressão vem da rede Globo. E, eu me pergunto, qual apoio os jornalistas da Globo estão dando a vcs da JP agora nesse momento? Os jornalistas da Globo fazem questão de distorcer a verdade. Nós, bolsonaristas sofremos um absurdo por causa desses jornalistas irresponsáveis da Globo. Não desejo mal a ninguém, mas parece carniceiros em cima do defunto.",QURTSl9pM1BBRGo4c1JoZWZ6WjZoWlRRQ1lrYUFHS2p0NkFKclUxaEFSRUVjVWFwd3FTZ2k1cWU3VGZIdS1WRFd6QkNBTjFCVENEZnZwZw==,2023-06-08 14:52:48.049091
youtube#commentThread,550A1e1a3aM1vVVZ-3eNWjS5Ad4,Ugy2OSK86Rtxvgh422t4AaABAg,"{'videoId': 'zEfTDpfyt1o', 'topLevelComment': {'kind': 'youtube#comment', 'etag': 'Jo5wMFxEJITxcRxaeXwGuyeBPbI', 'id': 'Ugy2OSK86Rtxvgh422t4AaABAg', 'snippet': {'videoId': 'zEfTDpfyt1o', 'textDisplay': 'Todos os tipos de violência são lamentáveis, mas a violência foi iniciada pelos ministros do supremo.', 'textOriginal': 'Todos os tipos de violência são lamentáveis, mas a violência foi iniciada pelos ministros do supremo.', 'authorDisplayName': 'Luciana Santana', 'authorProfileImageUrl': 'https://yt3.ggpht.com/ytc/AGIKgqPlb1jTOGE2Rtt_5212hsAf3uSYZJvDb1YgZA=s48-c-k-c0x00ffffff-no-rj', 'authorChannelUrl': 'http://www.youtube.com/channel/UCzYiwX0zK3dv23EW4s5mVgA', 'authorChannelId': {'value': 'UCzYiwX0zK3dv23EW4s5mVgA'}, 'canRate': True, 'viewerRating': 'none', 'likeCount': 38, 'publishedAt': '2022-10-23T22:13:58Z', 'updatedAt': '2022-10-23T22:13:58Z'}}, 'canReply': True, 'totalReplyCount': 2, 'isPublic': True}","{'comments': [{'kind': 'youtube#comment', 'etag': 'FXSHHCX3LbPmBq5VZWhqCw72yuQ', 'id': 'Ugy2OSK86Rtxvgh422t4AaABAg.9hY9DY0ZJKd9hYBXwvVUkC', 'snippet': {'videoId': 'zEfTDpfyt1o', 'textDisplay': 'Punir quem merece não é violência', 'textOriginal': 'Punir quem merece não é violência', 'parentId': 'Ugy2OSK86Rtxvgh422t4AaABAg', 'authorDisplayName': 'Kerlen Cabrera', 'authorProfileImageUrl': 'https://yt3.ggpht.com/CvgAxrQ9DGO580YKuiWe6VoV7y5QcfPP7mgTV9Wj_tSex8xLcqPD_89-WgWTrLHBl0n7IOHrAFU=s48-c-k-c0x00ffffff-no-rj', 'authorChannelUrl': 'http://www.youtube.com/channel/UCIj7PLnBOZGD6VDZnq0dutQ', 'authorChannelId': {'value': 'UCIj7PLnBOZGD6VDZnq0dutQ'}, 'canRate': True, 'viewerRating': 'none', 'likeCount': 0, 'publishedAt': '2022-10-23T22:34:13Z', 'updatedAt': '2022-10-23T22:34:13Z'}}, {'kind': 'youtube#comment', 'etag': '_g2W8hTtEBMw3mkLXVXoNP77Pas', 'id': 'Ugy2OSK86Rtxvgh422t4AaABAg.9hY9DY0ZJKd9hYApSp2gB7', 'snippet': {'videoId': 'zEfTDpfyt1o', 'textDisplay': 'A inércia do Pacheco está levando o Brasil ao desespero. Nem parece que temos Senado da República', 'textOriginal': 'A inércia do Pacheco está levando o Brasil ao desespero. Nem parece que temos Senado da República', 'parentId': 'Ugy2OSK86Rtxvgh422t4AaABAg', 'authorDisplayName': 'Guilhermina Azevedo', 'authorProfileImageUrl': 'https://yt3.ggpht.com/ytc/AGIKgqP-WGhuC0hdKyJBy1JhU6dcpntspvNQ-EtmRxve=s48-c-k-c0x00ffffff-no-rj', 'authorChannelUrl': 'http://www.youtube.com/channel/UCnG-xVjxrAIqo9fQRGRhnog', 'authorChannelId': {'value': 'UCnG-xVjxrAIqo9fQRGRhnog'}, 'canRate': True, 'viewerRating': 'none', 'likeCount': 0, 'publishedAt': '2022-10-23T22:28:01Z', 'updatedAt': '2022-10-23T22:28:01Z'}}]}",UCzYiwX0zK3dv23EW4s5mVgA,2022-10-23T22:13:58Z,"Todos os tipos de violência são lamentáveis, mas a violência foi iniciada pelos ministros do supremo.",QURTSl9pM1BBRGo4c1JoZWZ6WjZoWlRRQ1lrYUFHS2p0NkFKclUxaEFSRUVjVWFwd3FTZ2k1cWU3VGZIdS1WRFd6QkNBTjFCVENEZnZwZw==,2023-06-08 14:52:48.049091
youtube#commentThread,gzoW7P5rJvbcseWcZdy5Dy0fF8U,UgzsNVSDmUj_yHFw-BF4AaABAg,"{'videoId': 'zEfTDpfyt1o', 'topLevelComment': {'kind': 'youtube#comment', 'etag': '8qM7KD56P2_phlMMRiOO4LHBnOg', 'id': 'UgzsNVSDmUj_yHFw-BF4AaABAg', 'snippet': {'videoId': 'zEfTDpfyt1o', 'textDisplay': 'Essa semana não vai ser fácil ´pra ninguém porque o sistema contra ataca!!        STAR WARS!!     É real!!     Né mesmo???', 'textOriginal': 'Essa semana não vai ser fácil ´pra ninguém porque o sistema contra ataca!!        STAR WARS!!     É real!!     Né mesmo???', 'authorDisplayName': 'Canal SAÚDE Culinária e BELEZA', 'authorProfileImageUrl': 'https://yt3.ggpht.com/Yjn4mVhvReCjiuf6dXNXeRCIkVvc0p8FTLGw6vdqPrIThN_gPS_3ncZ2-IH_KVSD5R-G7kEOZg=s48-c-k-c0x00ffffff-no-rj', 'authorChannelUrl': 'http://www.youtube.com/channel/UC3EeTdqeuZLcG7CReLi1Dvw', 'authorChannelId': {'value': 'UC3EeTdqeuZLcG7CReLi1Dvw'}, 'canRate': True, 'viewerRating': 'none', 'likeCount': 1, 'publishedAt': '2022-10-23T22:13:56Z', 'updatedAt': '2022-10-23T22:13:56Z'}}, 'canReply': True, 'totalReplyCount': 0, 'isPublic': True}",,UC3EeTdqeuZLcG7CReLi1Dvw,2022-10-23T22:13:56Z,Essa semana não vai ser fácil ´pra ninguém porque o sistema contra ataca!!        STAR WARS!!     É real!!     Né mesmo???,QURTSl9pM1BBRGo4c1JoZWZ6WjZoWlRRQ1lrYUFHS2p0NkFKclUxaEFSRUVjVWFwd3FTZ2k1cWU3VGZIdS1WRFd6QkNBTjFCVENEZnZwZw==,2023-06-08 14:52:48.049091
youtube#commentThread,yQ9Ub9GouLrEcQ_yc9dX-RjU6Eo,UgxG7CQpAj1nWhJLePR4AaABAg,"{'videoId': 'zEfTDpfyt1o', 'topLevelComment': {'kind': 'youtube#comment', 'etag': 'Us66MVndCLafw95A2m2drzGHmvg', 'id': 'UgxG7CQpAj1nWhJLePR4AaABAg', 'snippet': {'videoId': 'zEfTDpfyt1o', 'textDisplay': 'Como será que se sentiu o Roberto Jefferson que foi vítima de uma agressão sem limites do Alexandre de Moraes? Porque a PF obedece a mandatos anticonstitucionais?<br>Violência gera violência.', 'textOriginal': 'Como será que se sentiu o Roberto Jefferson que foi vítima de uma agressão sem limites do Alexandre de Moraes? Porque a PF obedece a mandatos anticonstitucionais?\\nViolência gera violência.', 'authorDisplayName': 'Fran', 'authorProfileImageUrl': 'https://yt3.ggpht.com/ytc/AGIKgqPYQe9n6TS-Z6VFEowrfC17vzjoYKm05_E10o0PL9RAeW0ly3oK1X5JaTQoIQds=s48-c-k-c0x00ffffff-no-rj', 'authorChannelUrl': 'http://www.youtube.com/channel/UCsg2DwSc9fYRcTiiTKY2vuA', 'authorChannelId': {'value': 'UCsg2DwSc9fYRcTiiTKY2vuA'}, 'canRate': True, 'viewerRating': 'none', 'likeCount': 116, 'publishedAt': '2022-10-23T22:13:55Z', 'updatedAt': '2022-10-23T22:17:24Z'}}, 'canReply': True, 'totalReplyCount': 14, 'isPublic': True}","{'comments': [{'kind': 'youtube#comment', 'etag': 'xL7LOErJChFY0e-BJPg_b_j8alM', 'id': 'UgxG7CQpAj1nWhJLePR4AaABAg.9hY9DCcqCI69hYBqFJosJo', 'snippet': {'videoId': 'zEfTDpfyt1o', 'textDisplay': 'Assustador justificar uma situação dessa e acreditar que o agressor está com razão. Inversão de valores que fala né', 'textOriginal': 'Assustador justificar uma situação dessa e acreditar que o agressor está com razão. Inversão de valores que fala né', 'parentId': 'UgxG7CQpAj1nWhJLePR4AaABAg', 'authorDisplayName': 'Celia Camargo - Psicológa', 'authorProfileImageUrl': 'https://yt3.ggpht.com/ytc/AGIKgqOyDOvxzDgwzyWQcX1cBXmA8UoIaeINUgdi4Vk-_A=s48-c-k-c0x00ffffff-no-rj', 'authorChannelUrl': 'http://www.youtube.com/channel/UCUq_hiFDVq-fudTe660cA_Q', 'authorChannelId': {'value': 'UCUq_hiFDVq-fudTe660cA_Q'}, 'canRate': True, 'viewerRating': 'none', 'likeCount': 3, 'publishedAt': '2022-10-23T22:36:52Z', 'updatedAt': '2022-10-23T22:36:52Z'}}, {'kind': 'youtube#comment', 'etag': 'K33HhmctWTcifWGzt8gWbrnTmgg', 'id': 'UgxG7CQpAj1nWhJLePR4AaABAg.9hY9DCcqCI69hYBhjQq3nL', 'snippet': {'videoId': 'zEfTDpfyt1o', 'textDisplay': 'Chamou algum de  p u t# , foi intimado pregou bala na pf e o culpado é o sistema ? 😂😂😂😂 gado nvl hard core. <br>Vcs já estão perdendo o juízo que nunca tiveram.', 'textOriginal': 'Chamou algum de  p u t# , foi intimado pregou bala na pf e o culpado é o sistema ? 😂😂😂😂 gado nvl hard core. \\nVcs já estão perdendo o juízo que nunca tiveram.', 'parentId': 'UgxG7CQpAj1nWhJLePR4AaABAg', 'authorDisplayName': 'Matheus', 'authorProfileImageUrl': 'https://yt3.ggpht.com/ytc/AGIKgqP1HR0UAzzFb8QXalbMpfONrN1nXe-GgYUE=s48-c-k-c0x00ffffff-no-rj', 'authorChannelUrl': 'http://www.youtube.com/channel/UCbXbTarDaUwWXYwdVLuwA3A', 'authorChannelId': {'value': 'UCbXbTarDaUwWXYwdVLuwA3A'}, 'canRate': True, 'viewerRating': 'none', 'likeCount': 0, 'publishedAt': '2022-10-23T22:35:42Z', 'updatedAt': '2022-10-23T22:35:42Z'}}, {'kind': 'youtube#comment', 'etag': 'HjzqJjAaV5K7uhFRkh0B1hJx8_8', 'id': 'UgxG7CQpAj1nWhJLePR4AaABAg.9hY9DCcqCI69hYBIcqBssn', 'snippet': {'videoId': 'zEfTDpfyt1o', 'textDisplay': 'mandatos anticonstitucionais? o cara estava em prisão domiciliar e resolve fazer um ataque baixo e vil a uma ministra do STF, o que ele achou que ia acontecer? nunca vi um bandido em prisão domiciliar com acesso a um arsenal daqueles.', 'textOriginal': 'mandatos anticonstitucionais? o cara estava em prisão domiciliar e resolve fazer um ataque baixo e vil a uma ministra do STF, o que ele achou que ia acontecer? nunca vi um bandido em prisão domiciliar com acesso a um arsenal daqueles.', 'parentId': 'UgxG7CQpAj1nWhJLePR4AaABAg', 'authorDisplayName': 'Sami Oliveira', 'authorProfileImageUrl': 'https://yt3.ggpht.com/ytc/AGIKgqM1EIsPOslLmaGLFGOr91SPO1xySMitDbtX1HEw=s48-c-k-c0x00ffffff-no-rj', 'authorChannelUrl': 'http://www.youtube.com/channel/UC3KgBmaxJP3Yht-GDCoJ__g', 'authorChannelId': {'value': 'UC3KgBmaxJP3Yht-GDCoJ__g'}, 'canRate': True, 'viewerRating': 'none', 'likeCount': 2, 'publishedAt': '2022-10-23T22:32:08Z', 'updatedAt': '2022-10-23T22:32:08Z'}}, {'kind': 'youtube#comment', 'etag': 'n7gNyVwkkts3W7uk6wHJAktMntA', 'id': 'UgxG7CQpAj1nWhJLePR4AaABAg.9hY9DCcqCI69hYBDv3e95w', 'snippet': {'videoId': 'zEfTDpfyt1o', 'textDisplay': '@Cristóvão Geraldo O bolsopata q conseguiu', 'textOriginal': '@Cristóvão Geraldo O bolsopata q conseguiu', 'parentId': 'UgxG7CQpAj1nWhJLePR4AaABAg', 'authorDisplayName': 'Kerlen Cabrera', 'authorProfileImageUrl': 'https://yt3.ggpht.com/CvgAxrQ9DGO580YKuiWe6VoV7y5QcfPP7mgTV9Wj_tSex8xLcqPD_89-WgWTrLHBl0n7IOHrAFU=s48-c-k-c0x00ffffff-no-rj', 'authorChannelUrl': 'http://www.youtube.com/channel/UCIj7PLnBOZGD6VDZnq0dutQ', 'authorChannelId': {'value': 'UCIj7PLnBOZGD6VDZnq0dutQ'}, 'canRate': True, 'viewerRating': 'none', 'likeCount': 0, 'publishedAt': '2022-10-23T22:31:29Z', 'updatedAt': '2022-10-23T22:31:29Z'}}, {'kind': 'youtube#comment', 'etag': 'CUozkcxXc6apt_-e3owAlJxZ6m4', 'id': 'UgxG7CQpAj1nWhJLePR4AaABAg.9hY9DCcqCI69hYBDqR-jnS', 'snippet': {'videoId': 'zEfTDpfyt1o', 'textDisplay': 'Mega concordo!!! E depois alguém pede uma liberdade que temos direito e mesmo assim estamos através do capa preta sendo sitiados!!!', 'textOriginal': 'Mega concordo!!! E depois alguém pede uma liberdade que temos direito e mesmo assim estamos através do capa preta sendo sitiados!!!', 'parentId': 'UgxG7CQpAj1nWhJLePR4AaABAg', 'authorDisplayName': 'Luzia Cristina', 'authorProfileImageUrl': 'https://yt3.ggpht.com/ytc/AGIKgqMQ_00gwFg-YKqO1rIpg1KLPnVjx5seSG7mhw=s48-c-k-c0x00ffffff-no-rj', 'authorChannelUrl': 'http://www.youtube.com/channel/UCvEGMyy6abwiAize1n_xJfw', 'authorChannelId': {'value': 'UCvEGMyy6abwiAize1n_xJfw'}, 'canRate': True, 'viewerRating': 'none', 'likeCount': 0, 'publishedAt': '2022-10-23T22:31:29Z', 'updatedAt': '2022-10-23T22:31:29Z'}}]}",UCsg2DwSc9fYRcTiiTKY2vuA,2022-10-23T22:13:55Z,"Como será que se sentiu o Roberto Jefferson que foi vítima de uma agressão sem limites do Alexandre de Moraes? Porque a PF obedece a mandatos anticonstitucionais?
Violência gera violência.",QURTSl9pM1BBRGo4c1JoZWZ6WjZoWlRRQ1lrYUFHS2p0NkFKclUxaEFSRUVjVWFwd3FTZ2k1cWU3VGZIdS1WRFd6QkNBTjFCVENEZnZwZw==,2023-06-08 14:52:48.049091
youtube#commentThread,X1E81qizvTeHwItR8KKvbIMEilM,UgwUKH5vAv54Rc4YX_94AaABAg,"{'videoId': 'zEfTDpfyt1o', 'topLevelComment': {'kind': 'youtube#comment', 'etag': '7wUdkFjSfTEgYeNd3WcumzJfpFs', 'id': 'UgwUKH5vAv54Rc4YX_94AaABAg', 'snippet': {'videoId': 'zEfTDpfyt1o', 'textDisplay': 'Respeito aos jornalistas é fundamental', 'textOriginal': 'Respeito aos jornalistas é fundamental', 'authorDisplayName': 'Maria de Fátima Fatima', 'authorProfileImageUrl': 'https://yt3.ggpht.com/ytc/AGIKgqO21j4PTEH9kx3Z-88_cDRrld7qEasKgOTWKw=s48-c-k-c0x00ffffff-no-rj', 'authorChannelUrl': 'http://www.youtube.com/channel/UCB9Zy26EUcPzrMBIb4f2Qqw', 'authorChannelId': {'value': 'UCB9Zy26EUcPzrMBIb4f2Qqw'}, 'canRate': True, 'viewerRating': 'none', 'likeCount': 5, 'publishedAt': '2022-10-23T22:13:54Z', 'updatedAt': '2022-10-23T22:13:54Z'}}, 'canReply': True, 'totalReplyCount': 0, 'isPublic': True}",,UCB9Zy26EUcPzrMBIb4f2Qqw,2022-10-23T22:13:54Z,Respeito aos jornalistas é fundamental,QURTSl9pM1BBRGo4c1JoZWZ6WjZoWlRRQ1lrYUFHS2p0NkFKclUxaEFSRUVjVWFwd3FTZ2k1cWU3VGZIdS1WRFd6QkNBTjFCVENEZnZwZw==,2023-06-08 14:52:48.049091
youtube#commentThread,866kKmy8Xy8_SnvAUUvDbxJ10Zo,UgzemVRskJhcEnCHdXJ4AaABAg,"{'videoId': 'zEfTDpfyt1o', 'topLevelComment': {'kind': 'youtube#comment', 'etag': 'Vxk0zKQRqWLzur7VqcW3Vi0usMQ', 'id': 'UgzemVRskJhcEnCHdXJ4AaABAg', 'snippet': {'videoId': 'zEfTDpfyt1o', 'textDisplay': 'Patriotas vamos Orar no Secreto,tbm na igreja,mas vamos se posicionar Tbm,se precisar vamos as Ruas.Lutar pela nossa Liberdade!', 'textOriginal': 'Patriotas vamos Orar no Secreto,tbm na igreja,mas vamos se posicionar Tbm,se precisar vamos as Ruas.Lutar pela nossa Liberdade!', 'authorDisplayName': 'Eva de Jesus de França Reis', 'authorProfileImageUrl': 'https://yt3.ggpht.com/ytc/AGIKgqOq7J8Ub0p3Jg5E-cnyF8paq0brMUVVJ6uZjfOQ1yZA0wpeGeRT5SBbjzVm8JVS=s48-c-k-c0x00ffffff-no-rj', 'authorChannelUrl': 'http://www.youtube.com/channel/UC6WzAX409SVPiatN6_r4Sgg', 'authorChannelId': {'value': 'UC6WzAX409SVPiatN6_r4Sgg'}, 'canRate': True, 'viewerRating': 'none', 'likeCount': 61, 'publishedAt': '2022-10-23T22:13:54Z', 'updatedAt': '2022-10-23T22:13:54Z'}}, 'canReply': True, 'totalReplyCount': 12, 'isPublic': True}","{'comments': [{'kind': 'youtube#comment', 'etag': 'AbIlRaUjLggrRUDxNQC5M_TlLhI', 'id': 'UgzemVRskJhcEnCHdXJ4AaABAg.9hY9D1SXa359hZZ34F_Vjl', 'snippet': {'videoId': 'zEfTDpfyt1o', 'textDisplay': '@Fabio Apenado tem q cumprir pena.<br>Respeito sempre. RB não passa de um delinquente c dinheiro.', 'textOriginal': '@Fabio Apenado tem q cumprir pena.\\nRespeito sempre. RB não passa de um delinquente c dinheiro.', 'parentId': 'UgzemVRskJhcEnCHdXJ4AaABAg', 'authorDisplayName': 'Kerlen Cabrera', 'authorProfileImageUrl': 'https://yt3.ggpht.com/CvgAxrQ9DGO580YKuiWe6VoV7y5QcfPP7mgTV9Wj_tSex8xLcqPD_89-WgWTrLHBl0n7IOHrAFU=s48-c-k-c0x00ffffff-no-rj', 'authorChannelUrl': 'http://www.youtube.com/channel/UCIj7PLnBOZGD6VDZnq0dutQ', 'authorChannelId': {'value': 'UCIj7PLnBOZGD6VDZnq0dutQ'}, 'canRate': True, 'viewerRating': 'none', 'likeCount': 0, 'publishedAt': '2022-10-24T11:18:58Z', 'updatedAt': '2022-10-24T11:18:58Z'}}, {'kind': 'youtube#comment', 'etag': 'OXohz2zkS4YF3Dg1UFjepOsgePw', 'id': 'UgzemVRskJhcEnCHdXJ4AaABAg.9hY9D1SXa359hYENqcJQam', 'snippet': {'videoId': 'zEfTDpfyt1o', 'textDisplay': '@joaoesxp Sai desse transe, te ajuda. Eu nem curto o Lula, vou votar nele pra ver se o energúmeno pára de encher a cabeça de vcs de inimigo imaginário, vcs estão ficando esquizofrênicos.', 'textOriginal': '@joaoesxp Sai desse transe, te ajuda. Eu nem curto o Lula, vou votar nele pra ver se o energúmeno pára de encher a cabeça de vcs de inimigo imaginário, vcs estão ficando esquizofrênicos.', 'parentId': 'UgzemVRskJhcEnCHdXJ4AaABAg', 'authorDisplayName': 'Kerlen Cabrera', 'authorProfileImageUrl': 'https://yt3.ggpht.com/CvgAxrQ9DGO580YKuiWe6VoV7y5QcfPP7mgTV9Wj_tSex8xLcqPD_89-WgWTrLHBl0n7IOHrAFU=s48-c-k-c0x00ffffff-no-rj', 'authorChannelUrl': 'http://www.youtube.com/channel/UCIj7PLnBOZGD6VDZnq0dutQ', 'authorChannelId': {'value': 'UCIj7PLnBOZGD6VDZnq0dutQ'}, 'canRate': True, 'viewerRating': 'none', 'likeCount': 0, 'publishedAt': '2022-10-23T22:59:04Z', 'updatedAt': '2022-10-23T22:59:04Z'}}, {'kind': 'youtube#comment', 'etag': 'Pa7RP4KRIjrEv678gOHIh30HA2Q', 'id': 'UgzemVRskJhcEnCHdXJ4AaABAg.9hY9D1SXa359hYDGQONi0t', 'snippet': {'videoId': 'zEfTDpfyt1o', 'textDisplay': '@Fabio Não foi crítica, foi agressão.', 'textOriginal': '@Fabio Não foi crítica, foi agressão.', 'parentId': 'UgzemVRskJhcEnCHdXJ4AaABAg', 'authorDisplayName': 'Kerlen Cabrera', 'authorProfileImageUrl': 'https://yt3.ggpht.com/CvgAxrQ9DGO580YKuiWe6VoV7y5QcfPP7mgTV9Wj_tSex8xLcqPD_89-WgWTrLHBl0n7IOHrAFU=s48-c-k-c0x00ffffff-no-rj', 'authorChannelUrl': 'http://www.youtube.com/channel/UCIj7PLnBOZGD6VDZnq0dutQ', 'authorChannelId': {'value': 'UCIj7PLnBOZGD6VDZnq0dutQ'}, 'canRate': True, 'viewerRating': 'none', 'likeCount': 0, 'publishedAt': '2022-10-23T22:49:18Z', 'updatedAt': '2022-10-23T22:49:18Z'}}, {'kind': 'youtube#comment', 'etag': 'u1VF1dpI-jUSmWN9ZR6NnQxjcKA', 'id': 'UgzemVRskJhcEnCHdXJ4AaABAg.9hY9D1SXa359hYCGeEF9oM', 'snippet': {'videoId': 'zEfTDpfyt1o', 'textDisplay': '@Kerlen Cabrera Os valores dos idólatras vão de encontro ao que eles acreditam ou apoiam, ou seja, são valores flexíveis. Se alguém da oposição age como o Jefferson, não haveria nenhum comentário dos bolsonaristas protegendo o sujeito. Vaiiii, Brasilll!', 'textOriginal': '@Kerlen Cabrera Os valores dos idólatras vão de encontro ao que eles acreditam ou apoiam, ou seja, são valores flexíveis. Se alguém da oposição age como o Jefferson, não haveria nenhum comentário dos bolsonaristas protegendo o sujeito. Vaiiii, Brasilll!', 'parentId': 'UgzemVRskJhcEnCHdXJ4AaABAg', 'authorDisplayName': 'Ricardo', 'authorProfileImageUrl': 'https://yt3.ggpht.com/ytc/AGIKgqPx-S4l1k_st73kPaheByWN8gD4E_f0pg83XmNakYup7KprRz8hunAgYf7cMHOH=s48-c-k-c0x00ffffff-no-rj', 'authorChannelUrl': 'http://www.youtube.com/channel/UCJDeJNBpo7M-ne8o2bzxsgQ', 'authorChannelId': {'value': 'UCJDeJNBpo7M-ne8o2bzxsgQ'}, 'canRate': True, 'viewerRating': 'none', 'likeCount': 0, 'publishedAt': '2022-10-23T22:40:36Z', 'updatedAt': '2022-10-23T22:40:36Z'}}, {'kind': 'youtube#comment', 'etag': 'nQiMkG_KfLJ-vsQfOlR8wlGsVq0', 'id': 'UgzemVRskJhcEnCHdXJ4AaABAg.9hY9D1SXa359hYC8Flqvks', 'snippet': {'videoId': 'zEfTDpfyt1o', 'textDisplay': '@Kerlen Cabrera sim, enquanto a sua liberdade não estiver ameaçada, vc não fará NADA! Só tome cuidado porque pau que dá em Chico tbm da em Francisco e quando chegar sua vez, talvez não tenha ninguém para lhe ajudar...', 'textOriginal': '@Kerlen Cabrera sim, enquanto a sua liberdade não estiver ameaçada, vc não fará NADA! Só tome cuidado porque pau que dá em Chico tbm da em Francisco e quando chegar sua vez, talvez não tenha ninguém para lhe ajudar...', 'parentId': 'UgzemVRskJhcEnCHdXJ4AaABAg', 'authorDisplayName': 'Fer. Sam', 'authorProfileImageUrl': 'https://yt3.ggpht.com/Y3PIG6AlG-IuQITQew1N4AZurwEMA7G5y2Atqks45OlAIyh0dpO3RXhhhcpquFcLVsKFBiyK=s48-c-k-c0x00ffffff-no-rj', 'authorChannelUrl': 'http://www.youtube.com/channel/UCwBCk87COqn0h-ss6LU_lsg', 'authorChannelId': {'value': 'UCwBCk87COqn0h-ss6LU_lsg'}, 'canRate': True, 'viewerRating': 'none', 'likeCount': 2, 'publishedAt': '2022-10-23T22:39:27Z', 'updatedAt': '2022-10-23T22:39:27Z'}}]}",UC6WzAX409SVPiatN6_r4Sgg,2022-10-23T22:13:54Z,"Patriotas vamos Orar no Secreto,tbm na igreja,mas vamos se posicionar Tbm,se precisar vamos as Ruas.Lutar pela nossa Liberdade!",QURTSl9pM1BBRGo4c1JoZWZ6WjZoWlRRQ1lrYUFHS2p0NkFKclUxaEFSRUVjVWFwd3FTZ2k1cWU3VGZIdS1WRFd6QkNBTjFCVENEZnZwZw==,2023-06-08 14:52:48.049091
youtube#commentThread,xxWKhvEVeElpU-SsuyhfSL50n_8,Ugw_GZwdW066hBtxhPx4AaABAg,"{'videoId': 'zEfTDpfyt1o', 'topLevelComment': {'kind': 'youtube#comment', 'etag': 'TFm-x_0BGVEDpKZNv-PCyq79fHI', 'id': 'Ugw_GZwdW066hBtxhPx4AaABAg', 'snippet': {'videoId': 'zEfTDpfyt1o', 'textDisplay': 'e quando e censurada e abaixa a cabeça oque e .covardia ou omissão.deixa de da uma de indignados .o brasileiro ja começa da sinal de basta .o brasil sendo utrajado por meia duzia de caneta e ninguem fala nada.', 'textOriginal': 'e quando e censurada e abaixa a cabeça oque e .covardia ou omissão.deixa de da uma de indignados .o brasileiro ja começa da sinal de basta .o brasil sendo utrajado por meia duzia de caneta e ninguem fala nada.', 'authorDisplayName': 'Leia Santos', 'authorProfileImageUrl': 'https://yt3.ggpht.com/ytc/AGIKgqMt5fGWHM3FvhlaIAp4zxHesGjq05c1eICTpQ=s48-c-k-c0x00ffffff-no-rj', 'authorChannelUrl': 'http://www.youtube.com/channel/UCt4ugfGYllx7xhqIEr1z4Og', 'authorChannelId': {'value': 'UCt4ugfGYllx7xhqIEr1z4Og'}, 'canRate': True, 'viewerRating': 'none', 'likeCount': 0, 'publishedAt': '2022-10-23T22:13:53Z', 'updatedAt': '2022-10-23T22:13:53Z'}}, 'canReply': True, 'totalReplyCount': 0, 'isPublic': True}",,UCt4ugfGYllx7xhqIEr1z4Og,2022-10-23T22:13:53Z,e quando e censurada e abaixa a cabeça oque e .covardia ou omissão.deixa de da uma de indignados .o brasileiro ja começa da sinal de basta .o brasil sendo utrajado por meia duzia de caneta e ninguem fala nada.,QURTSl9pM1BBRGo4c1JoZWZ6WjZoWlRRQ1lrYUFHS2p0NkFKclUxaEFSRUVjVWFwd3FTZ2k1cWU3VGZIdS1WRFd6QkNBTjFCVENEZnZwZw==,2023-06-08 14:52:48.049091
youtube#commentThread,Na6EqGVe6iGuxxqazGKU_p_wXoo,UgyQFtfMtFP7z7AqvOF4AaABAg,"{'videoId': 'zEfTDpfyt1o', 'topLevelComment': {'kind': 'youtube#comment', 'etag': 'KmsFBCrezd_75_1_LDmHdIILrEg', 'id': 'UgyQFtfMtFP7z7AqvOF4AaABAg', 'snippet': {'videoId': 'zEfTDpfyt1o', 'textDisplay': 'Nossa .Nota oficial de apresentador !!<br>Jovens Pan agora tem o seu Bonner !!<br>Lamentável!!!', 'textOriginal': 'Nossa .Nota oficial de apresentador !!\\nJovens Pan agora tem o seu Bonner !!\\nLamentável!!!', 'authorDisplayName': 'Sergio Oliveira', 'authorProfileImageUrl': 'https://yt3.ggpht.com/ytc/AGIKgqPDtU1CxmWY57pFXTsKgpY42agZQjE2MmrruA=s48-c-k-c0x00ffffff-no-rj', 'authorChannelUrl': 'http://www.youtube.com/channel/UCt1x1IsbHIMFrCz2xy5gx-A', 'authorChannelId': {'value': 'UCt1x1IsbHIMFrCz2xy5gx-A'}, 'canRate': True, 'viewerRating': 'none', 'likeCount': 1, 'publishedAt': '2022-10-23T22:13:52Z', 'updatedAt': '2022-10-23T22:13:52Z'}}, 'canReply': True, 'totalReplyCount': 0, 'isPublic': True}",,UCt1x1IsbHIMFrCz2xy5gx-A,2022-10-23T22:13:52Z,"Nossa .Nota oficial de apresentador !!
Jovens Pan agora tem o seu Bonner !!
Lamentável!!!",QURTSl9pM1BBRGo4c1JoZWZ6WjZoWlRRQ1lrYUFHS2p0NkFKclUxaEFSRUVjVWFwd3FTZ2k1cWU3VGZIdS1WRFd6QkNBTjFCVENEZnZwZw==,2023-06-08 14:52:48.049091
youtube#commentThread,FY7FZYxZotC7RUHikAuFGYCsadA,Ugw_BGrVzlstgHQ3Vqt4AaABAg,"{'videoId': 'zEfTDpfyt1o', 'topLevelComment': {'kind': 'youtube#comment', 'etag': 'IZVsyoWpcQ3xrTXzWMtfOF2u38w', 'id': 'Ugw_BGrVzlstgHQ3Vqt4AaABAg', 'snippet': {'videoId': 'zEfTDpfyt1o', 'textDisplay': 'Isso é jogada de política coisa de PT e Lula. Onde tem violência e jogar um contra o outro tem o dedo do PT e do Lula .', 'textOriginal': 'Isso é jogada de política coisa de PT e Lula. Onde tem violência e jogar um contra o outro tem o dedo do PT e do Lula .', 'authorDisplayName': 'RONISON RODRIGUES', 'authorProfileImageUrl': 'https://yt3.ggpht.com/ytc/AGIKgqP3jmSqSfAmtJE5Ybf2nGzeb5R6wuqHGkoWstEn45z1nK8oKzX0tY6S38ylkMag=s48-c-k-c0x00ffffff-no-rj', 'authorChannelUrl': 'http://www.youtube.com/channel/UClplJs7Mrl6_0LSLuFUnhaQ', 'authorChannelId': {'value': 'UClplJs7Mrl6_0LSLuFUnhaQ'}, 'canRate': True, 'viewerRating': 'none', 'likeCount': 1, 'publishedAt': '2022-10-23T22:13:52Z', 'updatedAt': '2022-10-23T22:13:52Z'}}, 'canReply': True, 'totalReplyCount': 0, 'isPublic': True}",,UClplJs7Mrl6_0LSLuFUnhaQ,2022-10-23T22:13:52Z,Isso é jogada de política coisa de PT e Lula. Onde tem violência e jogar um contra o outro tem o dedo do PT e do Lula .,QURTSl9pM1BBRGo4c1JoZWZ6WjZoWlRRQ1lrYUFHS2p0NkFKclUxaEFSRUVjVWFwd3FTZ2k1cWU3VGZIdS1WRFd6QkNBTjFCVENEZnZwZw==,2023-06-08 14:52:48.049091
youtube#commentThread,cdvxS3T_NVK2RWTzio5DkuL30sw,Ugy4HUsZDeiyu1vXJMd4AaABAg,"{'videoId': 'zEfTDpfyt1o', 'topLevelComment': {'kind': 'youtube#comment', 'etag': 'FgpN21xNavEUa5sX58uQ_8rxUgs', 'id': 'Ugy4HUsZDeiyu1vXJMd4AaABAg', 'snippet': {'videoId': 'zEfTDpfyt1o', 'textDisplay': 'Coitado do apoiador da Roberto Jefferson', 'textOriginal': 'Coitado do apoiador da Roberto Jefferson', 'authorDisplayName': 'Emílio Machado', 'authorProfileImageUrl': 'https://yt3.ggpht.com/ytc/AGIKgqMV4TplMtQBJziyCvGwmk0Md6sU1g6IHa9zdbPVVGE=s48-c-k-c0x00ffffff-no-rj', 'authorChannelUrl': 'http://www.youtube.com/channel/UCe0UbKj6IDG9h9a_6CSkS4g', 'authorChannelId': {'value': 'UCe0UbKj6IDG9h9a_6CSkS4g'}, 'canRate': True, 'viewerRating': 'none', 'likeCount': 0, 'publishedAt': '2022-10-23T22:13:49Z', 'updatedAt': '2022-10-23T22:13:49Z'}}, 'canReply': True, 'totalReplyCount': 0, 'isPublic': True}",,UCe0UbKj6IDG9h9a_6CSkS4g,2022-10-23T22:13:49Z,Coitado do apoiador da Roberto Jefferson,QURTSl9pM1BBRGo4c1JoZWZ6WjZoWlRRQ1lrYUFHS2p0NkFKclUxaEFSRUVjVWFwd3FTZ2k1cWU3VGZIdS1WRFd6QkNBTjFCVENEZnZwZw==,2023-06-08 14:52:48.049091
youtube#commentThread,GV5g9I29Q3_C4gSTlmx3hKD0Mdk,Ugye6w4Qplfq_vKsxy94AaABAg,"{'videoId': 'zEfTDpfyt1o', 'topLevelComment': {'kind': 'youtube#comment', 'etag': 'k5TOOcMl52vEku1EnZlq-3rdsIs', 'id': 'Ugye6w4Qplfq_vKsxy94AaABAg', 'snippet': {'videoId': 'zEfTDpfyt1o', 'textDisplay': 'Pessoal é muita armadilha se cuidem', 'textOriginal': 'Pessoal é muita armadilha se cuidem', 'authorDisplayName': 'paixãodomestre', 'authorProfileImageUrl': 'https://yt3.ggpht.com/khjMAYH0tYLLxB33oEvhLdgcIQMFONmZgt5QoVkAghP1RZ36KZooYE5NPx-fvGvAjnN9N8eP1PM=s48-c-k-c0x00ffffff-no-rj', 'authorChannelUrl': 'http://www.youtube.com/channel/UC25Mmm2pcGS-l51NHdfgGJw', 'authorChannelId': {'value': 'UC25Mmm2pcGS-l51NHdfgGJw'}, 'canRate': True, 'viewerRating': 'none', 'likeCount': 1, 'publishedAt': '2022-10-23T22:13:43Z', 'updatedAt': '2022-10-23T22:13:43Z'}}, 'canReply': True, 'totalReplyCount': 0, 'isPublic': True}",,UC25Mmm2pcGS-l51NHdfgGJw,2022-10-23T22:13:43Z,Pessoal é muita armadilha se cuidem,QURTSl9pM1BBRGo4c1JoZWZ6WjZoWlRRQ1lrYUFHS2p0NkFKclUxaEFSRUVjVWFwd3FTZ2k1cWU3VGZIdS1WRFd6QkNBTjFCVENEZnZwZw==,2023-06-08 14:52:48.049091
youtube#commentThread,OkD402A9OgL8BqIDM0-PDTWRaII,UgwQXqyrTSvzVGPVKix4AaABAg,"{'videoId': 'zEfTDpfyt1o', 'topLevelComment': {'kind': 'youtube#comment', 'etag': 'nyj-TThfnCz2X1MnmORveAOrSEg', 'id': 'UgwQXqyrTSvzVGPVKix4AaABAg', 'snippet': {'videoId': 'zEfTDpfyt1o', 'textDisplay': 'Fala  isso pra Bolsonaro', 'textOriginal': 'Fala  isso pra Bolsonaro', 'authorDisplayName': 'José Ivanildo Da Silva', 'authorProfileImageUrl': 'https://yt3.ggpht.com/ytc/AGIKgqOzIeXvC6a9ul3RlUNDzKJWhK4mjXHDFK14Ag=s48-c-k-c0x00ffffff-no-rj', 'authorChannelUrl': 'http://www.youtube.com/channel/UCnFc5h5vyfFnTir638J3-uA', 'authorChannelId': {'value': 'UCnFc5h5vyfFnTir638J3-uA'}, 'canRate': True, 'viewerRating': 'none', 'likeCount': 0, 'publishedAt': '2022-10-23T22:13:42Z', 'updatedAt': '2022-10-23T22:13:42Z'}}, 'canReply': True, 'totalReplyCount': 0, 'isPublic': True}",,UCnFc5h5vyfFnTir638J3-uA,2022-10-23T22:13:42Z,Fala  isso pra Bolsonaro,QURTSl9pM1BBRGo4c1JoZWZ6WjZoWlRRQ1lrYUFHS2p0NkFKclUxaEFSRUVjVWFwd3FTZ2k1cWU3VGZIdS1WRFd6QkNBTjFCVENEZnZwZw==,2023-06-08 14:52:48.049091
youtube#commentThread,qvpOq0j2W1F9U7YB9zBZTsA3l14,Ugy13U_zGYRSQul9vD14AaABAg,"{'videoId': 'zEfTDpfyt1o', 'topLevelComment': {'kind': 'youtube#comment', 'etag': '0d1ARspukQxIcMaXQF3PaCmsGog', 'id': 'Ugy13U_zGYRSQul9vD14AaABAg', 'snippet': {'videoId': 'zEfTDpfyt1o', 'textDisplay': 'E mas a Globo não foi solidária a vocês jornalistas da jovem pan', 'textOriginal': 'E mas a Globo não foi solidária a vocês jornalistas da jovem pan', 'authorDisplayName': 'Jane Aparecida Duarte', 'authorProfileImageUrl': 'https://yt3.ggpht.com/ytc/AGIKgqO9rDAKWr0Ee23UCGfq-UlS_8MtlOxu-DbUlQ=s48-c-k-c0x00ffffff-no-rj', 'authorChannelUrl': 'http://www.youtube.com/channel/UCeGR6Sc-PN8Y9m-DAFAvIxQ', 'authorChannelId': {'value': 'UCeGR6Sc-PN8Y9m-DAFAvIxQ'}, 'canRate': True, 'viewerRating': 'none', 'likeCount': 0, 'publishedAt': '2022-10-23T22:13:42Z', 'updatedAt': '2022-10-23T22:13:42Z'}}, 'canReply': True, 'totalReplyCount': 0, 'isPublic': True}",,UCeGR6Sc-PN8Y9m-DAFAvIxQ,2022-10-23T22:13:42Z,E mas a Globo não foi solidária a vocês jornalistas da jovem pan,QURTSl9pM1BBRGo4c1JoZWZ6WjZoWlRRQ1lrYUFHS2p0NkFKclUxaEFSRUVjVWFwd3FTZ2k1cWU3VGZIdS1WRFd6QkNBTjFCVENEZnZwZw==,2023-06-08 14:52:48.049091
youtube#commentThread,DYNzmLBMat4GaAV12uFXvBQsQNA,UgzcELBMMwVfQjYc_EN4AaABAg,"{'videoId': 'zEfTDpfyt1o', 'topLevelComment': {'kind': 'youtube#comment', 'etag': '_N4Rc3M3vLTjjeGe1E2l6qXaGyc', 'id': 'UgzcELBMMwVfQjYc_EN4AaABAg', 'snippet': {'videoId': 'zEfTDpfyt1o', 'textDisplay': 'Culpa total do STF que nos envergonha,', 'textOriginal': 'Culpa total do STF que nos envergonha,', 'authorDisplayName': 'Lurdinha Costa', 'authorProfileImageUrl': 'https://yt3.ggpht.com/ytc/AGIKgqPW5jKaYbMWBQKfPPcFk-fW8UavKLQoTLNwaQ=s48-c-k-c0x00ffffff-no-rj', 'authorChannelUrl': 'http://www.youtube.com/channel/UCA7hH_biprSL480U00RSI3A', 'authorChannelId': {'value': 'UCA7hH_biprSL480U00RSI3A'}, 'canRate': True, 'viewerRating': 'none', 'likeCount': 2, 'publishedAt': '2022-10-23T22:13:37Z', 'updatedAt': '2022-10-23T22:13:37Z'}}, 'canReply': True, 'totalReplyCount': 0, 'isPublic': True}",,UCA7hH_biprSL480U00RSI3A,2022-10-23T22:13:37Z,"Culpa total do STF que nos envergonha,",QURTSl9pM3BtLTc4TXRIb252WE5VSzU5NlNRTVM4Y2xWbjYwMTE2NWxkT0l6SjEwdHUzMFdOemgtX3dWLXFVbHpmR015ZU1nRzlrTnNuUQ==,2023-06-08 14:52:49.125465
youtube#commentThread,8Oec0m0g4fE0HWV4VK9cQk6WB_Y,Ugx8PK3LvR690AkY6fl4AaABAg,"{'videoId': 'zEfTDpfyt1o', 'topLevelComment': {'kind': 'youtube#comment', 'etag': 'mF_IL6Nf2s49nSJFojmmulvUDL4', 'id': 'Ugx8PK3LvR690AkY6fl4AaABAg', 'snippet': {'videoId': 'zEfTDpfyt1o', 'textDisplay': 'Quem disse que é apoiador de Roberto Fake', 'textOriginal': 'Quem disse que é apoiador de Roberto Fake', 'authorDisplayName': 'ROGERIO RIOS', 'authorProfileImageUrl': 'https://yt3.ggpht.com/ytc/AGIKgqOSO4amYvXlDnA1XoLNls_ZySWJZbu43GoKXw=s48-c-k-c0x00ffffff-no-rj', 'authorChannelUrl': 'http://www.youtube.com/channel/UCmjkzzMEP_jsZm52GvqF5Cg', 'authorChannelId': {'value': 'UCmjkzzMEP_jsZm52GvqF5Cg'}, 'canRate': True, 'viewerRating': 'none', 'likeCount': 1, 'publishedAt': '2022-10-23T22:13:35Z', 'updatedAt': '2022-10-23T22:13:35Z'}}, 'canReply': True, 'totalReplyCount': 0, 'isPublic': True}",,UCmjkzzMEP_jsZm52GvqF5Cg,2022-10-23T22:13:35Z,Quem disse que é apoiador de Roberto Fake,QURTSl9pM3BtLTc4TXRIb252WE5VSzU5NlNRTVM4Y2xWbjYwMTE2NWxkT0l6SjEwdHUzMFdOemgtX3dWLXFVbHpmR015ZU1nRzlrTnNuUQ==,2023-06-08 14:52:49.125465
youtube#commentThread,pX81OWl-mc6fiHrpJKig5LIdm8k,UgwwG1BB_NWSjGKDrzp4AaABAg,"{'videoId': 'zEfTDpfyt1o', 'topLevelComment': {'kind': 'youtube#comment', 'etag': 'O1gMB4NNqRdz8wJEuL_KVFu0mlY', 'id': 'UgwwG1BB_NWSjGKDrzp4AaABAg', 'snippet': {'videoId': 'zEfTDpfyt1o', 'textDisplay': 'Roberto Jefferson tem aparadores?', 'textOriginal': 'Roberto Jefferson tem aparadores?', 'authorDisplayName': 'Magnus Finance', 'authorProfileImageUrl': 'https://yt3.ggpht.com/ytc/AGIKgqMQLN1UXFZrLJIR9OO6xqCvPFO3vtsEOPeynL2UXg=s48-c-k-c0x00ffffff-no-rj', 'authorChannelUrl': 'http://www.youtube.com/channel/UC0tqf33OoFx1XZN4mYwfX7A', 'authorChannelId': {'value': 'UC0tqf33OoFx1XZN4mYwfX7A'}, 'canRate': True, 'viewerRating': 'none', 'likeCount': 0, 'publishedAt': '2022-10-23T22:13:34Z', 'updatedAt': '2022-10-23T22:13:34Z'}}, 'canReply': True, 'totalReplyCount': 0, 'isPublic': True}",,UC0tqf33OoFx1XZN4mYwfX7A,2022-10-23T22:13:34Z,Roberto Jefferson tem aparadores?,QURTSl9pM3BtLTc4TXRIb252WE5VSzU5NlNRTVM4Y2xWbjYwMTE2NWxkT0l6SjEwdHUzMFdOemgtX3dWLXFVbHpmR015ZU1nRzlrTnNuUQ==,2023-06-08 14:52:49.125465
youtube#commentThread,9ZbUZw-e_bFemW5biOZyxeGQjOE,UgzS_LXwD0gquEwJ_J14AaABAg,"{'videoId': 'zEfTDpfyt1o', 'topLevelComment': {'kind': 'youtube#comment', 'etag': 'SfoW3m5IBJkldclD243-YOc1D54', 'id': 'UgzS_LXwD0gquEwJ_J14AaABAg', 'snippet': {'videoId': 'zEfTDpfyt1o', 'textDisplay': 'PT o partido da ditadura da censura <a href=""http://www.youtube.com/results?search_query=%23bolsonaroreeleito2022"">#BolsonaroReeleito2022</a>', 'textOriginal': 'PT o partido da ditadura da censura #BolsonaroReeleito2022', 'authorDisplayName': 'Francisca jacinta', 'authorProfileImageUrl': 'https://yt3.ggpht.com/3M4K48uS_EFKmRXUCZUtcMx88_STQRvSy8IsaSD8eXS2CF4FHgH1DOck_75pDVhsR68dsFgU4A=s48-c-k-c0x00ffffff-no-rj', 'authorChannelUrl': 'http://www.youtube.com/channel/UCsFPtoqO447nOz20XDlsYCA', 'authorChannelId': {'value': 'UCsFPtoqO447nOz20XDlsYCA'}, 'canRate': True, 'viewerRating': 'none', 'likeCount': 0, 'publishedAt': '2022-10-23T22:13:32Z', 'updatedAt': '2022-10-23T22:13:32Z'}}, 'canReply': True, 'totalReplyCount': 0, 'isPublic': True}",,UCsFPtoqO447nOz20XDlsYCA,2022-10-23T22:13:32Z,PT o partido da ditadura da censura #BolsonaroReeleito2022,QURTSl9pM3BtLTc4TXRIb252WE5VSzU5NlNRTVM4Y2xWbjYwMTE2NWxkT0l6SjEwdHUzMFdOemgtX3dWLXFVbHpmR015ZU1nRzlrTnNuUQ==,2023-06-08 14:52:49.125465
youtube#commentThread,--smIDP9SdjXyW0twk5s5GTpEYE,Ugx8xxa-4YIYYuQw_7t4AaABAg,"{'videoId': 'zEfTDpfyt1o', 'topLevelComment': {'kind': 'youtube#comment', 'etag': 'mUswJ55NI5hkpBcLKZCTxlO5oZ8', 'id': 'Ugx8xxa-4YIYYuQw_7t4AaABAg', 'snippet': {'videoId': 'zEfTDpfyt1o', 'textDisplay': 'A CUPA É  DO XANDAO', 'textOriginal': 'A CUPA É  DO XANDAO', 'authorDisplayName': 'Elinete Guimarães', 'authorProfileImageUrl': 'https://yt3.ggpht.com/ytc/AGIKgqMYSASYyKG1lLz2rHUH9wYad9dAFVCJQlh4xQ=s48-c-k-c0x00ffffff-no-rj', 'authorChannelUrl': 'http://www.youtube.com/channel/UCJ3b_F--v4ctAKM1QmjNMxw', 'authorChannelId': {'value': 'UCJ3b_F--v4ctAKM1QmjNMxw'}, 'canRate': True, 'viewerRating': 'none', 'likeCount': 0, 'publishedAt': '2022-10-23T22:13:31Z', 'updatedAt': '2022-10-23T22:13:31Z'}}, 'canReply': True, 'totalReplyCount': 0, 'isPublic': True}",,UCJ3b_F--v4ctAKM1QmjNMxw,2022-10-23T22:13:31Z,A CUPA É  DO XANDAO,QURTSl9pM3BtLTc4TXRIb252WE5VSzU5NlNRTVM4Y2xWbjYwMTE2NWxkT0l6SjEwdHUzMFdOemgtX3dWLXFVbHpmR015ZU1nRzlrTnNuUQ==,2023-06-08 14:52:49.125465
youtube#commentThread,SBKFS0hybqvleMzkORAW3tehQvY,UgyLeAVE7dZ0aMaoPfF4AaABAg,"{'videoId': 'zEfTDpfyt1o', 'topLevelComment': {'kind': 'youtube#comment', 'etag': 'iuSxR-IWH49ezGywIHTsfjGbQDs', 'id': 'UgyLeAVE7dZ0aMaoPfF4AaABAg', 'snippet': {'videoId': 'zEfTDpfyt1o', 'textDisplay': 'Isso tudo está acontecendo pq stf não defende mais a constituição aí o povo já está no limite fadigado de injustiça aí abre precedente pra todos fazer isso', 'textOriginal': 'Isso tudo está acontecendo pq stf não defende mais a constituição aí o povo já está no limite fadigado de injustiça aí abre precedente pra todos fazer isso', 'authorDisplayName': 'Wendell Cardoso', 'authorProfileImageUrl': 'https://yt3.ggpht.com/ytc/AGIKgqMLFIYaPG8EaWWfe8DK1jVE0aWeT9sYfnQXB55T=s48-c-k-c0x00ffffff-no-rj', 'authorChannelUrl': 'http://www.youtube.com/channel/UCcaKaSeenVyZTf7xuIoiQPA', 'authorChannelId': {'value': 'UCcaKaSeenVyZTf7xuIoiQPA'}, 'canRate': True, 'viewerRating': 'none', 'likeCount': 0, 'publishedAt': '2022-10-23T22:13:28Z', 'updatedAt': '2022-10-23T22:13:28Z'}}, 'canReply': True, 'totalReplyCount': 0, 'isPublic': True}",,UCcaKaSeenVyZTf7xuIoiQPA,2022-10-23T22:13:28Z,Isso tudo está acontecendo pq stf não defende mais a constituição aí o povo já está no limite fadigado de injustiça aí abre precedente pra todos fazer isso,QURTSl9pM3BtLTc4TXRIb252WE5VSzU5NlNRTVM4Y2xWbjYwMTE2NWxkT0l6SjEwdHUzMFdOemgtX3dWLXFVbHpmR015ZU1nRzlrTnNuUQ==,2023-06-08 14:52:49.125465
youtube#commentThread,FT55V-Q5CxeLLLOb1RPU1Y2ojOs,UgxNC7SseZ2OeliB3_N4AaABAg,"{'videoId': 'zEfTDpfyt1o', 'topLevelComment': {'kind': 'youtube#comment', 'etag': 'cy_-Fp93hS-AWfW3PRhRunO5k48', 'id': 'UgxNC7SseZ2OeliB3_N4AaABAg', 'snippet': {'videoId': 'zEfTDpfyt1o', 'textDisplay': 'Olhem bem o caos gerado pela &quot;justiça &quot;', 'textOriginal': 'Olhem bem o caos gerado pela ""justiça ""', 'authorDisplayName': 'Redpillado', 'authorProfileImageUrl': 'https://yt3.ggpht.com/ytc/AGIKgqPpxdWwom0YDnUYpBln9IkxSzzBLLGxTnQHVC0wPw=s48-c-k-c0x00ffffff-no-rj', 'authorChannelUrl': 'http://www.youtube.com/channel/UC7Q8zLoNfPItRbvr5hNz8AQ', 'authorChannelId': {'value': 'UC7Q8zLoNfPItRbvr5hNz8AQ'}, 'canRate': True, 'viewerRating': 'none', 'likeCount': 108, 'publishedAt': '2022-10-23T22:13:22Z', 'updatedAt': '2022-10-23T22:13:22Z'}}, 'canReply': True, 'totalReplyCount': 18, 'isPublic': True}","{'comments': [{'kind': 'youtube#comment', 'etag': 'Kkjwtj4TuoepFupBSGtCUG03zeE', 'id': 'UgxNC7SseZ2OeliB3_N4AaABAg.9hY997gn3e09hYYu1c1dEl', 'snippet': {'videoId': 'zEfTDpfyt1o', 'textDisplay': '@Mauro Sergio Nas campanhas passadas não existia oposição de verdade.Foi em 2018 que realmente surgiu um opositor de verdade,e essa oposição real nunca mais acabar no Brasil. A esquerda não dominará mais.', 'textOriginal': '@Mauro Sergio Nas campanhas passadas não existia oposição de verdade.Foi em 2018 que realmente surgiu um opositor de verdade,e essa oposição real nunca mais acabar no Brasil. A esquerda não dominará mais.', 'parentId': 'UgxNC7SseZ2OeliB3_N4AaABAg', 'authorDisplayName': 'Redpillado', 'authorProfileImageUrl': 'https://yt3.ggpht.com/ytc/AGIKgqPpxdWwom0YDnUYpBln9IkxSzzBLLGxTnQHVC0wPw=s48-c-k-c0x00ffffff-no-rj', 'authorChannelUrl': 'http://www.youtube.com/channel/UC7Q8zLoNfPItRbvr5hNz8AQ', 'authorChannelId': {'value': 'UC7Q8zLoNfPItRbvr5hNz8AQ'}, 'canRate': True, 'viewerRating': 'none', 'likeCount': 0, 'publishedAt': '2022-10-24T01:58:21Z', 'updatedAt': '2022-10-24T01:58:21Z'}}, {'kind': 'youtube#comment', 'etag': 'x7BUmZwKxgUb0ji5o-FPtmCyPXM', 'id': 'UgxNC7SseZ2OeliB3_N4AaABAg.9hY997gn3e09hYU0F5olhp', 'snippet': {'videoId': 'zEfTDpfyt1o', 'textDisplay': '@Redpillado nunca nas eleições passadas houve essas coisas culpa do teu presidente.', 'textOriginal': '@Redpillado nunca nas eleições passadas houve essas coisas culpa do teu presidente.', 'parentId': 'UgxNC7SseZ2OeliB3_N4AaABAg', 'authorDisplayName': 'Mauro Sergio', 'authorProfileImageUrl': 'https://yt3.ggpht.com/ytc/AGIKgqMf4GbUD9Puj63W-LSWy2wRLPLsiJQ6cUGst1qLeA=s48-c-k-c0x00ffffff-no-rj', 'authorChannelUrl': 'http://www.youtube.com/channel/UC4AwhiX3EWW6DoH62XQuBJQ', 'authorChannelId': {'value': 'UC4AwhiX3EWW6DoH62XQuBJQ'}, 'canRate': True, 'viewerRating': 'none', 'likeCount': 0, 'publishedAt': '2022-10-24T01:15:39Z', 'updatedAt': '2022-10-24T01:15:39Z'}}, {'kind': 'youtube#comment', 'etag': 'BNV8uGbU1vpZVVDi3Aine8ANAIE', 'id': 'UgxNC7SseZ2OeliB3_N4AaABAg.9hY997gn3e09hYTO7PsOuh', 'snippet': {'videoId': 'zEfTDpfyt1o', 'textDisplay': '@Lucas Ué, não falaram tanto em ditador, apostaram tanto e erraram feio...veio da ala lacradora...de vocês, para desmascará-los mais um pouco..', 'textOriginal': '@Lucas Ué, não falaram tanto em ditador, apostaram tanto e erraram feio...veio da ala lacradora...de vocês, para desmascará-los mais um pouco..', 'parentId': 'UgxNC7SseZ2OeliB3_N4AaABAg', 'authorDisplayName': 'Tiburcio Nascimento', 'authorProfileImageUrl': 'https://yt3.ggpht.com/ytc/AGIKgqPYJ16XbloZp1nRif2q9UiINjE9b3aLcJFllVpYZmGF8L32gAvFuJ_fm0H5T6oa=s48-c-k-c0x00ffffff-no-rj', 'authorChannelUrl': 'http://www.youtube.com/channel/UCOpVT2WBtvOTmNgRgNreY3Q', 'authorChannelId': {'value': 'UCOpVT2WBtvOTmNgRgNreY3Q'}, 'canRate': True, 'viewerRating': 'none', 'likeCount': 0, 'publishedAt': '2022-10-24T01:10:10Z', 'updatedAt': '2022-10-24T01:10:10Z'}}, {'kind': 'youtube#comment', 'etag': 'Bqs1WnktvOLqrPw3GhQrQEBlYjo', 'id': 'UgxNC7SseZ2OeliB3_N4AaABAg.9hY997gn3e09hYECPMUzZG', 'snippet': {'videoId': 'zEfTDpfyt1o', 'textDisplay': '@Mauro Sergio Foi ele que censurou e mandou prender quem opina ao contrário né, ta certo', 'textOriginal': '@Mauro Sergio Foi ele que censurou e mandou prender quem opina ao contrário né, ta certo', 'parentId': 'UgxNC7SseZ2OeliB3_N4AaABAg', 'authorDisplayName': 'Riick Palmieri', 'authorProfileImageUrl': 'https://yt3.ggpht.com/4oI-1okUyYTH0FN-G-vgDrvMQ6dIZ4ENdsY0Uu2DU5pBkZlwMkbwJL1Qv_wBhqutL-SEiV9pNks=s48-c-k-c0x00ffffff-no-rj', 'authorChannelUrl': 'http://www.youtube.com/channel/UCvxUourCb5OGQ7FQ4wQhHWQ', 'authorChannelId': {'value': 'UCvxUourCb5OGQ7FQ4wQhHWQ'}, 'canRate': True, 'viewerRating': 'none', 'likeCount': 2, 'publishedAt': '2022-10-23T22:57:30Z', 'updatedAt': '2022-10-23T22:57:30Z'}}, {'kind': 'youtube#comment', 'etag': 'sXepiznCsDNwL0z2dlHu4Uzr70c', 'id': 'UgxNC7SseZ2OeliB3_N4AaABAg.9hY997gn3e09hYDylLax3B', 'snippet': {'videoId': 'zEfTDpfyt1o', 'textDisplay': '@gilson farias Se o exército nos abandonar,iremos só.', 'textOriginal': '@gilson farias Se o exército nos abandonar,iremos só.', 'parentId': 'UgxNC7SseZ2OeliB3_N4AaABAg', 'authorDisplayName': 'Redpillado', 'authorProfileImageUrl': 'https://yt3.ggpht.com/ytc/AGIKgqPpxdWwom0YDnUYpBln9IkxSzzBLLGxTnQHVC0wPw=s48-c-k-c0x00ffffff-no-rj', 'authorChannelUrl': 'http://www.youtube.com/channel/UC7Q8zLoNfPItRbvr5hNz8AQ', 'authorChannelId': {'value': 'UC7Q8zLoNfPItRbvr5hNz8AQ'}, 'canRate': True, 'viewerRating': 'none', 'likeCount': 1, 'publishedAt': '2022-10-23T22:55:30Z', 'updatedAt': '2022-10-23T22:55:30Z'}}]}",UC7Q8zLoNfPItRbvr5hNz8AQ,2022-10-23T22:13:22Z,"Olhem bem o caos gerado pela ""justiça """,QURTSl9pM3BtLTc4TXRIb252WE5VSzU5NlNRTVM4Y2xWbjYwMTE2NWxkT0l6SjEwdHUzMFdOemgtX3dWLXFVbHpmR015ZU1nRzlrTnNuUQ==,2023-06-08 14:52:49.125465
youtube#commentThread,6BVe7JdfizvY611WWoBm0CPERvU,UgxHkw4OTFaMvRtm46V4AaABAg,"{'videoId': 'zEfTDpfyt1o', 'topLevelComment': {'kind': 'youtube#comment', 'etag': 'Dc-6ONz-dkiqIdMZSgIRHwPoC70', 'id': 'UgxHkw4OTFaMvRtm46V4AaABAg', 'snippet': {'videoId': 'zEfTDpfyt1o', 'textDisplay': 'Boa sorte kk', 'textOriginal': 'Boa sorte kk', 'authorDisplayName': 'Tania Alves', 'authorProfileImageUrl': 'https://yt3.ggpht.com/ytc/AGIKgqNWx6cxYDnQ9go9x7GA3IsoN5pPGfhaF7UVpQ=s48-c-k-c0x00ffffff-no-rj', 'authorChannelUrl': 'http://www.youtube.com/channel/UCUv8IGTIfxkVxdBKzEdZFBg', 'authorChannelId': {'value': 'UCUv8IGTIfxkVxdBKzEdZFBg'}, 'canRate': True, 'viewerRating': 'none', 'likeCount': 0, 'publishedAt': '2022-10-23T22:13:16Z', 'updatedAt': '2022-10-23T22:13:16Z'}}, 'canReply': True, 'totalReplyCount': 0, 'isPublic': True}",,UCUv8IGTIfxkVxdBKzEdZFBg,2022-10-23T22:13:16Z,Boa sorte kk,QURTSl9pM3BtLTc4TXRIb252WE5VSzU5NlNRTVM4Y2xWbjYwMTE2NWxkT0l6SjEwdHUzMFdOemgtX3dWLXFVbHpmR015ZU1nRzlrTnNuUQ==,2023-06-08 14:52:49.125465
youtube#commentThread,RfygnJxa_Fw4xVq2QOrz754vu8w,Ugx7zLEcrZ2_l5wrYf14AaABAg,"{'videoId': 'zEfTDpfyt1o', 'topLevelComment': {'kind': 'youtube#comment', 'etag': 'eTJpDe2tI-GVL8gYxdBaxlZZ8gg', 'id': 'Ugx7zLEcrZ2_l5wrYf14AaABAg', 'snippet': {'videoId': 'zEfTDpfyt1o', 'textDisplay': 'Esse povo enlouqueceu, FORA BOLSONARO', 'textOriginal': 'Esse povo enlouqueceu, FORA BOLSONARO', 'authorDisplayName': 'Diego Ratuchenski', 'authorProfileImageUrl': 'https://yt3.ggpht.com/ytc/AGIKgqOMob9Kg9PPtAeY49m2OuKOmUkr11Lro0rWUA=s48-c-k-c0x00ffffff-no-rj', 'authorChannelUrl': 'http://www.youtube.com/channel/UCAqGzngVQ_wVN44_EhAhH_Q', 'authorChannelId': {'value': 'UCAqGzngVQ_wVN44_EhAhH_Q'}, 'canRate': True, 'viewerRating': 'none', 'likeCount': 2, 'publishedAt': '2022-10-23T22:13:16Z', 'updatedAt': '2022-10-23T22:13:16Z'}}, 'canReply': True, 'totalReplyCount': 0, 'isPublic': True}",,UCAqGzngVQ_wVN44_EhAhH_Q,2022-10-23T22:13:16Z,"Esse povo enlouqueceu, FORA BOLSONARO",QURTSl9pM3BtLTc4TXRIb252WE5VSzU5NlNRTVM4Y2xWbjYwMTE2NWxkT0l6SjEwdHUzMFdOemgtX3dWLXFVbHpmR015ZU1nRzlrTnNuUQ==,2023-06-08 14:52:49.125465
youtube#commentThread,IY-X28SGY-jWQJ7MqroCqomJpsw,UgyNkV73AxM6GvJj_uh4AaABAg,"{'videoId': 'zEfTDpfyt1o', 'topLevelComment': {'kind': 'youtube#comment', 'etag': 'tOlHsBcC-SQb509pQYan1XBqmE8', 'id': 'UgyNkV73AxM6GvJj_uh4AaABAg', 'snippet': {'videoId': 'zEfTDpfyt1o', 'textDisplay': 'A imprensa suja que vá filmar o candidato deles', 'textOriginal': 'A imprensa suja que vá filmar o candidato deles', 'authorDisplayName': 'Heloisa de Lima', 'authorProfileImageUrl': 'https://yt3.ggpht.com/ytc/AGIKgqPHV_p2OQ0CdcAHsFeOg85TZaHYj-B9Lfoqnw=s48-c-k-c0x00ffffff-no-rj', 'authorChannelUrl': 'http://www.youtube.com/channel/UCtFSs02-XLfwn3zaeGMfFNA', 'authorChannelId': {'value': 'UCtFSs02-XLfwn3zaeGMfFNA'}, 'canRate': True, 'viewerRating': 'none', 'likeCount': 0, 'publishedAt': '2022-10-23T22:13:14Z', 'updatedAt': '2022-10-23T22:13:14Z'}}, 'canReply': True, 'totalReplyCount': 0, 'isPublic': True}",,UCtFSs02-XLfwn3zaeGMfFNA,2022-10-23T22:13:14Z,A imprensa suja que vá filmar o candidato deles,QURTSl9pM3BtLTc4TXRIb252WE5VSzU5NlNRTVM4Y2xWbjYwMTE2NWxkT0l6SjEwdHUzMFdOemgtX3dWLXFVbHpmR015ZU1nRzlrTnNuUQ==,2023-06-08 14:52:49.125465
youtube#commentThread,SRe0TNqvSglDrTHdlyolAD5-vHo,UgxMgrzaFNbYAlJdsUB4AaABAg,"{'videoId': 'zEfTDpfyt1o', 'topLevelComment': {'kind': 'youtube#comment', 'etag': 'NNAJMpBakbl2v8VjR01HAnEVTRQ', 'id': 'UgxMgrzaFNbYAlJdsUB4AaABAg', 'snippet': {'videoId': 'zEfTDpfyt1o', 'textDisplay': 'Para que isso gente por amor de Deus nos cidadãos de bem temos que fazer justiça dia 30 de outubro nas urnas.', 'textOriginal': 'Para que isso gente por amor de Deus nos cidadãos de bem temos que fazer justiça dia 30 de outubro nas urnas.', 'authorDisplayName': 'Paulo R Guerreiro', 'authorProfileImageUrl': 'https://yt3.ggpht.com/D5Q77SEWAmL9-3Uh5WMUmV1a-BfqOyydfSf4vCUKUqNJ4NKQAaufj7v2Foz17BuznfZ4s-Jwkw=s48-c-k-c0x00ffffff-no-rj', 'authorChannelUrl': 'http://www.youtube.com/channel/UC2nbcW5GwsoEPieAp_oWbOA', 'authorChannelId': {'value': 'UC2nbcW5GwsoEPieAp_oWbOA'}, 'canRate': True, 'viewerRating': 'none', 'likeCount': 34, 'publishedAt': '2022-10-23T22:13:11Z', 'updatedAt': '2022-10-23T22:13:11Z'}}, 'canReply': True, 'totalReplyCount': 10, 'isPublic': True}","{'comments': [{'kind': 'youtube#comment', 'etag': 'b0zjkeCHuvl0v01TGZHriGeKbLs', 'id': 'UgxMgrzaFNbYAlJdsUB4AaABAg.9hY97rA7utq9hYJA6Vi8B_', 'snippet': {'videoId': 'zEfTDpfyt1o', 'textDisplay': '<a href=""http://www.youtube.com/results?search_query=%23capit%C3%A3odenovo2022"">#CapitãoDeNovo2022</a>', 'textOriginal': '#CapitãoDeNovo2022', 'parentId': 'UgxMgrzaFNbYAlJdsUB4AaABAg', 'authorDisplayName': 'PRONA  ETERNO', 'authorProfileImageUrl': 'https://yt3.ggpht.com/NecrOFwcEdgO1pJCRpqTygtN5gGUp0rS5DTwhfpjo0yHbB91gEOGzw5eXTUcjn2iIcWCXW0uqw=s48-c-k-c0x00ffffff-no-rj', 'authorChannelUrl': 'http://www.youtube.com/channel/UC7thwQA-xb5oJgcTyjwIDVQ', 'authorChannelId': {'value': 'UC7thwQA-xb5oJgcTyjwIDVQ'}, 'canRate': True, 'viewerRating': 'none', 'likeCount': 2, 'publishedAt': '2022-10-23T23:40:52Z', 'updatedAt': '2022-10-23T23:40:52Z'}}, {'kind': 'youtube#comment', 'etag': 'qkNmT2b6X-TA9cxKqQpEnlN5XVg', 'id': 'UgxMgrzaFNbYAlJdsUB4AaABAg.9hY97rA7utq9hYFG1WotJJ', 'snippet': {'videoId': 'zEfTDpfyt1o', 'textDisplay': 'Pois foram os que se dizem “ cidadãos de bem “ que fizeram isso. Apoiadores do sr Jair se tornaram a cara violenta do Brasil e o que é pior, vestidos com a camisa do Brasil, que não pertence a nenhum partido!', 'textOriginal': 'Pois foram os que se dizem “ cidadãos de bem “ que fizeram isso. Apoiadores do sr Jair se tornaram a cara violenta do Brasil e o que é pior, vestidos com a camisa do Brasil, que não pertence a nenhum partido!', 'parentId': 'UgxMgrzaFNbYAlJdsUB4AaABAg', 'authorDisplayName': 'Elin R.', 'authorProfileImageUrl': 'https://yt3.ggpht.com/GtaTXMBsTlag5khl-fzYfvmLiCwy9Dl7qphs1RGI4wTDebe1iVvB3nJdnPU_OQzJjannndMG=s48-c-k-c0x00ffffff-no-rj', 'authorChannelUrl': 'http://www.youtube.com/channel/UC86xY3A1iWtSHKD9dYS_ZTA', 'authorChannelId': {'value': 'UC86xY3A1iWtSHKD9dYS_ZTA'}, 'canRate': True, 'viewerRating': 'none', 'likeCount': 0, 'publishedAt': '2022-10-23T23:06:44Z', 'updatedAt': '2022-10-23T23:06:44Z'}}, {'kind': 'youtube#comment', 'etag': 'mVde0HejW852xSGejkqRGEASZ9w', 'id': 'UgxMgrzaFNbYAlJdsUB4AaABAg.9hY97rA7utq9hYDJqFjO-7', 'snippet': {'videoId': 'zEfTDpfyt1o', 'textDisplay': '@maria ferreira encatador   de   burros    kkkk', 'textOriginal': '@maria ferreira encatador   de   burros    kkkk', 'parentId': 'UgxMgrzaFNbYAlJdsUB4AaABAg', 'authorDisplayName': 'Solange De Fatima', 'authorProfileImageUrl': 'https://yt3.ggpht.com/ytc/AGIKgqPXf9B4lHggswdUgaNIrGMXJrHq9NdbZFp76Q=s48-c-k-c0x00ffffff-no-rj', 'authorChannelUrl': 'http://www.youtube.com/channel/UCOjdy-xvdgOdrjiflVqEdbA', 'authorChannelId': {'value': 'UCOjdy-xvdgOdrjiflVqEdbA'}, 'canRate': True, 'viewerRating': 'none', 'likeCount': 0, 'publishedAt': '2022-10-23T22:49:46Z', 'updatedAt': '2022-10-23T22:49:46Z'}}, {'kind': 'youtube#comment', 'etag': '8gNPourw2hVsWKn8QK-_Cid3GDc', 'id': 'UgxMgrzaFNbYAlJdsUB4AaABAg.9hY97rA7utq9hYCjBwFvNQ', 'snippet': {'videoId': 'zEfTDpfyt1o', 'textDisplay': '🇧🇷🇧🇷🇧🇷🇧🇷🇧🇷 22', 'textOriginal': '🇧🇷🇧🇷🇧🇷🇧🇷🇧🇷 22', 'parentId': 'UgxMgrzaFNbYAlJdsUB4AaABAg', 'authorDisplayName': 'maria ferreira', 'authorProfileImageUrl': 'https://yt3.ggpht.com/ytc/AGIKgqMJtl2RGSevz2MK-otkY3QF3gZTSItBupbhQz1U=s48-c-k-c0x00ffffff-no-rj', 'authorChannelUrl': 'http://www.youtube.com/channel/UCYb8-fYWNagnE7XVkwYwUWQ', 'authorChannelId': {'value': 'UCYb8-fYWNagnE7XVkwYwUWQ'}, 'canRate': True, 'viewerRating': 'none', 'likeCount': 4, 'publishedAt': '2022-10-23T22:44:38Z', 'updatedAt': '2022-10-23T22:44:38Z'}}, {'kind': 'youtube#comment', 'etag': 'GG2909bLtlsTUGdKUmHQXs7utKM', 'id': 'UgxMgrzaFNbYAlJdsUB4AaABAg.9hY97rA7utq9hYC_LYiFce', 'snippet': {'videoId': 'zEfTDpfyt1o', 'textDisplay': 'Verdade RP', 'textOriginal': 'Verdade RP', 'parentId': 'UgxMgrzaFNbYAlJdsUB4AaABAg', 'authorDisplayName': 'maria ferreira', 'authorProfileImageUrl': 'https://yt3.ggpht.com/ytc/AGIKgqMJtl2RGSevz2MK-otkY3QF3gZTSItBupbhQz1U=s48-c-k-c0x00ffffff-no-rj', 'authorChannelUrl': 'http://www.youtube.com/channel/UCYb8-fYWNagnE7XVkwYwUWQ', 'authorChannelId': {'value': 'UCYb8-fYWNagnE7XVkwYwUWQ'}, 'canRate': True, 'viewerRating': 'none', 'likeCount': 1, 'publishedAt': '2022-10-23T22:43:17Z', 'updatedAt': '2022-10-23T22:43:17Z'}}]}",UC2nbcW5GwsoEPieAp_oWbOA,2022-10-23T22:13:11Z,Para que isso gente por amor de Deus nos cidadãos de bem temos que fazer justiça dia 30 de outubro nas urnas.,QURTSl9pM3BtLTc4TXRIb252WE5VSzU5NlNRTVM4Y2xWbjYwMTE2NWxkT0l6SjEwdHUzMFdOemgtX3dWLXFVbHpmR015ZU1nRzlrTnNuUQ==,2023-06-08 14:52:49.125465
youtube#commentThread,viedEtB4ELlu08qUGg3gDrB9_PY,Ugw6dD5u66shK4wuCE14AaABAg,"{'videoId': 'zEfTDpfyt1o', 'topLevelComment': {'kind': 'youtube#comment', 'etag': 'Gh9u0MCLJJr9hId3iUEZORIgWkE', 'id': 'Ugw6dD5u66shK4wuCE14AaABAg', 'snippet': {'videoId': 'zEfTDpfyt1o', 'textDisplay': 'Também só fala mentira', 'textOriginal': 'Também só fala mentira', 'authorDisplayName': 'Odair Belo de Morais', 'authorProfileImageUrl': 'https://yt3.ggpht.com/ytc/AGIKgqOd_sgJWyPAWIXSp4vB_M7HijMqZTg5qR9HwQ=s48-c-k-c0x00ffffff-no-rj', 'authorChannelUrl': 'http://www.youtube.com/channel/UCVBOSk_IHvopvVQZdsOJubg', 'authorChannelId': {'value': 'UCVBOSk_IHvopvVQZdsOJubg'}, 'canRate': True, 'viewerRating': 'none', 'likeCount': 0, 'publishedAt': '2022-10-23T22:13:10Z', 'updatedAt': '2022-10-23T22:13:10Z'}}, 'canReply': True, 'totalReplyCount': 0, 'isPublic': True}",,UCVBOSk_IHvopvVQZdsOJubg,2022-10-23T22:13:10Z,Também só fala mentira,QURTSl9pM3BtLTc4TXRIb252WE5VSzU5NlNRTVM4Y2xWbjYwMTE2NWxkT0l6SjEwdHUzMFdOemgtX3dWLXFVbHpmR015ZU1nRzlrTnNuUQ==,2023-06-08 14:52:49.125465
youtube#commentThread,jQR7JLbDKf_bLBYxzuTj8dk1k_I,UgwJ6WKQaI1qhV_rgU14AaABAg,"{'videoId': 'zEfTDpfyt1o', 'topLevelComment': {'kind': 'youtube#comment', 'etag': 'VuT5z6ln-NazUbYRcGGHcP0C2Ls', 'id': 'UgwJ6WKQaI1qhV_rgU14AaABAg', 'snippet': {'videoId': 'zEfTDpfyt1o', 'textDisplay': 'Acho lamentável a agressão a gente repudia do outro lado , do nosso lado  não temos que aplaudir a violência achei ridículo isso', 'textOriginal': 'Acho lamentável a agressão a gente repudia do outro lado , do nosso lado  não temos que aplaudir a violência achei ridículo isso', 'authorDisplayName': 'Claudia Camara Nunes', 'authorProfileImageUrl': 'https://yt3.ggpht.com/ytc/AGIKgqP2g0FWY6-LPBXMccJjlv4_CA952V0hQG-jmA=s48-c-k-c0x00ffffff-no-rj', 'authorChannelUrl': 'http://www.youtube.com/channel/UChwZlno1BB4TSXYgw_DR6yQ', 'authorChannelId': {'value': 'UChwZlno1BB4TSXYgw_DR6yQ'}, 'canRate': True, 'viewerRating': 'none', 'likeCount': 0, 'publishedAt': '2022-10-23T22:13:07Z', 'updatedAt': '2022-10-23T22:13:07Z'}}, 'canReply': True, 'totalReplyCount': 0, 'isPublic': True}",,UChwZlno1BB4TSXYgw_DR6yQ,2022-10-23T22:13:07Z,"Acho lamentável a agressão a gente repudia do outro lado , do nosso lado  não temos que aplaudir a violência achei ridículo isso",QURTSl9pM3BtLTc4TXRIb252WE5VSzU5NlNRTVM4Y2xWbjYwMTE2NWxkT0l6SjEwdHUzMFdOemgtX3dWLXFVbHpmR015ZU1nRzlrTnNuUQ==,2023-06-08 14:52:49.125465
youtube#commentThread,AVRD-zTnwQ2_x4PkDoeh8-6Oz58,Ugx_3lMmNnU1sypD4at4AaABAg,"{'videoId': 'zEfTDpfyt1o', 'topLevelComment': {'kind': 'youtube#comment', 'etag': 'MQHBySzj5kSb50JA2cXMalk3-NQ', 'id': 'Ugx_3lMmNnU1sypD4at4AaABAg', 'snippet': {'videoId': 'zEfTDpfyt1o', 'textDisplay': 'mas no vídeo ai mostra o pm com o cara de camisa verde...será que prendeu???? tem que pagar isso é inconcebível.', 'textOriginal': 'mas no vídeo ai mostra o pm com o cara de camisa verde...será que prendeu???? tem que pagar isso é inconcebível.', 'authorDisplayName': 'eternodereis', 'authorProfileImageUrl': 'https://yt3.ggpht.com/ytc/AGIKgqMzsPjDn4Y-5VXe2xxg82W3xREeUfIvzf7aSQ=s48-c-k-c0x00ffffff-no-rj', 'authorChannelUrl': 'http://www.youtube.com/channel/UCTFo1Ddefmr0DHfbrikZ7DA', 'authorChannelId': {'value': 'UCTFo1Ddefmr0DHfbrikZ7DA'}, 'canRate': True, 'viewerRating': 'none', 'likeCount': 0, 'publishedAt': '2022-10-23T22:12:49Z', 'updatedAt': '2022-10-23T22:12:49Z'}}, 'canReply': True, 'totalReplyCount': 0, 'isPublic': True}",,UCTFo1Ddefmr0DHfbrikZ7DA,2022-10-23T22:12:49Z,mas no vídeo ai mostra o pm com o cara de camisa verde...será que prendeu???? tem que pagar isso é inconcebível.,QURTSl9pM3BtLTc4TXRIb252WE5VSzU5NlNRTVM4Y2xWbjYwMTE2NWxkT0l6SjEwdHUzMFdOemgtX3dWLXFVbHpmR015ZU1nRzlrTnNuUQ==,2023-06-08 14:52:49.125465
youtube#commentThread,cVGzdD7IS00ZWjQSAApdxc40pLY,Ugy6Xniu-p-hMNz15DJ4AaABAg,"{'videoId': 'zEfTDpfyt1o', 'topLevelComment': {'kind': 'youtube#comment', 'etag': 'OMl2nV1aR1bTAspbzSUQHeiICfI', 'id': 'Ugy6Xniu-p-hMNz15DJ4AaABAg', 'snippet': {'videoId': 'zEfTDpfyt1o', 'textDisplay': 'Segundo a Globo , esse episódio será culpa do Bolsonaro e segundo pesquisa do Data Folha a culpa dele também !', 'textOriginal': 'Segundo a Globo , esse episódio será culpa do Bolsonaro e segundo pesquisa do Data Folha a culpa dele também !', 'authorDisplayName': 'Wagner Mazza', 'authorProfileImageUrl': 'https://yt3.ggpht.com/8MzI6GPXAcQYCd8V0mVAsUZEwlCbJgmJMECR_NnHNhK-5wXSI2BARDeFg6QF1Pmr0AF-OlPvTQ=s48-c-k-c0x00ffffff-no-rj', 'authorChannelUrl': 'http://www.youtube.com/channel/UC3SCsyHiOgy4Ne4G3YcdlUA', 'authorChannelId': {'value': 'UC3SCsyHiOgy4Ne4G3YcdlUA'}, 'canRate': True, 'viewerRating': 'none', 'likeCount': 0, 'publishedAt': '2022-10-23T22:12:39Z', 'updatedAt': '2022-10-23T22:12:39Z'}}, 'canReply': True, 'totalReplyCount': 0, 'isPublic': True}",,UC3SCsyHiOgy4Ne4G3YcdlUA,2022-10-23T22:12:39Z,"Segundo a Globo , esse episódio será culpa do Bolsonaro e segundo pesquisa do Data Folha a culpa dele também !",QURTSl9pM3BtLTc4TXRIb252WE5VSzU5NlNRTVM4Y2xWbjYwMTE2NWxkT0l6SjEwdHUzMFdOemgtX3dWLXFVbHpmR015ZU1nRzlrTnNuUQ==,2023-06-08 14:52:49.125465
youtube#commentThread,CtvnxMzjhdL_sP8QLTxL7dhxt-A,UgzS8xKHiFthGUrKNA94AaABAg,"{'videoId': 'zEfTDpfyt1o', 'topLevelComment': {'kind': 'youtube#comment', 'etag': 'Wpx_Z7o4OeV0waS1QKf1h8GBFoc', 'id': 'UgzS8xKHiFthGUrKNA94AaABAg', 'snippet': {'videoId': 'zEfTDpfyt1o', 'textDisplay': 'Deve ser PETISTA vestido de verde e amarelo', 'textOriginal': 'Deve ser PETISTA vestido de verde e amarelo', 'authorDisplayName': 'Anita Pontes', 'authorProfileImageUrl': 'https://yt3.ggpht.com/ytc/AGIKgqOUvxsPfhsp9wv6VLw4yL2U06WmxXGWweUuww=s48-c-k-c0x00ffffff-no-rj', 'authorChannelUrl': 'http://www.youtube.com/channel/UCOewmO2GzppKiPoBSg1Jjkg', 'authorChannelId': {'value': 'UCOewmO2GzppKiPoBSg1Jjkg'}, 'canRate': True, 'viewerRating': 'none', 'likeCount': 1, 'publishedAt': '2022-10-23T22:12:36Z', 'updatedAt': '2022-10-23T22:12:36Z'}}, 'canReply': True, 'totalReplyCount': 0, 'isPublic': True}",,UCOewmO2GzppKiPoBSg1Jjkg,2022-10-23T22:12:36Z,Deve ser PETISTA vestido de verde e amarelo,QURTSl9pM3BtLTc4TXRIb252WE5VSzU5NlNRTVM4Y2xWbjYwMTE2NWxkT0l6SjEwdHUzMFdOemgtX3dWLXFVbHpmR015ZU1nRzlrTnNuUQ==,2023-06-08 14:52:49.125465
youtube#commentThread,FIw9JkYZTlegxyWZtVmM4s6YOjU,Ugz6IMwCpzG0hSlbjPd4AaABAg,"{'videoId': 'zEfTDpfyt1o', 'topLevelComment': {'kind': 'youtube#comment', 'etag': 'aHVJ7ku6Gv_EcgQexYn7hSEGOpE', 'id': 'Ugz6IMwCpzG0hSlbjPd4AaABAg', 'snippet': {'videoId': 'zEfTDpfyt1o', 'textDisplay': 'Eu não  sou apoiadora do Jefferson. Ele é  cavalo de tróia do STF', 'textOriginal': 'Eu não  sou apoiadora do Jefferson. Ele é  cavalo de tróia do STF', 'authorDisplayName': 'Lucimar Souza', 'authorProfileImageUrl': 'https://yt3.ggpht.com/ytc/AGIKgqOi_N7BPwsszVfZDYbDVsl8W4LubTk2ZlShSw=s48-c-k-c0x00ffffff-no-rj', 'authorChannelUrl': 'http://www.youtube.com/channel/UCAt70ET144ZiIkMcCMQK7xg', 'authorChannelId': {'value': 'UCAt70ET144ZiIkMcCMQK7xg'}, 'canRate': True, 'viewerRating': 'none', 'likeCount': 0, 'publishedAt': '2022-10-23T22:12:35Z', 'updatedAt': '2022-10-23T22:12:35Z'}}, 'canReply': True, 'totalReplyCount': 0, 'isPublic': True}",,UCAt70ET144ZiIkMcCMQK7xg,2022-10-23T22:12:35Z,Eu não  sou apoiadora do Jefferson. Ele é  cavalo de tróia do STF,QURTSl9pM3BtLTc4TXRIb252WE5VSzU5NlNRTVM4Y2xWbjYwMTE2NWxkT0l6SjEwdHUzMFdOemgtX3dWLXFVbHpmR015ZU1nRzlrTnNuUQ==,2023-06-08 14:52:49.125465
youtube#commentThread,jE7wVHXfQ86KPsrYZHbH1EtVcLY,UgwCfvK1b8kHewqDHut4AaABAg,"{'videoId': 'zEfTDpfyt1o', 'topLevelComment': {'kind': 'youtube#comment', 'etag': 'cXwkPJtvpekEOPmDpuRl544Ney0', 'id': 'UgwCfvK1b8kHewqDHut4AaABAg', 'snippet': {'videoId': 'zEfTDpfyt1o', 'textDisplay': 'Nada justifica essa agressão, sou contra, lamentável. Porém o STF é a nova Gestapo, está em pleno vapor.', 'textOriginal': 'Nada justifica essa agressão, sou contra, lamentável. Porém o STF é a nova Gestapo, está em pleno vapor.', 'authorDisplayName': 'Marcia Queiroz', 'authorProfileImageUrl': 'https://yt3.ggpht.com/ytc/AGIKgqMgTBK5FfS6TnWCZTsrAZQB2JYC789kEHCkTT_V=s48-c-k-c0x00ffffff-no-rj', 'authorChannelUrl': 'http://www.youtube.com/channel/UCSrENMqdEXdZT1c60zFxqPA', 'authorChannelId': {'value': 'UCSrENMqdEXdZT1c60zFxqPA'}, 'canRate': True, 'viewerRating': 'none', 'likeCount': 17, 'publishedAt': '2022-10-23T22:12:32Z', 'updatedAt': '2022-10-23T22:12:32Z'}}, 'canReply': True, 'totalReplyCount': 1, 'isPublic': True}","{'comments': [{'kind': 'youtube#comment', 'etag': '1NZWlnl91eIyIpHZM0bhWPAWgZc', 'id': 'UgwCfvK1b8kHewqDHut4AaABAg.9hY9309Q_wp9hYYGJd1-zF', 'snippet': {'videoId': 'zEfTDpfyt1o', 'textDisplay': 'E as ações agora,  são documentadas pela conivente Rede Globo,  para impressionar os amendrontados cidadãos,, Prático , não??? Terrorismo  + audiência..', 'textOriginal': 'E as ações agora,  são documentadas pela conivente Rede Globo,  para impressionar os amendrontados cidadãos,, Prático , não??? Terrorismo  + audiência..', 'parentId': 'UgwCfvK1b8kHewqDHut4AaABAg', 'authorDisplayName': 'Tiburcio Nascimento', 'authorProfileImageUrl': 'https://yt3.ggpht.com/ytc/AGIKgqPYJ16XbloZp1nRif2q9UiINjE9b3aLcJFllVpYZmGF8L32gAvFuJ_fm0H5T6oa=s48-c-k-c0x00ffffff-no-rj', 'authorChannelUrl': 'http://www.youtube.com/channel/UCOpVT2WBtvOTmNgRgNreY3Q', 'authorChannelId': {'value': 'UCOpVT2WBtvOTmNgRgNreY3Q'}, 'canRate': True, 'viewerRating': 'none', 'likeCount': 0, 'publishedAt': '2022-10-24T01:52:48Z', 'updatedAt': '2022-10-24T01:52:48Z'}}]}",UCSrENMqdEXdZT1c60zFxqPA,2022-10-23T22:12:32Z,"Nada justifica essa agressão, sou contra, lamentável. Porém o STF é a nova Gestapo, está em pleno vapor.",QURTSl9pM3BtLTc4TXRIb252WE5VSzU5NlNRTVM4Y2xWbjYwMTE2NWxkT0l6SjEwdHUzMFdOemgtX3dWLXFVbHpmR015ZU1nRzlrTnNuUQ==,2023-06-08 14:52:49.125465
youtube#commentThread,6aVimgU-sB0i5CBl1U5cR-BFhIo,UgxfahXDm1wE-DNpt194AaABAg,"{'videoId': 'zEfTDpfyt1o', 'topLevelComment': {'kind': 'youtube#comment', 'etag': 'kbHohUnrr44eNU6eVZbpTX-jXw0', 'id': 'UgxfahXDm1wE-DNpt194AaABAg', 'snippet': {'videoId': 'zEfTDpfyt1o', 'textDisplay': 'Cinegrafista da Globo serve mas pra ator ,   e nítido que ele caiu sozinho', 'textOriginal': 'Cinegrafista da Globo serve mas pra ator ,   e nítido que ele caiu sozinho', 'authorDisplayName': 'Fabio Da Silvaaaa', 'authorProfileImageUrl': 'https://yt3.ggpht.com/ytc/AGIKgqO8hy1wZHWoH7wldmE8G6DanpMJHOsmB7gAeOAu97HY0nScpeTeB2Agp9ehKJvG=s48-c-k-c0x00ffffff-no-rj', 'authorChannelUrl': 'http://www.youtube.com/channel/UCwKF5qnu8scNIZBYEjDjkDA', 'authorChannelId': {'value': 'UCwKF5qnu8scNIZBYEjDjkDA'}, 'canRate': True, 'viewerRating': 'none', 'likeCount': 0, 'publishedAt': '2022-10-23T22:12:31Z', 'updatedAt': '2022-10-23T22:12:31Z'}}, 'canReply': True, 'totalReplyCount': 0, 'isPublic': True}",,UCwKF5qnu8scNIZBYEjDjkDA,2022-10-23T22:12:31Z,"Cinegrafista da Globo serve mas pra ator ,   e nítido que ele caiu sozinho",QURTSl9pM3BtLTc4TXRIb252WE5VSzU5NlNRTVM4Y2xWbjYwMTE2NWxkT0l6SjEwdHUzMFdOemgtX3dWLXFVbHpmR015ZU1nRzlrTnNuUQ==,2023-06-08 14:52:49.125465
youtube#commentThread,TmlJ693U9NDVHi3-bujYvvACOfI,Ugzd14sedkDc5dBuWWV4AaABAg,"{'videoId': 'zEfTDpfyt1o', 'topLevelComment': {'kind': 'youtube#comment', 'etag': 'AgdPvQeJVaLG-00X3Dr2uIOJBeo', 'id': 'Ugzd14sedkDc5dBuWWV4AaABAg', 'snippet': {'videoId': 'zEfTDpfyt1o', 'textDisplay': 'Xandão', 'textOriginal': 'Xandão', 'authorDisplayName': 'Prof SusanaB', 'authorProfileImageUrl': 'https://yt3.ggpht.com/ytc/AGIKgqO58yTkgdRZrdZR4cukZmtFk55DDDh0Q6HR-xFOdQ=s48-c-k-c0x00ffffff-no-rj', 'authorChannelUrl': 'http://www.youtube.com/channel/UCcY-BB8kTLcsiBXuYxSuJmg', 'authorChannelId': {'value': 'UCcY-BB8kTLcsiBXuYxSuJmg'}, 'canRate': True, 'viewerRating': 'none', 'likeCount': 0, 'publishedAt': '2022-10-23T22:12:31Z', 'updatedAt': '2022-10-23T22:12:31Z'}}, 'canReply': True, 'totalReplyCount': 0, 'isPublic': True}",,UCcY-BB8kTLcsiBXuYxSuJmg,2022-10-23T22:12:31Z,Xandão,QURTSl9pM3BtLTc4TXRIb252WE5VSzU5NlNRTVM4Y2xWbjYwMTE2NWxkT0l6SjEwdHUzMFdOemgtX3dWLXFVbHpmR015ZU1nRzlrTnNuUQ==,2023-06-08 14:52:49.125465
youtube#commentThread,ap53QOnA2LnQgv0KQVaZjrlbELU,UgytBeMeY4onixIEb4R4AaABAg,"{'videoId': 'zEfTDpfyt1o', 'topLevelComment': {'kind': 'youtube#comment', 'etag': 'y_0KTpSvwJ8HBhgjNFkhvzvfHbw', 'id': 'UgytBeMeY4onixIEb4R4AaABAg', 'snippet': {'videoId': 'zEfTDpfyt1o', 'textDisplay': 'É. <br>O povo está  se revoltando.', 'textOriginal': 'É. \\nO povo está  se revoltando.', 'authorDisplayName': 'Maria Ester Coelho de Medeiros', 'authorProfileImageUrl': 'https://yt3.ggpht.com/ytc/AGIKgqN6YdeMh_FxBfsRd_2ijpwzncTOMg06DW8hDg=s48-c-k-c0x00ffffff-no-rj', 'authorChannelUrl': 'http://www.youtube.com/channel/UCzZ7OXvn5lK25mC1_BktabQ', 'authorChannelId': {'value': 'UCzZ7OXvn5lK25mC1_BktabQ'}, 'canRate': True, 'viewerRating': 'none', 'likeCount': 1, 'publishedAt': '2022-10-23T22:12:31Z', 'updatedAt': '2022-10-23T22:12:31Z'}}, 'canReply': True, 'totalReplyCount': 0, 'isPublic': True}",,UCzZ7OXvn5lK25mC1_BktabQ,2022-10-23T22:12:31Z,"É. 
O povo está  se revoltando.",QURTSl9pM3BtLTc4TXRIb252WE5VSzU5NlNRTVM4Y2xWbjYwMTE2NWxkT0l6SjEwdHUzMFdOemgtX3dWLXFVbHpmR015ZU1nRzlrTnNuUQ==,2023-06-08 14:52:49.125465
youtube#commentThread,eaJ99YzSQw0XTa7iQjwh02sI0FQ,Ugym7zvz0uE2F6O-mWt4AaABAg,"{'videoId': 'zEfTDpfyt1o', 'topLevelComment': {'kind': 'youtube#comment', 'etag': 'VFrBJV_UQlfOeXO92Asa-hGtYR8', 'id': 'Ugym7zvz0uE2F6O-mWt4AaABAg', 'snippet': {'videoId': 'zEfTDpfyt1o', 'textDisplay': 'Isso é o motivo de soltar um bandido para ser candidato a presente do Brasil. Todos estão achando que pode fazer o que quer. Muito triste.', 'textOriginal': 'Isso é o motivo de soltar um bandido para ser candidato a presente do Brasil. Todos estão achando que pode fazer o que quer. Muito triste.', 'authorDisplayName': 'Divanito José', 'authorProfileImageUrl': 'https://yt3.ggpht.com/ytc/AGIKgqOXUHdwFOqpy73rbbD6lDq1OkBCoM6ZujngkQ=s48-c-k-c0x00ffffff-no-rj', 'authorChannelUrl': 'http://www.youtube.com/channel/UC6qkahKz9W-9tujmXWCwj0g', 'authorChannelId': {'value': 'UC6qkahKz9W-9tujmXWCwj0g'}, 'canRate': True, 'viewerRating': 'none', 'likeCount': 0, 'publishedAt': '2022-10-23T22:12:28Z', 'updatedAt': '2022-10-23T22:12:28Z'}}, 'canReply': True, 'totalReplyCount': 0, 'isPublic': True}",,UC6qkahKz9W-9tujmXWCwj0g,2022-10-23T22:12:28Z,Isso é o motivo de soltar um bandido para ser candidato a presente do Brasil. Todos estão achando que pode fazer o que quer. Muito triste.,QURTSl9pM3BtLTc4TXRIb252WE5VSzU5NlNRTVM4Y2xWbjYwMTE2NWxkT0l6SjEwdHUzMFdOemgtX3dWLXFVbHpmR015ZU1nRzlrTnNuUQ==,2023-06-08 14:52:49.125465
youtube#commentThread,T5XXpWon72fKgH31YEehnTzvcCU,UgznG0J4tuCfDjEX9ih4AaABAg,"{'videoId': 'zEfTDpfyt1o', 'topLevelComment': {'kind': 'youtube#comment', 'etag': 'I8is8fYaLNBGXWxVaae-hK3jNqw', 'id': 'UgznG0J4tuCfDjEX9ih4AaABAg', 'snippet': {'videoId': 'zEfTDpfyt1o', 'textDisplay': 'Vai se lascar Jp tomara que vcs fecham a porta pra parar de apoiar essas merdas', 'textOriginal': 'Vai se lascar Jp tomara que vcs fecham a porta pra parar de apoiar essas merdas', 'authorDisplayName': 'Adilson Costa', 'authorProfileImageUrl': 'https://yt3.ggpht.com/E9tooJX9HFoGfhM8QGeIPJvfE55kcPDCd0MGmfWbJ3LTbhDNsZPPFmI6MC74zrgrpvJnAM6yaso=s48-c-k-c0x00ffffff-no-rj', 'authorChannelUrl': 'http://www.youtube.com/channel/UC1UvzSmBsU0IoxJ0iRdfeFA', 'authorChannelId': {'value': 'UC1UvzSmBsU0IoxJ0iRdfeFA'}, 'canRate': True, 'viewerRating': 'none', 'likeCount': 0, 'publishedAt': '2022-10-23T22:12:16Z', 'updatedAt': '2022-10-23T22:12:16Z'}}, 'canReply': True, 'totalReplyCount': 0, 'isPublic': True}",,UC1UvzSmBsU0IoxJ0iRdfeFA,2022-10-23T22:12:16Z,Vai se lascar Jp tomara que vcs fecham a porta pra parar de apoiar essas merdas,QURTSl9pM3BtLTc4TXRIb252WE5VSzU5NlNRTVM4Y2xWbjYwMTE2NWxkT0l6SjEwdHUzMFdOemgtX3dWLXFVbHpmR015ZU1nRzlrTnNuUQ==,2023-06-08 14:52:49.125465
youtube#commentThread,cByLaOXWztjA3GacCmob9B8ra-U,UgyYeSS9117fzfYmg3l4AaABAg,"{'videoId': 'zEfTDpfyt1o', 'topLevelComment': {'kind': 'youtube#comment', 'etag': 'Z7R9UFWPpQvkxyAA1z1bytcLFJk', 'id': 'UgyYeSS9117fzfYmg3l4AaABAg', 'snippet': {'videoId': 'zEfTDpfyt1o', 'textDisplay': 'Que vergonha ainda termos políticos com atitudes do século XIX!', 'textOriginal': 'Que vergonha ainda termos políticos com atitudes do século XIX!', 'authorDisplayName': 'emily_duarte Emily123456', 'authorProfileImageUrl': 'https://yt3.ggpht.com/ytc/AGIKgqN93aZ2Te1iWvz-0lJ62mA4JJp_ClUcWrSvVA=s48-c-k-c0x00ffffff-no-rj', 'authorChannelUrl': 'http://www.youtube.com/channel/UCCOpSxVZZWxo9ZpsLUkRg_A', 'authorChannelId': {'value': 'UCCOpSxVZZWxo9ZpsLUkRg_A'}, 'canRate': True, 'viewerRating': 'none', 'likeCount': 1, 'publishedAt': '2022-10-23T22:12:14Z', 'updatedAt': '2022-10-23T22:12:14Z'}}, 'canReply': True, 'totalReplyCount': 2, 'isPublic': True}","{'comments': [{'kind': 'youtube#comment', 'etag': 'cxAuDqYW_o4piV0LAodUsNLNpKw', 'id': 'UgyYeSS9117fzfYmg3l4AaABAg.9hY90plwTxU9hYKCaUYNSu', 'snippet': {'videoId': 'zEfTDpfyt1o', 'textDisplay': '@FuckTheState Vergonha é voltar para o século XIX! Ciclo interditado por Getúlio Vargas e onde os trabalhadores começaram a ter direitos trabalhistas.', 'textOriginal': '@FuckTheState Vergonha é voltar para o século XIX! Ciclo interditado por Getúlio Vargas e onde os trabalhadores começaram a ter direitos trabalhistas.', 'parentId': 'UgyYeSS9117fzfYmg3l4AaABAg', 'authorDisplayName': 'emily_duarte Emily123456', 'authorProfileImageUrl': 'https://yt3.ggpht.com/ytc/AGIKgqN93aZ2Te1iWvz-0lJ62mA4JJp_ClUcWrSvVA=s48-c-k-c0x00ffffff-no-rj', 'authorChannelUrl': 'http://www.youtube.com/channel/UCCOpSxVZZWxo9ZpsLUkRg_A', 'authorChannelId': {'value': 'UCCOpSxVZZWxo9ZpsLUkRg_A'}, 'canRate': True, 'viewerRating': 'none', 'likeCount': 0, 'publishedAt': '2022-10-23T23:49:57Z', 'updatedAt': '2022-10-23T23:49:57Z'}}, {'kind': 'youtube#comment', 'etag': '5PnHIudigO-s3cc8wnQ6LM5pHw8', 'id': 'UgyYeSS9117fzfYmg3l4AaABAg.9hY90plwTxU9hYBFvovhEP', 'snippet': {'videoId': 'zEfTDpfyt1o', 'textDisplay': 'Vergonha é ter gado lambendo bota.', 'textOriginal': 'Vergonha é ter gado lambendo bota.', 'parentId': 'UgyYeSS9117fzfYmg3l4AaABAg', 'authorDisplayName': 'FuckTheState', 'authorProfileImageUrl': 'https://yt3.ggpht.com/ytc/AGIKgqPHdgXc_-NnUPpyAiwhaY4y69h7gBq4nM2jfEwH=s48-c-k-c0x00ffffff-no-rj', 'authorChannelUrl': 'http://www.youtube.com/channel/UCx0qgYKDPFxRxPhLfTBfCDQ', 'authorChannelId': {'value': 'UCx0qgYKDPFxRxPhLfTBfCDQ'}, 'canRate': True, 'viewerRating': 'none', 'likeCount': 0, 'publishedAt': '2022-10-23T22:31:46Z', 'updatedAt': '2022-10-23T22:31:46Z'}}]}",UCCOpSxVZZWxo9ZpsLUkRg_A,2022-10-23T22:12:14Z,Que vergonha ainda termos políticos com atitudes do século XIX!,QURTSl9pM3BtLTc4TXRIb252WE5VSzU5NlNRTVM4Y2xWbjYwMTE2NWxkT0l6SjEwdHUzMFdOemgtX3dWLXFVbHpmR015ZU1nRzlrTnNuUQ==,2023-06-08 14:52:49.125465
youtube#commentThread,xNUcdNN5w_TSbMZOVKJzG24kTJY,UgyIWPkphLYe8Gh37hJ4AaABAg,"{'videoId': 'zEfTDpfyt1o', 'topLevelComment': {'kind': 'youtube#comment', 'etag': 'nweOjXozm2Y11QS0bZBBWVUCGLA', 'id': 'UgyIWPkphLYe8Gh37hJ4AaABAg', 'snippet': {'videoId': 'zEfTDpfyt1o', 'textDisplay': 'Quero lá saber da Globo.? Quero ver a população inteira sendo impedida de colocar adesivos nos carros de Bolsonaro e proibida de se manifestar pacificamente a mando do TRE!!! <br>Acorda, cara.', 'textOriginal': 'Quero lá saber da Globo.? Quero ver a população inteira sendo impedida de colocar adesivos nos carros de Bolsonaro e proibida de se manifestar pacificamente a mando do TRE!!! \\nAcorda, cara.', 'authorDisplayName': 'L.Hodson', 'authorProfileImageUrl': 'https://yt3.ggpht.com/Tc5YlWf9tNG9MhBW1N8DHBNz1UtSIVN08Awk5SOr0PJYN0iGb_1QI_oar9vOcTpAq5BqN2Fb=s48-c-k-c0x00ffffff-no-rj', 'authorChannelUrl': 'http://www.youtube.com/channel/UCoouLoNtN2GVDJWGeWjpLng', 'authorChannelId': {'value': 'UCoouLoNtN2GVDJWGeWjpLng'}, 'canRate': True, 'viewerRating': 'none', 'likeCount': 0, 'publishedAt': '2022-10-23T22:12:13Z', 'updatedAt': '2022-10-23T22:15:03Z'}}, 'canReply': True, 'totalReplyCount': 0, 'isPublic': True}",,UCoouLoNtN2GVDJWGeWjpLng,2022-10-23T22:12:13Z,"Quero lá saber da Globo.? Quero ver a população inteira sendo impedida de colocar adesivos nos carros de Bolsonaro e proibida de se manifestar pacificamente a mando do TRE!!! 
Acorda, cara.",QURTSl9pM3BtLTc4TXRIb252WE5VSzU5NlNRTVM4Y2xWbjYwMTE2NWxkT0l6SjEwdHUzMFdOemgtX3dWLXFVbHpmR015ZU1nRzlrTnNuUQ==,2023-06-08 14:52:49.125465
youtube#commentThread,8Q0FYZ5Z2sRnjvzv3nIjYjAZN7Q,UgzOJYgGxyZqyIlV8XB4AaABAg,"{'videoId': 'zEfTDpfyt1o', 'topLevelComment': {'kind': 'youtube#comment', 'etag': 'unOCjIQZ39iw_IAPIbRJWFKZQFw', 'id': 'UgzOJYgGxyZqyIlV8XB4AaABAg', 'snippet': {'videoId': 'zEfTDpfyt1o', 'textDisplay': 'Olha só, urubus de toga, olha no que deu seus desmandos... gente ferida, gente revoltada, cansada de tudo isso... Não tinha que ter revolta, tinha que ter neutralidade, justiça, bom senso...', 'textOriginal': 'Olha só, urubus de toga, olha no que deu seus desmandos... gente ferida, gente revoltada, cansada de tudo isso... Não tinha que ter revolta, tinha que ter neutralidade, justiça, bom senso...', 'authorDisplayName': 'IVONE JANETE Katzer', 'authorProfileImageUrl': 'https://yt3.ggpht.com/ytc/AGIKgqPFheOiVDOTxlH7J8wgIqxWhdhi4zWm4hqabg=s48-c-k-c0x00ffffff-no-rj', 'authorChannelUrl': 'http://www.youtube.com/channel/UChcQLP0MonRMV8KIiGjMwHg', 'authorChannelId': {'value': 'UChcQLP0MonRMV8KIiGjMwHg'}, 'canRate': True, 'viewerRating': 'none', 'likeCount': 47, 'publishedAt': '2022-10-23T22:12:07Z', 'updatedAt': '2022-10-23T22:12:07Z'}}, 'canReply': True, 'totalReplyCount': 0, 'isPublic': True}",,UChcQLP0MonRMV8KIiGjMwHg,2022-10-23T22:12:07Z,"Olha só, urubus de toga, olha no que deu seus desmandos... gente ferida, gente revoltada, cansada de tudo isso... Não tinha que ter revolta, tinha que ter neutralidade, justiça, bom senso...",QURTSl9pM3BtLTc4TXRIb252WE5VSzU5NlNRTVM4Y2xWbjYwMTE2NWxkT0l6SjEwdHUzMFdOemgtX3dWLXFVbHpmR015ZU1nRzlrTnNuUQ==,2023-06-08 14:52:49.125465
youtube#commentThread,V04Dq9SZU4ozfhIjfo3rwLmO41k,UgzwDLJqRP_6Z4gQxUV4AaABAg,"{'videoId': 'zEfTDpfyt1o', 'topLevelComment': {'kind': 'youtube#comment', 'etag': 'vSEGZodGqZFj-6QQ69llrTcW4TE', 'id': 'UgzwDLJqRP_6Z4gQxUV4AaABAg', 'snippet': {'videoId': 'zEfTDpfyt1o', 'textDisplay': 'Globolixo', 'textOriginal': 'Globolixo', 'authorDisplayName': 'Anita Pontes', 'authorProfileImageUrl': 'https://yt3.ggpht.com/ytc/AGIKgqOUvxsPfhsp9wv6VLw4yL2U06WmxXGWweUuww=s48-c-k-c0x00ffffff-no-rj', 'authorChannelUrl': 'http://www.youtube.com/channel/UCOewmO2GzppKiPoBSg1Jjkg', 'authorChannelId': {'value': 'UCOewmO2GzppKiPoBSg1Jjkg'}, 'canRate': True, 'viewerRating': 'none', 'likeCount': 1, 'publishedAt': '2022-10-23T22:12:02Z', 'updatedAt': '2022-10-23T22:12:02Z'}}, 'canReply': True, 'totalReplyCount': 0, 'isPublic': True}",,UCOewmO2GzppKiPoBSg1Jjkg,2022-10-23T22:12:02Z,Globolixo,QURTSl9pM3BtLTc4TXRIb252WE5VSzU5NlNRTVM4Y2xWbjYwMTE2NWxkT0l6SjEwdHUzMFdOemgtX3dWLXFVbHpmR015ZU1nRzlrTnNuUQ==,2023-06-08 14:52:49.125465
youtube#commentThread,VV14UAYEDjS2pGC3wT_VttnObfo,UgzoK4FK2-4FyoH2Vnt4AaABAg,"{'videoId': 'zEfTDpfyt1o', 'topLevelComment': {'kind': 'youtube#comment', 'etag': 'F5TRpXxkMuFL_aOEyrnAV-i3kX8', 'id': 'UgzoK4FK2-4FyoH2Vnt4AaABAg', 'snippet': {'videoId': 'zEfTDpfyt1o', 'textDisplay': 'Verdade ele estava trabalhando não gosto disso 😞', 'textOriginal': 'Verdade ele estava trabalhando não gosto disso 😞', 'authorDisplayName': 'Rejaneide Rodrigues', 'authorProfileImageUrl': 'https://yt3.ggpht.com/ytc/AGIKgqOJMxwsKLKJfLVAmcGJpeDvG_4uvEVH2vNmCA=s48-c-k-c0x00ffffff-no-rj', 'authorChannelUrl': 'http://www.youtube.com/channel/UCD8q1Lb3VQACR6Ogw7D2xlg', 'authorChannelId': {'value': 'UCD8q1Lb3VQACR6Ogw7D2xlg'}, 'canRate': True, 'viewerRating': 'none', 'likeCount': 1, 'publishedAt': '2022-10-23T22:11:52Z', 'updatedAt': '2022-10-23T22:11:52Z'}}, 'canReply': True, 'totalReplyCount': 0, 'isPublic': True}",,UCD8q1Lb3VQACR6Ogw7D2xlg,2022-10-23T22:11:52Z,Verdade ele estava trabalhando não gosto disso 😞,QURTSl9pM3BtLTc4TXRIb252WE5VSzU5NlNRTVM4Y2xWbjYwMTE2NWxkT0l6SjEwdHUzMFdOemgtX3dWLXFVbHpmR015ZU1nRzlrTnNuUQ==,2023-06-08 14:52:49.125465
youtube#commentThread,6Vt6xJHG7aZ_L3VdfxhmhlEzxiM,UgyIDWP8F5zP90q-RJx4AaABAg,"{'videoId': 'zEfTDpfyt1o', 'topLevelComment': {'kind': 'youtube#comment', 'etag': 'zISg_etIgJlCgBFEVIBoSTWey8s', 'id': 'UgyIDWP8F5zP90q-RJx4AaABAg', 'snippet': {'videoId': 'zEfTDpfyt1o', 'textDisplay': 'Gente é muito abuso. O que está acontecendo? Ai está a demonstração do que pode vir a ser pior.', 'textOriginal': 'Gente é muito abuso. O que está acontecendo? Ai está a demonstração do que pode vir a ser pior.', 'authorDisplayName': 'Gisele Costa', 'authorProfileImageUrl': 'https://yt3.ggpht.com/ytc/AGIKgqNHz4gKtmqrCkjCVS0BzO0LMI-SYxjIUoViY1nWEQ=s48-c-k-c0x00ffffff-no-rj', 'authorChannelUrl': 'http://www.youtube.com/channel/UC24YDed9_bKE18dfPZrYU-w', 'authorChannelId': {'value': 'UC24YDed9_bKE18dfPZrYU-w'}, 'canRate': True, 'viewerRating': 'none', 'likeCount': 204, 'publishedAt': '2022-10-23T22:11:46Z', 'updatedAt': '2022-10-23T22:12:14Z'}}, 'canReply': True, 'totalReplyCount': 38, 'isPublic': True}","{'comments': [{'kind': 'youtube#comment', 'etag': 'DhYG3XbvDvfDd1ybVfph1thdoZs', 'id': 'UgyIDWP8F5zP90q-RJx4AaABAg.9hY8yP5njlo9hZhexIbmEt', 'snippet': {'videoId': 'zEfTDpfyt1o', 'textDisplay': '@GR Gamer Bandido q foi acusado pela PGR, vale lembrar.', 'textOriginal': '@GR Gamer Bandido q foi acusado pela PGR, vale lembrar.', 'parentId': 'UgyIDWP8F5zP90q-RJx4AaABAg', 'authorDisplayName': 'Leonardo Bueno', 'authorProfileImageUrl': 'https://yt3.ggpht.com/ytc/AGIKgqMImom2nj2t2g-obnfFQTS6DinDblUk-tpnOw=s48-c-k-c0x00ffffff-no-rj', 'authorChannelUrl': 'http://www.youtube.com/channel/UCg2OUImfzVJBcSK6skPAUNA', 'authorChannelId': {'value': 'UCg2OUImfzVJBcSK6skPAUNA'}, 'canRate': True, 'viewerRating': 'none', 'likeCount': 0, 'publishedAt': '2022-10-24T12:42:55Z', 'updatedAt': '2022-10-24T12:42:55Z'}}, {'kind': 'youtube#comment', 'etag': 'h0VD43v5zrA9J0V1Cy2ni-Ue_4c', 'id': 'UgyIDWP8F5zP90q-RJx4AaABAg.9hY8yP5njlo9hZb0B19UWB', 'snippet': {'videoId': 'zEfTDpfyt1o', 'textDisplay': 'Bolsonarismo é fanatismo e banditismo', 'textOriginal': 'Bolsonarismo é fanatismo e banditismo', 'parentId': 'UgyIDWP8F5zP90q-RJx4AaABAg', 'authorDisplayName': 'Carlos Luis', 'authorProfileImageUrl': 'https://yt3.ggpht.com/ytc/AGIKgqMx91JQxDhJS0zttxQ0CP_nLZ2wgF4TuqUcwQ=s48-c-k-c0x00ffffff-no-rj', 'authorChannelUrl': 'http://www.youtube.com/channel/UCitCT21yhOyAbyg6QOzWZeg', 'authorChannelId': {'value': 'UCitCT21yhOyAbyg6QOzWZeg'}, 'canRate': True, 'viewerRating': 'none', 'likeCount': 1, 'publishedAt': '2022-10-24T11:44:47Z', 'updatedAt': '2022-10-24T11:44:47Z'}}, {'kind': 'youtube#comment', 'etag': 'HCRd8IiqgQKiwmqi9SeszsVKBtg', 'id': 'UgyIDWP8F5zP90q-RJx4AaABAg.9hY8yP5njlo9hYhrEl8hAh', 'snippet': {'videoId': 'zEfTDpfyt1o', 'textDisplay': '\\u200b@Esther Hirt D acordo com o IBGE, o desemprego em 2010, último ano do Lula, era d 6,7% e a dívida pública era d R$2011,5 bilhões, 55% do PIB. No Japão é d 268%, nos EUA d 138% e no Brasil d Bolsonaro 80%. Cria vergonha na cara vc, sua mentirosa q fica tirando números do rabo.', 'textOriginal': '\\u200b@Esther Hirt D acordo com o IBGE, o desemprego em 2010, último ano do Lula, era d 6,7% e a dívida pública era d R$2011,5 bilhões, 55% do PIB. No Japão é d 268%, nos EUA d 138% e no Brasil d Bolsonaro 80%. Cria vergonha na cara vc, sua mentirosa q fica tirando números do rabo.', 'parentId': 'UgyIDWP8F5zP90q-RJx4AaABAg', 'authorDisplayName': 'Leonardo Bueno', 'authorProfileImageUrl': 'https://yt3.ggpht.com/ytc/AGIKgqMImom2nj2t2g-obnfFQTS6DinDblUk-tpnOw=s48-c-k-c0x00ffffff-no-rj', 'authorChannelUrl': 'http://www.youtube.com/channel/UCg2OUImfzVJBcSK6skPAUNA', 'authorChannelId': {'value': 'UCg2OUImfzVJBcSK6skPAUNA'}, 'canRate': True, 'viewerRating': 'none', 'likeCount': 0, 'publishedAt': '2022-10-24T03:25:21Z', 'updatedAt': '2022-10-24T03:25:21Z'}}, {'kind': 'youtube#comment', 'etag': '9EG50n4w9e666baJ99C0ntvzFog', 'id': 'UgyIDWP8F5zP90q-RJx4AaABAg.9hY8yP5njlo9hYgaIFC4ta', 'snippet': {'videoId': 'zEfTDpfyt1o', 'textDisplay': 'Vai plantar batata você e esse Paulo Freire', 'textOriginal': 'Vai plantar batata você e esse Paulo Freire', 'parentId': 'UgyIDWP8F5zP90q-RJx4AaABAg', 'authorDisplayName': 'Roseli Do santos', 'authorProfileImageUrl': 'https://yt3.ggpht.com/ytc/AGIKgqNo7mhk8JBVBNp1k84SF4umQEFXZb5r9_7tXnn1dnDQAMr962GFF9W1hqeuKUt0=s48-c-k-c0x00ffffff-no-rj', 'authorChannelUrl': 'http://www.youtube.com/channel/UCn5WPb-AJgKPBeUGKjGPLBQ', 'authorChannelId': {'value': 'UCn5WPb-AJgKPBeUGKjGPLBQ'}, 'canRate': True, 'viewerRating': 'none', 'likeCount': 1, 'publishedAt': '2022-10-24T03:14:18Z', 'updatedAt': '2022-10-24T03:14:18Z'}}, {'kind': 'youtube#comment', 'etag': 'bzOglLjTZVwi88ZGsVk5wrQtSOg', 'id': 'UgyIDWP8F5zP90q-RJx4AaABAg.9hY8yP5njlo9hYgJh0p_1J', 'snippet': {'videoId': 'zEfTDpfyt1o', 'textDisplay': '@Leonardo Bueno <br>KKKKKKKK... LULA FEZ 14 MILHÕES DE DESEMPREGADOS... FEZ DÍVIDA PÚBLICA DE  4 TRILHÕES DE REAIS... ROUBOU E DESTRUÍU O BRASIL... SÓ  VC IGNORANTE ACREDITA NAS MENTIRAS DO BANDIDO LULA... CRIE VERGONHA NA CARA.. !!!!', 'textOriginal': '@Leonardo Bueno \\nKKKKKKKK... LULA FEZ 14 MILHÕES DE DESEMPREGADOS... FEZ DÍVIDA PÚBLICA DE  4 TRILHÕES DE REAIS... ROUBOU E DESTRUÍU O BRASIL... SÓ  VC IGNORANTE ACREDITA NAS MENTIRAS DO BANDIDO LULA... CRIE VERGONHA NA CARA.. !!!!', 'parentId': 'UgyIDWP8F5zP90q-RJx4AaABAg', 'authorDisplayName': 'Esther Hirt', 'authorProfileImageUrl': 'https://yt3.ggpht.com/ytc/AGIKgqPXx_n7DJm7JbXH4kl5xW0wplFxWCaY0En9aA=s48-c-k-c0x00ffffff-no-rj', 'authorChannelUrl': 'http://www.youtube.com/channel/UCBwWLGeK4JM-rkPKDAjPsZQ', 'authorChannelId': {'value': 'UCBwWLGeK4JM-rkPKDAjPsZQ'}, 'canRate': True, 'viewerRating': 'none', 'likeCount': 0, 'publishedAt': '2022-10-24T03:11:54Z', 'updatedAt': '2022-10-24T03:11:54Z'}}]}",UC24YDed9_bKE18dfPZrYU-w,2022-10-23T22:11:46Z,Gente é muito abuso. O que está acontecendo? Ai está a demonstração do que pode vir a ser pior.,QURTSl9pM3BtLTc4TXRIb252WE5VSzU5NlNRTVM4Y2xWbjYwMTE2NWxkT0l6SjEwdHUzMFdOemgtX3dWLXFVbHpmR015ZU1nRzlrTnNuUQ==,2023-06-08 14:52:49.125465
youtube#commentThread,BiBbOXNL-vw6egV_DybzOXc864M,UgxCT1NMLe-kxiyi4zB4AaABAg,"{'videoId': 'zEfTDpfyt1o', 'topLevelComment': {'kind': 'youtube#comment', 'etag': '_bnzBiWxc7Qffq6BKlaOLJQQm0Y', 'id': 'UgxCT1NMLe-kxiyi4zB4AaABAg', 'snippet': {'videoId': 'zEfTDpfyt1o', 'textDisplay': 'GENTE EU ODEIO A GLOBO, MAS AGREDIR UM TRABALHADOR É HORRIVEL , NÃO ACEITO ESSAS COISAS. VCS QUEREM SE IGUALAR À ESQUERDA TRUCULENTA?', 'textOriginal': 'GENTE EU ODEIO A GLOBO, MAS AGREDIR UM TRABALHADOR É HORRIVEL , NÃO ACEITO ESSAS COISAS. VCS QUEREM SE IGUALAR À ESQUERDA TRUCULENTA?', 'authorDisplayName': 'Claudia Maria', 'authorProfileImageUrl': 'https://yt3.ggpht.com/ytc/AGIKgqPPIbkxAOO8GlreV2Cy9vX7qRyf0DOgOAP4BFbb3Q=s48-c-k-c0x00ffffff-no-rj', 'authorChannelUrl': 'http://www.youtube.com/channel/UCo0Mz0pwIhNhloCGPrqEZGA', 'authorChannelId': {'value': 'UCo0Mz0pwIhNhloCGPrqEZGA'}, 'canRate': True, 'viewerRating': 'none', 'likeCount': 0, 'publishedAt': '2022-10-23T22:11:34Z', 'updatedAt': '2022-10-23T22:11:34Z'}}, 'canReply': True, 'totalReplyCount': 0, 'isPublic': True}",,UCo0Mz0pwIhNhloCGPrqEZGA,2022-10-23T22:11:34Z,"GENTE EU ODEIO A GLOBO, MAS AGREDIR UM TRABALHADOR É HORRIVEL , NÃO ACEITO ESSAS COISAS. VCS QUEREM SE IGUALAR À ESQUERDA TRUCULENTA?",QURTSl9pM3BtLTc4TXRIb252WE5VSzU5NlNRTVM4Y2xWbjYwMTE2NWxkT0l6SjEwdHUzMFdOemgtX3dWLXFVbHpmR015ZU1nRzlrTnNuUQ==,2023-06-08 14:52:49.125465
youtube#commentThread,SM3fpTlWpM8gPtq7veqHRq8_670,Ugw-S4VKnwdSINP2ZTl4AaABAg,"{'videoId': 'zEfTDpfyt1o', 'topLevelComment': {'kind': 'youtube#comment', 'etag': 'HrKzLciPZt004MUkag8oB9fMyZY', 'id': 'Ugw-S4VKnwdSINP2ZTl4AaABAg', 'snippet': {'videoId': 'zEfTDpfyt1o', 'textDisplay': 'O bicho vai pegar', 'textOriginal': 'O bicho vai pegar', 'authorDisplayName': 'Anita Pontes', 'authorProfileImageUrl': 'https://yt3.ggpht.com/ytc/AGIKgqOUvxsPfhsp9wv6VLw4yL2U06WmxXGWweUuww=s48-c-k-c0x00ffffff-no-rj', 'authorChannelUrl': 'http://www.youtube.com/channel/UCOewmO2GzppKiPoBSg1Jjkg', 'authorChannelId': {'value': 'UCOewmO2GzppKiPoBSg1Jjkg'}, 'canRate': True, 'viewerRating': 'none', 'likeCount': 1, 'publishedAt': '2022-10-23T22:11:34Z', 'updatedAt': '2022-10-23T22:11:34Z'}}, 'canReply': True, 'totalReplyCount': 0, 'isPublic': True}",,UCOewmO2GzppKiPoBSg1Jjkg,2022-10-23T22:11:34Z,O bicho vai pegar,QURTSl9pM3BtLTc4TXRIb252WE5VSzU5NlNRTVM4Y2xWbjYwMTE2NWxkT0l6SjEwdHUzMFdOemgtX3dWLXFVbHpmR015ZU1nRzlrTnNuUQ==,2023-06-08 14:52:49.125465
youtube#commentThread,ejWOylWNFlSMogsoyIGLi3vxYjw,UgyC9VUAPtN4YTtmzjB4AaABAg,"{'videoId': 'zEfTDpfyt1o', 'topLevelComment': {'kind': 'youtube#comment', 'etag': 'CDJb3_QdScfzMFKlLblL6RWTI0g', 'id': 'UgyC9VUAPtN4YTtmzjB4AaABAg', 'snippet': {'videoId': 'zEfTDpfyt1o', 'textDisplay': 'Obvio que a Globo iria botar que  ocara era apoiador do Bob E DO BOLSONARO.... Maldita hora que esse babaca do Roberto Jefferson resolveru falar e fazer besteira. Uma semana antes das eleicoes . Vamos perdewr muitos votos com certeza', 'textOriginal': 'Obvio que a Globo iria botar que  ocara era apoiador do Bob E DO BOLSONARO.... Maldita hora que esse babaca do Roberto Jefferson resolveru falar e fazer besteira. Uma semana antes das eleicoes . Vamos perdewr muitos votos com certeza', 'authorDisplayName': 'Bruno Henrique Rachinelli', 'authorProfileImageUrl': 'https://yt3.ggpht.com/ytc/AGIKgqMWinACLEU5shORdWlz2vlw6cac72DxYb0yuQ=s48-c-k-c0x00ffffff-no-rj', 'authorChannelUrl': 'http://www.youtube.com/channel/UCFRffBT-PEm8HCRNps0HfgQ', 'authorChannelId': {'value': 'UCFRffBT-PEm8HCRNps0HfgQ'}, 'canRate': True, 'viewerRating': 'none', 'likeCount': 0, 'publishedAt': '2022-10-23T22:11:33Z', 'updatedAt': '2022-10-23T22:11:33Z'}}, 'canReply': True, 'totalReplyCount': 0, 'isPublic': True}",,UCFRffBT-PEm8HCRNps0HfgQ,2022-10-23T22:11:33Z,Obvio que a Globo iria botar que  ocara era apoiador do Bob E DO BOLSONARO.... Maldita hora que esse babaca do Roberto Jefferson resolveru falar e fazer besteira. Uma semana antes das eleicoes . Vamos perdewr muitos votos com certeza,QURTSl9pM3BtLTc4TXRIb252WE5VSzU5NlNRTVM4Y2xWbjYwMTE2NWxkT0l6SjEwdHUzMFdOemgtX3dWLXFVbHpmR015ZU1nRzlrTnNuUQ==,2023-06-08 14:52:49.125465
youtube#commentThread,6rLQ-YeBZ3doNHhItlMwj_g71cc,UgyQTq2YAtRhvMHvhG14AaABAg,"{'videoId': 'zEfTDpfyt1o', 'topLevelComment': {'kind': 'youtube#comment', 'etag': '4_p5iKyxqpOQBeNTbnQ3ksqey3k', 'id': 'UgyQTq2YAtRhvMHvhG14AaABAg', 'snippet': {'videoId': 'zEfTDpfyt1o', 'textDisplay': 'JP tem que ser fechada seus passar pano', 'textOriginal': 'JP tem que ser fechada seus passar pano', 'authorDisplayName': 'José Ivanildo Da Silva', 'authorProfileImageUrl': 'https://yt3.ggpht.com/ytc/AGIKgqOzIeXvC6a9ul3RlUNDzKJWhK4mjXHDFK14Ag=s48-c-k-c0x00ffffff-no-rj', 'authorChannelUrl': 'http://www.youtube.com/channel/UCnFc5h5vyfFnTir638J3-uA', 'authorChannelId': {'value': 'UCnFc5h5vyfFnTir638J3-uA'}, 'canRate': True, 'viewerRating': 'none', 'likeCount': 1, 'publishedAt': '2022-10-23T22:11:33Z', 'updatedAt': '2022-10-23T22:11:33Z'}}, 'canReply': True, 'totalReplyCount': 0, 'isPublic': True}",,UCnFc5h5vyfFnTir638J3-uA,2022-10-23T22:11:33Z,JP tem que ser fechada seus passar pano,QURTSl9pM3BtLTc4TXRIb252WE5VSzU5NlNRTVM4Y2xWbjYwMTE2NWxkT0l6SjEwdHUzMFdOemgtX3dWLXFVbHpmR015ZU1nRzlrTnNuUQ==,2023-06-08 14:52:49.125465
youtube#commentThread,lr1T9mBAAUIecdGkxqJ1Xe-EGsk,UgwfQI75uRH89Y6ng9R4AaABAg,"{'videoId': 'zEfTDpfyt1o', 'topLevelComment': {'kind': 'youtube#comment', 'etag': 'oGS-Xsfklkr32cHqqatX-SJe7UU', 'id': 'UgwfQI75uRH89Y6ng9R4AaABAg', 'snippet': {'videoId': 'zEfTDpfyt1o', 'textDisplay': 'Policial tava cumprindo seu trabalho foi recebido a tiros, cinegrafista trabalhando, foi agredido, algo de errado não está certo nesse país, vamos repensar nossas atitudes.', 'textOriginal': 'Policial tava cumprindo seu trabalho foi recebido a tiros, cinegrafista trabalhando, foi agredido, algo de errado não está certo nesse país, vamos repensar nossas atitudes.', 'authorDisplayName': 'Fabiano Ramos', 'authorProfileImageUrl': 'https://yt3.ggpht.com/ytc/AGIKgqPKOhQQ5bHl2EhYqsfMcpB5qqe9N9w6q1lRQxlQ=s48-c-k-c0x00ffffff-no-rj', 'authorChannelUrl': 'http://www.youtube.com/channel/UC2VDIgWmzm6G_yZVrtheCqQ', 'authorChannelId': {'value': 'UC2VDIgWmzm6G_yZVrtheCqQ'}, 'canRate': True, 'viewerRating': 'none', 'likeCount': 12, 'publishedAt': '2022-10-23T22:11:30Z', 'updatedAt': '2022-10-23T22:11:30Z'}}, 'canReply': True, 'totalReplyCount': 5, 'isPublic': True}","{'comments': [{'kind': 'youtube#comment', 'etag': 'm4Pb6dNFCQbupUP5unyZFR84Iss', 'id': 'UgwfQI75uRH89Y6ng9R4AaABAg.9hY8wWoV-Xu9hYFhzY7NxK', 'snippet': {'videoId': 'zEfTDpfyt1o', 'textDisplay': 'Vai defender a violência???<br>Já dar pra saber ql laia vcs pertencem.', 'textOriginal': 'Vai defender a violência???\\nJá dar pra saber ql laia vcs pertencem.', 'parentId': 'UgwfQI75uRH89Y6ng9R4AaABAg', 'authorDisplayName': 'Fabiano Ramos', 'authorProfileImageUrl': 'https://yt3.ggpht.com/ytc/AGIKgqPKOhQQ5bHl2EhYqsfMcpB5qqe9N9w6q1lRQxlQ=s48-c-k-c0x00ffffff-no-rj', 'authorChannelUrl': 'http://www.youtube.com/channel/UC2VDIgWmzm6G_yZVrtheCqQ', 'authorChannelId': {'value': 'UC2VDIgWmzm6G_yZVrtheCqQ'}, 'canRate': True, 'viewerRating': 'none', 'likeCount': 0, 'publishedAt': '2022-10-23T23:10:41Z', 'updatedAt': '2022-10-23T23:10:41Z'}}, {'kind': 'youtube#comment', 'etag': '-u3wETDn2nPDQtS9e5YMVlwGi2Q', 'id': 'UgwfQI75uRH89Y6ng9R4AaABAg.9hY8wWoV-Xu9hYAe3HXajd', 'snippet': {'videoId': 'zEfTDpfyt1o', 'textDisplay': 'Realmente está o STF/STE e O PT que querem Nos calar e amordaçar a qualquer custo. &quot;Ninguém pode falar o que pensa&quot;, assim são as palavras do Lula.', 'textOriginal': 'Realmente está o STF/STE e O PT que querem Nos calar e amordaçar a qualquer custo. ""Ninguém pode falar o que pensa"", assim são as palavras do Lula.', 'parentId': 'UgwfQI75uRH89Y6ng9R4AaABAg', 'authorDisplayName': 'Rossanes Sousa Lima', 'authorProfileImageUrl': 'https://yt3.ggpht.com/ytc/AGIKgqMqTQO8RGjm2dd2IOA-IfAwHijSamENjQQwlUf8I2A=s48-c-k-c0x00ffffff-no-rj', 'authorChannelUrl': 'http://www.youtube.com/channel/UCeu5mGLI3goSVeAeXKAbPNQ', 'authorChannelId': {'value': 'UCeu5mGLI3goSVeAeXKAbPNQ'}, 'canRate': True, 'viewerRating': 'none', 'likeCount': 0, 'publishedAt': '2022-10-23T22:26:27Z', 'updatedAt': '2022-10-23T22:26:27Z'}}, {'kind': 'youtube#comment', 'etag': 'xW98zrvLiyc9TJv3sAPlinPfddA', 'id': 'UgwfQI75uRH89Y6ng9R4AaABAg.9hY8wWoV-Xu9hYAYq_jkx6', 'snippet': {'videoId': 'zEfTDpfyt1o', 'textDisplay': '1. O policial estava cumprindo ordens ilegais e inconstitucionais. É tão criminoso como quem as emitiu. <br><br>2. Cinegrafista da globo que trabalha pro PT e que na pandemia denunciou comércios que estavam abertos.', 'textOriginal': '1. O policial estava cumprindo ordens ilegais e inconstitucionais. É tão criminoso como quem as emitiu. \\n\\n2. Cinegrafista da globo que trabalha pro PT e que na pandemia denunciou comércios que estavam abertos.', 'parentId': 'UgwfQI75uRH89Y6ng9R4AaABAg', 'authorDisplayName': 'FuckTheState', 'authorProfileImageUrl': 'https://yt3.ggpht.com/ytc/AGIKgqPHdgXc_-NnUPpyAiwhaY4y69h7gBq4nM2jfEwH=s48-c-k-c0x00ffffff-no-rj', 'authorChannelUrl': 'http://www.youtube.com/channel/UCx0qgYKDPFxRxPhLfTBfCDQ', 'authorChannelId': {'value': 'UCx0qgYKDPFxRxPhLfTBfCDQ'}, 'canRate': True, 'viewerRating': 'none', 'likeCount': 0, 'publishedAt': '2022-10-23T22:25:36Z', 'updatedAt': '2022-10-23T22:25:36Z'}}, {'kind': 'youtube#comment', 'etag': 'AjRlkVgq_12LbbXogLzqukVjgKw', 'id': 'UgwfQI75uRH89Y6ng9R4AaABAg.9hY8wWoV-Xu9hYANlDuZMO', 'snippet': {'videoId': 'zEfTDpfyt1o', 'textDisplay': 'Polícia fazendo seu trabalho, cumprindo prisão ilegao irmão, coe', 'textOriginal': 'Polícia fazendo seu trabalho, cumprindo prisão ilegao irmão, coe', 'parentId': 'UgwfQI75uRH89Y6ng9R4AaABAg', 'authorDisplayName': 'Eduardo Santos', 'authorProfileImageUrl': 'https://yt3.ggpht.com/ytc/AGIKgqOF6ROXXTGtkI9kZ994sg7aRZF3V-TTZw5ch2B1fRlpeqlVefp8JPX6NileeWkO=s48-c-k-c0x00ffffff-no-rj', 'authorChannelUrl': 'http://www.youtube.com/channel/UCywPZE97ve4ZB3_v3tfeVMA', 'authorChannelId': {'value': 'UCywPZE97ve4ZB3_v3tfeVMA'}, 'canRate': True, 'viewerRating': 'none', 'likeCount': 1, 'publishedAt': '2022-10-23T22:24:06Z', 'updatedAt': '2022-10-23T22:24:06Z'}}, {'kind': 'youtube#comment', 'etag': 'mAqPMTH76H5BRokFxSqNL161RjQ', 'id': 'UgwfQI75uRH89Y6ng9R4AaABAg.9hY8wWoV-Xu9hYAKmeeJw5', 'snippet': {'videoId': 'zEfTDpfyt1o', 'textDisplay': 'Cumprindo papel??? Vai se LASCAR defendendo JAGUNÇOS', 'textOriginal': 'Cumprindo papel??? Vai se LASCAR defendendo JAGUNÇOS', 'parentId': 'UgwfQI75uRH89Y6ng9R4AaABAg', 'authorDisplayName': 'N Xavier Ribeiro', 'authorProfileImageUrl': 'https://yt3.ggpht.com/ytc/AGIKgqO0mB4Vc4cIxd-F2IAhrv6aBwdD6UW-vOPAv8f_Wg=s48-c-k-c0x00ffffff-no-rj', 'authorChannelUrl': 'http://www.youtube.com/channel/UCODc7pMpb_YsSHitJm__oLA', 'authorChannelId': {'value': 'UCODc7pMpb_YsSHitJm__oLA'}, 'canRate': True, 'viewerRating': 'none', 'likeCount': 1, 'publishedAt': '2022-10-23T22:23:41Z', 'updatedAt': '2022-10-23T22:23:41Z'}}]}",UC2VDIgWmzm6G_yZVrtheCqQ,2022-10-23T22:11:30Z,"Policial tava cumprindo seu trabalho foi recebido a tiros, cinegrafista trabalhando, foi agredido, algo de errado não está certo nesse país, vamos repensar nossas atitudes.",QURTSl9pM3BtLTc4TXRIb252WE5VSzU5NlNRTVM4Y2xWbjYwMTE2NWxkT0l6SjEwdHUzMFdOemgtX3dWLXFVbHpmR015ZU1nRzlrTnNuUQ==,2023-06-08 14:52:49.125465
youtube#commentThread,KZCSw3L8cyI7DIZMt-PYtustZBw,Ugy4bEYsIgeJ5j4QJ1l4AaABAg,"{'videoId': 'zEfTDpfyt1o', 'topLevelComment': {'kind': 'youtube#comment', 'etag': 'FX6w8s1s7x9JFHYGowJRQrmjV_I', 'id': 'Ugy4bEYsIgeJ5j4QJ1l4AaABAg', 'snippet': {'videoId': 'zEfTDpfyt1o', 'textDisplay': 'Infiltrados com certeza', 'textOriginal': 'Infiltrados com certeza', 'authorDisplayName': 'Arte no Jardim', 'authorProfileImageUrl': 'https://yt3.ggpht.com/ytc/AGIKgqNYWkT6wR9zxJJoNWKFcTnRMq06jc4z-tOOA8mV0BY=s48-c-k-c0x00ffffff-no-rj', 'authorChannelUrl': 'http://www.youtube.com/channel/UCRXVQwpkfYr7soKI80kQoMQ', 'authorChannelId': {'value': 'UCRXVQwpkfYr7soKI80kQoMQ'}, 'canRate': True, 'viewerRating': 'none', 'likeCount': 0, 'publishedAt': '2022-10-23T22:11:25Z', 'updatedAt': '2022-10-23T22:11:25Z'}}, 'canReply': True, 'totalReplyCount': 0, 'isPublic': True}",,UCRXVQwpkfYr7soKI80kQoMQ,2022-10-23T22:11:25Z,Infiltrados com certeza,QURTSl9pM3BtLTc4TXRIb252WE5VSzU5NlNRTVM4Y2xWbjYwMTE2NWxkT0l6SjEwdHUzMFdOemgtX3dWLXFVbHpmR015ZU1nRzlrTnNuUQ==,2023-06-08 14:52:49.125465
youtube#commentThread,c4ZU3s6yot5OnyMvjXglUWQ9C_Y,UgyQ8zwwG-bGDDMccZB4AaABAg,"{'videoId': 'zEfTDpfyt1o', 'topLevelComment': {'kind': 'youtube#comment', 'etag': 'n6msrKfzlpePqt7lA3g59f2YZzc', 'id': 'UgyQ8zwwG-bGDDMccZB4AaABAg', 'snippet': {'videoId': 'zEfTDpfyt1o', 'textDisplay': 'COM CERTEZA FOI UM PETISTA, COM CAMISA VERDE, E SE APROVEITOU PARA DIZER QUE ERA UM CARA DE BOLSONARO', 'textOriginal': 'COM CERTEZA FOI UM PETISTA, COM CAMISA VERDE, E SE APROVEITOU PARA DIZER QUE ERA UM CARA DE BOLSONARO', 'authorDisplayName': 'Angela Maria Di Leo', 'authorProfileImageUrl': 'https://yt3.ggpht.com/ytc/AGIKgqPNKkKDkLbggoJvdYPPBiY3I55hYRg8HcsQJXO4-eRtlbHWISykMGsrGRb6RbJi=s48-c-k-c0x00ffffff-no-rj', 'authorChannelUrl': 'http://www.youtube.com/channel/UCklF-ZfaJ3BRoiTWrsubW-w', 'authorChannelId': {'value': 'UCklF-ZfaJ3BRoiTWrsubW-w'}, 'canRate': True, 'viewerRating': 'none', 'likeCount': 0, 'publishedAt': '2022-10-23T22:11:20Z', 'updatedAt': '2022-10-23T22:11:20Z'}}, 'canReply': True, 'totalReplyCount': 0, 'isPublic': True}",,UCklF-ZfaJ3BRoiTWrsubW-w,2022-10-23T22:11:20Z,"COM CERTEZA FOI UM PETISTA, COM CAMISA VERDE, E SE APROVEITOU PARA DIZER QUE ERA UM CARA DE BOLSONARO",QURTSl9pM3BtLTc4TXRIb252WE5VSzU5NlNRTVM4Y2xWbjYwMTE2NWxkT0l6SjEwdHUzMFdOemgtX3dWLXFVbHpmR015ZU1nRzlrTnNuUQ==,2023-06-08 14:52:49.125465
youtube#commentThread,iwY9xr10I5ErsX-3RcFfHuQdB28,UgzKLHlDUT987pxrUvd4AaABAg,"{'videoId': 'zEfTDpfyt1o', 'topLevelComment': {'kind': 'youtube#comment', 'etag': 'wo8-C-_7aWn906FtwW2qa9SAxzI', 'id': 'UgzKLHlDUT987pxrUvd4AaABAg', 'snippet': {'videoId': 'zEfTDpfyt1o', 'textDisplay': 'Roberto Jefferson meu herói estamos juntos Deus te abençoe.heroi', 'textOriginal': 'Roberto Jefferson meu herói estamos juntos Deus te abençoe.heroi', 'authorDisplayName': 'Walter Walter', 'authorProfileImageUrl': 'https://yt3.ggpht.com/ytc/AGIKgqMqb6oWqB7wa5JJceE4CXspvhfHnP8kxohHUg=s48-c-k-c0x00ffffff-no-rj', 'authorChannelUrl': 'http://www.youtube.com/channel/UCt-VFWPkewEPnpsVznjNjTA', 'authorChannelId': {'value': 'UCt-VFWPkewEPnpsVznjNjTA'}, 'canRate': True, 'viewerRating': 'none', 'likeCount': 13, 'publishedAt': '2022-10-23T22:11:20Z', 'updatedAt': '2022-10-23T22:11:20Z'}}, 'canReply': True, 'totalReplyCount': 3, 'isPublic': True}","{'comments': [{'kind': 'youtube#comment', 'etag': 'Qj7TGEIAM9WoHzFgGtbLk4vSKrA', 'id': 'UgzKLHlDUT987pxrUvd4AaABAg.9hY8vGRw9oH9hYAHqj4TXe', 'snippet': {'videoId': 'zEfTDpfyt1o', 'textDisplay': '\\u200b@D x N² é o seu deixa eu advinhar! ah já sei ele tem 9 dedos, Ladrão, Corrupto, Ex-presidente, Comunista, Mentiro e etc..', 'textOriginal': '\\u200b@D x N² é o seu deixa eu advinhar! ah já sei ele tem 9 dedos, Ladrão, Corrupto, Ex-presidente, Comunista, Mentiro e etc..', 'parentId': 'UgzKLHlDUT987pxrUvd4AaABAg', 'authorDisplayName': 'Rossanes Sousa Lima', 'authorProfileImageUrl': 'https://yt3.ggpht.com/ytc/AGIKgqMqTQO8RGjm2dd2IOA-IfAwHijSamENjQQwlUf8I2A=s48-c-k-c0x00ffffff-no-rj', 'authorChannelUrl': 'http://www.youtube.com/channel/UCeu5mGLI3goSVeAeXKAbPNQ', 'authorChannelId': {'value': 'UCeu5mGLI3goSVeAeXKAbPNQ'}, 'canRate': True, 'viewerRating': 'none', 'likeCount': 0, 'publishedAt': '2022-10-23T22:23:17Z', 'updatedAt': '2022-10-23T22:23:17Z'}}, {'kind': 'youtube#comment', 'etag': 'PxT4iZiJqOzKCk8AdzByWBo2a5A', 'id': 'UgzKLHlDUT987pxrUvd4AaABAg.9hY8vGRw9oH9hYA1_XkArd', 'snippet': {'videoId': 'zEfTDpfyt1o', 'textDisplay': 'ahhhh então seu heroi é um corrupto né?', 'textOriginal': 'ahhhh então seu heroi é um corrupto né?', 'parentId': 'UgzKLHlDUT987pxrUvd4AaABAg', 'authorDisplayName': 'D x N²', 'authorProfileImageUrl': 'https://yt3.ggpht.com/q1RsmObLRfIMQPkkmLFU0RH32eUJ0za2tNkg59UjG8B-pWxTXAktHOIzu3bwzspeSn-a0Vj8vw=s48-c-k-c0x00ffffff-no-rj', 'authorChannelUrl': 'http://www.youtube.com/channel/UCTjK-DZmYbQb4I06iyTb2Yw', 'authorChannelId': {'value': 'UCTjK-DZmYbQb4I06iyTb2Yw'}, 'canRate': True, 'viewerRating': 'none', 'likeCount': 0, 'publishedAt': '2022-10-23T22:21:04Z', 'updatedAt': '2022-10-23T22:21:04Z'}}, {'kind': 'youtube#comment', 'etag': '5jmorXkrFrDf59UeL3tM-fPp9SU', 'id': 'UgzKLHlDUT987pxrUvd4AaABAg.9hY8vGRw9oH9hY9Q46jdEV', 'snippet': {'videoId': 'zEfTDpfyt1o', 'textDisplay': 'Herói de babacas', 'textOriginal': 'Herói de babacas', 'parentId': 'UgzKLHlDUT987pxrUvd4AaABAg', 'authorDisplayName': 'Diego Ratuchenski', 'authorProfileImageUrl': 'https://yt3.ggpht.com/ytc/AGIKgqOMob9Kg9PPtAeY49m2OuKOmUkr11Lro0rWUA=s48-c-k-c0x00ffffff-no-rj', 'authorChannelUrl': 'http://www.youtube.com/channel/UCAqGzngVQ_wVN44_EhAhH_Q', 'authorChannelId': {'value': 'UCAqGzngVQ_wVN44_EhAhH_Q'}, 'canRate': True, 'viewerRating': 'none', 'likeCount': 0, 'publishedAt': '2022-10-23T22:15:40Z', 'updatedAt': '2022-10-23T22:15:40Z'}}]}",UCt-VFWPkewEPnpsVznjNjTA,2022-10-23T22:11:20Z,Roberto Jefferson meu herói estamos juntos Deus te abençoe.heroi,QURTSl9pM3BtLTc4TXRIb252WE5VSzU5NlNRTVM4Y2xWbjYwMTE2NWxkT0l6SjEwdHUzMFdOemgtX3dWLXFVbHpmR015ZU1nRzlrTnNuUQ==,2023-06-08 14:52:49.125465
youtube#commentThread,ez9akq9ZucFwXrLp6IqTJ0RK8Pk,Ugy8f-upNvy0mJ2pgTJ4AaABAg,"{'videoId': 'zEfTDpfyt1o', 'topLevelComment': {'kind': 'youtube#comment', 'etag': 'OHh80j1G53MtdT1gPznyLhxQP1k', 'id': 'Ugy8f-upNvy0mJ2pgTJ4AaABAg', 'snippet': {'videoId': 'zEfTDpfyt1o', 'textDisplay': 'se jogou?', 'textOriginal': 'se jogou?', 'authorDisplayName': 'Bebeto silva carvalho', 'authorProfileImageUrl': 'https://yt3.ggpht.com/ytc/AGIKgqPuvnMFDRjn1zsVLPR0f4fc9KnDpFXHcOj18xMZzA=s48-c-k-c0x00ffffff-no-rj', 'authorChannelUrl': 'http://www.youtube.com/channel/UC_HkoBxiFa53DzfEOSF09HQ', 'authorChannelId': {'value': 'UC_HkoBxiFa53DzfEOSF09HQ'}, 'canRate': True, 'viewerRating': 'none', 'likeCount': 2, 'publishedAt': '2022-10-23T22:11:18Z', 'updatedAt': '2022-10-23T22:11:18Z'}}, 'canReply': True, 'totalReplyCount': 0, 'isPublic': True}",,UC_HkoBxiFa53DzfEOSF09HQ,2022-10-23T22:11:18Z,se jogou?,QURTSl9pM3BtLTc4TXRIb252WE5VSzU5NlNRTVM4Y2xWbjYwMTE2NWxkT0l6SjEwdHUzMFdOemgtX3dWLXFVbHpmR015ZU1nRzlrTnNuUQ==,2023-06-08 14:52:49.125465
youtube#commentThread,dlBv7UWBm2Ua8CglpZvQM18y204,UgxHqqrY_Hl9jU6Gsu14AaABAg,"{'videoId': 'zEfTDpfyt1o', 'topLevelComment': {'kind': 'youtube#comment', 'etag': 'Si96HT7jpp_Oic4T4Z4i_zC6SXU', 'id': 'UgxHqqrY_Hl9jU6Gsu14AaABAg', 'snippet': {'videoId': 'zEfTDpfyt1o', 'textDisplay': 'Esses são os caminhos da censura, a violência é um dos braços.... Triste demais, esses dias que estamos vivendo....', 'textOriginal': 'Esses são os caminhos da censura, a violência é um dos braços.... Triste demais, esses dias que estamos vivendo....', 'authorDisplayName': 'Luciana Santana', 'authorProfileImageUrl': 'https://yt3.ggpht.com/ytc/AGIKgqPlb1jTOGE2Rtt_5212hsAf3uSYZJvDb1YgZA=s48-c-k-c0x00ffffff-no-rj', 'authorChannelUrl': 'http://www.youtube.com/channel/UCzYiwX0zK3dv23EW4s5mVgA', 'authorChannelId': {'value': 'UCzYiwX0zK3dv23EW4s5mVgA'}, 'canRate': True, 'viewerRating': 'none', 'likeCount': 264, 'publishedAt': '2022-10-23T22:11:17Z', 'updatedAt': '2022-10-23T22:11:17Z'}}, 'canReply': True, 'totalReplyCount': 10, 'isPublic': True}","{'comments': [{'kind': 'youtube#comment', 'etag': 'l63gMZpScteUPzDrL54vanZRby8', 'id': 'UgxHqqrY_Hl9jU6Gsu14AaABAg.9hY8ux6LANf9hYajHee_ag', 'snippet': {'videoId': 'zEfTDpfyt1o', 'textDisplay': '@Eadwalt Brittu&#39;s Eu não duvido!!!', 'textOriginal': ""@Eadwalt Brittu's Eu não duvido!!!"", 'parentId': 'UgxHqqrY_Hl9jU6Gsu14AaABAg', 'authorDisplayName': 'Allan Ramos', 'authorProfileImageUrl': 'https://yt3.ggpht.com/yvt-YgRWpRISgus98UMZAzQPrw7AVjGNYvTSKheIQdzzLV28372cD8uxN54RK6HfMexx3FQ8d60=s48-c-k-c0x00ffffff-no-rj', 'authorChannelUrl': 'http://www.youtube.com/channel/UCp59tSWneDMdPfucap6q8hQ', 'authorChannelId': {'value': 'UCp59tSWneDMdPfucap6q8hQ'}, 'canRate': True, 'viewerRating': 'none', 'likeCount': 0, 'publishedAt': '2022-10-24T02:23:06Z', 'updatedAt': '2022-10-24T02:23:06Z'}}, {'kind': 'youtube#comment', 'etag': '1eMMEmJxdxJwhsm7pNS7n1MPDaw', 'id': 'UgxHqqrY_Hl9jU6Gsu14AaABAg.9hY8ux6LANf9hYRfCh9eM_', 'snippet': {'videoId': 'zEfTDpfyt1o', 'textDisplay': 'Censura a mentira e ao nazismo sempre.', 'textOriginal': 'Censura a mentira e ao nazismo sempre.', 'parentId': 'UgxHqqrY_Hl9jU6Gsu14AaABAg', 'authorDisplayName': 'Edilson Duarte', 'authorProfileImageUrl': 'https://yt3.ggpht.com/ytc/AGIKgqMRJiGZQPhaDmjk89EkulITKepeDNSI0MMDOLRjzw=s48-c-k-c0x00ffffff-no-rj', 'authorChannelUrl': 'http://www.youtube.com/channel/UClfVNWiWX0YvBrtktKIa16Q', 'authorChannelId': {'value': 'UClfVNWiWX0YvBrtktKIa16Q'}, 'canRate': True, 'viewerRating': 'none', 'likeCount': 0, 'publishedAt': '2022-10-24T00:55:10Z', 'updatedAt': '2022-10-24T00:55:10Z'}}, {'kind': 'youtube#comment', 'etag': 'dLQQ_ovHsgEFm0lDIrcyz6L7W24', 'id': 'UgxHqqrY_Hl9jU6Gsu14AaABAg.9hY8ux6LANf9hYOWlFehUM', 'snippet': {'videoId': 'zEfTDpfyt1o', 'textDisplay': 'As pessoas culpadas tem qe serem presos...!<br>Não podemos aceitarmos as agressões à  pessoas sem qualquer motivos.', 'textOriginal': 'As pessoas culpadas tem qe serem presos...!\\nNão podemos aceitarmos as agressões à  pessoas sem qualquer motivos.', 'parentId': 'UgxHqqrY_Hl9jU6Gsu14AaABAg', 'authorDisplayName': 'Marlene Loureiro Ramos', 'authorProfileImageUrl': 'https://yt3.ggpht.com/ytc/AGIKgqO1XoGceWun2CY8--sujxQZcpvB4IRiNlExKA=s48-c-k-c0x00ffffff-no-rj', 'authorChannelUrl': 'http://www.youtube.com/channel/UCoBQK8ut19-AcIFADeIHHmg', 'authorChannelId': {'value': 'UCoBQK8ut19-AcIFADeIHHmg'}, 'canRate': True, 'viewerRating': 'none', 'likeCount': 1, 'publishedAt': '2022-10-24T00:27:39Z', 'updatedAt': '2022-10-24T00:27:39Z'}}, {'kind': 'youtube#comment', 'etag': 'FEk7b-t5mEwTpNH9qH7TLN8HwAo', 'id': 'UgxHqqrY_Hl9jU6Gsu14AaABAg.9hY8ux6LANf9hYMHB-AqBS', 'snippet': {'videoId': 'zEfTDpfyt1o', 'textDisplay': '@jeanjct se Deus ou o povo não quer ele como presidente, não o será.', 'textOriginal': '@jeanjct se Deus ou o povo não quer ele como presidente, não o será.', 'parentId': 'UgxHqqrY_Hl9jU6Gsu14AaABAg', 'authorDisplayName': ""Eadwalt Brittu's"", 'authorProfileImageUrl': 'https://yt3.ggpht.com/FaAmNDHusI9qMccFgt1jYCHlq0AL0Fz3stANzVcMaeDCxhu6FSN3Mh28STiSGh7Q5IGJIk1v=s48-c-k-c0x00ffffff-no-rj', 'authorChannelUrl': 'http://www.youtube.com/channel/UCLoLFm3dMKsxBl_LhjeNc0Q', 'authorChannelId': {'value': 'UCLoLFm3dMKsxBl_LhjeNc0Q'}, 'canRate': True, 'viewerRating': 'none', 'likeCount': 0, 'publishedAt': '2022-10-24T00:08:03Z', 'updatedAt': '2022-10-24T00:08:03Z'}}, {'kind': 'youtube#comment', 'etag': 'ebiVF-gqGAYO4MN_S36lDZfYVy8', 'id': 'UgxHqqrY_Hl9jU6Gsu14AaABAg.9hY8ux6LANf9hYKCptxtL9', 'snippet': {'videoId': 'zEfTDpfyt1o', 'textDisplay': '@Eadwalt Brittu&#39;s se manca,por isso Deus não quer mais este presidente no comando', 'textOriginal': ""@Eadwalt Brittu's se manca,por isso Deus não quer mais este presidente no comando"", 'parentId': 'UgxHqqrY_Hl9jU6Gsu14AaABAg', 'authorDisplayName': 'jeanjct', 'authorProfileImageUrl': 'https://yt3.ggpht.com/ytc/AGIKgqMFMcqbzLadN2fN9rmLybg7Ku-sHxb3PY5M4w=s48-c-k-c0x00ffffff-no-rj', 'authorChannelUrl': 'http://www.youtube.com/channel/UCdsY0sb80BVP0od8oAlTtlg', 'authorChannelId': {'value': 'UCdsY0sb80BVP0od8oAlTtlg'}, 'canRate': True, 'viewerRating': 'none', 'likeCount': 2, 'publishedAt': '2022-10-23T23:49:59Z', 'updatedAt': '2022-10-23T23:49:59Z'}}]}",UCzYiwX0zK3dv23EW4s5mVgA,2022-10-23T22:11:17Z,"Esses são os caminhos da censura, a violência é um dos braços.... Triste demais, esses dias que estamos vivendo....",QURTSl9pM3BtLTc4TXRIb252WE5VSzU5NlNRTVM4Y2xWbjYwMTE2NWxkT0l6SjEwdHUzMFdOemgtX3dWLXFVbHpmR015ZU1nRzlrTnNuUQ==,2023-06-08 14:52:49.125465
youtube#commentThread,OgMndSxlYCeOL9qpoNKEwYdLbls,UgwaiuIgEwusIcKpHTR4AaABAg,"{'videoId': 'zEfTDpfyt1o', 'topLevelComment': {'kind': 'youtube#comment', 'etag': 'VWLXPeTysG4U2rve8KRvLlxEYXU', 'id': 'UgwaiuIgEwusIcKpHTR4AaABAg', 'snippet': {'videoId': 'zEfTDpfyt1o', 'textDisplay': 'Que inferno por causa desta esquerda maldita, o Brasil se tornou no inferno. Bolsonaro que Deus te proteja sempre pq n esta fácil só Deus p ter misericórdia do povo de bem.', 'textOriginal': 'Que inferno por causa desta esquerda maldita, o Brasil se tornou no inferno. Bolsonaro que Deus te proteja sempre pq n esta fácil só Deus p ter misericórdia do povo de bem.', 'authorDisplayName': 'Rosemeire Rodrigues', 'authorProfileImageUrl': 'https://yt3.ggpht.com/ytc/AGIKgqMWkykWiWfaAfBz8wnLmN1bpnFUEFcUWq9LvA=s48-c-k-c0x00ffffff-no-rj', 'authorChannelUrl': 'http://www.youtube.com/channel/UC4rlY8jN5MvVC1_0EEq8_3g', 'authorChannelId': {'value': 'UC4rlY8jN5MvVC1_0EEq8_3g'}, 'canRate': True, 'viewerRating': 'none', 'likeCount': 0, 'publishedAt': '2022-10-23T22:11:17Z', 'updatedAt': '2022-10-23T22:11:17Z'}}, 'canReply': True, 'totalReplyCount': 0, 'isPublic': True}",,UC4rlY8jN5MvVC1_0EEq8_3g,2022-10-23T22:11:17Z,"Que inferno por causa desta esquerda maldita, o Brasil se tornou no inferno. Bolsonaro que Deus te proteja sempre pq n esta fácil só Deus p ter misericórdia do povo de bem.",QURTSl9pM3BtLTc4TXRIb252WE5VSzU5NlNRTVM4Y2xWbjYwMTE2NWxkT0l6SjEwdHUzMFdOemgtX3dWLXFVbHpmR015ZU1nRzlrTnNuUQ==,2023-06-08 14:52:49.125465
youtube#commentThread,iw1ShT7Itvdp-OYvEpxT8EoGu-g,UgxG1xTgTKi2MShJzzB4AaABAg,"{'videoId': 'zEfTDpfyt1o', 'topLevelComment': {'kind': 'youtube#comment', 'etag': 'oCUyu0vLJbuqSUoEDbvMsPZTlHk', 'id': 'UgxG1xTgTKi2MShJzzB4AaABAg', 'snippet': {'videoId': 'zEfTDpfyt1o', 'textDisplay': 'Ainda mais da Globo', 'textOriginal': 'Ainda mais da Globo', 'authorDisplayName': 'Adilson Costa', 'authorProfileImageUrl': 'https://yt3.ggpht.com/E9tooJX9HFoGfhM8QGeIPJvfE55kcPDCd0MGmfWbJ3LTbhDNsZPPFmI6MC74zrgrpvJnAM6yaso=s48-c-k-c0x00ffffff-no-rj', 'authorChannelUrl': 'http://www.youtube.com/channel/UC1UvzSmBsU0IoxJ0iRdfeFA', 'authorChannelId': {'value': 'UC1UvzSmBsU0IoxJ0iRdfeFA'}, 'canRate': True, 'viewerRating': 'none', 'likeCount': 1, 'publishedAt': '2022-10-23T22:11:14Z', 'updatedAt': '2022-10-23T22:11:14Z'}}, 'canReply': True, 'totalReplyCount': 0, 'isPublic': True}",,UC1UvzSmBsU0IoxJ0iRdfeFA,2022-10-23T22:11:14Z,Ainda mais da Globo,QURTSl9pM3BtLTc4TXRIb252WE5VSzU5NlNRTVM4Y2xWbjYwMTE2NWxkT0l6SjEwdHUzMFdOemgtX3dWLXFVbHpmR015ZU1nRzlrTnNuUQ==,2023-06-08 14:52:49.125465
youtube#commentThread,wpwfqoHf6E7tvgLUT6D1YGkUO7Y,UgyOsPw4ALV_0LeZBkd4AaABAg,"{'videoId': 'zEfTDpfyt1o', 'topLevelComment': {'kind': 'youtube#comment', 'etag': 'ZWH2qqj1nUr4aDZrR7cGeKX7U34', 'id': 'UgyOsPw4ALV_0LeZBkd4AaABAg', 'snippet': {'videoId': 'zEfTDpfyt1o', 'textDisplay': 'Roberto Jeferson,  não  presta.', 'textOriginal': 'Roberto Jeferson,  não  presta.', 'authorDisplayName': 'Leonir Melo', 'authorProfileImageUrl': 'https://yt3.ggpht.com/ytc/AGIKgqPDynQyGKMOTNUQx7QCzrB1sEAH5owuMXxwvkDFBsHbrnfnIEc21NkaDg6NeVxk=s48-c-k-c0x00ffffff-no-rj', 'authorChannelUrl': 'http://www.youtube.com/channel/UCjaE6wRHEuymeRV-_eby7Aw', 'authorChannelId': {'value': 'UCjaE6wRHEuymeRV-_eby7Aw'}, 'canRate': True, 'viewerRating': 'none', 'likeCount': 0, 'publishedAt': '2022-10-23T22:11:14Z', 'updatedAt': '2022-10-23T22:11:14Z'}}, 'canReply': True, 'totalReplyCount': 0, 'isPublic': True}",,UCjaE6wRHEuymeRV-_eby7Aw,2022-10-23T22:11:14Z,"Roberto Jeferson,  não  presta.",QURTSl9pM3BtLTc4TXRIb252WE5VSzU5NlNRTVM4Y2xWbjYwMTE2NWxkT0l6SjEwdHUzMFdOemgtX3dWLXFVbHpmR015ZU1nRzlrTnNuUQ==,2023-06-08 14:52:49.125465
youtube#commentThread,wkfy7a_Zvx-FOo5WCzbet3H8B9M,UgzpCEWQwQhLiceT5HR4AaABAg,"{'videoId': 'zEfTDpfyt1o', 'topLevelComment': {'kind': 'youtube#comment', 'etag': 'HYkN5cIUa6vX8jhFx0lme8DW0IY', 'id': 'UgzpCEWQwQhLiceT5HR4AaABAg', 'snippet': {'videoId': 'zEfTDpfyt1o', 'textDisplay': 'O fato inquestionável é q isto é desdobramento de ilegalidade arbitraria.Tudo o q aconteceu ou vir a acontecer tem essa ilegalidade como base,deste ato original.E só se agrava.Ninguém pode ser preso neste periodo a não ser em flgrante e como é expedido mandado por ato q nem sequer preve prisão quiça temporaria qto mais preventiva e isto agora.É um pesadelo q esta autoridade tá arrastando o pais acintosamente.', 'textOriginal': 'O fato inquestionável é q isto é desdobramento de ilegalidade arbitraria.Tudo o q aconteceu ou vir a acontecer tem essa ilegalidade como base,deste ato original.E só se agrava.Ninguém pode ser preso neste periodo a não ser em flgrante e como é expedido mandado por ato q nem sequer preve prisão quiça temporaria qto mais preventiva e isto agora.É um pesadelo q esta autoridade tá arrastando o pais acintosamente.', 'authorDisplayName': 'Adilson Martinez', 'authorProfileImageUrl': 'https://yt3.ggpht.com/ytc/AGIKgqOoeVjZX-v6gUfAyiewhowsHsx3zq7gBBm2QQ=s48-c-k-c0x00ffffff-no-rj', 'authorChannelUrl': 'http://www.youtube.com/channel/UC92vU_gyRed8j4Ua24n9_Kw', 'authorChannelId': {'value': 'UC92vU_gyRed8j4Ua24n9_Kw'}, 'canRate': True, 'viewerRating': 'none', 'likeCount': 76, 'publishedAt': '2022-10-23T22:11:08Z', 'updatedAt': '2022-10-23T22:11:08Z'}}, 'canReply': True, 'totalReplyCount': 11, 'isPublic': True}","{'comments': [{'kind': 'youtube#comment', 'etag': '0ktYp4pbhmgbS81MFmBiVnx7NG0', 'id': 'UgzpCEWQwQhLiceT5HR4AaABAg.9hY8try4FBj9hYRQBHseA4', 'snippet': {'videoId': 'zEfTDpfyt1o', 'textDisplay': '@Mateus O Mandela esteve preso 25 anos de sua vida, por defender a liberdade do seu povo..tu so sabe da ponta do Iceberg....o resto não existe???', 'textOriginal': '@Mateus O Mandela esteve preso 25 anos de sua vida, por defender a liberdade do seu povo..tu so sabe da ponta do Iceberg....o resto não existe???', 'parentId': 'UgzpCEWQwQhLiceT5HR4AaABAg', 'authorDisplayName': 'Tiburcio Nascimento', 'authorProfileImageUrl': 'https://yt3.ggpht.com/ytc/AGIKgqPYJ16XbloZp1nRif2q9UiINjE9b3aLcJFllVpYZmGF8L32gAvFuJ_fm0H5T6oa=s48-c-k-c0x00ffffff-no-rj', 'authorChannelUrl': 'http://www.youtube.com/channel/UCOpVT2WBtvOTmNgRgNreY3Q', 'authorChannelId': {'value': 'UCOpVT2WBtvOTmNgRgNreY3Q'}, 'canRate': True, 'viewerRating': 'none', 'likeCount': 0, 'publishedAt': '2022-10-24T00:52:58Z', 'updatedAt': '2022-10-24T00:52:58Z'}}, {'kind': 'youtube#comment', 'etag': '-iiqrDVs7advnFVcNc2NxJn2XOI', 'id': 'UgzpCEWQwQhLiceT5HR4AaABAg.9hY8try4FBj9hYR447-Uxx', 'snippet': {'videoId': 'zEfTDpfyt1o', 'textDisplay': '@Adilson Martinez A gente acredita na lei até ver que ela não existe mais...são só invasores como  os assaltantes comuns..', 'textOriginal': '@Adilson Martinez A gente acredita na lei até ver que ela não existe mais...são só invasores como  os assaltantes comuns..', 'parentId': 'UgzpCEWQwQhLiceT5HR4AaABAg', 'authorDisplayName': 'Tiburcio Nascimento', 'authorProfileImageUrl': 'https://yt3.ggpht.com/ytc/AGIKgqPYJ16XbloZp1nRif2q9UiINjE9b3aLcJFllVpYZmGF8L32gAvFuJ_fm0H5T6oa=s48-c-k-c0x00ffffff-no-rj', 'authorChannelUrl': 'http://www.youtube.com/channel/UCOpVT2WBtvOTmNgRgNreY3Q', 'authorChannelId': {'value': 'UCOpVT2WBtvOTmNgRgNreY3Q'}, 'canRate': True, 'viewerRating': 'none', 'likeCount': 0, 'publishedAt': '2022-10-24T00:49:57Z', 'updatedAt': '2022-10-24T00:49:57Z'}}, {'kind': 'youtube#comment', 'etag': 'CCW_v8NpKPhOUa9I7D_Q035M62w', 'id': 'UgzpCEWQwQhLiceT5HR4AaABAg.9hY8try4FBj9hYQmvzvmAT', 'snippet': {'videoId': 'zEfTDpfyt1o', 'textDisplay': '@Mauricio Sales Pela 4° vez, em domingo ao meio dia, com mandado expedido por um títere da esquerda e uma PF que também não leu a constituição...Desculpa, tu és cego ou finge ser????', 'textOriginal': '@Mauricio Sales Pela 4° vez, em domingo ao meio dia, com mandado expedido por um títere da esquerda e uma PF que também não leu a constituição...Desculpa, tu és cego ou finge ser????', 'parentId': 'UgzpCEWQwQhLiceT5HR4AaABAg', 'authorDisplayName': 'Tiburcio Nascimento', 'authorProfileImageUrl': 'https://yt3.ggpht.com/ytc/AGIKgqPYJ16XbloZp1nRif2q9UiINjE9b3aLcJFllVpYZmGF8L32gAvFuJ_fm0H5T6oa=s48-c-k-c0x00ffffff-no-rj', 'authorChannelUrl': 'http://www.youtube.com/channel/UCOpVT2WBtvOTmNgRgNreY3Q', 'authorChannelId': {'value': 'UCOpVT2WBtvOTmNgRgNreY3Q'}, 'canRate': True, 'viewerRating': 'none', 'likeCount': 0, 'publishedAt': '2022-10-24T00:47:29Z', 'updatedAt': '2022-10-24T00:47:29Z'}}, {'kind': 'youtube#comment', 'etag': 'UyD-D_qI2Faoxl-ZydnnIyXqLQo', 'id': 'UgzpCEWQwQhLiceT5HR4AaABAg.9hY8try4FBj9hYFuP3U1e3', 'snippet': {'videoId': 'zEfTDpfyt1o', 'textDisplay': '@Adilson Martinez Exatamente isso. O Supremo já foi longe demais e a população não aguenta mais. Se essa ditadura do Supremo não parar, haverá guerra civil e muita gente vai perder a vida.', 'textOriginal': '@Adilson Martinez Exatamente isso. O Supremo já foi longe demais e a população não aguenta mais. Se essa ditadura do Supremo não parar, haverá guerra civil e muita gente vai perder a vida.', 'parentId': 'UgzpCEWQwQhLiceT5HR4AaABAg', 'authorDisplayName': 'Sayonara Consuêllo De Oliveira Santos', 'authorProfileImageUrl': 'https://yt3.ggpht.com/ytc/AGIKgqNQauxqAAi9IEQ3RJXmolYM19DUOzgq2c-IOpgU=s48-c-k-c0x00ffffff-no-rj', 'authorChannelUrl': 'http://www.youtube.com/channel/UC5adeozgy6bI-3wc89T8jbw', 'authorChannelId': {'value': 'UC5adeozgy6bI-3wc89T8jbw'}, 'canRate': True, 'viewerRating': 'none', 'likeCount': 0, 'publishedAt': '2022-10-23T23:12:23Z', 'updatedAt': '2022-10-23T23:12:23Z'}}, {'kind': 'youtube#comment', 'etag': '5zmS08duO5UIfKeL1OWLTZRZVFM', 'id': 'UgzpCEWQwQhLiceT5HR4AaABAg.9hY8try4FBj9hYErzrqFu0', 'snippet': {'videoId': 'zEfTDpfyt1o', 'textDisplay': 'Mas ele já não estava preso? Ao meu ver ele só está sendo transferido de um presídio de luxo para um mais humilde.', 'textOriginal': 'Mas ele já não estava preso? Ao meu ver ele só está sendo transferido de um presídio de luxo para um mais humilde.', 'parentId': 'UgzpCEWQwQhLiceT5HR4AaABAg', 'authorDisplayName': 'Mateus', 'authorProfileImageUrl': 'https://yt3.ggpht.com/ytc/AGIKgqMSap2sMRZDaa6KG4z80mM_dU5YSSf9UQgiWFC8WQI2N0__S7erhuq77OLUVUwR=s48-c-k-c0x00ffffff-no-rj', 'authorChannelUrl': 'http://www.youtube.com/channel/UCGXdDxjH9vXosuzcHuIYPJg', 'authorChannelId': {'value': 'UCGXdDxjH9vXosuzcHuIYPJg'}, 'canRate': True, 'viewerRating': 'none', 'likeCount': 3, 'publishedAt': '2022-10-23T23:03:19Z', 'updatedAt': '2022-10-23T23:03:19Z'}}]}",UC92vU_gyRed8j4Ua24n9_Kw,2022-10-23T22:11:08Z,"O fato inquestionável é q isto é desdobramento de ilegalidade arbitraria.Tudo o q aconteceu ou vir a acontecer tem essa ilegalidade como base,deste ato original.E só se agrava.Ninguém pode ser preso neste periodo a não ser em flgrante e como é expedido mandado por ato q nem sequer preve prisão quiça temporaria qto mais preventiva e isto agora.É um pesadelo q esta autoridade tá arrastando o pais acintosamente.",QURTSl9pM3BtLTc4TXRIb252WE5VSzU5NlNRTVM4Y2xWbjYwMTE2NWxkT0l6SjEwdHUzMFdOemgtX3dWLXFVbHpmR015ZU1nRzlrTnNuUQ==,2023-06-08 14:52:49.125465
youtube#commentThread,ZXcnzOU-eNpWayIsebRH-mzGK04,Ugw-aMMB673TBNl45GZ4AaABAg,"{'videoId': 'zEfTDpfyt1o', 'topLevelComment': {'kind': 'youtube#comment', 'etag': 'YlVhLG9LV9_s2sQgFkhvY1UyQFQ', 'id': 'Ugw-aMMB673TBNl45GZ4AaABAg', 'snippet': {'videoId': 'zEfTDpfyt1o', 'textDisplay': 'Ze maria como srmpre vai ficar encima do.muro', 'textOriginal': 'Ze maria como srmpre vai ficar encima do.muro', 'authorDisplayName': 'Helton Calazans', 'authorProfileImageUrl': 'https://yt3.ggpht.com/ytc/AGIKgqPbO3_aVkK5lOh-jo8sRZJtpLuprbh2ycqdtQ=s48-c-k-c0x00ffffff-no-rj', 'authorChannelUrl': 'http://www.youtube.com/channel/UCR-DuZ1Y_G_JR73_Ruf2x9Q', 'authorChannelId': {'value': 'UCR-DuZ1Y_G_JR73_Ruf2x9Q'}, 'canRate': True, 'viewerRating': 'none', 'likeCount': 1, 'publishedAt': '2022-10-23T22:11:01Z', 'updatedAt': '2022-10-23T22:11:01Z'}}, 'canReply': True, 'totalReplyCount': 0, 'isPublic': True}",,UCR-DuZ1Y_G_JR73_Ruf2x9Q,2022-10-23T22:11:01Z,Ze maria como srmpre vai ficar encima do.muro,QURTSl9pM3BtLTc4TXRIb252WE5VSzU5NlNRTVM4Y2xWbjYwMTE2NWxkT0l6SjEwdHUzMFdOemgtX3dWLXFVbHpmR015ZU1nRzlrTnNuUQ==,2023-06-08 14:52:49.125465
youtube#commentThread,T77_0kA5wztxwZSomtyM0co_oNM,Ugy69ILT8MucdTi0qGR4AaABAg,"{'videoId': 'zEfTDpfyt1o', 'topLevelComment': {'kind': 'youtube#comment', 'etag': 'XqFKLQP2Yn-CitQWQ9zOu9LpSlc', 'id': 'Ugy69ILT8MucdTi0qGR4AaABAg', 'snippet': {'videoId': 'zEfTDpfyt1o', 'textDisplay': 'Nossa que horror lamentável infelizmente mais isso não deve acontecer isso 😔 que pais e esse? guntas violência isso aí e um prato cheio para a esquerda e tudo que eles querem mesmo verem que horror mesmo nada justifica isso aí gente', 'textOriginal': 'Nossa que horror lamentável infelizmente mais isso não deve acontecer isso 😔 que pais e esse? guntas violência isso aí e um prato cheio para a esquerda e tudo que eles querem mesmo verem que horror mesmo nada justifica isso aí gente', 'authorDisplayName': 'Dejandira Maria', 'authorProfileImageUrl': 'https://yt3.ggpht.com/ytc/AGIKgqOyojE9r-MfZviU6e3TDSOvuMGW3uYU_fJeZw=s48-c-k-c0x00ffffff-no-rj', 'authorChannelUrl': 'http://www.youtube.com/channel/UCuVLPY0dTttefJX4LYSdJ3g', 'authorChannelId': {'value': 'UCuVLPY0dTttefJX4LYSdJ3g'}, 'canRate': True, 'viewerRating': 'none', 'likeCount': 0, 'publishedAt': '2022-10-23T22:10:53Z', 'updatedAt': '2022-10-23T22:10:53Z'}}, 'canReply': True, 'totalReplyCount': 0, 'isPublic': True}",,UCuVLPY0dTttefJX4LYSdJ3g,2022-10-23T22:10:53Z,Nossa que horror lamentável infelizmente mais isso não deve acontecer isso 😔 que pais e esse? guntas violência isso aí e um prato cheio para a esquerda e tudo que eles querem mesmo verem que horror mesmo nada justifica isso aí gente,QURTSl9pM3BtLTc4TXRIb252WE5VSzU5NlNRTVM4Y2xWbjYwMTE2NWxkT0l6SjEwdHUzMFdOemgtX3dWLXFVbHpmR015ZU1nRzlrTnNuUQ==,2023-06-08 14:52:49.125465
youtube#commentThread,iOGEZxCRk0qkWXveD0rLNL1MWdA,UgzRb1YXHKXdrQnyBOV4AaABAg,"{'videoId': 'zEfTDpfyt1o', 'topLevelComment': {'kind': 'youtube#comment', 'etag': 'RuYDpyL96jBPvupk56nKWC6buRI', 'id': 'UgzRb1YXHKXdrQnyBOV4AaABAg', 'snippet': {'videoId': 'zEfTDpfyt1o', 'textDisplay': 'R. Jefferson eh agente infiltrado do sistema querendo nos dividir, tanto esse palhaço disfarçado de direita, o STF e toda a esquerdalha estão juntos - acordem', 'textOriginal': 'R. Jefferson eh agente infiltrado do sistema querendo nos dividir, tanto esse palhaço disfarçado de direita, o STF e toda a esquerdalha estão juntos - acordem', 'authorDisplayName': 'Rogerio Biasotto', 'authorProfileImageUrl': 'https://yt3.ggpht.com/ytc/AGIKgqNP538XD-thITxgH5faZ0aVPkmOfAvsrk0Pj6zdmA=s48-c-k-c0x00ffffff-no-rj', 'authorChannelUrl': 'http://www.youtube.com/channel/UCbA2xfzecYKe3QBEUGe9q8g', 'authorChannelId': {'value': 'UCbA2xfzecYKe3QBEUGe9q8g'}, 'canRate': True, 'viewerRating': 'none', 'likeCount': 0, 'publishedAt': '2022-10-23T22:10:33Z', 'updatedAt': '2022-10-23T22:10:33Z'}}, 'canReply': True, 'totalReplyCount': 0, 'isPublic': True}",,UCbA2xfzecYKe3QBEUGe9q8g,2022-10-23T22:10:33Z,"R. Jefferson eh agente infiltrado do sistema querendo nos dividir, tanto esse palhaço disfarçado de direita, o STF e toda a esquerdalha estão juntos - acordem",QURTSl9pM3BtLTc4TXRIb252WE5VSzU5NlNRTVM4Y2xWbjYwMTE2NWxkT0l6SjEwdHUzMFdOemgtX3dWLXFVbHpmR015ZU1nRzlrTnNuUQ==,2023-06-08 14:52:49.125465
youtube#commentThread,uifbbGZ0p9foLg-dhtqGXklDbWk,Ugx6nKtWE3rXwTnuKw54AaABAg,"{'videoId': 'zEfTDpfyt1o', 'topLevelComment': {'kind': 'youtube#comment', 'etag': 'eWT6Hv_j-mna0s3-Uo8QteRl__E', 'id': 'Ugx6nKtWE3rXwTnuKw54AaABAg', 'snippet': {'videoId': 'zEfTDpfyt1o', 'textDisplay': 'Isso foi um caso isolado. Estão fazendo tempestade em copo d&#39;água.', 'textOriginal': ""Isso foi um caso isolado. Estão fazendo tempestade em copo d'água."", 'authorDisplayName': 'José Bosco', 'authorProfileImageUrl': 'https://yt3.ggpht.com/ytc/AGIKgqMl3wsLE3l5Le2Ng4pfXdwbbKJwFXfGzsaPsUyhyg141gKqIowJ94LEUpN3LXeq=s48-c-k-c0x00ffffff-no-rj', 'authorChannelUrl': 'http://www.youtube.com/channel/UCx2XSYW1domGcEoEo1p23eg', 'authorChannelId': {'value': 'UCx2XSYW1domGcEoEo1p23eg'}, 'canRate': True, 'viewerRating': 'none', 'likeCount': 2, 'publishedAt': '2022-10-23T22:10:26Z', 'updatedAt': '2022-10-23T22:10:26Z'}}, 'canReply': True, 'totalReplyCount': 0, 'isPublic': True}",,UCx2XSYW1domGcEoEo1p23eg,2022-10-23T22:10:26Z,Isso foi um caso isolado. Estão fazendo tempestade em copo d'água.,QURTSl9pM3BtLTc4TXRIb252WE5VSzU5NlNRTVM4Y2xWbjYwMTE2NWxkT0l6SjEwdHUzMFdOemgtX3dWLXFVbHpmR015ZU1nRzlrTnNuUQ==,2023-06-08 14:52:49.125465
youtube#commentThread,Cf8H6gYeaSFRQIn9w4ZRqMUidzI,Ugx1ebwtEJULdtTHB3d4AaABAg,"{'videoId': 'zEfTDpfyt1o', 'topLevelComment': {'kind': 'youtube#comment', 'etag': 'ETuC38ux7x6bXkxdPWFQzwmmHZk', 'id': 'Ugx1ebwtEJULdtTHB3d4AaABAg', 'snippet': {'videoId': 'zEfTDpfyt1o', 'textDisplay': 'isso dai tá por fora.....', 'textOriginal': 'isso dai tá por fora.....', 'authorDisplayName': 'eternodereis', 'authorProfileImageUrl': 'https://yt3.ggpht.com/ytc/AGIKgqMzsPjDn4Y-5VXe2xxg82W3xREeUfIvzf7aSQ=s48-c-k-c0x00ffffff-no-rj', 'authorChannelUrl': 'http://www.youtube.com/channel/UCTFo1Ddefmr0DHfbrikZ7DA', 'authorChannelId': {'value': 'UCTFo1Ddefmr0DHfbrikZ7DA'}, 'canRate': True, 'viewerRating': 'none', 'likeCount': 1, 'publishedAt': '2022-10-23T22:10:23Z', 'updatedAt': '2022-10-23T22:10:23Z'}}, 'canReply': True, 'totalReplyCount': 0, 'isPublic': True}",,UCTFo1Ddefmr0DHfbrikZ7DA,2022-10-23T22:10:23Z,isso dai tá por fora.....,QURTSl9pM3BtLTc4TXRIb252WE5VSzU5NlNRTVM4Y2xWbjYwMTE2NWxkT0l6SjEwdHUzMFdOemgtX3dWLXFVbHpmR015ZU1nRzlrTnNuUQ==,2023-06-08 14:52:49.125465
youtube#commentThread,00gbV2eW7JvsHRzvADNnV08_Hq0,Ugy_Ge1JxT9rBBEWtxd4AaABAg,"{'videoId': 'zEfTDpfyt1o', 'topLevelComment': {'kind': 'youtube#comment', 'etag': 'qDLwd_jDE_xLmIIWk7Yvbfys-8E', 'id': 'Ugy_Ge1JxT9rBBEWtxd4AaABAg', 'snippet': {'videoId': 'zEfTDpfyt1o', 'textDisplay': 'A guerra às vezes é necessária para atingir a paz.', 'textOriginal': 'A guerra às vezes é necessária para atingir a paz.', 'authorDisplayName': 'Ueider Machado', 'authorProfileImageUrl': 'https://yt3.ggpht.com/ytc/AGIKgqMB1SsvSCv6EB0LHAPjGZMHHX91ADV8Sexn_g=s48-c-k-c0x00ffffff-no-rj', 'authorChannelUrl': 'http://www.youtube.com/channel/UCPFxIFJGSJyEKl5VVSLQCuw', 'authorChannelId': {'value': 'UCPFxIFJGSJyEKl5VVSLQCuw'}, 'canRate': True, 'viewerRating': 'none', 'likeCount': 22, 'publishedAt': '2022-10-23T22:10:17Z', 'updatedAt': '2022-10-23T22:10:17Z'}}, 'canReply': True, 'totalReplyCount': 3, 'isPublic': True}","{'comments': [{'kind': 'youtube#comment', 'etag': 'NinZLm38JE1-qPAUJU27g1Ih8oc', 'id': 'Ugy_Ge1JxT9rBBEWtxd4AaABAg.9hY8nXslmcz9hY9cZwWlWB', 'snippet': {'videoId': 'zEfTDpfyt1o', 'textDisplay': 'Mentes grandes querem paz pra que não haja guerra', 'textOriginal': 'Mentes grandes querem paz pra que não haja guerra', 'parentId': 'Ugy_Ge1JxT9rBBEWtxd4AaABAg', 'authorDisplayName': 'Antonio Lima', 'authorProfileImageUrl': 'https://yt3.ggpht.com/ytc/AGIKgqNqOmBGkiY4nQ48wlI2Z0HLJLyjfWHdXG4G5w=s48-c-k-c0x00ffffff-no-rj', 'authorChannelUrl': 'http://www.youtube.com/channel/UC4wf6gJ6_laQCJd_SBS4sPA', 'authorChannelId': {'value': 'UC4wf6gJ6_laQCJd_SBS4sPA'}, 'canRate': True, 'viewerRating': 'none', 'likeCount': 1, 'publishedAt': '2022-10-23T22:17:31Z', 'updatedAt': '2022-10-23T22:17:31Z'}}, {'kind': 'youtube#comment', 'etag': 'WU7U2uPkC5QVrFDj6gqzaFSYYXA', 'id': 'Ugy_Ge1JxT9rBBEWtxd4AaABAg.9hY8nXslmcz9hY9KYPcULW', 'snippet': {'videoId': 'zEfTDpfyt1o', 'textDisplay': 'onde tu aprendeu isso aberração 🤬<br>vai se ferrar, doidão', 'textOriginal': 'onde tu aprendeu isso aberração 🤬\\nvai se ferrar, doidão', 'parentId': 'Ugy_Ge1JxT9rBBEWtxd4AaABAg', 'authorDisplayName': 'Monica Santana', 'authorProfileImageUrl': 'https://yt3.ggpht.com/ytc/AGIKgqMVTUIqRVZsZZeNBgMf11VEUIoIAyVvQJoszYC3Xg=s48-c-k-c0x00ffffff-no-rj', 'authorChannelUrl': 'http://www.youtube.com/channel/UC4p_0KkDeLmulPn3KdfANJw', 'authorChannelId': {'value': 'UC4p_0KkDeLmulPn3KdfANJw'}, 'canRate': True, 'viewerRating': 'none', 'likeCount': 0, 'publishedAt': '2022-10-23T22:14:55Z', 'updatedAt': '2022-10-23T22:14:55Z'}}, {'kind': 'youtube#comment', 'etag': 'p66ovNsCoBKFRhF87R212A1xtSI', 'id': 'Ugy_Ge1JxT9rBBEWtxd4AaABAg.9hY8nXslmcz9hY9DUIo6ym', 'snippet': {'videoId': 'zEfTDpfyt1o', 'textDisplay': 'Infiltrado esquerdoide', 'textOriginal': 'Infiltrado esquerdoide', 'parentId': 'Ugy_Ge1JxT9rBBEWtxd4AaABAg', 'authorDisplayName': 'Arte no Jardim', 'authorProfileImageUrl': 'https://yt3.ggpht.com/ytc/AGIKgqNYWkT6wR9zxJJoNWKFcTnRMq06jc4z-tOOA8mV0BY=s48-c-k-c0x00ffffff-no-rj', 'authorChannelUrl': 'http://www.youtube.com/channel/UCRXVQwpkfYr7soKI80kQoMQ', 'authorChannelId': {'value': 'UCRXVQwpkfYr7soKI80kQoMQ'}, 'canRate': True, 'viewerRating': 'none', 'likeCount': 0, 'publishedAt': '2022-10-23T22:13:57Z', 'updatedAt': '2022-10-23T22:13:57Z'}}]}",UCPFxIFJGSJyEKl5VVSLQCuw,2022-10-23T22:10:17Z,A guerra às vezes é necessária para atingir a paz.,QURTSl9pM3BtLTc4TXRIb252WE5VSzU5NlNRTVM4Y2xWbjYwMTE2NWxkT0l6SjEwdHUzMFdOemgtX3dWLXFVbHpmR015ZU1nRzlrTnNuUQ==,2023-06-08 14:52:49.125465
youtube#commentThread,SldC0PBc-SRYign00iDvrfZ5VFc,UgygFtHthR_oCB4HhhV4AaABAg,"{'videoId': 'zEfTDpfyt1o', 'topLevelComment': {'kind': 'youtube#comment', 'etag': 'o5UqdFM4ddaxp7WgKOutdyjSwlc', 'id': 'UgygFtHthR_oCB4HhhV4AaABAg', 'snippet': {'videoId': 'zEfTDpfyt1o', 'textDisplay': 'roberto Jeferson vai recorrer a quem.e perseguição sim .tem que impedir esse xandão  e ele quem está fazendo td esse inferno..e NÃO  adiantao  por o Bolsonaro no meio não.nossa liberdade está<br> em risco. vai te mundo revoltar ..quebrar o pau.<br> .', 'textOriginal': 'roberto Jeferson vai recorrer a quem.e perseguição sim .tem que impedir esse xandão  e ele quem está fazendo td esse inferno..e NÃO  adiantao  por o Bolsonaro no meio não.nossa liberdade está\\n em risco. vai te mundo revoltar ..quebrar o pau.\\n .', 'authorDisplayName': 'Cleonice Batista', 'authorProfileImageUrl': 'https://yt3.ggpht.com/ytc/AGIKgqNehz8eAJcuFgDrSoKICrLJCnXZ-iUD5rf8lb7kTTe0tZx5s6oRiBxkt8s-wCEO=s48-c-k-c0x00ffffff-no-rj', 'authorChannelUrl': 'http://www.youtube.com/channel/UCU_jn5fMtAcgvnAGVvfgV7A', 'authorChannelId': {'value': 'UCU_jn5fMtAcgvnAGVvfgV7A'}, 'canRate': True, 'viewerRating': 'none', 'likeCount': 0, 'publishedAt': '2022-10-23T22:10:12Z', 'updatedAt': '2022-10-23T22:10:12Z'}}, 'canReply': True, 'totalReplyCount': 0, 'isPublic': True}",,UCU_jn5fMtAcgvnAGVvfgV7A,2022-10-23T22:10:12Z,"roberto Jeferson vai recorrer a quem.e perseguição sim .tem que impedir esse xandão  e ele quem está fazendo td esse inferno..e NÃO  adiantao  por o Bolsonaro no meio não.nossa liberdade está
 em risco. vai te mundo revoltar ..quebrar o pau.
 .",QURTSl9pM3BtLTc4TXRIb252WE5VSzU5NlNRTVM4Y2xWbjYwMTE2NWxkT0l6SjEwdHUzMFdOemgtX3dWLXFVbHpmR015ZU1nRzlrTnNuUQ==,2023-06-08 14:52:49.125465
youtube#commentThread,vf6gtzbkPY5KqwVWVIy_t5miZag,Ugxk4Si2mjec_rOQAJJ4AaABAg,"{'videoId': 'zEfTDpfyt1o', 'topLevelComment': {'kind': 'youtube#comment', 'etag': 'RQ2GTnbj8YIvrDqBr40uPG5Qc24', 'id': 'Ugxk4Si2mjec_rOQAJJ4AaABAg', 'snippet': {'videoId': 'zEfTDpfyt1o', 'textDisplay': 'Nossas forças  armadas  melhor  por ordem  na casa', 'textOriginal': 'Nossas forças  armadas  melhor  por ordem  na casa', 'authorDisplayName': 'Nicia Balsas', 'authorProfileImageUrl': 'https://yt3.ggpht.com/ytc/AGIKgqMgPbhraEi0k0Q0hWN0RMbqQV1ErdlW7J-p-g=s48-c-k-c0x00ffffff-no-rj', 'authorChannelUrl': 'http://www.youtube.com/channel/UC6IIsFFk_uCtQDJFp3KH37g', 'authorChannelId': {'value': 'UC6IIsFFk_uCtQDJFp3KH37g'}, 'canRate': True, 'viewerRating': 'none', 'likeCount': 0, 'publishedAt': '2022-10-23T22:09:59Z', 'updatedAt': '2022-10-23T22:09:59Z'}}, 'canReply': True, 'totalReplyCount': 0, 'isPublic': True}",,UC6IIsFFk_uCtQDJFp3KH37g,2022-10-23T22:09:59Z,Nossas forças  armadas  melhor  por ordem  na casa,QURTSl9pM3BtLTc4TXRIb252WE5VSzU5NlNRTVM4Y2xWbjYwMTE2NWxkT0l6SjEwdHUzMFdOemgtX3dWLXFVbHpmR015ZU1nRzlrTnNuUQ==,2023-06-08 14:52:49.125465
youtube#commentThread,-21A-3-1mgvA6Q2Wqc9GtzLqMxs,Ugx-wxo614D6ZRyGDv14AaABAg,"{'videoId': 'zEfTDpfyt1o', 'topLevelComment': {'kind': 'youtube#comment', 'etag': 'AOrOyVhGJ2T-Im383b3lQrUAXK0', 'id': 'Ugx-wxo614D6ZRyGDv14AaABAg', 'snippet': {'videoId': 'zEfTDpfyt1o', 'textDisplay': 'Jovem Pan sendo solidária ao cinegrafista da Globo.<br>Mas a globo não foi solidária a Jovem Pan pela censura sofrida pelo TSE.<br>Parabéns Jovem Pan', 'textOriginal': 'Jovem Pan sendo solidária ao cinegrafista da Globo.\\nMas a globo não foi solidária a Jovem Pan pela censura sofrida pelo TSE.\\nParabéns Jovem Pan', 'authorDisplayName': 'Dirceu Ennes', 'authorProfileImageUrl': 'https://yt3.ggpht.com/ytc/AGIKgqM1IlHyLrf4--wcJhT7ADYB_tgvUy5VEzPTAw=s48-c-k-c0x00ffffff-no-rj', 'authorChannelUrl': 'http://www.youtube.com/channel/UC1Hu2ieNAAkxE1fEhE_IXQA', 'authorChannelId': {'value': 'UC1Hu2ieNAAkxE1fEhE_IXQA'}, 'canRate': True, 'viewerRating': 'none', 'likeCount': 130, 'publishedAt': '2022-10-23T22:09:53Z', 'updatedAt': '2022-10-23T22:09:53Z'}}, 'canReply': True, 'totalReplyCount': 7, 'isPublic': True}","{'comments': [{'kind': 'youtube#comment', 'etag': 'elg5k9XYWRVZjvm2CprYgCN2Fq4', 'id': 'Ugx-wxo614D6ZRyGDv14AaABAg.9hY8ki0lVqI9hYTyneHZLl', 'snippet': {'videoId': 'zEfTDpfyt1o', 'textDisplay': 'Dá um Band Aid para ele, por mim...', 'textOriginal': 'Dá um Band Aid para ele, por mim...', 'parentId': 'Ugx-wxo614D6ZRyGDv14AaABAg', 'authorDisplayName': 'Tiburcio Nascimento', 'authorProfileImageUrl': 'https://yt3.ggpht.com/ytc/AGIKgqPYJ16XbloZp1nRif2q9UiINjE9b3aLcJFllVpYZmGF8L32gAvFuJ_fm0H5T6oa=s48-c-k-c0x00ffffff-no-rj', 'authorChannelUrl': 'http://www.youtube.com/channel/UCOpVT2WBtvOTmNgRgNreY3Q', 'authorChannelId': {'value': 'UCOpVT2WBtvOTmNgRgNreY3Q'}, 'canRate': True, 'viewerRating': 'none', 'likeCount': 0, 'publishedAt': '2022-10-24T01:15:19Z', 'updatedAt': '2022-10-24T01:15:19Z'}}, {'kind': 'youtube#comment', 'etag': '3aYuLQ6qCFNALco-id4o4m5_Q8g', 'id': 'Ugx-wxo614D6ZRyGDv14AaABAg.9hY8ki0lVqI9hYC-r7vVB-', 'snippet': {'videoId': 'zEfTDpfyt1o', 'textDisplay': 'Bem observado.', 'textOriginal': 'Bem observado.', 'parentId': 'Ugx-wxo614D6ZRyGDv14AaABAg', 'authorDisplayName': 'Ivan paulo camilo', 'authorProfileImageUrl': 'https://yt3.ggpht.com/ytc/AGIKgqMfhrwAem-hOUsTrLKKDSogzYFXNjDG0A7Wj_iOHw=s48-c-k-c0x00ffffff-no-rj', 'authorChannelUrl': 'http://www.youtube.com/channel/UCtlE8Xks0r2uniC46pUk9qg', 'authorChannelId': {'value': 'UCtlE8Xks0r2uniC46pUk9qg'}, 'canRate': True, 'viewerRating': 'none', 'likeCount': 0, 'publishedAt': '2022-10-23T22:38:18Z', 'updatedAt': '2022-10-23T22:38:18Z'}}, {'kind': 'youtube#comment', 'etag': 'd3nQAmOJuTpc5LeYGdM18ScysHY', 'id': 'Ugx-wxo614D6ZRyGDv14AaABAg.9hY8ki0lVqI9hYBdGE6pnh', 'snippet': {'videoId': 'zEfTDpfyt1o', 'textDisplay': 'O CINEGRAFISTA É APENAS FUNCIONÁRIO ASSALARIADO DA GLOBOLIXO. E NÃO DONO DA GLOBOLIXO. <br>QUEM COMPARAÇÃO MAIS TOSCA, VÉI!!!!', 'textOriginal': 'O CINEGRAFISTA É APENAS FUNCIONÁRIO ASSALARIADO DA GLOBOLIXO. E NÃO DONO DA GLOBOLIXO. \\nQUEM COMPARAÇÃO MAIS TOSCA, VÉI!!!!', 'parentId': 'Ugx-wxo614D6ZRyGDv14AaABAg', 'authorDisplayName': 'banjoniro', 'authorProfileImageUrl': 'https://yt3.ggpht.com/ytc/AGIKgqP_QDtEfclLbnzRsD1uTSAv848GHTvjE3f_9M-I=s48-c-k-c0x00ffffff-no-rj', 'authorChannelUrl': 'http://www.youtube.com/channel/UC4fUvJBz4ozD1DPVtLTVkqg', 'authorChannelId': {'value': 'UC4fUvJBz4ozD1DPVtLTVkqg'}, 'canRate': True, 'viewerRating': 'none', 'likeCount': 0, 'publishedAt': '2022-10-23T22:35:05Z', 'updatedAt': '2022-10-23T22:35:05Z'}}, {'kind': 'youtube#comment', 'etag': 'qBoGV1Pl3A3gGe-U4LGduUv1KCM', 'id': 'Ugx-wxo614D6ZRyGDv14AaABAg.9hY8ki0lVqI9hYBJjfceR1', 'snippet': {'videoId': 'zEfTDpfyt1o', 'textDisplay': '@glaucio rocksa simmm kkkkk tem q explicar pra esses patos', 'textOriginal': '@glaucio rocksa simmm kkkkk tem q explicar pra esses patos', 'parentId': 'Ugx-wxo614D6ZRyGDv14AaABAg', 'authorDisplayName': 'O Fera🤭', 'authorProfileImageUrl': 'https://yt3.ggpht.com/WGYQqQXUWeB_41JpWkcvdcaWaYOJ8NUPj3s9erEn7CEaH-WhE8NXDXdbv-F1o2QaE8bLIxHyfvw=s48-c-k-c0x00ffffff-no-rj', 'authorChannelUrl': 'http://www.youtube.com/channel/UCC51Tu1BjnaKyjazlcUqWrg', 'authorChannelId': {'value': 'UCC51Tu1BjnaKyjazlcUqWrg'}, 'canRate': True, 'viewerRating': 'none', 'likeCount': 1, 'publishedAt': '2022-10-23T22:32:17Z', 'updatedAt': '2022-10-23T22:32:17Z'}}, {'kind': 'youtube#comment', 'etag': 'GTrUxcXs2yQ8d5Lu6cjEku4Ku0c', 'id': 'Ugx-wxo614D6ZRyGDv14AaABAg.9hY8ki0lVqI9hYBCbaYs1T', 'snippet': {'videoId': 'zEfTDpfyt1o', 'textDisplay': 'É só a jovem pan fazer arminha com a mão kkkk', 'textOriginal': 'É só a jovem pan fazer arminha com a mão kkkk', 'parentId': 'Ugx-wxo614D6ZRyGDv14AaABAg', 'authorDisplayName': 'Renascer Associados', 'authorProfileImageUrl': 'https://yt3.ggpht.com/ytc/AGIKgqO6LbpI765WWrzt5j1-mF9xnLXy1wOKTSERndAsVAHHJyLlU3aUg1fnL-AqjeOq=s48-c-k-c0x00ffffff-no-rj', 'authorChannelUrl': 'http://www.youtube.com/channel/UCOSUWFUjpTiXwAbJOaafz0w', 'authorChannelId': {'value': 'UCOSUWFUjpTiXwAbJOaafz0w'}, 'canRate': True, 'viewerRating': 'none', 'likeCount': 1, 'publishedAt': '2022-10-23T22:31:19Z', 'updatedAt': '2022-10-23T22:31:19Z'}}]}",UC1Hu2ieNAAkxE1fEhE_IXQA,2022-10-23T22:09:53Z,"Jovem Pan sendo solidária ao cinegrafista da Globo.
Mas a globo não foi solidária a Jovem Pan pela censura sofrida pelo TSE.
Parabéns Jovem Pan",QURTSl9pM3BtLTc4TXRIb252WE5VSzU5NlNRTVM4Y2xWbjYwMTE2NWxkT0l6SjEwdHUzMFdOemgtX3dWLXFVbHpmR015ZU1nRzlrTnNuUQ==,2023-06-08 14:52:49.125465
youtube#commentThread,uOZxdQF-KR1tAdYPhNjamhgS444,UgwIcMmt5SNEqm214Rp4AaABAg,"{'videoId': 'zEfTDpfyt1o', 'topLevelComment': {'kind': 'youtube#comment', 'etag': 'qMtyN1W2eAPuR8okggFMxTMlYW8', 'id': 'UgwIcMmt5SNEqm214Rp4AaABAg', 'snippet': {'videoId': 'zEfTDpfyt1o', 'textDisplay': 'Isso é o estado de exceção de Alexandre de Moraes com o patrocínio do Pacheco', 'textOriginal': 'Isso é o estado de exceção de Alexandre de Moraes com o patrocínio do Pacheco', 'authorDisplayName': 'Claudia Garcia', 'authorProfileImageUrl': 'https://yt3.ggpht.com/ytc/AGIKgqNUjlJFPCEdZwuOdaouNkfxiE5yJ6wJtId9T_ZqIw=s48-c-k-c0x00ffffff-no-rj', 'authorChannelUrl': 'http://www.youtube.com/channel/UCvosgOrKbJihd5Z8eiHupoA', 'authorChannelId': {'value': 'UCvosgOrKbJihd5Z8eiHupoA'}, 'canRate': True, 'viewerRating': 'none', 'likeCount': 25, 'publishedAt': '2022-10-23T22:09:52Z', 'updatedAt': '2022-10-23T22:09:52Z'}}, 'canReply': True, 'totalReplyCount': 1, 'isPublic': True}","{'comments': [{'kind': 'youtube#comment', 'etag': 'NFanp2U6B2w5zBbHVILpW7ythiY', 'id': 'UgwIcMmt5SNEqm214Rp4AaABAg.9hY8kYQ1Zy59hYB7X7X0xb', 'snippet': {'videoId': 'zEfTDpfyt1o', 'textDisplay': 'Kkkk faz arminha com a mão kkkk', 'textOriginal': 'Kkkk faz arminha com a mão kkkk', 'parentId': 'UgwIcMmt5SNEqm214Rp4AaABAg', 'authorDisplayName': 'Renascer Associados', 'authorProfileImageUrl': 'https://yt3.ggpht.com/ytc/AGIKgqO6LbpI765WWrzt5j1-mF9xnLXy1wOKTSERndAsVAHHJyLlU3aUg1fnL-AqjeOq=s48-c-k-c0x00ffffff-no-rj', 'authorChannelUrl': 'http://www.youtube.com/channel/UCOSUWFUjpTiXwAbJOaafz0w', 'authorChannelId': {'value': 'UCOSUWFUjpTiXwAbJOaafz0w'}, 'canRate': True, 'viewerRating': 'none', 'likeCount': 0, 'publishedAt': '2022-10-23T22:30:37Z', 'updatedAt': '2022-10-23T22:30:37Z'}}]}",UCvosgOrKbJihd5Z8eiHupoA,2022-10-23T22:09:52Z,Isso é o estado de exceção de Alexandre de Moraes com o patrocínio do Pacheco,QURTSl9pM3BtLTc4TXRIb252WE5VSzU5NlNRTVM4Y2xWbjYwMTE2NWxkT0l6SjEwdHUzMFdOemgtX3dWLXFVbHpmR015ZU1nRzlrTnNuUQ==,2023-06-08 14:52:49.125465
youtube#commentThread,BIB9hjxUZVNI4m7v9UBACPVNGws,UgyQrHqKOKTvLdpKh3B4AaABAg,"{'videoId': 'zEfTDpfyt1o', 'topLevelComment': {'kind': 'youtube#comment', 'etag': 'IPWK0TDbdhsDSJLFy441ZbdoBhI', 'id': 'UgyQrHqKOKTvLdpKh3B4AaABAg', 'snippet': {'videoId': 'zEfTDpfyt1o', 'textDisplay': 'A globolixo nao agride ninguem tambem o STF nao censuram ninguem', 'textOriginal': 'A globolixo nao agride ninguem tambem o STF nao censuram ninguem', 'authorDisplayName': 'Helton Calazans', 'authorProfileImageUrl': 'https://yt3.ggpht.com/ytc/AGIKgqPbO3_aVkK5lOh-jo8sRZJtpLuprbh2ycqdtQ=s48-c-k-c0x00ffffff-no-rj', 'authorChannelUrl': 'http://www.youtube.com/channel/UCR-DuZ1Y_G_JR73_Ruf2x9Q', 'authorChannelId': {'value': 'UCR-DuZ1Y_G_JR73_Ruf2x9Q'}, 'canRate': True, 'viewerRating': 'none', 'likeCount': 0, 'publishedAt': '2022-10-23T22:09:47Z', 'updatedAt': '2022-10-23T22:09:47Z'}}, 'canReply': True, 'totalReplyCount': 0, 'isPublic': True}",,UCR-DuZ1Y_G_JR73_Ruf2x9Q,2022-10-23T22:09:47Z,A globolixo nao agride ninguem tambem o STF nao censuram ninguem,QURTSl9pM3BtLTc4TXRIb252WE5VSzU5NlNRTVM4Y2xWbjYwMTE2NWxkT0l6SjEwdHUzMFdOemgtX3dWLXFVbHpmR015ZU1nRzlrTnNuUQ==,2023-06-08 14:52:49.125465
youtube#commentThread,LjvcHCoxmCfsLIgG09-05TtPOwE,Ugy1MoAd4HW2sWBvPVh4AaABAg,"{'videoId': 'zEfTDpfyt1o', 'topLevelComment': {'kind': 'youtube#comment', 'etag': 'y1vR4jRDGRCxtLPnybsoOA8EDrE', 'id': 'Ugy1MoAd4HW2sWBvPVh4AaABAg', 'snippet': {'videoId': 'zEfTDpfyt1o', 'textDisplay': 'RETIROU O CHIP,', 'textOriginal': 'RETIROU O CHIP,', 'authorDisplayName': 'Angela Maria Di Leo', 'authorProfileImageUrl': 'https://yt3.ggpht.com/ytc/AGIKgqPNKkKDkLbggoJvdYPPBiY3I55hYRg8HcsQJXO4-eRtlbHWISykMGsrGRb6RbJi=s48-c-k-c0x00ffffff-no-rj', 'authorChannelUrl': 'http://www.youtube.com/channel/UCklF-ZfaJ3BRoiTWrsubW-w', 'authorChannelId': {'value': 'UCklF-ZfaJ3BRoiTWrsubW-w'}, 'canRate': True, 'viewerRating': 'none', 'likeCount': 0, 'publishedAt': '2022-10-23T22:09:46Z', 'updatedAt': '2022-10-23T22:09:46Z'}}, 'canReply': True, 'totalReplyCount': 0, 'isPublic': True}",,UCklF-ZfaJ3BRoiTWrsubW-w,2022-10-23T22:09:46Z,"RETIROU O CHIP,",QURTSl9pM3BtLTc4TXRIb252WE5VSzU5NlNRTVM4Y2xWbjYwMTE2NWxkT0l6SjEwdHUzMFdOemgtX3dWLXFVbHpmR015ZU1nRzlrTnNuUQ==,2023-06-08 14:52:49.125465
youtube#commentThread,q0STdEil0c4hBd0GE3Ik8A8J7a8,UgyuGCSt7gJ-L4TfSyx4AaABAg,"{'videoId': 'zEfTDpfyt1o', 'topLevelComment': {'kind': 'youtube#comment', 'etag': 'WaeoSh4TzP6GA9yyH83kUW0EmlI', 'id': 'UgyuGCSt7gJ-L4TfSyx4AaABAg', 'snippet': {'videoId': 'zEfTDpfyt1o', 'textDisplay': 'isso é o start para o caos social. Nada justifica violência contra quem está trabalhando na cobertura dos fatos, mas os ânimos estão aflorados devido a forma como se tem conduzido os acontecimentos. Eu pergunto,  não será a hora das forças armadas estabelecer  a ordem nesse momento antes que seja tarde?', 'textOriginal': 'isso é o start para o caos social. Nada justifica violência contra quem está trabalhando na cobertura dos fatos, mas os ânimos estão aflorados devido a forma como se tem conduzido os acontecimentos. Eu pergunto,  não será a hora das forças armadas estabelecer  a ordem nesse momento antes que seja tarde?', 'authorDisplayName': 'Marcos Costa', 'authorProfileImageUrl': 'https://yt3.ggpht.com/ytc/AGIKgqN5rrcDs94m4qLVj09cL9z5DqdCK85jpngk4HwJ3A=s48-c-k-c0x00ffffff-no-rj', 'authorChannelUrl': 'http://www.youtube.com/channel/UCtz3XxtBrjcnSB3XzkEWWyg', 'authorChannelId': {'value': 'UCtz3XxtBrjcnSB3XzkEWWyg'}, 'canRate': True, 'viewerRating': 'none', 'likeCount': 147, 'publishedAt': '2022-10-23T22:09:45Z', 'updatedAt': '2022-10-23T22:09:45Z'}}, 'canReply': True, 'totalReplyCount': 72, 'isPublic': True}","{'comments': [{'kind': 'youtube#comment', 'etag': 'UfP3LDoqmcj9vA9USt-dfnzOs90', 'id': 'UgyuGCSt7gJ-L4TfSyx4AaABAg.9hY8jgBroYr9hZTb8cBfC-', 'snippet': {'videoId': 'zEfTDpfyt1o', 'textDisplay': '@augusto samir ferraz moraes O problema é q vcs perderam o senso. A q ponto chegamos, no Brasil se dirigem à autoridades c apelidos íntimos ou palavrões de última. Vcs estão adoecidos. Qq mentecapto q agrida alguém virá herói. Cm podem aprovar alguém tratar a Ministra, q é uma senhorinha, c aquele vocabulário. Além de autoridade, ela é mãe ou até, vó de alguém. Vcs (que apoiam RB) perderam a noção de dignidade humana, o significado de respeito e o senso de oportunidade, pois td vez q um meliante quer puxar o foco, faz fiasco nas redes , p q será?<br>Qto às instâncias, acredite, esse tipo de gente tem ótimos e caros advogados.', 'textOriginal': '@augusto samir ferraz moraes O problema é q vcs perderam o senso. A q ponto chegamos, no Brasil se dirigem à autoridades c apelidos íntimos ou palavrões de última. Vcs estão adoecidos. Qq mentecapto q agrida alguém virá herói. Cm podem aprovar alguém tratar a Ministra, q é uma senhorinha, c aquele vocabulário. Além de autoridade, ela é mãe ou até, vó de alguém. Vcs (que apoiam RB) perderam a noção de dignidade humana, o significado de respeito e o senso de oportunidade, pois td vez q um meliante quer puxar o foco, faz fiasco nas redes , p q será?\\nQto às instâncias, acredite, esse tipo de gente tem ótimos e caros advogados.', 'parentId': 'UgyuGCSt7gJ-L4TfSyx4AaABAg', 'authorDisplayName': 'Kerlen Cabrera', 'authorProfileImageUrl': 'https://yt3.ggpht.com/CvgAxrQ9DGO580YKuiWe6VoV7y5QcfPP7mgTV9Wj_tSex8xLcqPD_89-WgWTrLHBl0n7IOHrAFU=s48-c-k-c0x00ffffff-no-rj', 'authorChannelUrl': 'http://www.youtube.com/channel/UCIj7PLnBOZGD6VDZnq0dutQ', 'authorChannelId': {'value': 'UCIj7PLnBOZGD6VDZnq0dutQ'}, 'canRate': True, 'viewerRating': 'none', 'likeCount': 0, 'publishedAt': '2022-10-24T10:31:19Z', 'updatedAt': '2022-10-24T10:31:19Z'}}, {'kind': 'youtube#comment', 'etag': 'UewD_O6RDJxdCzP3TtoDSLwi8Z0', 'id': 'UgyuGCSt7gJ-L4TfSyx4AaABAg.9hY8jgBroYr9hYv6ecrZwA', 'snippet': {'videoId': 'zEfTDpfyt1o', 'textDisplay': '@Kerlen Cabrera Ordem legal de prisão???? Ora,  originada de um processo totalmente ilegal e inconstitucional,  o processo do fim do mundo !!!!<br>Já foste acusada indevidamente e presa sem o devido processo legal,  sem uma sentença condenatória em 3 estância (posição essa do próprio STF)?? <br>Agora o que falta pro XANDÃO ser preso pelo crime de abuso de autoridade? Isso que deve ser o mais importante assunto a se discutir a TIRANIA do XANDÃO??? Isso é o que importa pra ,', 'textOriginal': '@Kerlen Cabrera Ordem legal de prisão???? Ora,  originada de um processo totalmente ilegal e inconstitucional,  o processo do fim do mundo !!!!\\nJá foste acusada indevidamente e presa sem o devido processo legal,  sem uma sentença condenatória em 3 estância (posição essa do próprio STF)?? \\nAgora o que falta pro XANDÃO ser preso pelo crime de abuso de autoridade? Isso que deve ser o mais importante assunto a se discutir a TIRANIA do XANDÃO??? Isso é o que importa pra ,', 'parentId': 'UgyuGCSt7gJ-L4TfSyx4AaABAg', 'authorDisplayName': 'augusto samir ferraz moraes', 'authorProfileImageUrl': 'https://yt3.ggpht.com/ytc/AGIKgqNjSm6RfWSC7lDIf_1ju7HPVPJBHKzImnQ7GQ=s48-c-k-c0x00ffffff-no-rj', 'authorChannelUrl': 'http://www.youtube.com/channel/UC2GeHaWEa8ylvrcd8JQVx9w', 'authorChannelId': {'value': 'UC2GeHaWEa8ylvrcd8JQVx9w'}, 'canRate': True, 'viewerRating': 'none', 'likeCount': 0, 'publishedAt': '2022-10-24T05:21:11Z', 'updatedAt': '2022-10-24T05:21:11Z'}}, {'kind': 'youtube#comment', 'etag': '0jxwaCJxikHnJuhX9JxH-K7Obnw', 'id': 'UgyuGCSt7gJ-L4TfSyx4AaABAg.9hY8jgBroYr9hYS2PG6ryi', 'snippet': {'videoId': 'zEfTDpfyt1o', 'textDisplay': '@Tiburcio Nascimento mas vc queria né safado? Eu vi oq vc escreveu implorando pelas forças armadas... ai quanta hipocrisia, bandido bom é bandido morto até o Roberto Jefferson ter que sair da prisão domiciliar? N sabia que condenado por corrupção podia ter arma ou postar em rede social, acho q isso é inconstitucional... só acho né...', 'textOriginal': '@Tiburcio Nascimento mas vc queria né safado? Eu vi oq vc escreveu implorando pelas forças armadas... ai quanta hipocrisia, bandido bom é bandido morto até o Roberto Jefferson ter que sair da prisão domiciliar? N sabia que condenado por corrupção podia ter arma ou postar em rede social, acho q isso é inconstitucional... só acho né...', 'parentId': 'UgyuGCSt7gJ-L4TfSyx4AaABAg', 'authorDisplayName': 'D x N²', 'authorProfileImageUrl': 'https://yt3.ggpht.com/q1RsmObLRfIMQPkkmLFU0RH32eUJ0za2tNkg59UjG8B-pWxTXAktHOIzu3bwzspeSn-a0Vj8vw=s48-c-k-c0x00ffffff-no-rj', 'authorChannelUrl': 'http://www.youtube.com/channel/UCTjK-DZmYbQb4I06iyTb2Yw', 'authorChannelId': {'value': 'UCTjK-DZmYbQb4I06iyTb2Yw'}, 'canRate': True, 'viewerRating': 'none', 'likeCount': 0, 'publishedAt': '2022-10-24T00:58:28Z', 'updatedAt': '2022-10-24T00:58:28Z'}}, {'kind': 'youtube#comment', 'etag': 'LrumzeSwQlbtAdhYCa87W15fTuo', 'id': 'UgyuGCSt7gJ-L4TfSyx4AaABAg.9hY8jgBroYr9hYQ2QUtmPC', 'snippet': {'videoId': 'zEfTDpfyt1o', 'textDisplay': 'Aí (parei para rir).kkkkkk...vão dizer que é DITADURA.....KKKKKKK', 'textOriginal': 'Aí (parei para rir).kkkkkk...vão dizer que é DITADURA.....KKKKKKK', 'parentId': 'UgyuGCSt7gJ-L4TfSyx4AaABAg', 'authorDisplayName': 'Tiburcio Nascimento', 'authorProfileImageUrl': 'https://yt3.ggpht.com/ytc/AGIKgqPYJ16XbloZp1nRif2q9UiINjE9b3aLcJFllVpYZmGF8L32gAvFuJ_fm0H5T6oa=s48-c-k-c0x00ffffff-no-rj', 'authorChannelUrl': 'http://www.youtube.com/channel/UCOpVT2WBtvOTmNgRgNreY3Q', 'authorChannelId': {'value': 'UCOpVT2WBtvOTmNgRgNreY3Q'}, 'canRate': True, 'viewerRating': 'none', 'likeCount': 0, 'publishedAt': '2022-10-24T00:41:00Z', 'updatedAt': '2022-10-24T00:41:00Z'}}, {'kind': 'youtube#comment', 'etag': 'TuMpwXDNHJJvEAUQ633VXQUV2sE', 'id': 'UgyuGCSt7gJ-L4TfSyx4AaABAg.9hY8jgBroYr9hYOcVfk1ov', 'snippet': {'videoId': 'zEfTDpfyt1o', 'textDisplay': '@LUCIANO DIAS 🤣🤣🤣🤣🤣🤣🤣🤣', 'textOriginal': '@LUCIANO DIAS 🤣🤣🤣🤣🤣🤣🤣🤣', 'parentId': 'UgyuGCSt7gJ-L4TfSyx4AaABAg', 'authorDisplayName': 'D x N²', 'authorProfileImageUrl': 'https://yt3.ggpht.com/q1RsmObLRfIMQPkkmLFU0RH32eUJ0za2tNkg59UjG8B-pWxTXAktHOIzu3bwzspeSn-a0Vj8vw=s48-c-k-c0x00ffffff-no-rj', 'authorChannelUrl': 'http://www.youtube.com/channel/UCTjK-DZmYbQb4I06iyTb2Yw', 'authorChannelId': {'value': 'UCTjK-DZmYbQb4I06iyTb2Yw'}, 'canRate': True, 'viewerRating': 'none', 'likeCount': 0, 'publishedAt': '2022-10-24T00:28:35Z', 'updatedAt': '2022-10-24T00:28:35Z'}}]}",UCtz3XxtBrjcnSB3XzkEWWyg,2022-10-23T22:09:45Z,"isso é o start para o caos social. Nada justifica violência contra quem está trabalhando na cobertura dos fatos, mas os ânimos estão aflorados devido a forma como se tem conduzido os acontecimentos. Eu pergunto,  não será a hora das forças armadas estabelecer  a ordem nesse momento antes que seja tarde?",QURTSl9pM3BtLTc4TXRIb252WE5VSzU5NlNRTVM4Y2xWbjYwMTE2NWxkT0l6SjEwdHUzMFdOemgtX3dWLXFVbHpmR015ZU1nRzlrTnNuUQ==,2023-06-08 14:52:49.125465
youtube#commentThread,DdFehV332m54YTTW5saytmpJTVw,Ugx9uM5bYvKdARHUIPR4AaABAg,"{'videoId': 'zEfTDpfyt1o', 'topLevelComment': {'kind': 'youtube#comment', 'etag': 'dvH4NNHCEYSva8Qpjb08qvWYj2Q', 'id': 'Ugx9uM5bYvKdARHUIPR4AaABAg', 'snippet': {'videoId': 'zEfTDpfyt1o', 'textDisplay': 'Roberto Jeferson tá conseguindo destruir algo que estamos qse 30 dias tentando mudar, agora vem esses baderneiros sujar a campanha de Bolsonaro 😡😡', 'textOriginal': 'Roberto Jeferson tá conseguindo destruir algo que estamos qse 30 dias tentando mudar, agora vem esses baderneiros sujar a campanha de Bolsonaro 😡😡', 'authorDisplayName': 'Karol sobrevivendo', 'authorProfileImageUrl': 'https://yt3.ggpht.com/yqCsORZuZudLHlfo67iZbxKGaZOWDYZRq8lCMnoold7F6-RWirNIWjRLrMXd0VaHWKENZ9kD2TQ=s48-c-k-c0x00ffffff-no-rj', 'authorChannelUrl': 'http://www.youtube.com/channel/UCQcGa1tc9WgiOR96Js_5RYA', 'authorChannelId': {'value': 'UCQcGa1tc9WgiOR96Js_5RYA'}, 'canRate': True, 'viewerRating': 'none', 'likeCount': 0, 'publishedAt': '2022-10-23T22:09:34Z', 'updatedAt': '2022-10-23T22:09:34Z'}}, 'canReply': True, 'totalReplyCount': 0, 'isPublic': True}",,UCQcGa1tc9WgiOR96Js_5RYA,2022-10-23T22:09:34Z,"Roberto Jeferson tá conseguindo destruir algo que estamos qse 30 dias tentando mudar, agora vem esses baderneiros sujar a campanha de Bolsonaro 😡😡",QURTSl9pM3BtLTc4TXRIb252WE5VSzU5NlNRTVM4Y2xWbjYwMTE2NWxkT0l6SjEwdHUzMFdOemgtX3dWLXFVbHpmR015ZU1nRzlrTnNuUQ==,2023-06-08 14:52:49.125465
youtube#commentThread,Cyrt8SKTu3s1CN4jHB2k6e3W7FE,UgxMxhLByQEHxITus8h4AaABAg,"{'videoId': 'zEfTDpfyt1o', 'topLevelComment': {'kind': 'youtube#comment', 'etag': 'sgiLn7Mn8vdHWJiePuoX7KfS0e8', 'id': 'UgxMxhLByQEHxITus8h4AaABAg', 'snippet': {'videoId': 'zEfTDpfyt1o', 'textDisplay': 'A Carmem Lúcia disse que até dia 30 tudo que é errado, pode!!', 'textOriginal': 'A Carmem Lúcia disse que até dia 30 tudo que é errado, pode!!', 'authorDisplayName': 'Jacira Faria', 'authorProfileImageUrl': 'https://yt3.ggpht.com/ytc/AGIKgqPTF7HrxmfAdlif0uQ6L0b3WzfD1nF9SB4Yvyzh=s48-c-k-c0x00ffffff-no-rj', 'authorChannelUrl': 'http://www.youtube.com/channel/UCxzf2EYrsYd84ksL9sEHBug', 'authorChannelId': {'value': 'UCxzf2EYrsYd84ksL9sEHBug'}, 'canRate': True, 'viewerRating': 'none', 'likeCount': 13, 'publishedAt': '2022-10-23T22:09:32Z', 'updatedAt': '2022-10-23T22:09:32Z'}}, 'canReply': True, 'totalReplyCount': 1, 'isPublic': True}","{'comments': [{'kind': 'youtube#comment', 'etag': 'y_kammoljmiIN1-7V7H2wrE28C4', 'id': 'UgxMxhLByQEHxITus8h4AaABAg.9hY8i7Fi3ge9hYUlUo1fBR', 'snippet': {'videoId': 'zEfTDpfyt1o', 'textDisplay': 'Ela ñ disse que cala boca já morreu?...Pelo visto foi ressuicitado', 'textOriginal': 'Ela ñ disse que cala boca já morreu?...Pelo visto foi ressuicitado', 'parentId': 'UgxMxhLByQEHxITus8h4AaABAg', 'authorDisplayName': 'Mary Madeleine Mattos Meire', 'authorProfileImageUrl': 'https://yt3.ggpht.com/ytc/AGIKgqMMKFPieMmbIeA84Sq6-hq-8lsIW_Q4drAaJw=s48-c-k-c0x00ffffff-no-rj', 'authorChannelUrl': 'http://www.youtube.com/channel/UCAzY-Xa075NjqCtEVZy_xng', 'authorChannelId': {'value': 'UCAzY-Xa075NjqCtEVZy_xng'}, 'canRate': True, 'viewerRating': 'none', 'likeCount': 0, 'publishedAt': '2022-10-24T01:22:14Z', 'updatedAt': '2022-10-24T01:22:14Z'}}]}",UCxzf2EYrsYd84ksL9sEHBug,2022-10-23T22:09:32Z,"A Carmem Lúcia disse que até dia 30 tudo que é errado, pode!!",QURTSl9pM3BtLTc4TXRIb252WE5VSzU5NlNRTVM4Y2xWbjYwMTE2NWxkT0l6SjEwdHUzMFdOemgtX3dWLXFVbHpmR015ZU1nRzlrTnNuUQ==,2023-06-08 14:52:49.125465
youtube#commentThread,J3GlgusZpZVMpsbp7id_WhKlzT4,UgyxzuKJV7l7WPeAGHR4AaABAg,"{'videoId': 'zEfTDpfyt1o', 'topLevelComment': {'kind': 'youtube#comment', 'etag': 'RuaMYxcsmJmJIyYR377x6NjLjcs', 'id': 'UgyxzuKJV7l7WPeAGHR4AaABAg', 'snippet': {'videoId': 'zEfTDpfyt1o', 'textDisplay': 'Parabéns aos envolvidos, 1° agredir quem está trabalhando é um absurdo, vão eleger o lula, notem qualquer, qualquer coisa negativa essa semana vai dar a vitória para o adversário, e nós que temos o judiciário contra a mídia contra, aí já era.', 'textOriginal': 'Parabéns aos envolvidos, 1° agredir quem está trabalhando é um absurdo, vão eleger o lula, notem qualquer, qualquer coisa negativa essa semana vai dar a vitória para o adversário, e nós que temos o judiciário contra a mídia contra, aí já era.', 'authorDisplayName': 'Cristian  Schneider', 'authorProfileImageUrl': 'https://yt3.ggpht.com/jb_pbFQZulmqdKh8P3bmPtSOPC8bIgs_h3cZWmfJRmQ8oNbFgttB83VmFLAtIXhhwhHXIpcriQ=s48-c-k-c0x00ffffff-no-rj', 'authorChannelUrl': 'http://www.youtube.com/channel/UCnb56DdiJ_5OOqVtBfoK0ZQ', 'authorChannelId': {'value': 'UCnb56DdiJ_5OOqVtBfoK0ZQ'}, 'canRate': True, 'viewerRating': 'none', 'likeCount': 3, 'publishedAt': '2022-10-23T22:09:27Z', 'updatedAt': '2022-10-23T22:09:27Z'}}, 'canReply': True, 'totalReplyCount': 1, 'isPublic': True}","{'comments': [{'kind': 'youtube#comment', 'etag': 'LstbwHZSMGXGdbnmYDfqPcNRERw', 'id': 'UgyxzuKJV7l7WPeAGHR4AaABAg.9hY8hRXNVNM9hY9Nt_60DP', 'snippet': {'videoId': 'zEfTDpfyt1o', 'textDisplay': 'Exatamente, isso é coisa de infiltrado, vai ter muito até dia 30', 'textOriginal': 'Exatamente, isso é coisa de infiltrado, vai ter muito até dia 30', 'parentId': 'UgyxzuKJV7l7WPeAGHR4AaABAg', 'authorDisplayName': 'Arte no Jardim', 'authorProfileImageUrl': 'https://yt3.ggpht.com/ytc/AGIKgqNYWkT6wR9zxJJoNWKFcTnRMq06jc4z-tOOA8mV0BY=s48-c-k-c0x00ffffff-no-rj', 'authorChannelUrl': 'http://www.youtube.com/channel/UCRXVQwpkfYr7soKI80kQoMQ', 'authorChannelId': {'value': 'UCRXVQwpkfYr7soKI80kQoMQ'}, 'canRate': True, 'viewerRating': 'none', 'likeCount': 1, 'publishedAt': '2022-10-23T22:15:22Z', 'updatedAt': '2022-10-23T22:15:22Z'}}]}",UCnb56DdiJ_5OOqVtBfoK0ZQ,2022-10-23T22:09:27Z,"Parabéns aos envolvidos, 1° agredir quem está trabalhando é um absurdo, vão eleger o lula, notem qualquer, qualquer coisa negativa essa semana vai dar a vitória para o adversário, e nós que temos o judiciário contra a mídia contra, aí já era.",QURTSl9pM3BtLTc4TXRIb252WE5VSzU5NlNRTVM4Y2xWbjYwMTE2NWxkT0l6SjEwdHUzMFdOemgtX3dWLXFVbHpmR015ZU1nRzlrTnNuUQ==,2023-06-08 14:52:49.125465
youtube#commentThread,07wzqykrXPAm2tbpBbKytAk8JJU,UgzWq2lJCRMmJmTJxRp4AaABAg,"{'videoId': 'zEfTDpfyt1o', 'topLevelComment': {'kind': 'youtube#comment', 'etag': 'rlQHCoLH8NsVJZfDd7SSWOG9mp4', 'id': 'UgzWq2lJCRMmJmTJxRp4AaABAg', 'snippet': {'videoId': 'zEfTDpfyt1o', 'textDisplay': 'Queria estar na casa do Roberto Jefferson fazendo a segurança dele', 'textOriginal': 'Queria estar na casa do Roberto Jefferson fazendo a segurança dele', 'authorDisplayName': 'NETO LG', 'authorProfileImageUrl': 'https://yt3.ggpht.com/ytc/AGIKgqP-KdnHA6ozGRQpfQArHkHQAqCH-9pUw854Da79-A8=s48-c-k-c0x00ffffff-no-rj', 'authorChannelUrl': 'http://www.youtube.com/channel/UCy4ZWo5SPeBEGrn2vJo-d6Q', 'authorChannelId': {'value': 'UCy4ZWo5SPeBEGrn2vJo-d6Q'}, 'canRate': True, 'viewerRating': 'none', 'likeCount': 3, 'publishedAt': '2022-10-23T22:09:24Z', 'updatedAt': '2022-10-23T22:09:24Z'}}, 'canReply': True, 'totalReplyCount': 1, 'isPublic': True}","{'comments': [{'kind': 'youtube#comment', 'etag': 'tEEUaB_unPbr52v6YecTptDQCfQ', 'id': 'UgzWq2lJCRMmJmTJxRp4AaABAg.9hY8hAvQo-39hYBGGX4R6g', 'snippet': {'videoId': 'zEfTDpfyt1o', 'textDisplay': 'chupando a bola de um condenado por corrupção?', 'textOriginal': 'chupando a bola de um condenado por corrupção?', 'parentId': 'UgzWq2lJCRMmJmTJxRp4AaABAg', 'authorDisplayName': 'brunoallexsander', 'authorProfileImageUrl': 'https://yt3.ggpht.com/ytc/AGIKgqPn_HmolYJb3BvYjFtL9uwMVuINNJxbM0i2-J3j=s48-c-k-c0x00ffffff-no-rj', 'authorChannelUrl': 'http://www.youtube.com/channel/UCvBcNGa8I_z9CVwMulB-Jqw', 'authorChannelId': {'value': 'UCvBcNGa8I_z9CVwMulB-Jqw'}, 'canRate': True, 'viewerRating': 'none', 'likeCount': 0, 'publishedAt': '2022-10-23T22:31:49Z', 'updatedAt': '2022-10-23T22:31:49Z'}}]}",UCy4ZWo5SPeBEGrn2vJo-d6Q,2022-10-23T22:09:24Z,Queria estar na casa do Roberto Jefferson fazendo a segurança dele,QURTSl9pM3BtLTc4TXRIb252WE5VSzU5NlNRTVM4Y2xWbjYwMTE2NWxkT0l6SjEwdHUzMFdOemgtX3dWLXFVbHpmR015ZU1nRzlrTnNuUQ==,2023-06-08 14:52:49.125465
youtube#commentThread,pQByC8yGiEATppxXarVuSD_4Nuo,Ugx1hLyVCkbOn8hajdB4AaABAg,"{'videoId': 'zEfTDpfyt1o', 'topLevelComment': {'kind': 'youtube#comment', 'etag': 'MiCk9UPAJEO81rAnuCRfI8cuE_s', 'id': 'Ugx1hLyVCkbOn8hajdB4AaABAg', 'snippet': {'videoId': 'zEfTDpfyt1o', 'textDisplay': 'Guerra civil vindo aí... Já avisei para se prepararem...', 'textOriginal': 'Guerra civil vindo aí... Já avisei para se prepararem...', 'authorDisplayName': 'Ezequiel Tomé', 'authorProfileImageUrl': 'https://yt3.ggpht.com/ytc/AGIKgqP-pvq7Xi9d7aIiZyiMOG2dd7ReQJvDT3fSHEGG=s48-c-k-c0x00ffffff-no-rj', 'authorChannelUrl': 'http://www.youtube.com/channel/UCXUaYodSJI4eAtNR4omM2vQ', 'authorChannelId': {'value': 'UCXUaYodSJI4eAtNR4omM2vQ'}, 'canRate': True, 'viewerRating': 'none', 'likeCount': 0, 'publishedAt': '2022-10-23T22:09:24Z', 'updatedAt': '2022-10-23T22:09:24Z'}}, 'canReply': True, 'totalReplyCount': 0, 'isPublic': True}",,UCXUaYodSJI4eAtNR4omM2vQ,2022-10-23T22:09:24Z,Guerra civil vindo aí... Já avisei para se prepararem...,QURTSl9pM3BtLTc4TXRIb252WE5VSzU5NlNRTVM4Y2xWbjYwMTE2NWxkT0l6SjEwdHUzMFdOemgtX3dWLXFVbHpmR015ZU1nRzlrTnNuUQ==,2023-06-08 14:52:49.125465
youtube#commentThread,kE9sUrj1R5AvZEpg8miEHt-0SdE,Ugx8U2GjOAJuuLretJp4AaABAg,"{'videoId': 'zEfTDpfyt1o', 'topLevelComment': {'kind': 'youtube#comment', 'etag': 'tVJY7nHpmPOJ80Ff7UlgqAQ2iak', 'id': 'Ugx8U2GjOAJuuLretJp4AaABAg', 'snippet': {'videoId': 'zEfTDpfyt1o', 'textDisplay': 'A Rede Globo e o STF induziram esse lamentável estado de coisas.', 'textOriginal': 'A Rede Globo e o STF induziram esse lamentável estado de coisas.', 'authorDisplayName': 'Eduardo de Paula', 'authorProfileImageUrl': 'https://yt3.ggpht.com/ytc/AGIKgqO2OXfHN2FIluBPjJB_YsBKvkSSvqjGgR2M5A=s48-c-k-c0x00ffffff-no-rj', 'authorChannelUrl': 'http://www.youtube.com/channel/UCkljE2yvcPfrz9h_XHaAVLA', 'authorChannelId': {'value': 'UCkljE2yvcPfrz9h_XHaAVLA'}, 'canRate': True, 'viewerRating': 'none', 'likeCount': 106, 'publishedAt': '2022-10-23T22:09:00Z', 'updatedAt': '2022-10-23T22:09:00Z'}}, 'canReply': True, 'totalReplyCount': 11, 'isPublic': True}","{'comments': [{'kind': 'youtube#comment', 'etag': 'TvmX0wsX4NUPOahe26x38OEK_lg', 'id': 'Ugx8U2GjOAJuuLretJp4AaABAg.9hY8eDTZtnS9hYVbEhfQoP', 'snippet': {'videoId': 'zEfTDpfyt1o', 'textDisplay': '@FuckTheState Eles sabem, não gasta o teu latim com zumbís a serviço..', 'textOriginal': '@FuckTheState Eles sabem, não gasta o teu latim com zumbís a serviço..', 'parentId': 'Ugx8U2GjOAJuuLretJp4AaABAg', 'authorDisplayName': 'Tiburcio Nascimento', 'authorProfileImageUrl': 'https://yt3.ggpht.com/ytc/AGIKgqPYJ16XbloZp1nRif2q9UiINjE9b3aLcJFllVpYZmGF8L32gAvFuJ_fm0H5T6oa=s48-c-k-c0x00ffffff-no-rj', 'authorChannelUrl': 'http://www.youtube.com/channel/UCOpVT2WBtvOTmNgRgNreY3Q', 'authorChannelId': {'value': 'UCOpVT2WBtvOTmNgRgNreY3Q'}, 'canRate': True, 'viewerRating': 'none', 'likeCount': 0, 'publishedAt': '2022-10-24T01:29:34Z', 'updatedAt': '2022-10-24T01:29:34Z'}}, {'kind': 'youtube#comment', 'etag': 'i5tQzaUQa3iIuNr5yWAtf_mmg9Y', 'id': 'Ugx8U2GjOAJuuLretJp4AaABAg.9hY8eDTZtnS9hYVRFv13yl', 'snippet': {'videoId': 'zEfTDpfyt1o', 'textDisplay': '@D x N² Os russos estão dando emprego para mercenários, pagam bem melhor que os daqui...', 'textOriginal': '@D x N² Os russos estão dando emprego para mercenários, pagam bem melhor que os daqui...', 'parentId': 'Ugx8U2GjOAJuuLretJp4AaABAg', 'authorDisplayName': 'Tiburcio Nascimento', 'authorProfileImageUrl': 'https://yt3.ggpht.com/ytc/AGIKgqPYJ16XbloZp1nRif2q9UiINjE9b3aLcJFllVpYZmGF8L32gAvFuJ_fm0H5T6oa=s48-c-k-c0x00ffffff-no-rj', 'authorChannelUrl': 'http://www.youtube.com/channel/UCOpVT2WBtvOTmNgRgNreY3Q', 'authorChannelId': {'value': 'UCOpVT2WBtvOTmNgRgNreY3Q'}, 'canRate': True, 'viewerRating': 'none', 'likeCount': 0, 'publishedAt': '2022-10-24T01:28:04Z', 'updatedAt': '2022-10-24T01:28:04Z'}}, {'kind': 'youtube#comment', 'etag': 'sOog0p9tlAUyYjRwrYtkg230Wgw', 'id': 'Ugx8U2GjOAJuuLretJp4AaABAg.9hY8eDTZtnS9hYVHM0gJeO', 'snippet': {'videoId': 'zEfTDpfyt1o', 'textDisplay': '@GilverZ O que você sabe  que ele fez,  para estar preso??? Os bandidos de verdade estão todos soltos....aprende a ler e vai saber o que acontece..', 'textOriginal': '@GilverZ O que você sabe  que ele fez,  para estar preso??? Os bandidos de verdade estão todos soltos....aprende a ler e vai saber o que acontece..', 'parentId': 'Ugx8U2GjOAJuuLretJp4AaABAg', 'authorDisplayName': 'Tiburcio Nascimento', 'authorProfileImageUrl': 'https://yt3.ggpht.com/ytc/AGIKgqPYJ16XbloZp1nRif2q9UiINjE9b3aLcJFllVpYZmGF8L32gAvFuJ_fm0H5T6oa=s48-c-k-c0x00ffffff-no-rj', 'authorChannelUrl': 'http://www.youtube.com/channel/UCOpVT2WBtvOTmNgRgNreY3Q', 'authorChannelId': {'value': 'UCOpVT2WBtvOTmNgRgNreY3Q'}, 'canRate': True, 'viewerRating': 'none', 'likeCount': 0, 'publishedAt': '2022-10-24T01:26:43Z', 'updatedAt': '2022-10-24T01:26:43Z'}}, {'kind': 'youtube#comment', 'etag': 'ssXVAzfw1KwVcNNIX3VBodhSlbE', 'id': 'Ugx8U2GjOAJuuLretJp4AaABAg.9hY8eDTZtnS9hYC-wo54sw', 'snippet': {'videoId': 'zEfTDpfyt1o', 'textDisplay': '@Moacir Moura ha tá, rsrsrs', 'textOriginal': '@Moacir Moura ha tá, rsrsrs', 'parentId': 'Ugx8U2GjOAJuuLretJp4AaABAg', 'authorDisplayName': 'marcos dos santos', 'authorProfileImageUrl': 'https://yt3.ggpht.com/ytc/AGIKgqN4b9HqRZYi_m94Xgf8PcyrA8pRyA3XJcquthkT=s48-c-k-c0x00ffffff-no-rj', 'authorChannelUrl': 'http://www.youtube.com/channel/UCTBtWOhsUY5Y1kN-L5t2jyw', 'authorChannelId': {'value': 'UCTBtWOhsUY5Y1kN-L5t2jyw'}, 'canRate': True, 'viewerRating': 'none', 'likeCount': 0, 'publishedAt': '2022-10-23T22:38:19Z', 'updatedAt': '2022-10-23T22:38:19Z'}}, {'kind': 'youtube#comment', 'etag': 'cewrl_l30IDgZAbYqX9yck4GwDU', 'id': 'Ugx8U2GjOAJuuLretJp4AaABAg.9hY8eDTZtnS9hYB52iXiZL', 'snippet': {'videoId': 'zEfTDpfyt1o', 'textDisplay': 'P q? O STF ou a Globo mandou o cafajeste do Roberto Jefferson cometer crime contra autoridade e mulher?', 'textOriginal': 'P q? O STF ou a Globo mandou o cafajeste do Roberto Jefferson cometer crime contra autoridade e mulher?', 'parentId': 'Ugx8U2GjOAJuuLretJp4AaABAg', 'authorDisplayName': 'Kerlen Cabrera', 'authorProfileImageUrl': 'https://yt3.ggpht.com/CvgAxrQ9DGO580YKuiWe6VoV7y5QcfPP7mgTV9Wj_tSex8xLcqPD_89-WgWTrLHBl0n7IOHrAFU=s48-c-k-c0x00ffffff-no-rj', 'authorChannelUrl': 'http://www.youtube.com/channel/UCIj7PLnBOZGD6VDZnq0dutQ', 'authorChannelId': {'value': 'UCIj7PLnBOZGD6VDZnq0dutQ'}, 'canRate': True, 'viewerRating': 'none', 'likeCount': 0, 'publishedAt': '2022-10-23T22:30:17Z', 'updatedAt': '2022-10-23T22:30:17Z'}}]}",UCkljE2yvcPfrz9h_XHaAVLA,2022-10-23T22:09:00Z,A Rede Globo e o STF induziram esse lamentável estado de coisas.,QURTSl9pM3BtLTc4TXRIb252WE5VSzU5NlNRTVM4Y2xWbjYwMTE2NWxkT0l6SjEwdHUzMFdOemgtX3dWLXFVbHpmR015ZU1nRzlrTnNuUQ==,2023-06-08 14:52:49.125465
youtube#commentThread,HZLE3JzwYpFG06FcFDegnkK1SfY,UgwTbOg9xGm6d-Lc0b14AaABAg,"{'videoId': 'zEfTDpfyt1o', 'topLevelComment': {'kind': 'youtube#comment', 'etag': 'Ted1Ic_T1zLSly3A2fsrK19OkwU', 'id': 'UgwTbOg9xGm6d-Lc0b14AaABAg', 'snippet': {'videoId': 'zEfTDpfyt1o', 'textDisplay': 'Essa é  a doença que infestou o Brasil, esse câncer maligno chamado bolsonaro', 'textOriginal': 'Essa é  a doença que infestou o Brasil, esse câncer maligno chamado bolsonaro', 'authorDisplayName': 'sitamapunch', 'authorProfileImageUrl': 'https://yt3.ggpht.com/CSdvdV73JTGEPM4cmqKmfR0OulW-hFHQTwuqFmvs8GZ-cS1TxiWNsTwN_djlV5JCfaQho-dbk2o=s48-c-k-c0x00ffffff-no-rj', 'authorChannelUrl': 'http://www.youtube.com/channel/UC6iyT2IPHXUbratG85Qyy_g', 'authorChannelId': {'value': 'UC6iyT2IPHXUbratG85Qyy_g'}, 'canRate': True, 'viewerRating': 'none', 'likeCount': 0, 'publishedAt': '2022-10-23T22:08:55Z', 'updatedAt': '2022-10-23T22:08:55Z'}}, 'canReply': True, 'totalReplyCount': 0, 'isPublic': True}",,UC6iyT2IPHXUbratG85Qyy_g,2022-10-23T22:08:55Z,"Essa é  a doença que infestou o Brasil, esse câncer maligno chamado bolsonaro",QURTSl9pM3BtLTc4TXRIb252WE5VSzU5NlNRTVM4Y2xWbjYwMTE2NWxkT0l6SjEwdHUzMFdOemgtX3dWLXFVbHpmR015ZU1nRzlrTnNuUQ==,2023-06-08 14:52:49.125465
youtube#commentThread,soBG85V5r2lKxnN11NJyQnBesdM,UgxPcPDgB_xIoGpxKtZ4AaABAg,"{'videoId': 'zEfTDpfyt1o', 'topLevelComment': {'kind': 'youtube#comment', 'etag': 'b7xAmeAJ2KjXr7nQK7BM7zRTGQo', 'id': 'UgxPcPDgB_xIoGpxKtZ4AaABAg', 'snippet': {'videoId': 'zEfTDpfyt1o', 'textDisplay': 'Pelo q vi,ele só empurrou a câmera 📷,e nada mais', 'textOriginal': 'Pelo q vi,ele só empurrou a câmera 📷,e nada mais', 'authorDisplayName': 'Francisca Ferreira', 'authorProfileImageUrl': 'https://yt3.ggpht.com/MFY4Xp1-e2j4jDJWYGmPrYPJp0X1BHJzm6JJ1Bw6JqrAe4SKzrBWMf381YgDL8LBZnOEKHvvMg=s48-c-k-c0x00ffffff-no-rj', 'authorChannelUrl': 'http://www.youtube.com/channel/UCG7bgSqRhuyutot1vifT9zA', 'authorChannelId': {'value': 'UCG7bgSqRhuyutot1vifT9zA'}, 'canRate': True, 'viewerRating': 'none', 'likeCount': 1, 'publishedAt': '2022-10-23T22:08:52Z', 'updatedAt': '2022-10-23T22:08:52Z'}}, 'canReply': True, 'totalReplyCount': 0, 'isPublic': True}",,UCG7bgSqRhuyutot1vifT9zA,2022-10-23T22:08:52Z,"Pelo q vi,ele só empurrou a câmera 📷,e nada mais",QURTSl9pM3BtLTc4TXRIb252WE5VSzU5NlNRTVM4Y2xWbjYwMTE2NWxkT0l6SjEwdHUzMFdOemgtX3dWLXFVbHpmR015ZU1nRzlrTnNuUQ==,2023-06-08 14:52:49.125465
youtube#commentThread,niPFRrIwqwyRlKBY-p-luPusueA,Ugz6yrXlTbN7sSlpScB4AaABAg,"{'videoId': 'zEfTDpfyt1o', 'topLevelComment': {'kind': 'youtube#comment', 'etag': 'eKgfR8a4Y2wxEbpdb-shDMzFymE', 'id': 'Ugz6yrXlTbN7sSlpScB4AaABAg', 'snippet': {'videoId': 'zEfTDpfyt1o', 'textDisplay': 'E se a própria rede globo mandou fazer ???? Como fica ????? Não desconfiam ?🧐🧐🧐🧐', 'textOriginal': 'E se a própria rede globo mandou fazer ???? Como fica ????? Não desconfiam ?🧐🧐🧐🧐', 'authorDisplayName': 'Brunoegidiio Preussler', 'authorProfileImageUrl': 'https://yt3.ggpht.com/ytc/AGIKgqOCUoWHV__CLj-wrNKMNOQcg3877BKncKu_Vw=s48-c-k-c0x00ffffff-no-rj', 'authorChannelUrl': 'http://www.youtube.com/channel/UCx497RcjuTYkmHydoBbQrHw', 'authorChannelId': {'value': 'UCx497RcjuTYkmHydoBbQrHw'}, 'canRate': True, 'viewerRating': 'none', 'likeCount': 2, 'publishedAt': '2022-10-23T22:08:47Z', 'updatedAt': '2022-10-23T22:08:47Z'}}, 'canReply': True, 'totalReplyCount': 1, 'isPublic': True}","{'comments': [{'kind': 'youtube#comment', 'etag': 'RFr_UpsNfDw3GVcAkoshyOrPmSY', 'id': 'Ugz6yrXlTbN7sSlpScB4AaABAg.9hY8ccYOp6u9hY9q-889sS', 'snippet': {'videoId': 'zEfTDpfyt1o', 'textDisplay': 'Que paranóia com rede Globo. Tanta coisa importante para se debater neste pais e pessoa fica com essa neura de globo. Se der um dor de barriga no Bolsonaro culpa é da Globo também.', 'textOriginal': 'Que paranóia com rede Globo. Tanta coisa importante para se debater neste pais e pessoa fica com essa neura de globo. Se der um dor de barriga no Bolsonaro culpa é da Globo também.', 'parentId': 'Ugz6yrXlTbN7sSlpScB4AaABAg', 'authorDisplayName': 'josué silva', 'authorProfileImageUrl': 'https://yt3.ggpht.com/ytc/AGIKgqOQw-TA3mYdCk8fpY4ZBCt0oqaJ-QJdYvRKG88E=s48-c-k-c0x00ffffff-no-rj', 'authorChannelUrl': 'http://www.youtube.com/channel/UCzGnMGeZ4deGsbTORMKQe7g', 'authorChannelId': {'value': 'UCzGnMGeZ4deGsbTORMKQe7g'}, 'canRate': True, 'viewerRating': 'none', 'likeCount': 0, 'publishedAt': '2022-10-23T22:19:21Z', 'updatedAt': '2022-10-23T22:19:21Z'}}]}",UCx497RcjuTYkmHydoBbQrHw,2022-10-23T22:08:47Z,E se a própria rede globo mandou fazer ???? Como fica ????? Não desconfiam ?🧐🧐🧐🧐,QURTSl9pM3BtLTc4TXRIb252WE5VSzU5NlNRTVM4Y2xWbjYwMTE2NWxkT0l6SjEwdHUzMFdOemgtX3dWLXFVbHpmR015ZU1nRzlrTnNuUQ==,2023-06-08 14:52:49.125465
youtube#commentThread,HtOFxnZ7Tz4R-XV9GnZUwgyFWBE,UgzpjiBm8cRcrvZ70Ht4AaABAg,"{'videoId': 'zEfTDpfyt1o', 'topLevelComment': {'kind': 'youtube#comment', 'etag': 'iDjP_T0eLHpvCTIgQzK0kJ6Qu7c', 'id': 'UgzpjiBm8cRcrvZ70Ht4AaABAg', 'snippet': {'videoId': 'zEfTDpfyt1o', 'textDisplay': 'A jovem pan tem que tomar cuidado para não perder o pouco apoio que lhe resta', 'textOriginal': 'A jovem pan tem que tomar cuidado para não perder o pouco apoio que lhe resta', 'authorDisplayName': 'Rodrigo', 'authorProfileImageUrl': 'https://yt3.ggpht.com/ytc/AGIKgqM1Km7oL5gs5PxSi60ndLUHq38_Fea--4D2VrJ_bg=s48-c-k-c0x00ffffff-no-rj', 'authorChannelUrl': 'http://www.youtube.com/channel/UCOmQ5wJu97atoEX237enLbw', 'authorChannelId': {'value': 'UCOmQ5wJu97atoEX237enLbw'}, 'canRate': True, 'viewerRating': 'none', 'likeCount': 50, 'publishedAt': '2022-10-23T22:08:45Z', 'updatedAt': '2022-10-23T22:08:45Z'}}, 'canReply': True, 'totalReplyCount': 29, 'isPublic': True}","{'comments': [{'kind': 'youtube#comment', 'etag': 'xp0y2U_3KwYb4U0nDlgIyx_Sp3o', 'id': 'UgzpjiBm8cRcrvZ70Ht4AaABAg.9hY8cIpVqQy9hYmP68tG8G', 'snippet': {'videoId': 'zEfTDpfyt1o', 'textDisplay': '@Tiburcio Nascimento Já vi vários comentários seus,<br>Vc realmente é um baita de um baba ovo.<br>Vc critica corruptos do PT,mas defende um deles que atirou contra policiais.<br>Fala em liberdade,mas diz que jogar granadas ainda é pouco?<br>Me diz uma coisa, vc defende,<br>Mas quando Bolsonaro condenou o ataque,vc ainda passou a defender?<br>Vc não é gado massa de manobra?né?<br>Isso é o tal ódio do bem?<br>Ou é hipocrisia ou doença?<br>Só pra  ficar bem explicado pra pessoas que lerem seu comentário.', 'textOriginal': '@Tiburcio Nascimento Já vi vários comentários seus,\\nVc realmente é um baita de um baba ovo.\\nVc critica corruptos do PT,mas defende um deles que atirou contra policiais.\\nFala em liberdade,mas diz que jogar granadas ainda é pouco?\\nMe diz uma coisa, vc defende,\\nMas quando Bolsonaro condenou o ataque,vc ainda passou a defender?\\nVc não é gado massa de manobra?né?\\nIsso é o tal ódio do bem?\\nOu é hipocrisia ou doença?\\nSó pra  ficar bem explicado pra pessoas que lerem seu comentário.', 'parentId': 'UgzpjiBm8cRcrvZ70Ht4AaABAg', 'authorDisplayName': 'M', 'authorProfileImageUrl': 'https://yt3.ggpht.com/ytc/AGIKgqPPcMWTa8IXZvJ2s2FkJE-AlDtYwH9f5ISP4jI1=s48-c-k-c0x00ffffff-no-rj', 'authorChannelUrl': 'http://www.youtube.com/channel/UCOgbRnnYsQPAZ1qVCpNAbjw', 'authorChannelId': {'value': 'UCOgbRnnYsQPAZ1qVCpNAbjw'}, 'canRate': True, 'viewerRating': 'none', 'likeCount': 0, 'publishedAt': '2022-10-24T04:05:04Z', 'updatedAt': '2022-10-24T04:06:37Z'}}, {'kind': 'youtube#comment', 'etag': 'nZAHdeHo9FDrzozPEWVBkz0Hgcs', 'id': 'UgzpjiBm8cRcrvZ70Ht4AaABAg.9hY8cIpVqQy9hYhzweh8DQ', 'snippet': {'videoId': 'zEfTDpfyt1o', 'textDisplay': 'Pouco uma ova....todos os que foram ao 7 de setembro,  não são pouca coisa, lembra disso...poucos são os que tentam nos...calar..Não dão nem pra saida...', 'textOriginal': 'Pouco uma ova....todos os que foram ao 7 de setembro,  não são pouca coisa, lembra disso...poucos são os que tentam nos...calar..Não dão nem pra saida...', 'parentId': 'UgzpjiBm8cRcrvZ70Ht4AaABAg', 'authorDisplayName': 'Tiburcio Nascimento', 'authorProfileImageUrl': 'https://yt3.ggpht.com/ytc/AGIKgqPYJ16XbloZp1nRif2q9UiINjE9b3aLcJFllVpYZmGF8L32gAvFuJ_fm0H5T6oa=s48-c-k-c0x00ffffff-no-rj', 'authorChannelUrl': 'http://www.youtube.com/channel/UCOpVT2WBtvOTmNgRgNreY3Q', 'authorChannelId': {'value': 'UCOpVT2WBtvOTmNgRgNreY3Q'}, 'canRate': True, 'viewerRating': 'none', 'likeCount': 0, 'publishedAt': '2022-10-24T03:26:32Z', 'updatedAt': '2022-10-24T03:26:32Z'}}, {'kind': 'youtube#comment', 'etag': 'YLwnREWEnZMm76EBMloTgqqdNOU', 'id': 'UgzpjiBm8cRcrvZ70Ht4AaABAg.9hY8cIpVqQy9hYNgh7Ho21', 'snippet': {'videoId': 'zEfTDpfyt1o', 'textDisplay': '@Rodrigo Precisa citar! Ou então é apenas você adicionando palavras no meu texto que não existem. A questão da foto, é apenas uma forma de você mudar o foco do assunto pois está sem argumentos.', 'textOriginal': '@Rodrigo Precisa citar! Ou então é apenas você adicionando palavras no meu texto que não existem. A questão da foto, é apenas uma forma de você mudar o foco do assunto pois está sem argumentos.', 'parentId': 'UgzpjiBm8cRcrvZ70Ht4AaABAg', 'authorDisplayName': 'Daniel Rodrigues ダニエル・ロドリゲス', 'authorProfileImageUrl': 'https://yt3.ggpht.com/ytc/AGIKgqMImeT_pOffU5mSs06tKPyzkP80l19QSrJA8F2kKA=s48-c-k-c0x00ffffff-no-rj', 'authorChannelUrl': 'http://www.youtube.com/channel/UCvHOE1LAtsx3ix4m4mmxYSw', 'authorChannelId': {'value': 'UCvHOE1LAtsx3ix4m4mmxYSw'}, 'canRate': True, 'viewerRating': 'none', 'likeCount': 0, 'publishedAt': '2022-10-24T00:20:25Z', 'updatedAt': '2022-10-24T00:20:25Z'}}, {'kind': 'youtube#comment', 'etag': 'GghVLAJ0-heGqlEnR1HZ513c43I', 'id': 'UgzpjiBm8cRcrvZ70Ht4AaABAg.9hY8cIpVqQy9hYKAbPkn_i', 'snippet': {'videoId': 'zEfTDpfyt1o', 'textDisplay': '@M sim pode deixar, vou continuar comentando enquanto o empilhadão continuar me respondendo, pode deixar, tenho todo o tempo do mundo para incomodar bobalhões de internet 🤣🤣', 'textOriginal': '@M sim pode deixar, vou continuar comentando enquanto o empilhadão continuar me respondendo, pode deixar, tenho todo o tempo do mundo para incomodar bobalhões de internet 🤣🤣', 'parentId': 'UgzpjiBm8cRcrvZ70Ht4AaABAg', 'authorDisplayName': 'Rodrigo', 'authorProfileImageUrl': 'https://yt3.ggpht.com/ytc/AGIKgqM1Km7oL5gs5PxSi60ndLUHq38_Fea--4D2VrJ_bg=s48-c-k-c0x00ffffff-no-rj', 'authorChannelUrl': 'http://www.youtube.com/channel/UCOmQ5wJu97atoEX237enLbw', 'authorChannelId': {'value': 'UCOmQ5wJu97atoEX237enLbw'}, 'canRate': True, 'viewerRating': 'none', 'likeCount': 0, 'publishedAt': '2022-10-23T23:49:41Z', 'updatedAt': '2022-10-23T23:49:41Z'}}, {'kind': 'youtube#comment', 'etag': 'yl3ti5D0vo36CSLwVK8Gt8cXv0w', 'id': 'UgzpjiBm8cRcrvZ70Ht4AaABAg.9hY8cIpVqQy9hYJNATQvgU', 'snippet': {'videoId': 'zEfTDpfyt1o', 'textDisplay': '@Rodrigo Cara claramente estou preocupado em &quot;pegar pilha&quot;,não está vendo?<br>O que é mais engraçado é a inutilidade de ainda não responder o meu comentário kkkk.<br>Eu diria que o único que está pegando pilha é vc.<br>Vamos,continue comentando sr hominho.', 'textOriginal': '@Rodrigo Cara claramente estou preocupado em ""pegar pilha"",não está vendo?\\nO que é mais engraçado é a inutilidade de ainda não responder o meu comentário kkkk.\\nEu diria que o único que está pegando pilha é vc.\\nVamos,continue comentando sr hominho.', 'parentId': 'UgzpjiBm8cRcrvZ70Ht4AaABAg', 'authorDisplayName': 'M', 'authorProfileImageUrl': 'https://yt3.ggpht.com/ytc/AGIKgqPPcMWTa8IXZvJ2s2FkJE-AlDtYwH9f5ISP4jI1=s48-c-k-c0x00ffffff-no-rj', 'authorChannelUrl': 'http://www.youtube.com/channel/UCOgbRnnYsQPAZ1qVCpNAbjw', 'authorChannelId': {'value': 'UCOgbRnnYsQPAZ1qVCpNAbjw'}, 'canRate': True, 'viewerRating': 'none', 'likeCount': 0, 'publishedAt': '2022-10-23T23:42:39Z', 'updatedAt': '2022-10-23T23:43:34Z'}}]}",UCOmQ5wJu97atoEX237enLbw,2022-10-23T22:08:45Z,A jovem pan tem que tomar cuidado para não perder o pouco apoio que lhe resta,QURTSl9pM3BtLTc4TXRIb252WE5VSzU5NlNRTVM4Y2xWbjYwMTE2NWxkT0l6SjEwdHUzMFdOemgtX3dWLXFVbHpmR015ZU1nRzlrTnNuUQ==,2023-06-08 14:52:49.125465
youtube#commentThread,RdQOrgy6-UlxQ_sR8W9NIrbZW4U,UgxdWgq1CiJ4zgYsqfZ4AaABAg,"{'videoId': 'zEfTDpfyt1o', 'topLevelComment': {'kind': 'youtube#comment', 'etag': 'Pny4P5TGUK1u8MnuV7mXp0iDQjI', 'id': 'UgxdWgq1CiJ4zgYsqfZ4AaABAg', 'snippet': {'videoId': 'zEfTDpfyt1o', 'textDisplay': 'Se jogou no chão , nada demais, só teatro 🇧🇷🥱', 'textOriginal': 'Se jogou no chão , nada demais, só teatro 🇧🇷🥱', 'authorDisplayName': 'Dico', 'authorProfileImageUrl': 'https://yt3.ggpht.com/pGL-L5tTXGvgZIv9nnteCAt1f0gQlh_fl4yF9ladPC-CLDKv07IhaISeUTYs6Szi7vUvuDgqMrk=s48-c-k-c0x00ffffff-no-rj', 'authorChannelUrl': 'http://www.youtube.com/channel/UCDRrZR_9EUTfGPo0unfeCHQ', 'authorChannelId': {'value': 'UCDRrZR_9EUTfGPo0unfeCHQ'}, 'canRate': True, 'viewerRating': 'none', 'likeCount': 2, 'publishedAt': '2022-10-23T22:08:41Z', 'updatedAt': '2022-10-23T22:08:41Z'}}, 'canReply': True, 'totalReplyCount': 0, 'isPublic': True}",,UCDRrZR_9EUTfGPo0unfeCHQ,2022-10-23T22:08:41Z,"Se jogou no chão , nada demais, só teatro 🇧🇷🥱",QURTSl9pM3BtLTc4TXRIb252WE5VSzU5NlNRTVM4Y2xWbjYwMTE2NWxkT0l6SjEwdHUzMFdOemgtX3dWLXFVbHpmR015ZU1nRzlrTnNuUQ==,2023-06-08 14:52:49.125465
youtube#commentThread,MppLeuLRp7QRBgH8PT-IQGIx5dI,UgziagrgxY0rqtbVYH54AaABAg,"{'videoId': 'zEfTDpfyt1o', 'topLevelComment': {'kind': 'youtube#comment', 'etag': 'mOU8kgL1oaR6nYDsPp-a9Q0g_9s', 'id': 'UgziagrgxY0rqtbVYH54AaABAg', 'snippet': {'videoId': 'zEfTDpfyt1o', 'textDisplay': 'O povo brasileiro tei q tomar cuidado com essa armadilha desse sistema corruptor eles q e isso mesmo totos vamos fazer o nosso papel q e colocam o mosso presidente Bolsonaro', 'textOriginal': 'O povo brasileiro tei q tomar cuidado com essa armadilha desse sistema corruptor eles q e isso mesmo totos vamos fazer o nosso papel q e colocam o mosso presidente Bolsonaro', 'authorDisplayName': 'verdade', 'authorProfileImageUrl': 'https://yt3.ggpht.com/_fDvPRXywgMwGdhKTf3gJX93qf_tObJpjn0gEvwY1BxGPLZutSBIgR2hXpcXHAXfUcjQdv-scQ=s48-c-k-c0x00ffffff-no-rj', 'authorChannelUrl': 'http://www.youtube.com/channel/UCH1q16zjp9lozGf_9FK3OLg', 'authorChannelId': {'value': 'UCH1q16zjp9lozGf_9FK3OLg'}, 'canRate': True, 'viewerRating': 'none', 'likeCount': 0, 'publishedAt': '2022-10-23T22:08:39Z', 'updatedAt': '2022-10-23T22:08:39Z'}}, 'canReply': True, 'totalReplyCount': 0, 'isPublic': True}",,UCH1q16zjp9lozGf_9FK3OLg,2022-10-23T22:08:39Z,O povo brasileiro tei q tomar cuidado com essa armadilha desse sistema corruptor eles q e isso mesmo totos vamos fazer o nosso papel q e colocam o mosso presidente Bolsonaro,QURTSl9pM3BtLTc4TXRIb252WE5VSzU5NlNRTVM4Y2xWbjYwMTE2NWxkT0l6SjEwdHUzMFdOemgtX3dWLXFVbHpmR015ZU1nRzlrTnNuUQ==,2023-06-08 14:52:49.125465
youtube#commentThread,3FYEBDltyHXbpYIaqkYeB5_qDjQ,UgxSOZ6yABU6g5UOaUB4AaABAg,"{'videoId': 'zEfTDpfyt1o', 'topLevelComment': {'kind': 'youtube#comment', 'etag': '5i5lQGuQ6R5JNnMV-WgX4Iz8GYw', 'id': 'UgxSOZ6yABU6g5UOaUB4AaABAg', 'snippet': {'videoId': 'zEfTDpfyt1o', 'textDisplay': 'Bem feito a Globo só vai para fazer coisa do mal', 'textOriginal': 'Bem feito a Globo só vai para fazer coisa do mal', 'authorDisplayName': 'Angela Maria Di Leo', 'authorProfileImageUrl': 'https://yt3.ggpht.com/ytc/AGIKgqPNKkKDkLbggoJvdYPPBiY3I55hYRg8HcsQJXO4-eRtlbHWISykMGsrGRb6RbJi=s48-c-k-c0x00ffffff-no-rj', 'authorChannelUrl': 'http://www.youtube.com/channel/UCklF-ZfaJ3BRoiTWrsubW-w', 'authorChannelId': {'value': 'UCklF-ZfaJ3BRoiTWrsubW-w'}, 'canRate': True, 'viewerRating': 'none', 'likeCount': 0, 'publishedAt': '2022-10-23T22:08:24Z', 'updatedAt': '2022-10-23T22:08:24Z'}}, 'canReply': True, 'totalReplyCount': 0, 'isPublic': True}",,UCklF-ZfaJ3BRoiTWrsubW-w,2022-10-23T22:08:24Z,Bem feito a Globo só vai para fazer coisa do mal,QURTSl9pM3BtLTc4TXRIb252WE5VSzU5NlNRTVM4Y2xWbjYwMTE2NWxkT0l6SjEwdHUzMFdOemgtX3dWLXFVbHpmR015ZU1nRzlrTnNuUQ==,2023-06-08 14:52:49.125465
youtube#commentThread,8-_H23FUWMxkoVL7yfAUNGKcFQk,UgyhghZMKRDX7hwHxrJ4AaABAg,"{'videoId': 'zEfTDpfyt1o', 'topLevelComment': {'kind': 'youtube#comment', 'etag': 'lljAgsv-eV9_2rGfbnm6snIK12U', 'id': 'UgyhghZMKRDX7hwHxrJ4AaABAg', 'snippet': {'videoId': 'zEfTDpfyt1o', 'textDisplay': 'Seus passador de pano', 'textOriginal': 'Seus passador de pano', 'authorDisplayName': 'José Ivanildo Da Silva', 'authorProfileImageUrl': 'https://yt3.ggpht.com/ytc/AGIKgqOzIeXvC6a9ul3RlUNDzKJWhK4mjXHDFK14Ag=s48-c-k-c0x00ffffff-no-rj', 'authorChannelUrl': 'http://www.youtube.com/channel/UCnFc5h5vyfFnTir638J3-uA', 'authorChannelId': {'value': 'UCnFc5h5vyfFnTir638J3-uA'}, 'canRate': True, 'viewerRating': 'none', 'likeCount': 1, 'publishedAt': '2022-10-23T22:08:15Z', 'updatedAt': '2022-10-23T22:08:15Z'}}, 'canReply': True, 'totalReplyCount': 0, 'isPublic': True}",,UCnFc5h5vyfFnTir638J3-uA,2022-10-23T22:08:15Z,Seus passador de pano,QURTSl9pM3BtLTc4TXRIb252WE5VSzU5NlNRTVM4Y2xWbjYwMTE2NWxkT0l6SjEwdHUzMFdOemgtX3dWLXFVbHpmR015ZU1nRzlrTnNuUQ==,2023-06-08 14:52:49.125465
youtube#commentThread,btFzIWM9T8lH2FftyuauPlA-nGY,Ugz0bymM0Nag--HCiSp4AaABAg,"{'videoId': 'zEfTDpfyt1o', 'topLevelComment': {'kind': 'youtube#comment', 'etag': '7gvLLiDs6Xa_rn84Z0d2fzjBBwA', 'id': 'Ugz0bymM0Nag--HCiSp4AaABAg', 'snippet': {'videoId': 'zEfTDpfyt1o', 'textDisplay': 'Discordo com a agressão porem esse cinegrafista e sem vergonha. <br>Ele jogou a câmera  no chao e depois se jogou. Puts', 'textOriginal': 'Discordo com a agressão porem esse cinegrafista e sem vergonha. \\nEle jogou a câmera  no chao e depois se jogou. Puts', 'authorDisplayName': 'Éber Barbosa', 'authorProfileImageUrl': 'https://yt3.ggpht.com/ytc/AGIKgqMoPf6_Re3GZKkMWGh-VM10AcbHKGfrUtELFFtRmA=s48-c-k-c0x00ffffff-no-rj', 'authorChannelUrl': 'http://www.youtube.com/channel/UCg6a0TedCzYh6YUGKiuPZEQ', 'authorChannelId': {'value': 'UCg6a0TedCzYh6YUGKiuPZEQ'}, 'canRate': True, 'viewerRating': 'none', 'likeCount': 0, 'publishedAt': '2022-10-23T22:08:14Z', 'updatedAt': '2022-10-23T22:08:14Z'}}, 'canReply': True, 'totalReplyCount': 0, 'isPublic': True}",,UCg6a0TedCzYh6YUGKiuPZEQ,2022-10-23T22:08:14Z,"Discordo com a agressão porem esse cinegrafista e sem vergonha. 
Ele jogou a câmera  no chao e depois se jogou. Puts",QURTSl9pM3BtLTc4TXRIb252WE5VSzU5NlNRTVM4Y2xWbjYwMTE2NWxkT0l6SjEwdHUzMFdOemgtX3dWLXFVbHpmR015ZU1nRzlrTnNuUQ==,2023-06-08 14:52:49.125465
youtube#commentThread,f7c3hbab7d_ybtEKefErzZvA9pc,Ugw7Ob5iuoF3kWJo8Yh4AaABAg,"{'videoId': 'zEfTDpfyt1o', 'topLevelComment': {'kind': 'youtube#comment', 'etag': '32g9F5I8UBYJsSH6Cdq8Wzd_c90', 'id': 'Ugw7Ob5iuoF3kWJo8Yh4AaABAg', 'snippet': {'videoId': 'zEfTDpfyt1o', 'textDisplay': 'Tem que ser da Globo!! Toda vez que tem agressão a jornalistas é da Globo!!', 'textOriginal': 'Tem que ser da Globo!! Toda vez que tem agressão a jornalistas é da Globo!!', 'authorDisplayName': 'Jacira Faria', 'authorProfileImageUrl': 'https://yt3.ggpht.com/ytc/AGIKgqPTF7HrxmfAdlif0uQ6L0b3WzfD1nF9SB4Yvyzh=s48-c-k-c0x00ffffff-no-rj', 'authorChannelUrl': 'http://www.youtube.com/channel/UCxzf2EYrsYd84ksL9sEHBug', 'authorChannelId': {'value': 'UCxzf2EYrsYd84ksL9sEHBug'}, 'canRate': True, 'viewerRating': 'none', 'likeCount': 1, 'publishedAt': '2022-10-23T22:08:09Z', 'updatedAt': '2022-10-23T22:08:09Z'}}, 'canReply': True, 'totalReplyCount': 0, 'isPublic': True}",,UCxzf2EYrsYd84ksL9sEHBug,2022-10-23T22:08:09Z,Tem que ser da Globo!! Toda vez que tem agressão a jornalistas é da Globo!!,QURTSl9pM3BtLTc4TXRIb252WE5VSzU5NlNRTVM4Y2xWbjYwMTE2NWxkT0l6SjEwdHUzMFdOemgtX3dWLXFVbHpmR015ZU1nRzlrTnNuUQ==,2023-06-08 14:52:49.125465
youtube#commentThread,olZ5bJTm5Dgokk2d60VejaRHzsU,Ugx97-ADArIc7PIWAl14AaABAg,"{'videoId': 'zEfTDpfyt1o', 'topLevelComment': {'kind': 'youtube#comment', 'etag': 'f56ht305r7btXmBCZFl48xhvFPE', 'id': 'Ugx97-ADArIc7PIWAl14AaABAg', 'snippet': {'videoId': 'zEfTDpfyt1o', 'textDisplay': 'Apoiadores de Roberto Jefferson?? Tá de sacanagem! Eles tbm usam verde e amarelo? A hipócrita liberdade de imprensa dos fanáticos bolsonaristas.', 'textOriginal': 'Apoiadores de Roberto Jefferson?? Tá de sacanagem! Eles tbm usam verde e amarelo? A hipócrita liberdade de imprensa dos fanáticos bolsonaristas.', 'authorDisplayName': 'Luis Fernando', 'authorProfileImageUrl': 'https://yt3.ggpht.com/ytc/AGIKgqMcv_ly4LupEH0dXMLaNnEs8mv8qCTiwNzVCw=s48-c-k-c0x00ffffff-no-rj', 'authorChannelUrl': 'http://www.youtube.com/channel/UC4IGLXaXUrFZCvH4pjWQ9Vw', 'authorChannelId': {'value': 'UC4IGLXaXUrFZCvH4pjWQ9Vw'}, 'canRate': True, 'viewerRating': 'none', 'likeCount': 1, 'publishedAt': '2022-10-23T22:08:08Z', 'updatedAt': '2022-10-23T22:09:42Z'}}, 'canReply': True, 'totalReplyCount': 0, 'isPublic': True}",,UC4IGLXaXUrFZCvH4pjWQ9Vw,2022-10-23T22:08:08Z,Apoiadores de Roberto Jefferson?? Tá de sacanagem! Eles tbm usam verde e amarelo? A hipócrita liberdade de imprensa dos fanáticos bolsonaristas.,QURTSl9pM3BtLTc4TXRIb252WE5VSzU5NlNRTVM4Y2xWbjYwMTE2NWxkT0l6SjEwdHUzMFdOemgtX3dWLXFVbHpmR015ZU1nRzlrTnNuUQ==,2023-06-08 14:52:49.125465
youtube#commentThread,2xxnl77gkcrx1pSYvpYU0a9G5Sk,UgyaMv4wRCQNlpD0Ue14AaABAg,"{'videoId': 'zEfTDpfyt1o', 'topLevelComment': {'kind': 'youtube#comment', 'etag': 'cG9cTMP_bir2bUX2XD4D7Csa1Z4', 'id': 'UgyaMv4wRCQNlpD0Ue14AaABAg', 'snippet': {'videoId': 'zEfTDpfyt1o', 'textDisplay': 'Vivi pra ver Bolsonarista defender um petista kkkkkk', 'textOriginal': 'Vivi pra ver Bolsonarista defender um petista kkkkkk', 'authorDisplayName': 'Canal do Zero', 'authorProfileImageUrl': 'https://yt3.ggpht.com/1vCCnVFy0MDvf3l_9wvBUleO01BydOkDEt-5LFbpIQ2K97w1U27WESiRw6fhfqfhBmHgHHxetVE=s48-c-k-c0x00ffffff-no-rj', 'authorChannelUrl': 'http://www.youtube.com/channel/UC78ePUKcnQfc39RrhzvBfkA', 'authorChannelId': {'value': 'UC78ePUKcnQfc39RrhzvBfkA'}, 'canRate': True, 'viewerRating': 'none', 'likeCount': 0, 'publishedAt': '2022-10-23T22:08:07Z', 'updatedAt': '2022-10-23T22:08:07Z'}}, 'canReply': True, 'totalReplyCount': 0, 'isPublic': True}",,UC78ePUKcnQfc39RrhzvBfkA,2022-10-23T22:08:07Z,Vivi pra ver Bolsonarista defender um petista kkkkkk,QURTSl9pM3BtLTc4TXRIb252WE5VSzU5NlNRTVM4Y2xWbjYwMTE2NWxkT0l6SjEwdHUzMFdOemgtX3dWLXFVbHpmR015ZU1nRzlrTnNuUQ==,2023-06-08 14:52:49.125465
youtube#commentThread,GWvQx3RH1B-w0HsS2OkfX4PmTew,UgxGF7YkBviqkuHIyiV4AaABAg,"{'videoId': 'zEfTDpfyt1o', 'topLevelComment': {'kind': 'youtube#comment', 'etag': 'qWDS3PjSKXNcU79RIChMdt8scHA', 'id': 'UgxGF7YkBviqkuHIyiV4AaABAg', 'snippet': {'videoId': 'zEfTDpfyt1o', 'textDisplay': 'Não podemos aceitar nenhuma atitude contra a imprensa.<br>Só lembrando em algum tempo passado os back blocs atingiram um cenegrafista da Band com fogos de artifícios.', 'textOriginal': 'Não podemos aceitar nenhuma atitude contra a imprensa.\\nSó lembrando em algum tempo passado os back blocs atingiram um cenegrafista da Band com fogos de artifícios.', 'authorDisplayName': 'Dirceu Ennes', 'authorProfileImageUrl': 'https://yt3.ggpht.com/ytc/AGIKgqM1IlHyLrf4--wcJhT7ADYB_tgvUy5VEzPTAw=s48-c-k-c0x00ffffff-no-rj', 'authorChannelUrl': 'http://www.youtube.com/channel/UC1Hu2ieNAAkxE1fEhE_IXQA', 'authorChannelId': {'value': 'UC1Hu2ieNAAkxE1fEhE_IXQA'}, 'canRate': True, 'viewerRating': 'none', 'likeCount': 0, 'publishedAt': '2022-10-23T22:07:57Z', 'updatedAt': '2022-10-23T22:07:57Z'}}, 'canReply': True, 'totalReplyCount': 0, 'isPublic': True}",,UC1Hu2ieNAAkxE1fEhE_IXQA,2022-10-23T22:07:57Z,"Não podemos aceitar nenhuma atitude contra a imprensa.
Só lembrando em algum tempo passado os back blocs atingiram um cenegrafista da Band com fogos de artifícios.",QURTSl9pM3BtLTc4TXRIb252WE5VSzU5NlNRTVM4Y2xWbjYwMTE2NWxkT0l6SjEwdHUzMFdOemgtX3dWLXFVbHpmR015ZU1nRzlrTnNuUQ==,2023-06-08 14:52:49.125465
youtube#commentThread,oIln2TNHknkFTbBldhiyuq3BlZo,UgyCwxdPglaQkqrM4LB4AaABAg,"{'videoId': 'zEfTDpfyt1o', 'topLevelComment': {'kind': 'youtube#comment', 'etag': 'rFuhYO9CT1qeBIQYeEv8saKiufE', 'id': 'UgyCwxdPglaQkqrM4LB4AaABAg', 'snippet': {'videoId': 'zEfTDpfyt1o', 'textDisplay': '👏👏👏👏👏👏👏👏', 'textOriginal': '👏👏👏👏👏👏👏👏', 'authorDisplayName': 'Wagner Miranda', 'authorProfileImageUrl': 'https://yt3.ggpht.com/ytc/AGIKgqMv_1BZ89VkGuYOdLT3EFPS-6HRwRMDZwLWa16dBByqAdFwyMKU0Wpoh98kQqYr=s48-c-k-c0x00ffffff-no-rj', 'authorChannelUrl': 'http://www.youtube.com/channel/UC-teOHDrzSxOx0wZXHdJOBg', 'authorChannelId': {'value': 'UC-teOHDrzSxOx0wZXHdJOBg'}, 'canRate': True, 'viewerRating': 'none', 'likeCount': 0, 'publishedAt': '2022-10-23T22:07:55Z', 'updatedAt': '2022-10-23T22:07:55Z'}}, 'canReply': True, 'totalReplyCount': 0, 'isPublic': True}",,UC-teOHDrzSxOx0wZXHdJOBg,2022-10-23T22:07:55Z,👏👏👏👏👏👏👏👏,QURTSl9pM3BtLTc4TXRIb252WE5VSzU5NlNRTVM4Y2xWbjYwMTE2NWxkT0l6SjEwdHUzMFdOemgtX3dWLXFVbHpmR015ZU1nRzlrTnNuUQ==,2023-06-08 14:52:49.125465
youtube#commentThread,1GSfzSUKASu3VETlkwfToT26dA4,Ugz2vyZ-HSKJapU30Ax4AaABAg,"{'videoId': 'zEfTDpfyt1o', 'topLevelComment': {'kind': 'youtube#comment', 'etag': 'lcd7Dsi2VU3RJMBD1E-pnOlNgpI', 'id': 'Ugz2vyZ-HSKJapU30Ax4AaABAg', 'snippet': {'videoId': 'zEfTDpfyt1o', 'textDisplay': 'Povo não tem paciência mais para quem DEFENDE ESSA FALSA DEMONIOCRACIA. A CULPA É DO PADTIDO STF E SEUS MILITANTES INCONSTITUCIONAIS.', 'textOriginal': 'Povo não tem paciência mais para quem DEFENDE ESSA FALSA DEMONIOCRACIA. A CULPA É DO PADTIDO STF E SEUS MILITANTES INCONSTITUCIONAIS.', 'authorDisplayName': 'Wendell J Stos', 'authorProfileImageUrl': 'https://yt3.ggpht.com/NyK91ty5QEcc2UfohzpjQiyHyTOxcdNptaqbzkEUt5M2QFT2UNTaQvwhFUf1Y5TwWPuwmZpuYA=s48-c-k-c0x00ffffff-no-rj', 'authorChannelUrl': 'http://www.youtube.com/channel/UCzML2iAFYZucB9j1v_kk3iQ', 'authorChannelId': {'value': 'UCzML2iAFYZucB9j1v_kk3iQ'}, 'canRate': True, 'viewerRating': 'none', 'likeCount': 6, 'publishedAt': '2022-10-23T22:07:51Z', 'updatedAt': '2022-10-23T22:16:29Z'}}, 'canReply': True, 'totalReplyCount': 2, 'isPublic': True}","{'comments': [{'kind': 'youtube#comment', 'etag': 'lR9x-V8lUM3EYDe3f72_dsrrpz4', 'id': 'Ugz2vyZ-HSKJapU30Ax4AaABAg.9hY8Wn90rhC9hY9HmAnmx3', 'snippet': {'videoId': 'zEfTDpfyt1o', 'textDisplay': '@Edir Caldas Nem todos. Alguns tem Sangue na veia correndo e não aguentam tanta coisa.', 'textOriginal': '@Edir Caldas Nem todos. Alguns tem Sangue na veia correndo e não aguentam tanta coisa.', 'parentId': 'Ugz2vyZ-HSKJapU30Ax4AaABAg', 'authorDisplayName': 'Wendell J Stos', 'authorProfileImageUrl': 'https://yt3.ggpht.com/NyK91ty5QEcc2UfohzpjQiyHyTOxcdNptaqbzkEUt5M2QFT2UNTaQvwhFUf1Y5TwWPuwmZpuYA=s48-c-k-c0x00ffffff-no-rj', 'authorChannelUrl': 'http://www.youtube.com/channel/UCzML2iAFYZucB9j1v_kk3iQ', 'authorChannelId': {'value': 'UCzML2iAFYZucB9j1v_kk3iQ'}, 'canRate': True, 'viewerRating': 'none', 'likeCount': 1, 'publishedAt': '2022-10-23T22:14:32Z', 'updatedAt': '2022-10-23T22:14:32Z'}}, {'kind': 'youtube#comment', 'etag': 'vtqRZ4H5ybwLvtl0blt41Ov5vjU', 'id': 'Ugz2vyZ-HSKJapU30Ax4AaABAg.9hY8Wn90rhC9hY9-mjUaz4', 'snippet': {'videoId': 'zEfTDpfyt1o', 'textDisplay': 'PENSSAR analizar os fatos, da trabalho ,e o povo não quer .So quer acompanhar qualquer penssamento que lhes convenha ou não, já estão no tanto faz.', 'textOriginal': 'PENSSAR analizar os fatos, da trabalho ,e o povo não quer .So quer acompanhar qualquer penssamento que lhes convenha ou não, já estão no tanto faz.', 'parentId': 'Ugz2vyZ-HSKJapU30Ax4AaABAg', 'authorDisplayName': 'Edir Caldas', 'authorProfileImageUrl': 'https://yt3.ggpht.com/ytc/AGIKgqPFRVRdfJRGNqVGKagaj-cPCcDq0hHPYdXgzw=s48-c-k-c0x00ffffff-no-rj', 'authorChannelUrl': 'http://www.youtube.com/channel/UC7nguTqTcpo1NFWf0MMnCLg', 'authorChannelId': {'value': 'UC7nguTqTcpo1NFWf0MMnCLg'}, 'canRate': True, 'viewerRating': 'none', 'likeCount': 0, 'publishedAt': '2022-10-23T22:12:05Z', 'updatedAt': '2022-10-23T22:12:05Z'}}]}",UCzML2iAFYZucB9j1v_kk3iQ,2022-10-23T22:07:51Z,Povo não tem paciência mais para quem DEFENDE ESSA FALSA DEMONIOCRACIA. A CULPA É DO PADTIDO STF E SEUS MILITANTES INCONSTITUCIONAIS.,QURTSl9pM3BtLTc4TXRIb252WE5VSzU5NlNRTVM4Y2xWbjYwMTE2NWxkT0l6SjEwdHUzMFdOemgtX3dWLXFVbHpmR015ZU1nRzlrTnNuUQ==,2023-06-08 14:52:49.125465
youtube#commentThread,IZC5BIg6q1ArvJjIrPsuSgFh8dM,UgzKFBRyR4Ue0Vy-oe14AaABAg,"{'videoId': 'zEfTDpfyt1o', 'topLevelComment': {'kind': 'youtube#comment', 'etag': 'rPm9I3hll2IAzvfMycUcZ89O8sg', 'id': 'UgzKFBRyR4Ue0Vy-oe14AaABAg', 'snippet': {'videoId': 'zEfTDpfyt1o', 'textDisplay': 'foj pohca', 'textOriginal': 'foj pohca', 'authorDisplayName': 'Jose Ferreira', 'authorProfileImageUrl': 'https://yt3.ggpht.com/ytc/AGIKgqPwu5rSBQbmmy5WbfIqOx8qb8FN991GiJDYhw=s48-c-k-c0x00ffffff-no-rj', 'authorChannelUrl': 'http://www.youtube.com/channel/UCp2CjfHVSj25rf9Oz-VJxTA', 'authorChannelId': {'value': 'UCp2CjfHVSj25rf9Oz-VJxTA'}, 'canRate': True, 'viewerRating': 'none', 'likeCount': 0, 'publishedAt': '2022-10-23T22:07:48Z', 'updatedAt': '2022-10-23T22:07:48Z'}}, 'canReply': True, 'totalReplyCount': 0, 'isPublic': True}",,UCp2CjfHVSj25rf9Oz-VJxTA,2022-10-23T22:07:48Z,foj pohca,QURTSl9pM3BtLTc4TXRIb252WE5VSzU5NlNRTVM4Y2xWbjYwMTE2NWxkT0l6SjEwdHUzMFdOemgtX3dWLXFVbHpmR015ZU1nRzlrTnNuUQ==,2023-06-08 14:52:49.125465
youtube#commentThread,Ohsi5CbhnG_e3zqDoCZiikQwNao,UgxcUSUGjRAoJk5yMmJ4AaABAg,"{'videoId': 'zEfTDpfyt1o', 'topLevelComment': {'kind': 'youtube#comment', 'etag': 'FTatIjySVaID9ZI5pjP91w-Mnto', 'id': 'UgxcUSUGjRAoJk5yMmJ4AaABAg', 'snippet': {'videoId': 'zEfTDpfyt1o', 'textDisplay': 'Jornalistas não são diferentes de ninguém.', 'textOriginal': 'Jornalistas não são diferentes de ninguém.', 'authorDisplayName': 'Antonio Cenzi', 'authorProfileImageUrl': 'https://yt3.ggpht.com/ytc/AGIKgqPZImkt2UUfS3hhK8LX8Qopc0scs2xqAumshG7i2w=s48-c-k-c0x00ffffff-no-rj', 'authorChannelUrl': 'http://www.youtube.com/channel/UC9PC8ue-IKYO71rgX5lPCeQ', 'authorChannelId': {'value': 'UC9PC8ue-IKYO71rgX5lPCeQ'}, 'canRate': True, 'viewerRating': 'none', 'likeCount': 20, 'publishedAt': '2022-10-23T22:07:43Z', 'updatedAt': '2022-10-23T22:07:43Z'}}, 'canReply': True, 'totalReplyCount': 2, 'isPublic': True}","{'comments': [{'kind': 'youtube#comment', 'etag': 'obfBmFjtGQDfgTcd5A1ZMOAPaZ0', 'id': 'UgxcUSUGjRAoJk5yMmJ4AaABAg.9hY8VoADze29hY9XtooYW9', 'snippet': {'videoId': 'zEfTDpfyt1o', 'textDisplay': '@Arte no Jardim   JOVEN  PAN   NAO  PODE    SE  FAZER  DE  VITIMA  ,  VAI  PERDER  APOIO', 'textOriginal': '@Arte no Jardim   JOVEN  PAN   NAO  PODE    SE  FAZER  DE  VITIMA  ,  VAI  PERDER  APOIO', 'parentId': 'UgxcUSUGjRAoJk5yMmJ4AaABAg', 'authorDisplayName': 'PAULO   CARDOSO', 'authorProfileImageUrl': 'https://yt3.ggpht.com/id-CvbGg75UWeUjYd2KVcZEB97qB2UBAn12uN9dSYjztBKeo3mscQAURy_zog3EMa7IwlZbtEQ=s48-c-k-c0x00ffffff-no-rj', 'authorChannelUrl': 'http://www.youtube.com/channel/UCVd0v5rvOrPAZ9XMyozA3dw', 'authorChannelId': {'value': 'UCVd0v5rvOrPAZ9XMyozA3dw'}, 'canRate': True, 'viewerRating': 'none', 'likeCount': 0, 'publishedAt': '2022-10-23T22:16:44Z', 'updatedAt': '2022-10-23T22:16:44Z'}}, {'kind': 'youtube#comment', 'etag': 'Yyz8eCFYbDhrnAIS3B9PUgALv-8', 'id': 'UgxcUSUGjRAoJk5yMmJ4AaABAg.9hY8VoADze29hY9BCbBDvG', 'snippet': {'videoId': 'zEfTDpfyt1o', 'textDisplay': 'Daí por isso deve ser agredido? Sai daqui infiltrado', 'textOriginal': 'Daí por isso deve ser agredido? Sai daqui infiltrado', 'parentId': 'UgxcUSUGjRAoJk5yMmJ4AaABAg', 'authorDisplayName': 'Arte no Jardim', 'authorProfileImageUrl': 'https://yt3.ggpht.com/ytc/AGIKgqNYWkT6wR9zxJJoNWKFcTnRMq06jc4z-tOOA8mV0BY=s48-c-k-c0x00ffffff-no-rj', 'authorChannelUrl': 'http://www.youtube.com/channel/UCRXVQwpkfYr7soKI80kQoMQ', 'authorChannelId': {'value': 'UCRXVQwpkfYr7soKI80kQoMQ'}, 'canRate': True, 'viewerRating': 'none', 'likeCount': 1, 'publishedAt': '2022-10-23T22:13:39Z', 'updatedAt': '2022-10-23T22:13:39Z'}}]}",UC9PC8ue-IKYO71rgX5lPCeQ,2022-10-23T22:07:43Z,Jornalistas não são diferentes de ninguém.,QURTSl9pM3BtLTc4TXRIb252WE5VSzU5NlNRTVM4Y2xWbjYwMTE2NWxkT0l6SjEwdHUzMFdOemgtX3dWLXFVbHpmR015ZU1nRzlrTnNuUQ==,2023-06-08 14:52:49.125465
youtube#commentThread,QlKhnOz8w_YLc1rDcIBLANJ7E6M,UgwLMBLKg1sVrfP2Xg54AaABAg,"{'videoId': 'zEfTDpfyt1o', 'topLevelComment': {'kind': 'youtube#comment', 'etag': 'bOOtzaon6Ps4rI5Mk66qTmkYx6k', 'id': 'UgwLMBLKg1sVrfP2Xg54AaABAg', 'snippet': {'videoId': 'zEfTDpfyt1o', 'textDisplay': 'A GLOBO NÃO  TEM QUE IR LÁ ATRAPALHAR , MAS NÃO  AGRIDAM QUEM ESTÁ  TRABALHANDO.', 'textOriginal': 'A GLOBO NÃO  TEM QUE IR LÁ ATRAPALHAR , MAS NÃO  AGRIDAM QUEM ESTÁ  TRABALHANDO.', 'authorDisplayName': 'Robô Eleitor', 'authorProfileImageUrl': 'https://yt3.ggpht.com/VE3F8FpYwRHQ-hpifKT9gOm8ruV_miSyfTHoFBCQtzEsOHaTbrjbcN0OyipGVPfaLXUqS21giw=s48-c-k-c0x00ffffff-no-rj', 'authorChannelUrl': 'http://www.youtube.com/channel/UCeaxG2v30eK3I0NA-Nmw_9A', 'authorChannelId': {'value': 'UCeaxG2v30eK3I0NA-Nmw_9A'}, 'canRate': True, 'viewerRating': 'none', 'likeCount': 0, 'publishedAt': '2022-10-23T22:07:42Z', 'updatedAt': '2022-10-23T22:07:42Z'}}, 'canReply': True, 'totalReplyCount': 0, 'isPublic': True}",,UCeaxG2v30eK3I0NA-Nmw_9A,2022-10-23T22:07:42Z,"A GLOBO NÃO  TEM QUE IR LÁ ATRAPALHAR , MAS NÃO  AGRIDAM QUEM ESTÁ  TRABALHANDO.",QURTSl9pM3BtLTc4TXRIb252WE5VSzU5NlNRTVM4Y2xWbjYwMTE2NWxkT0l6SjEwdHUzMFdOemgtX3dWLXFVbHpmR015ZU1nRzlrTnNuUQ==,2023-06-08 14:52:49.125465
youtube#commentThread,C0uPTGnB7qQX2DiZKs07cDz3_cY,UgxNoP1fixqyjioqVep4AaABAg,"{'videoId': 'zEfTDpfyt1o', 'topLevelComment': {'kind': 'youtube#comment', 'etag': 'ZjE8Y_5Y_n3yA2IPXIgMXLDBYOo', 'id': 'UgxNoP1fixqyjioqVep4AaABAg', 'snippet': {'videoId': 'zEfTDpfyt1o', 'textDisplay': 'Já falei algumas vezes aqui, estão esticando a corda, a hora que estourar ai só Deus sabe o resultado final.<br><br>Tenho para mim que o povo não vai aceitar rumarmos para nos tornar uma Cuba ou Venezuela, pensem ai.', 'textOriginal': 'Já falei algumas vezes aqui, estão esticando a corda, a hora que estourar ai só Deus sabe o resultado final.\\n\\nTenho para mim que o povo não vai aceitar rumarmos para nos tornar uma Cuba ou Venezuela, pensem ai.', 'authorDisplayName': 'Jordano Jesus', 'authorProfileImageUrl': 'https://yt3.ggpht.com/ytc/AGIKgqMkq-DRImscmVaD76lA2o0IBiUCzTlZYS1Ovq5GrC4C69WJfnfaSnxf7DVrWq8o=s48-c-k-c0x00ffffff-no-rj', 'authorChannelUrl': 'http://www.youtube.com/channel/UCjlZ-VDCbCY6QuYdZbcDuFg', 'authorChannelId': {'value': 'UCjlZ-VDCbCY6QuYdZbcDuFg'}, 'canRate': True, 'viewerRating': 'none', 'likeCount': 0, 'publishedAt': '2022-10-23T22:07:30Z', 'updatedAt': '2022-10-23T22:07:30Z'}}, 'canReply': True, 'totalReplyCount': 0, 'isPublic': True}",,UCjlZ-VDCbCY6QuYdZbcDuFg,2022-10-23T22:07:30Z,"Já falei algumas vezes aqui, estão esticando a corda, a hora que estourar ai só Deus sabe o resultado final.

Tenho para mim que o povo não vai aceitar rumarmos para nos tornar uma Cuba ou Venezuela, pensem ai.",QURTSl9pM3BtLTc4TXRIb252WE5VSzU5NlNRTVM4Y2xWbjYwMTE2NWxkT0l6SjEwdHUzMFdOemgtX3dWLXFVbHpmR015ZU1nRzlrTnNuUQ==,2023-06-08 14:52:49.125465
youtube#commentThread,47kbWGLcyeOkNCfdRMQL6mvDdBY,UgwG4ynESVpaNSVlsRl4AaABAg,"{'videoId': 'zEfTDpfyt1o', 'topLevelComment': {'kind': 'youtube#comment', 'etag': 'rA_3NPc-9B0a_JOtylqVG2-IDrA', 'id': 'UgwG4ynESVpaNSVlsRl4AaABAg', 'snippet': {'videoId': 'zEfTDpfyt1o', 'textDisplay': 'Zé o senhor tá certíssimo', 'textOriginal': 'Zé o senhor tá certíssimo', 'authorDisplayName': 'RADJANE SANTOS', 'authorProfileImageUrl': 'https://yt3.ggpht.com/ytc/AGIKgqMzIqbJ46tXQ5asLXBQvlSBmOOYSZhMgv_-SW-8qbrhOVUzzbGlNDxCuntCaG-0=s48-c-k-c0x00ffffff-no-rj', 'authorChannelUrl': 'http://www.youtube.com/channel/UCK5quU8XS7BZTnfTngyfouA', 'authorChannelId': {'value': 'UCK5quU8XS7BZTnfTngyfouA'}, 'canRate': True, 'viewerRating': 'none', 'likeCount': 10, 'publishedAt': '2022-10-23T22:07:25Z', 'updatedAt': '2022-10-23T22:07:25Z'}}, 'canReply': True, 'totalReplyCount': 0, 'isPublic': True}",,UCK5quU8XS7BZTnfTngyfouA,2022-10-23T22:07:25Z,Zé o senhor tá certíssimo,QURTSl9pM3BtLTc4TXRIb252WE5VSzU5NlNRTVM4Y2xWbjYwMTE2NWxkT0l6SjEwdHUzMFdOemgtX3dWLXFVbHpmR015ZU1nRzlrTnNuUQ==,2023-06-08 14:52:49.125465
youtube#commentThread,SGCLNCrVWKGY0QZXtr8gohMuBNs,UgysTLNeGsRxW_yss9J4AaABAg,"{'videoId': 'zEfTDpfyt1o', 'topLevelComment': {'kind': 'youtube#comment', 'etag': '6mfToNJQAhMeN67VYzBqRf1giGU', 'id': 'UgysTLNeGsRxW_yss9J4AaABAg', 'snippet': {'videoId': 'zEfTDpfyt1o', 'textDisplay': 'Guerra civil no Brasil.', 'textOriginal': 'Guerra civil no Brasil.', 'authorDisplayName': 'José Alberto', 'authorProfileImageUrl': 'https://yt3.ggpht.com/ytc/AGIKgqOBeOsutoe_4_LGiwFxANWAdC_ks8-wLKicXA=s48-c-k-c0x00ffffff-no-rj', 'authorChannelUrl': 'http://www.youtube.com/channel/UCbofVy8Pj9Rt6BpGELLExuA', 'authorChannelId': {'value': 'UCbofVy8Pj9Rt6BpGELLExuA'}, 'canRate': True, 'viewerRating': 'none', 'likeCount': 0, 'publishedAt': '2022-10-23T22:07:19Z', 'updatedAt': '2022-10-23T22:07:19Z'}}, 'canReply': True, 'totalReplyCount': 0, 'isPublic': True}",,UCbofVy8Pj9Rt6BpGELLExuA,2022-10-23T22:07:19Z,Guerra civil no Brasil.,QURTSl9pM3BtLTc4TXRIb252WE5VSzU5NlNRTVM4Y2xWbjYwMTE2NWxkT0l6SjEwdHUzMFdOemgtX3dWLXFVbHpmR015ZU1nRzlrTnNuUQ==,2023-06-08 14:52:49.125465
youtube#commentThread,HlFJ_fMly_njwTLtgmDw6N4L5wU,UgzlT7oIn_g_aXuo4at4AaABAg,"{'videoId': 'zEfTDpfyt1o', 'topLevelComment': {'kind': 'youtube#comment', 'etag': '2xXpQlKUY6EQBSOMb5nft3ueXaY', 'id': 'UgzlT7oIn_g_aXuo4at4AaABAg', 'snippet': {'videoId': 'zEfTDpfyt1o', 'textDisplay': 'Povo cansou 🏴\\u200d☠️🏴\\u200d☠️🏴\\u200d☠️🏴\\u200d☠️🏴\\u200d☠️🏴\\u200d☠️🏴\\u200d☠️🏴\\u200d☠️🏴\\u200d☠️🏴\\u200d☠️🏴\\u200d☠️🏴\\u200d☠️🏴\\u200d☠️🏴\\u200d☠️🏴\\u200d☠️🏴\\u200d☠️🏴\\u200d☠️🏴\\u200d☠️🏴\\u200d☠️🏴\\u200d☠️', 'textOriginal': 'Povo cansou 🏴\\u200d☠️🏴\\u200d☠️🏴\\u200d☠️🏴\\u200d☠️🏴\\u200d☠️🏴\\u200d☠️🏴\\u200d☠️🏴\\u200d☠️🏴\\u200d☠️🏴\\u200d☠️🏴\\u200d☠️🏴\\u200d☠️🏴\\u200d☠️🏴\\u200d☠️🏴\\u200d☠️🏴\\u200d☠️🏴\\u200d☠️🏴\\u200d☠️🏴\\u200d☠️🏴\\u200d☠️', 'authorDisplayName': 'Brunoegidiio Preussler', 'authorProfileImageUrl': 'https://yt3.ggpht.com/ytc/AGIKgqOCUoWHV__CLj-wrNKMNOQcg3877BKncKu_Vw=s48-c-k-c0x00ffffff-no-rj', 'authorChannelUrl': 'http://www.youtube.com/channel/UCx497RcjuTYkmHydoBbQrHw', 'authorChannelId': {'value': 'UCx497RcjuTYkmHydoBbQrHw'}, 'canRate': True, 'viewerRating': 'none', 'likeCount': 1, 'publishedAt': '2022-10-23T22:07:18Z', 'updatedAt': '2022-10-23T22:07:18Z'}}, 'canReply': True, 'totalReplyCount': 0, 'isPublic': True}",,UCx497RcjuTYkmHydoBbQrHw,2022-10-23T22:07:18Z,Povo cansou 🏴‍☠️🏴‍☠️🏴‍☠️🏴‍☠️🏴‍☠️🏴‍☠️🏴‍☠️🏴‍☠️🏴‍☠️🏴‍☠️🏴‍☠️🏴‍☠️🏴‍☠️🏴‍☠️🏴‍☠️🏴‍☠️🏴‍☠️🏴‍☠️🏴‍☠️🏴‍☠️,QURTSl9pM3BtLTc4TXRIb252WE5VSzU5NlNRTVM4Y2xWbjYwMTE2NWxkT0l6SjEwdHUzMFdOemgtX3dWLXFVbHpmR015ZU1nRzlrTnNuUQ==,2023-06-08 14:52:49.125465
youtube#commentThread,BaeV2xxog1JBN3d3ntDKbppb5HI,UgyOcEWj9tr3rBJVohF4AaABAg,"{'videoId': 'zEfTDpfyt1o', 'topLevelComment': {'kind': 'youtube#comment', 'etag': 'j3v2QKGUh1RshH4M71_gdoiQWSc', 'id': 'UgyOcEWj9tr3rBJVohF4AaABAg', 'snippet': {'videoId': 'zEfTDpfyt1o', 'textDisplay': 'Aqui não vai ser Venezuela e Cuba, com a mídia comprada e o governo também.', 'textOriginal': 'Aqui não vai ser Venezuela e Cuba, com a mídia comprada e o governo também.', 'authorDisplayName': 'Ueider Machado', 'authorProfileImageUrl': 'https://yt3.ggpht.com/ytc/AGIKgqMB1SsvSCv6EB0LHAPjGZMHHX91ADV8Sexn_g=s48-c-k-c0x00ffffff-no-rj', 'authorChannelUrl': 'http://www.youtube.com/channel/UCPFxIFJGSJyEKl5VVSLQCuw', 'authorChannelId': {'value': 'UCPFxIFJGSJyEKl5VVSLQCuw'}, 'canRate': True, 'viewerRating': 'none', 'likeCount': 1, 'publishedAt': '2022-10-23T22:07:05Z', 'updatedAt': '2022-10-23T22:07:05Z'}}, 'canReply': True, 'totalReplyCount': 0, 'isPublic': True}",,UCPFxIFJGSJyEKl5VVSLQCuw,2022-10-23T22:07:05Z,"Aqui não vai ser Venezuela e Cuba, com a mídia comprada e o governo também.",QURTSl9pM3BtLTc4TXRIb252WE5VSzU5NlNRTVM4Y2xWbjYwMTE2NWxkT0l6SjEwdHUzMFdOemgtX3dWLXFVbHpmR015ZU1nRzlrTnNuUQ==,2023-06-08 14:52:49.125465
youtube#commentThread,lwbxPNm-Aw2rbe5WFkHVCJoHYJs,UgymjRcHq5XHlHzMMsN4AaABAg,"{'videoId': 'zEfTDpfyt1o', 'topLevelComment': {'kind': 'youtube#comment', 'etag': 'f6xfTZo-MrUBvA0Pq7h0bI8WYdM', 'id': 'UgymjRcHq5XHlHzMMsN4AaABAg', 'snippet': {'videoId': 'zEfTDpfyt1o', 'textDisplay': 'A que ponto chegamos!', 'textOriginal': 'A que ponto chegamos!', 'authorDisplayName': 'Célita mary', 'authorProfileImageUrl': 'https://yt3.ggpht.com/xSM-nIIcsGBQExPc9Ecw6T4etSbY7WOV7hh3KsJ5RUj8I3Ax9VY3Pyx7gAFcXIE3K2kHN7np=s48-c-k-c0x00ffffff-no-rj', 'authorChannelUrl': 'http://www.youtube.com/channel/UCxV7xoOZKgDUSfFUWqqF72g', 'authorChannelId': {'value': 'UCxV7xoOZKgDUSfFUWqqF72g'}, 'canRate': True, 'viewerRating': 'none', 'likeCount': 9, 'publishedAt': '2022-10-23T22:07:03Z', 'updatedAt': '2022-10-23T22:07:03Z'}}, 'canReply': True, 'totalReplyCount': 0, 'isPublic': True}",,UCxV7xoOZKgDUSfFUWqqF72g,2022-10-23T22:07:03Z,A que ponto chegamos!,QURTSl9pM3BtLTc4TXRIb252WE5VSzU5NlNRTVM4Y2xWbjYwMTE2NWxkT0l6SjEwdHUzMFdOemgtX3dWLXFVbHpmR015ZU1nRzlrTnNuUQ==,2023-06-08 14:52:49.125465
youtube#commentThread,cHxnEJETgpvVD3v0ve8nCGTTvXY,UgwxbZz5LiNm3IpuJRN4AaABAg,"{'videoId': 'zEfTDpfyt1o', 'topLevelComment': {'kind': 'youtube#comment', 'etag': 'BH8ZbPGWv0Zm7sI_V6QLZJ7mz8g', 'id': 'UgwxbZz5LiNm3IpuJRN4AaABAg', 'snippet': {'videoId': 'zEfTDpfyt1o', 'textDisplay': 'eu sou contra agressão mas esta rede clobo e culpada de muitas coisas de ruim que acontece no brasil .ai da nisto ai', 'textOriginal': 'eu sou contra agressão mas esta rede clobo e culpada de muitas coisas de ruim que acontece no brasil .ai da nisto ai', 'authorDisplayName': 'Leia Santos', 'authorProfileImageUrl': 'https://yt3.ggpht.com/ytc/AGIKgqMt5fGWHM3FvhlaIAp4zxHesGjq05c1eICTpQ=s48-c-k-c0x00ffffff-no-rj', 'authorChannelUrl': 'http://www.youtube.com/channel/UCt4ugfGYllx7xhqIEr1z4Og', 'authorChannelId': {'value': 'UCt4ugfGYllx7xhqIEr1z4Og'}, 'canRate': True, 'viewerRating': 'none', 'likeCount': 4, 'publishedAt': '2022-10-23T22:06:57Z', 'updatedAt': '2022-10-23T22:06:57Z'}}, 'canReply': True, 'totalReplyCount': 0, 'isPublic': True}",,UCt4ugfGYllx7xhqIEr1z4Og,2022-10-23T22:06:57Z,eu sou contra agressão mas esta rede clobo e culpada de muitas coisas de ruim que acontece no brasil .ai da nisto ai,QURTSl9pM3BtLTc4TXRIb252WE5VSzU5NlNRTVM4Y2xWbjYwMTE2NWxkT0l6SjEwdHUzMFdOemgtX3dWLXFVbHpmR015ZU1nRzlrTnNuUQ==,2023-06-08 14:52:49.125465
youtube#commentThread,g6mLYnSRJwCBjUuNEpWOwFsSADo,UgwK42AO1026Mm7pEfZ4AaABAg,"{'videoId': 'zEfTDpfyt1o', 'topLevelComment': {'kind': 'youtube#comment', 'etag': 'hwJopy5RHuI-F2fd7_S_Hxasdxo', 'id': 'UgwK42AO1026Mm7pEfZ4AaABAg', 'snippet': {'videoId': 'zEfTDpfyt1o', 'textDisplay': 'Minha cara de pena do cinegrafista 🤭', 'textOriginal': 'Minha cara de pena do cinegrafista 🤭', 'authorDisplayName': 'Rodrigo', 'authorProfileImageUrl': 'https://yt3.ggpht.com/ytc/AGIKgqM1Km7oL5gs5PxSi60ndLUHq38_Fea--4D2VrJ_bg=s48-c-k-c0x00ffffff-no-rj', 'authorChannelUrl': 'http://www.youtube.com/channel/UCOmQ5wJu97atoEX237enLbw', 'authorChannelId': {'value': 'UCOmQ5wJu97atoEX237enLbw'}, 'canRate': True, 'viewerRating': 'none', 'likeCount': 18, 'publishedAt': '2022-10-23T22:06:39Z', 'updatedAt': '2022-10-23T22:06:39Z'}}, 'canReply': True, 'totalReplyCount': 11, 'isPublic': True}","{'comments': [{'kind': 'youtube#comment', 'etag': 'OzIV-Tewx6X8LHbuVZi0flbx67M', 'id': 'UgwK42AO1026Mm7pEfZ4AaABAg.9hY8O-svIpb9hYF4MPMJbU', 'snippet': {'videoId': 'zEfTDpfyt1o', 'textDisplay': '@Ricardo Silva kkkkkkk ninguém liga para lição de moral de petista, vc está gritando no deserto, ninguém liga para vc', 'textOriginal': '@Ricardo Silva kkkkkkk ninguém liga para lição de moral de petista, vc está gritando no deserto, ninguém liga para vc', 'parentId': 'UgwK42AO1026Mm7pEfZ4AaABAg', 'authorDisplayName': 'Rodrigo', 'authorProfileImageUrl': 'https://yt3.ggpht.com/ytc/AGIKgqM1Km7oL5gs5PxSi60ndLUHq38_Fea--4D2VrJ_bg=s48-c-k-c0x00ffffff-no-rj', 'authorChannelUrl': 'http://www.youtube.com/channel/UCOmQ5wJu97atoEX237enLbw', 'authorChannelId': {'value': 'UCOmQ5wJu97atoEX237enLbw'}, 'canRate': True, 'viewerRating': 'none', 'likeCount': 0, 'publishedAt': '2022-10-23T23:05:08Z', 'updatedAt': '2022-10-23T23:05:08Z'}}, {'kind': 'youtube#comment', 'etag': 'cQqeakjQOyJhEJ8aW5zYwtqqaTk', 'id': 'UgwK42AO1026Mm7pEfZ4AaABAg.9hY8O-svIpb9hYBhWTAk_l', 'snippet': {'videoId': 'zEfTDpfyt1o', 'textDisplay': '@Rodrigo sim amigo, pelo seus comentários da pra ver o nível patético, boa sorte aí cidadão de bem, bom que pessoas como vc mostram o que é o bolsonarismo, acho ótimo seu comentário pra todo mundo aqui ver', 'textOriginal': '@Rodrigo sim amigo, pelo seus comentários da pra ver o nível patético, boa sorte aí cidadão de bem, bom que pessoas como vc mostram o que é o bolsonarismo, acho ótimo seu comentário pra todo mundo aqui ver', 'parentId': 'UgwK42AO1026Mm7pEfZ4AaABAg', 'authorDisplayName': 'Ricardo Silva', 'authorProfileImageUrl': 'https://yt3.ggpht.com/ytc/AGIKgqN2ksJln23i3zhzNWZea-xVUQQq7f422fI-HNDY=s48-c-k-c0x00ffffff-no-rj', 'authorChannelUrl': 'http://www.youtube.com/channel/UCl1qITBkgjmxaXucDnxmyjw', 'authorChannelId': {'value': 'UCl1qITBkgjmxaXucDnxmyjw'}, 'canRate': True, 'viewerRating': 'none', 'likeCount': 0, 'publishedAt': '2022-10-23T22:35:40Z', 'updatedAt': '2022-10-23T22:35:40Z'}}, {'kind': 'youtube#comment', 'etag': 'q5UVinF9ya2EiND1nrOYfi-i6-s', 'id': 'UgwK42AO1026Mm7pEfZ4AaABAg.9hY8O-svIpb9hYB8FMQ0Nc', 'snippet': {'videoId': 'zEfTDpfyt1o', 'textDisplay': '@Drailton De Paula aprenda a escrever, só aí conversamos', 'textOriginal': '@Drailton De Paula aprenda a escrever, só aí conversamos', 'parentId': 'UgwK42AO1026Mm7pEfZ4AaABAg', 'authorDisplayName': 'Rodrigo', 'authorProfileImageUrl': 'https://yt3.ggpht.com/ytc/AGIKgqM1Km7oL5gs5PxSi60ndLUHq38_Fea--4D2VrJ_bg=s48-c-k-c0x00ffffff-no-rj', 'authorChannelUrl': 'http://www.youtube.com/channel/UCOmQ5wJu97atoEX237enLbw', 'authorChannelId': {'value': 'UCOmQ5wJu97atoEX237enLbw'}, 'canRate': True, 'viewerRating': 'none', 'likeCount': 0, 'publishedAt': '2022-10-23T22:30:43Z', 'updatedAt': '2022-10-23T22:30:43Z'}}, {'kind': 'youtube#comment', 'etag': 'vjtOXN0uWRGvbeeKpsnl_0uMvA8', 'id': 'UgwK42AO1026Mm7pEfZ4AaABAg.9hY8O-svIpb9hYB4TMdmVv', 'snippet': {'videoId': 'zEfTDpfyt1o', 'textDisplay': '@Ricardo Silva sou um cidadão de bons costumes, pode perguntar para sua mãe que ela confirma', 'textOriginal': '@Ricardo Silva sou um cidadão de bons costumes, pode perguntar para sua mãe que ela confirma', 'parentId': 'UgwK42AO1026Mm7pEfZ4AaABAg', 'authorDisplayName': 'Rodrigo', 'authorProfileImageUrl': 'https://yt3.ggpht.com/ytc/AGIKgqM1Km7oL5gs5PxSi60ndLUHq38_Fea--4D2VrJ_bg=s48-c-k-c0x00ffffff-no-rj', 'authorChannelUrl': 'http://www.youtube.com/channel/UCOmQ5wJu97atoEX237enLbw', 'authorChannelId': {'value': 'UCOmQ5wJu97atoEX237enLbw'}, 'canRate': True, 'viewerRating': 'none', 'likeCount': 0, 'publishedAt': '2022-10-23T22:30:12Z', 'updatedAt': '2022-10-23T22:30:12Z'}}, {'kind': 'youtube#comment', 'etag': 'KyD8bCn1WQd8IwzqhVKA6X_M0LU', 'id': 'UgwK42AO1026Mm7pEfZ4AaABAg.9hY8O-svIpb9hYB-Yy82xD', 'snippet': {'videoId': 'zEfTDpfyt1o', 'textDisplay': '@Safado Butequeiro e daí? Continuo sem pena dele, não mando nos meus sentimenos', 'textOriginal': '@Safado Butequeiro e daí? Continuo sem pena dele, não mando nos meus sentimenos', 'parentId': 'UgwK42AO1026Mm7pEfZ4AaABAg', 'authorDisplayName': 'Rodrigo', 'authorProfileImageUrl': 'https://yt3.ggpht.com/ytc/AGIKgqM1Km7oL5gs5PxSi60ndLUHq38_Fea--4D2VrJ_bg=s48-c-k-c0x00ffffff-no-rj', 'authorChannelUrl': 'http://www.youtube.com/channel/UCOmQ5wJu97atoEX237enLbw', 'authorChannelId': {'value': 'UCOmQ5wJu97atoEX237enLbw'}, 'canRate': True, 'viewerRating': 'none', 'likeCount': 0, 'publishedAt': '2022-10-23T22:29:32Z', 'updatedAt': '2022-10-23T22:29:32Z'}}]}",UCOmQ5wJu97atoEX237enLbw,2022-10-23T22:06:39Z,Minha cara de pena do cinegrafista 🤭,QURTSl9pM3BtLTc4TXRIb252WE5VSzU5NlNRTVM4Y2xWbjYwMTE2NWxkT0l6SjEwdHUzMFdOemgtX3dWLXFVbHpmR015ZU1nRzlrTnNuUQ==,2023-06-08 14:52:49.125465
youtube#commentThread,l_eafLGtQzF37CHs6zSH9DqLY8I,UgzBYv_9N7NyTswgx9x4AaABAg,"{'videoId': 'zEfTDpfyt1o', 'topLevelComment': {'kind': 'youtube#comment', 'etag': 'gAURytQ9zwAXT7xJqIkd7bNXb3k', 'id': 'UgzBYv_9N7NyTswgx9x4AaABAg', 'snippet': {'videoId': 'zEfTDpfyt1o', 'textDisplay': 'É da globochorume? Tô nem aí. 🇧🇷🇧🇷🇧🇷🇧🇷🇧🇷', 'textOriginal': 'É da globochorume? Tô nem aí. 🇧🇷🇧🇷🇧🇷🇧🇷🇧🇷', 'authorDisplayName': 'Douglas Guia', 'authorProfileImageUrl': 'https://yt3.ggpht.com/ytc/AGIKgqOiNBItHhvrMHMf01CwF0KyiMEiEs7IMceDUg=s48-c-k-c0x00ffffff-no-rj', 'authorChannelUrl': 'http://www.youtube.com/channel/UCNIxB1vj0iR_e5yG7xO-_4Q', 'authorChannelId': {'value': 'UCNIxB1vj0iR_e5yG7xO-_4Q'}, 'canRate': True, 'viewerRating': 'none', 'likeCount': 2, 'publishedAt': '2022-10-23T22:06:36Z', 'updatedAt': '2022-10-23T22:06:36Z'}}, 'canReply': True, 'totalReplyCount': 1, 'isPublic': True}","{'comments': [{'kind': 'youtube#comment', 'etag': 'jA_41aYR8aZocbF75R7JeSgl8O0', 'id': 'UgzBYv_9N7NyTswgx9x4AaABAg.9hY8NbC56w-9hY8hkvP5zn', 'snippet': {'videoId': 'zEfTDpfyt1o', 'textDisplay': 'O cinegrafista jogou a câmera e depois se jogou no chao', 'textOriginal': 'O cinegrafista jogou a câmera e depois se jogou no chao', 'parentId': 'UgzBYv_9N7NyTswgx9x4AaABAg', 'authorDisplayName': 'Éber Barbosa', 'authorProfileImageUrl': 'https://yt3.ggpht.com/ytc/AGIKgqMoPf6_Re3GZKkMWGh-VM10AcbHKGfrUtELFFtRmA=s48-c-k-c0x00ffffff-no-rj', 'authorChannelUrl': 'http://www.youtube.com/channel/UCg6a0TedCzYh6YUGKiuPZEQ', 'authorChannelId': {'value': 'UCg6a0TedCzYh6YUGKiuPZEQ'}, 'canRate': True, 'viewerRating': 'none', 'likeCount': 0, 'publishedAt': '2022-10-23T22:09:29Z', 'updatedAt': '2022-10-23T22:09:29Z'}}]}",UCNIxB1vj0iR_e5yG7xO-_4Q,2022-10-23T22:06:36Z,É da globochorume? Tô nem aí. 🇧🇷🇧🇷🇧🇷🇧🇷🇧🇷,QURTSl9pM3BtLTc4TXRIb252WE5VSzU5NlNRTVM4Y2xWbjYwMTE2NWxkT0l6SjEwdHUzMFdOemgtX3dWLXFVbHpmR015ZU1nRzlrTnNuUQ==,2023-06-08 14:52:49.125465
youtube#commentThread,Q5aRNKgsxFFxGkT6cY6O1Uc01CM,UgzwC3iDBs3dt_wyFol4AaABAg,"{'videoId': 'zEfTDpfyt1o', 'topLevelComment': {'kind': 'youtube#comment', 'etag': 'tfeAoxqxodVgq4jqSpZ2AwwJE9s', 'id': 'UgzwC3iDBs3dt_wyFol4AaABAg', 'snippet': {'videoId': 'zEfTDpfyt1o', 'textDisplay': 'Não é estranho mandar prendê-lo nas vésperas , botar medo na população está é intenção 🧐🧐🧐🧐🧐🧐🧐🧐🧐🧐🧐o cara cansou de ser perseguido 🏴\\u200d☠️🏴\\u200d☠️🏴\\u200d☠️🏴\\u200d☠️🏴\\u200d☠️🏴\\u200d☠️🏴\\u200d☠️🏴\\u200d☠️🏴\\u200d☠️🏴\\u200d☠️🏴\\u200d☠️🏴\\u200d☠️🏴\\u200d☠️🏴\\u200d☠️', 'textOriginal': 'Não é estranho mandar prendê-lo nas vésperas , botar medo na população está é intenção 🧐🧐🧐🧐🧐🧐🧐🧐🧐🧐🧐o cara cansou de ser perseguido 🏴\\u200d☠️🏴\\u200d☠️🏴\\u200d☠️🏴\\u200d☠️🏴\\u200d☠️🏴\\u200d☠️🏴\\u200d☠️🏴\\u200d☠️🏴\\u200d☠️🏴\\u200d☠️🏴\\u200d☠️🏴\\u200d☠️🏴\\u200d☠️🏴\\u200d☠️', 'authorDisplayName': 'Brunoegidiio Preussler', 'authorProfileImageUrl': 'https://yt3.ggpht.com/ytc/AGIKgqOCUoWHV__CLj-wrNKMNOQcg3877BKncKu_Vw=s48-c-k-c0x00ffffff-no-rj', 'authorChannelUrl': 'http://www.youtube.com/channel/UCx497RcjuTYkmHydoBbQrHw', 'authorChannelId': {'value': 'UCx497RcjuTYkmHydoBbQrHw'}, 'canRate': True, 'viewerRating': 'none', 'likeCount': 108, 'publishedAt': '2022-10-23T22:06:25Z', 'updatedAt': '2022-10-23T22:06:25Z'}}, 'canReply': True, 'totalReplyCount': 28, 'isPublic': True}","{'comments': [{'kind': 'youtube#comment', 'etag': 'r5-ua6ES2DbMLTDKv1BuaS5n-3c', 'id': 'UgzwC3iDBs3dt_wyFol4AaABAg.9hY8MJmfgFz9hYaE_dXWGE', 'snippet': {'videoId': 'zEfTDpfyt1o', 'textDisplay': '@D x N² qual reportagem vc tá falando estou entendendo nada ué kkk ,mudou de assunto viu minha resposta', 'textOriginal': '@D x N² qual reportagem vc tá falando estou entendendo nada ué kkk ,mudou de assunto viu minha resposta', 'parentId': 'UgzwC3iDBs3dt_wyFol4AaABAg', 'authorDisplayName': 'Ozeias Araujo Gomes', 'authorProfileImageUrl': 'https://yt3.ggpht.com/ytc/AGIKgqMLiWTDTHigTsUHZNYEgY3HpriPWLJ7ECBKQA=s48-c-k-c0x00ffffff-no-rj', 'authorChannelUrl': 'http://www.youtube.com/channel/UCfTAeeXMqVbLl0x7rWwo0ww', 'authorChannelId': {'value': 'UCfTAeeXMqVbLl0x7rWwo0ww'}, 'canRate': True, 'viewerRating': 'none', 'likeCount': 0, 'publishedAt': '2022-10-24T02:18:46Z', 'updatedAt': '2022-10-24T02:18:46Z'}}, {'kind': 'youtube#comment', 'etag': 'dcSuSBYhfS4xRUsB6eqezEdv4Ww', 'id': 'UgzwC3iDBs3dt_wyFol4AaABAg.9hY8MJmfgFz9hYQseZqqUK', 'snippet': {'videoId': 'zEfTDpfyt1o', 'textDisplay': '@Lucilene Rocha Condenado é quem tem o processo transitado em julgado. Ninguém é condenado em um processo anulado pois o juiz é denunciado e condenado como parcial. Nada que foi desenvolvido valeu. Se você se envolver em problemas na justiça, vai querer que um juiz imparcial te julgue. Isso é defender a democracia. Feio é o juiz (que se supõe imparcial) prender o concorrente numa eleição, deixar de ser juiz e passar a compor o governo do principal adversário de quem ele julgava. Isso é horrível. Passou vergonha para o mundo inteiro.', 'textOriginal': '@Lucilene Rocha Condenado é quem tem o processo transitado em julgado. Ninguém é condenado em um processo anulado pois o juiz é denunciado e condenado como parcial. Nada que foi desenvolvido valeu. Se você se envolver em problemas na justiça, vai querer que um juiz imparcial te julgue. Isso é defender a democracia. Feio é o juiz (que se supõe imparcial) prender o concorrente numa eleição, deixar de ser juiz e passar a compor o governo do principal adversário de quem ele julgava. Isso é horrível. Passou vergonha para o mundo inteiro.', 'parentId': 'UgzwC3iDBs3dt_wyFol4AaABAg', 'authorDisplayName': 'Darci S.', 'authorProfileImageUrl': 'https://yt3.ggpht.com/ytc/AGIKgqOUj9ssQ3g7TQDhOMpFlJZk4RmHrOfj1dYzlBTN2fIRzKPBihkR8WkzQe0UeKr1=s48-c-k-c0x00ffffff-no-rj', 'authorChannelUrl': 'http://www.youtube.com/channel/UCyBFWIC-ls-tDy7p7SaY6xA', 'authorChannelId': {'value': 'UCyBFWIC-ls-tDy7p7SaY6xA'}, 'canRate': True, 'viewerRating': 'none', 'likeCount': 1, 'publishedAt': '2022-10-24T00:48:16Z', 'updatedAt': '2022-10-24T00:48:16Z'}}, {'kind': 'youtube#comment', 'etag': 'WODy9TmrKPR3e7HnxWT0eIwAko4', 'id': 'UgzwC3iDBs3dt_wyFol4AaABAg.9hY8MJmfgFz9hYNCbMJL_y', 'snippet': {'videoId': 'zEfTDpfyt1o', 'textDisplay': '@Lucilene Rocha Até o Bolsonaro está correndo desse Jefferson e chamou a atitude dele de bandido. O problema dessa farsa de esquerda x direita é essa, todos eles protegem bandidos quando é de seu interesse. Esquerda x direita é a melhor farsa já criada para enganar as pessoas.', 'textOriginal': '@Lucilene Rocha Até o Bolsonaro está correndo desse Jefferson e chamou a atitude dele de bandido. O problema dessa farsa de esquerda x direita é essa, todos eles protegem bandidos quando é de seu interesse. Esquerda x direita é a melhor farsa já criada para enganar as pessoas.', 'parentId': 'UgzwC3iDBs3dt_wyFol4AaABAg', 'authorDisplayName': 'Analfabeto Funcional', 'authorProfileImageUrl': 'https://yt3.ggpht.com/ytc/AGIKgqPUYWbnR5Ql7ZxPfJLtlSdwMs1RDagyc_AXAeXM5MIu2l86Iczy3MYWPKEaH3Iw=s48-c-k-c0x00ffffff-no-rj', 'authorChannelUrl': 'http://www.youtube.com/channel/UCbm7uF4pqbshmBMp-UfTJIg', 'authorChannelId': {'value': 'UCbm7uF4pqbshmBMp-UfTJIg'}, 'canRate': True, 'viewerRating': 'none', 'likeCount': 0, 'publishedAt': '2022-10-24T00:16:10Z', 'updatedAt': '2022-10-24T00:16:10Z'}}, {'kind': 'youtube#comment', 'etag': 'R0jPwBQq7Ygpv_-O_uQoTgf3o4Q', 'id': 'UgzwC3iDBs3dt_wyFol4AaABAg.9hY8MJmfgFz9hYMxpqeYFf', 'snippet': {'videoId': 'zEfTDpfyt1o', 'textDisplay': 'Vou fazer a mesma pergunta ao cara: Se você receber uma ordem de prisão (ele já foi condenado) você irá atirar nos policiais? Você tem granada estocada em casa como o cara? Onde ele conseguiu essas granadas? Em qual mercado? No mercado negro? Para que fins ele tem granadas em casas? Repito: Se você algum dia receber uma ordem de prisão você irá atirar contra os policiais?', 'textOriginal': 'Vou fazer a mesma pergunta ao cara: Se você receber uma ordem de prisão (ele já foi condenado) você irá atirar nos policiais? Você tem granada estocada em casa como o cara? Onde ele conseguiu essas granadas? Em qual mercado? No mercado negro? Para que fins ele tem granadas em casas? Repito: Se você algum dia receber uma ordem de prisão você irá atirar contra os policiais?', 'parentId': 'UgzwC3iDBs3dt_wyFol4AaABAg', 'authorDisplayName': 'Analfabeto Funcional', 'authorProfileImageUrl': 'https://yt3.ggpht.com/ytc/AGIKgqPUYWbnR5Ql7ZxPfJLtlSdwMs1RDagyc_AXAeXM5MIu2l86Iczy3MYWPKEaH3Iw=s48-c-k-c0x00ffffff-no-rj', 'authorChannelUrl': 'http://www.youtube.com/channel/UCbm7uF4pqbshmBMp-UfTJIg', 'authorChannelId': {'value': 'UCbm7uF4pqbshmBMp-UfTJIg'}, 'canRate': True, 'viewerRating': 'none', 'likeCount': 0, 'publishedAt': '2022-10-24T00:14:01Z', 'updatedAt': '2022-10-24T00:14:01Z'}}, {'kind': 'youtube#comment', 'etag': 'XO2GcPUZVnlnxR1prKv09bDYVV0', 'id': 'UgzwC3iDBs3dt_wyFol4AaABAg.9hY8MJmfgFz9hYKhBqANw7', 'snippet': {'videoId': 'zEfTDpfyt1o', 'textDisplay': '@Lucilene Rocha se quisesse eleição facil pro Bolsonaro n descia pro play fião, oque adianta condenar em 3 estancia se dps foi anulado por parcialidade e inconstitucionalidade? Podia ser até na décima instancia (se existisse) que se o juiz for incompetente e comprado vai ser anulado, te falta lógica, seu cerebro tá podre', 'textOriginal': '@Lucilene Rocha se quisesse eleição facil pro Bolsonaro n descia pro play fião, oque adianta condenar em 3 estancia se dps foi anulado por parcialidade e inconstitucionalidade? Podia ser até na décima instancia (se existisse) que se o juiz for incompetente e comprado vai ser anulado, te falta lógica, seu cerebro tá podre', 'parentId': 'UgzwC3iDBs3dt_wyFol4AaABAg', 'authorDisplayName': 'D x N²', 'authorProfileImageUrl': 'https://yt3.ggpht.com/q1RsmObLRfIMQPkkmLFU0RH32eUJ0za2tNkg59UjG8B-pWxTXAktHOIzu3bwzspeSn-a0Vj8vw=s48-c-k-c0x00ffffff-no-rj', 'authorChannelUrl': 'http://www.youtube.com/channel/UCTjK-DZmYbQb4I06iyTb2Yw', 'authorChannelId': {'value': 'UCTjK-DZmYbQb4I06iyTb2Yw'}, 'canRate': True, 'viewerRating': 'none', 'likeCount': 0, 'publishedAt': '2022-10-23T23:54:16Z', 'updatedAt': '2022-10-23T23:54:16Z'}}]}",UCx497RcjuTYkmHydoBbQrHw,2022-10-23T22:06:25Z,"Não é estranho mandar prendê-lo nas vésperas , botar medo na população está é intenção 🧐🧐🧐🧐🧐🧐🧐🧐🧐🧐🧐o cara cansou de ser perseguido 🏴‍☠️🏴‍☠️🏴‍☠️🏴‍☠️🏴‍☠️🏴‍☠️🏴‍☠️🏴‍☠️🏴‍☠️🏴‍☠️🏴‍☠️🏴‍☠️🏴‍☠️🏴‍☠️",QURTSl9pM3BtLTc4TXRIb252WE5VSzU5NlNRTVM4Y2xWbjYwMTE2NWxkT0l6SjEwdHUzMFdOemgtX3dWLXFVbHpmR015ZU1nRzlrTnNuUQ==,2023-06-08 14:52:49.125465
youtube#commentThread,ZegRW4VxBTFZUbmdIB-4Pa5VdX4,Ugx1QPOFVnp7_M7VMmB4AaABAg,"{'videoId': 'zEfTDpfyt1o', 'topLevelComment': {'kind': 'youtube#comment', 'etag': 's0IwTxIO4dW9RjdfBOcYwFWRW7M', 'id': 'Ugx1QPOFVnp7_M7VMmB4AaABAg', 'snippet': {'videoId': 'zEfTDpfyt1o', 'textDisplay': 'As forças armadas têm que ir pra rua por a ordem', 'textOriginal': 'As forças armadas têm que ir pra rua por a ordem', 'authorDisplayName': 'luiz gusmao', 'authorProfileImageUrl': 'https://yt3.ggpht.com/ytc/AGIKgqMbcHvMFUu_6HNgn04yXm8aEj1FsJzokrs8Yv4quw=s48-c-k-c0x00ffffff-no-rj', 'authorChannelUrl': 'http://www.youtube.com/channel/UCn45TfSA9NwxMdiPSIHSDAA', 'authorChannelId': {'value': 'UCn45TfSA9NwxMdiPSIHSDAA'}, 'canRate': True, 'viewerRating': 'none', 'likeCount': 17, 'publishedAt': '2022-10-23T22:06:22Z', 'updatedAt': '2022-10-23T22:06:42Z'}}, 'canReply': True, 'totalReplyCount': 1, 'isPublic': True}","{'comments': [{'kind': 'youtube#comment', 'etag': 'LY7lulH21_NG8B3bfEgZJWC_Mi8', 'id': 'Ugx1QPOFVnp7_M7VMmB4AaABAg.9hY8LvejFNC9hY9W-W2Mwt', 'snippet': {'videoId': 'zEfTDpfyt1o', 'textDisplay': 'Sai dessa eles não estão nem aí pra ninguém', 'textOriginal': 'Sai dessa eles não estão nem aí pra ninguém', 'parentId': 'Ugx1QPOFVnp7_M7VMmB4AaABAg', 'authorDisplayName': 'Júlio César Frutuoso', 'authorProfileImageUrl': 'https://yt3.ggpht.com/ytc/AGIKgqMmsDp0aYOxD8B13AFRPTsVnJxRvzUR5iSRIBiALgI=s48-c-k-c0x00ffffff-no-rj', 'authorChannelUrl': 'http://www.youtube.com/channel/UCyaHSeNglspxyE0j9a4ifBg', 'authorChannelId': {'value': 'UCyaHSeNglspxyE0j9a4ifBg'}, 'canRate': True, 'viewerRating': 'none', 'likeCount': 0, 'publishedAt': '2022-10-23T22:16:29Z', 'updatedAt': '2022-10-23T22:16:29Z'}}]}",UCn45TfSA9NwxMdiPSIHSDAA,2022-10-23T22:06:22Z,As forças armadas têm que ir pra rua por a ordem,QURTSl9pM3BtLTc4TXRIb252WE5VSzU5NlNRTVM4Y2xWbjYwMTE2NWxkT0l6SjEwdHUzMFdOemgtX3dWLXFVbHpmR015ZU1nRzlrTnNuUQ==,2023-06-08 14:52:49.125465
youtube#commentThread,jlJ2IG0V_bZMj_wacxRcoBQsC-o,Ugx3ZZQXjtO1y0rkaQl4AaABAg,"{'videoId': 'zEfTDpfyt1o', 'topLevelComment': {'kind': 'youtube#comment', 'etag': 'z0ynz3rxG5d_SJnWTCWcHMueYuw', 'id': 'Ugx3ZZQXjtO1y0rkaQl4AaABAg', 'snippet': {'videoId': 'zEfTDpfyt1o', 'textDisplay': 'O CARA É DÁ GLOBO E VAI NESSE LOCAL AINDA?', 'textOriginal': 'O CARA É DÁ GLOBO E VAI NESSE LOCAL AINDA?', 'authorDisplayName': 'Luciano Mattos', 'authorProfileImageUrl': 'https://yt3.ggpht.com/nFwln2urhRcNLR-hObu-wq0WNGytdXWPjr6p4oaVexpmS3hW915ZPWanudKW2H60n6nwxQRhZw=s48-c-k-c0x00ffffff-no-rj', 'authorChannelUrl': 'http://www.youtube.com/channel/UCCmPWSdpvC4UHoUuw2PBTwQ', 'authorChannelId': {'value': 'UCCmPWSdpvC4UHoUuw2PBTwQ'}, 'canRate': True, 'viewerRating': 'none', 'likeCount': 22, 'publishedAt': '2022-10-23T22:06:06Z', 'updatedAt': '2022-10-23T22:06:06Z'}}, 'canReply': True, 'totalReplyCount': 12, 'isPublic': True}","{'comments': [{'kind': 'youtube#comment', 'etag': 'dwmuMwzTZgH-Xa8P4ZD8VAu_dqg', 'id': 'Ugx3ZZQXjtO1y0rkaQl4AaABAg.9hY8JugE6y09hYI36CCqog', 'snippet': {'videoId': 'zEfTDpfyt1o', 'textDisplay': '@marcos dos santos oxi, porque  pessoal lá não gosta deles', 'textOriginal': '@marcos dos santos oxi, porque  pessoal lá não gosta deles', 'parentId': 'Ugx3ZZQXjtO1y0rkaQl4AaABAg', 'authorDisplayName': 'Luciano Mattos', 'authorProfileImageUrl': 'https://yt3.ggpht.com/nFwln2urhRcNLR-hObu-wq0WNGytdXWPjr6p4oaVexpmS3hW915ZPWanudKW2H60n6nwxQRhZw=s48-c-k-c0x00ffffff-no-rj', 'authorChannelUrl': 'http://www.youtube.com/channel/UCCmPWSdpvC4UHoUuw2PBTwQ', 'authorChannelId': {'value': 'UCCmPWSdpvC4UHoUuw2PBTwQ'}, 'canRate': True, 'viewerRating': 'none', 'likeCount': 0, 'publishedAt': '2022-10-23T23:31:11Z', 'updatedAt': '2022-10-23T23:31:11Z'}}, {'kind': 'youtube#comment', 'etag': 'fUP5bEhdRhzzGLmKlxF1oBMGpXc', 'id': 'Ugx3ZZQXjtO1y0rkaQl4AaABAg.9hY8JugE6y09hYF31ES0Qo', 'snippet': {'videoId': 'zEfTDpfyt1o', 'textDisplay': '@Luciano Mattos e daí?', 'textOriginal': '@Luciano Mattos e daí?', 'parentId': 'Ugx3ZZQXjtO1y0rkaQl4AaABAg', 'authorDisplayName': 'marcos dos santos', 'authorProfileImageUrl': 'https://yt3.ggpht.com/ytc/AGIKgqN4b9HqRZYi_m94Xgf8PcyrA8pRyA3XJcquthkT=s48-c-k-c0x00ffffff-no-rj', 'authorChannelUrl': 'http://www.youtube.com/channel/UCTBtWOhsUY5Y1kN-L5t2jyw', 'authorChannelId': {'value': 'UCTBtWOhsUY5Y1kN-L5t2jyw'}, 'canRate': True, 'viewerRating': 'none', 'likeCount': 0, 'publishedAt': '2022-10-23T23:04:57Z', 'updatedAt': '2022-10-23T23:04:57Z'}}, {'kind': 'youtube#comment', 'etag': 'QpWTqha7NLAezpjRUXOwfkncjB8', 'id': 'Ugx3ZZQXjtO1y0rkaQl4AaABAg.9hY8JugE6y09hYEgVOQWup', 'snippet': {'videoId': 'zEfTDpfyt1o', 'textDisplay': '@Weslley Avelino concordo', 'textOriginal': '@Weslley Avelino concordo', 'parentId': 'Ugx3ZZQXjtO1y0rkaQl4AaABAg', 'authorDisplayName': 'Luciano Mattos', 'authorProfileImageUrl': 'https://yt3.ggpht.com/nFwln2urhRcNLR-hObu-wq0WNGytdXWPjr6p4oaVexpmS3hW915ZPWanudKW2H60n6nwxQRhZw=s48-c-k-c0x00ffffff-no-rj', 'authorChannelUrl': 'http://www.youtube.com/channel/UCCmPWSdpvC4UHoUuw2PBTwQ', 'authorChannelId': {'value': 'UCCmPWSdpvC4UHoUuw2PBTwQ'}, 'canRate': True, 'viewerRating': 'none', 'likeCount': 0, 'publishedAt': '2022-10-23T23:01:45Z', 'updatedAt': '2022-10-23T23:01:45Z'}}, {'kind': 'youtube#comment', 'etag': 'Q4I32bqesGF289fXsla76A6b_z8', 'id': 'Ugx3ZZQXjtO1y0rkaQl4AaABAg.9hY8JugE6y09hYEeb49HZs', 'snippet': {'videoId': 'zEfTDpfyt1o', 'textDisplay': '@marcos dos santos porque é a globo', 'textOriginal': '@marcos dos santos porque é a globo', 'parentId': 'Ugx3ZZQXjtO1y0rkaQl4AaABAg', 'authorDisplayName': 'Luciano Mattos', 'authorProfileImageUrl': 'https://yt3.ggpht.com/nFwln2urhRcNLR-hObu-wq0WNGytdXWPjr6p4oaVexpmS3hW915ZPWanudKW2H60n6nwxQRhZw=s48-c-k-c0x00ffffff-no-rj', 'authorChannelUrl': 'http://www.youtube.com/channel/UCCmPWSdpvC4UHoUuw2PBTwQ', 'authorChannelId': {'value': 'UCCmPWSdpvC4UHoUuw2PBTwQ'}, 'canRate': True, 'viewerRating': 'none', 'likeCount': 0, 'publishedAt': '2022-10-23T23:01:29Z', 'updatedAt': '2022-10-23T23:01:29Z'}}, {'kind': 'youtube#comment', 'etag': 'dQ3F7c_58TF2NELlyNsxIZ2BLws', 'id': 'Ugx3ZZQXjtO1y0rkaQl4AaABAg.9hY8JugE6y09hYCE5updyL', 'snippet': {'videoId': 'zEfTDpfyt1o', 'textDisplay': 'por q nao pode ? ou essa radio q apoia esse GENOCIDA?', 'textOriginal': 'por q nao pode ? ou essa radio q apoia esse GENOCIDA?', 'parentId': 'Ugx3ZZQXjtO1y0rkaQl4AaABAg', 'authorDisplayName': 'Romulo Pereira', 'authorProfileImageUrl': 'https://yt3.ggpht.com/ytc/AGIKgqNC5TUuV2hWZ1SPjIUk_NOM8-wtcWmmR8aFvQ=s48-c-k-c0x00ffffff-no-rj', 'authorChannelUrl': 'http://www.youtube.com/channel/UChvGHU2ChfzelQVs3D7Kj1w', 'authorChannelId': {'value': 'UChvGHU2ChfzelQVs3D7Kj1w'}, 'canRate': True, 'viewerRating': 'none', 'likeCount': 0, 'publishedAt': '2022-10-23T22:40:15Z', 'updatedAt': '2022-10-23T22:40:15Z'}}]}",UCCmPWSdpvC4UHoUuw2PBTwQ,2022-10-23T22:06:06Z,O CARA É DÁ GLOBO E VAI NESSE LOCAL AINDA?,QURTSl9pM3BtLTc4TXRIb252WE5VSzU5NlNRTVM4Y2xWbjYwMTE2NWxkT0l6SjEwdHUzMFdOemgtX3dWLXFVbHpmR015ZU1nRzlrTnNuUQ==,2023-06-08 14:52:49.125465
youtube#commentThread,MjTHbd0LbyY570hm6jWeekX9vFA,Ugw1qoneYfmXsGIFnVR4AaABAg,"{'videoId': 'zEfTDpfyt1o', 'topLevelComment': {'kind': 'youtube#comment', 'etag': 'WH9P9PMAA6l-xdPmOXsFI_XXynQ', 'id': 'Ugw1qoneYfmXsGIFnVR4AaABAg', 'snippet': {'videoId': 'zEfTDpfyt1o', 'textDisplay': 'Só Deus para dar um basta nisso.', 'textOriginal': 'Só Deus para dar um basta nisso.', 'authorDisplayName': 'E͙m͙i͙l͙i͙a͙ T͙o͙r͙r͙e͙s͙', 'authorProfileImageUrl': 'https://yt3.ggpht.com/ytc/AGIKgqMDK-5BJ7MIJDanEeT3lc1tklNEwvV5V_n39BlyjQ=s48-c-k-c0x00ffffff-no-rj', 'authorChannelUrl': 'http://www.youtube.com/channel/UCAK86LNhiGaTew30IBYG-zg', 'authorChannelId': {'value': 'UCAK86LNhiGaTew30IBYG-zg'}, 'canRate': True, 'viewerRating': 'none', 'likeCount': 213, 'publishedAt': '2022-10-23T22:06:02Z', 'updatedAt': '2022-10-23T22:06:02Z'}}, 'canReply': True, 'totalReplyCount': 56, 'isPublic': True}","{'comments': [{'kind': 'youtube#comment', 'etag': 'Bdq40ATsdFmLV5jzmNi5xMo4BUk', 'id': 'Ugw1qoneYfmXsGIFnVR4AaABAg.9hY8JVm1dD59hZa8Ofy1pZ', 'snippet': {'videoId': 'zEfTDpfyt1o', 'textDisplay': '@Maria Regina Landmayer qual é a Fonte, ou não importa com a verdade, só  falta estar falando em nome de Jesus', 'textOriginal': '@Maria Regina Landmayer qual é a Fonte, ou não importa com a verdade, só  falta estar falando em nome de Jesus', 'parentId': 'Ugw1qoneYfmXsGIFnVR4AaABAg', 'authorDisplayName': 'Rita Izabel', 'authorProfileImageUrl': 'https://yt3.ggpht.com/ytc/AGIKgqNo7mhk8JBVBNp1k84SF4umQEFXZb5r9_7tXnn1dnDQAMr962GFF9W1hqeuKUt0=s48-c-k-c0x00ffffff-no-rj', 'authorChannelUrl': 'http://www.youtube.com/channel/UCaUHEaD1Mo05ZS3UTuIeTIg', 'authorChannelId': {'value': 'UCaUHEaD1Mo05ZS3UTuIeTIg'}, 'canRate': True, 'viewerRating': 'none', 'likeCount': 0, 'publishedAt': '2022-10-24T11:37:10Z', 'updatedAt': '2022-10-24T11:37:10Z'}}, {'kind': 'youtube#comment', 'etag': 'C2xIRXRyqAomdYgeLf8AyK6gGdg', 'id': 'Ugw1qoneYfmXsGIFnVR4AaABAg.9hY8JVm1dD59hZ_ll5sCV_', 'snippet': {'videoId': 'zEfTDpfyt1o', 'textDisplay': '@Maria Regina Landmayer quanta burrice, de onde sairam Esse povo maluco cheio de teorias da conspiração, socorro!', 'textOriginal': '@Maria Regina Landmayer quanta burrice, de onde sairam Esse povo maluco cheio de teorias da conspiração, socorro!', 'parentId': 'Ugw1qoneYfmXsGIFnVR4AaABAg', 'authorDisplayName': 'Rita Izabel', 'authorProfileImageUrl': 'https://yt3.ggpht.com/ytc/AGIKgqNo7mhk8JBVBNp1k84SF4umQEFXZb5r9_7tXnn1dnDQAMr962GFF9W1hqeuKUt0=s48-c-k-c0x00ffffff-no-rj', 'authorChannelUrl': 'http://www.youtube.com/channel/UCaUHEaD1Mo05ZS3UTuIeTIg', 'authorChannelId': {'value': 'UCaUHEaD1Mo05ZS3UTuIeTIg'}, 'canRate': True, 'viewerRating': 'none', 'likeCount': 0, 'publishedAt': '2022-10-24T11:33:56Z', 'updatedAt': '2022-10-24T11:33:56Z'}}, {'kind': 'youtube#comment', 'etag': 'OIdE0kOq8up5hCsBErlYxHSEbqA', 'id': 'Ugw1qoneYfmXsGIFnVR4AaABAg.9hY8JVm1dD59hZ_Vt-AapZ', 'snippet': {'videoId': 'zEfTDpfyt1o', 'textDisplay': '@Maria Regina Landmayer meus Deus  o Brasil ta lascado com esse povo,  de onde ssiram', 'textOriginal': '@Maria Regina Landmayer meus Deus  o Brasil ta lascado com esse povo,  de onde ssiram', 'parentId': 'Ugw1qoneYfmXsGIFnVR4AaABAg', 'authorDisplayName': 'Rita Izabel', 'authorProfileImageUrl': 'https://yt3.ggpht.com/ytc/AGIKgqNo7mhk8JBVBNp1k84SF4umQEFXZb5r9_7tXnn1dnDQAMr962GFF9W1hqeuKUt0=s48-c-k-c0x00ffffff-no-rj', 'authorChannelUrl': 'http://www.youtube.com/channel/UCaUHEaD1Mo05ZS3UTuIeTIg', 'authorChannelId': {'value': 'UCaUHEaD1Mo05ZS3UTuIeTIg'}, 'canRate': True, 'viewerRating': 'none', 'likeCount': 0, 'publishedAt': '2022-10-24T11:31:38Z', 'updatedAt': '2022-10-24T11:31:38Z'}}, {'kind': 'youtube#comment', 'etag': 'KDnwsR8MjQy1etIfxKbhzSysJ3c', 'id': 'Ugw1qoneYfmXsGIFnVR4AaABAg.9hY8JVm1dD59hZ_BgPVLgt', 'snippet': {'videoId': 'zEfTDpfyt1o', 'textDisplay': '@Maria Regina Landmayer é um bandido, Bolsonaro quem disse e sempre foi bandido de alta periculosidade', 'textOriginal': '@Maria Regina Landmayer é um bandido, Bolsonaro quem disse e sempre foi bandido de alta periculosidade', 'parentId': 'Ugw1qoneYfmXsGIFnVR4AaABAg', 'authorDisplayName': 'Rita Izabel', 'authorProfileImageUrl': 'https://yt3.ggpht.com/ytc/AGIKgqNo7mhk8JBVBNp1k84SF4umQEFXZb5r9_7tXnn1dnDQAMr962GFF9W1hqeuKUt0=s48-c-k-c0x00ffffff-no-rj', 'authorChannelUrl': 'http://www.youtube.com/channel/UCaUHEaD1Mo05ZS3UTuIeTIg', 'authorChannelId': {'value': 'UCaUHEaD1Mo05ZS3UTuIeTIg'}, 'canRate': True, 'viewerRating': 'none', 'likeCount': 0, 'publishedAt': '2022-10-24T11:28:53Z', 'updatedAt': '2022-10-24T11:28:53Z'}}, {'kind': 'youtube#comment', 'etag': '5y_xGPZH7sNoECVfT3bo9x5q58Y', 'id': 'Ugw1qoneYfmXsGIFnVR4AaABAg.9hY8JVm1dD59hYyxkLSt8h', 'snippet': {'videoId': 'zEfTDpfyt1o', 'textDisplay': '@Rita Izabel  vc  não  sabe  discuitir  idéia ? deixa  então   te mostrar   uma  coisa que  vc  não  parou para  pensar , qdo  chama  as pessoas de gado.  Se têm   gado, tem  pasto,  né?   pois  bem  se têm  direita e esquerda,  tb têm  lado, né?  vamos  colocar  isso  na sua  visão?  Então,   o  gado fica no  pasto da  direita?  E  a esquerda  fica no   pasto da  esquerda ?.. Bom,   vamos  achar  um  nome  para  quem  fica no  pasto da esquerda?   Jumento  é perfeito, não  é?   O que  acha?', 'textOriginal': '@Rita Izabel  vc  não  sabe  discuitir  idéia ? deixa  então   te mostrar   uma  coisa que  vc  não  parou para  pensar , qdo  chama  as pessoas de gado.  Se têm   gado, tem  pasto,  né?   pois  bem  se têm  direita e esquerda,  tb têm  lado, né?  vamos  colocar  isso  na sua  visão?  Então,   o  gado fica no  pasto da  direita?  E  a esquerda  fica no   pasto da  esquerda ?.. Bom,   vamos  achar  um  nome  para  quem  fica no  pasto da esquerda?   Jumento  é perfeito, não  é?   O que  acha?', 'parentId': 'Ugw1qoneYfmXsGIFnVR4AaABAg', 'authorDisplayName': 'Maria Regina Landmayer', 'authorProfileImageUrl': 'https://yt3.ggpht.com/ytc/AGIKgqNzY1XW_jsvmVCZmid7F1vSXt6xpvLif94m=s48-c-k-c0x00ffffff-no-rj', 'authorChannelUrl': 'http://www.youtube.com/channel/UCj-66LXX0_rXwte9P12ga4Q', 'authorChannelId': {'value': 'UCj-66LXX0_rXwte9P12ga4Q'}, 'canRate': True, 'viewerRating': 'none', 'likeCount': 0, 'publishedAt': '2022-10-24T05:54:47Z', 'updatedAt': '2022-10-24T05:56:17Z'}}]}",UCAK86LNhiGaTew30IBYG-zg,2022-10-23T22:06:02Z,Só Deus para dar um basta nisso.,QURTSl9pM3BtLTc4TXRIb252WE5VSzU5NlNRTVM4Y2xWbjYwMTE2NWxkT0l6SjEwdHUzMFdOemgtX3dWLXFVbHpmR015ZU1nRzlrTnNuUQ==,2023-06-08 14:52:49.125465
youtube#commentThread,n7gTzkxbvB3btbouAxqGc7dHu7s,UgyCsfweRD3ndhMBHPp4AaABAg,"{'videoId': 'zEfTDpfyt1o', 'topLevelComment': {'kind': 'youtube#comment', 'etag': 'C_ScJ9JcSEIqvoW8yljWGk63QBQ', 'id': 'UgyCsfweRD3ndhMBHPp4AaABAg', 'snippet': {'videoId': 'zEfTDpfyt1o', 'textDisplay': 'Alexandre de Moraes também está agredindo a imprensa quando censura e poucos têm coragem de falar.', 'textOriginal': 'Alexandre de Moraes também está agredindo a imprensa quando censura e poucos têm coragem de falar.', 'authorDisplayName': 'Hélio Silva Nascimento', 'authorProfileImageUrl': 'https://yt3.ggpht.com/ytc/AGIKgqPFExyoeXhK0gLi3biuElonkJDMptls4JXlcyr0=s48-c-k-c0x00ffffff-no-rj', 'authorChannelUrl': 'http://www.youtube.com/channel/UCPYdvPODRCPuyIC7QutN6-A', 'authorChannelId': {'value': 'UCPYdvPODRCPuyIC7QutN6-A'}, 'canRate': True, 'viewerRating': 'none', 'likeCount': 65, 'publishedAt': '2022-10-23T22:05:58Z', 'updatedAt': '2022-10-23T22:05:58Z'}}, 'canReply': True, 'totalReplyCount': 10, 'isPublic': True}","{'comments': [{'kind': 'youtube#comment', 'etag': 'ehXIcRp7Rxo1YRWPRUgH5Gm0YbE', 'id': 'UgyCsfweRD3ndhMBHPp4AaABAg.9hY8J1L4iw09hYdiylQGxn', 'snippet': {'videoId': 'zEfTDpfyt1o', 'textDisplay': '@M Quando não respeitam a tua casa nem em domingo e vira habito, bom é lança chamas...granada é pouco...', 'textOriginal': '@M Quando não respeitam a tua casa nem em domingo e vira habito, bom é lança chamas...granada é pouco...', 'parentId': 'UgyCsfweRD3ndhMBHPp4AaABAg', 'authorDisplayName': 'Tiburcio Nascimento', 'authorProfileImageUrl': 'https://yt3.ggpht.com/ytc/AGIKgqPYJ16XbloZp1nRif2q9UiINjE9b3aLcJFllVpYZmGF8L32gAvFuJ_fm0H5T6oa=s48-c-k-c0x00ffffff-no-rj', 'authorChannelUrl': 'http://www.youtube.com/channel/UCOpVT2WBtvOTmNgRgNreY3Q', 'authorChannelId': {'value': 'UCOpVT2WBtvOTmNgRgNreY3Q'}, 'canRate': True, 'viewerRating': 'none', 'likeCount': 0, 'publishedAt': '2022-10-24T02:49:16Z', 'updatedAt': '2022-10-24T02:49:16Z'}}, {'kind': 'youtube#comment', 'etag': 'qVYNvWm4VgWc8tMys_2IRwcqatU', 'id': 'UgyCsfweRD3ndhMBHPp4AaABAg.9hY8J1L4iw09hYdN813Iej', 'snippet': {'videoId': 'zEfTDpfyt1o', 'textDisplay': '@Arte no Jardim \\\\Terrorismo puro, mostra os que se rebelam contra o status quo, tenta recuperar o terreno perdido em audiência,  serve ao Consórcio , condena as vítimas e se torna vítima usando um pau mandado,  como tantos que se oferecem...estratégia perfeita..para psicopatas,,, A Globo tem um plantel deles...', 'textOriginal': '@Arte no Jardim \\\\Terrorismo puro, mostra os que se rebelam contra o status quo, tenta recuperar o terreno perdido em audiência,  serve ao Consórcio , condena as vítimas e se torna vítima usando um pau mandado,  como tantos que se oferecem...estratégia perfeita..para psicopatas,,, A Globo tem um plantel deles...', 'parentId': 'UgyCsfweRD3ndhMBHPp4AaABAg', 'authorDisplayName': 'Tiburcio Nascimento', 'authorProfileImageUrl': 'https://yt3.ggpht.com/ytc/AGIKgqPYJ16XbloZp1nRif2q9UiINjE9b3aLcJFllVpYZmGF8L32gAvFuJ_fm0H5T6oa=s48-c-k-c0x00ffffff-no-rj', 'authorChannelUrl': 'http://www.youtube.com/channel/UCOpVT2WBtvOTmNgRgNreY3Q', 'authorChannelId': {'value': 'UCOpVT2WBtvOTmNgRgNreY3Q'}, 'canRate': True, 'viewerRating': 'none', 'likeCount': 0, 'publishedAt': '2022-10-24T02:46:09Z', 'updatedAt': '2022-10-24T02:46:09Z'}}, {'kind': 'youtube#comment', 'etag': 'CK0ubgzY0O2Lazzjl_f-E8fgYV0', 'id': 'UgyCsfweRD3ndhMBHPp4AaABAg.9hY8J1L4iw09hYFgeKx6if', 'snippet': {'videoId': 'zEfTDpfyt1o', 'textDisplay': '@M então? Agr tá liberado agredir pessoas de fora do processo só pra não &quot;passar em branco&quot;, não apoio os atos do XANDÃO mas não sou doido em não saber separar as coisas', 'textOriginal': '@M então? Agr tá liberado agredir pessoas de fora do processo só pra não ""passar em branco"", não apoio os atos do XANDÃO mas não sou doido em não saber separar as coisas', 'parentId': 'UgyCsfweRD3ndhMBHPp4AaABAg', 'authorDisplayName': 'Arte no Jardim', 'authorProfileImageUrl': 'https://yt3.ggpht.com/ytc/AGIKgqNYWkT6wR9zxJJoNWKFcTnRMq06jc4z-tOOA8mV0BY=s48-c-k-c0x00ffffff-no-rj', 'authorChannelUrl': 'http://www.youtube.com/channel/UCRXVQwpkfYr7soKI80kQoMQ', 'authorChannelId': {'value': 'UCRXVQwpkfYr7soKI80kQoMQ'}, 'canRate': True, 'viewerRating': 'none', 'likeCount': 0, 'publishedAt': '2022-10-23T23:10:30Z', 'updatedAt': '2022-10-23T23:10:30Z'}}, {'kind': 'youtube#comment', 'etag': 'F9AplvDY0vUWoVsBHj243Uy8TKs', 'id': 'UgyCsfweRD3ndhMBHPp4AaABAg.9hY8J1L4iw09hYDXCM0dLp', 'snippet': {'videoId': 'zEfTDpfyt1o', 'textDisplay': '@M defender Roberto Jefferson jamais, pra mim todos do mensalão, petrolão deveriam estar na cadeia mesmo, mas você está vendo como funciona a justiça brasileira, ladrão de frango é anos na cadeia e ladrão de bilhões de reais é solto pra roubar de novo.', 'textOriginal': '@M defender Roberto Jefferson jamais, pra mim todos do mensalão, petrolão deveriam estar na cadeia mesmo, mas você está vendo como funciona a justiça brasileira, ladrão de frango é anos na cadeia e ladrão de bilhões de reais é solto pra roubar de novo.', 'parentId': 'UgyCsfweRD3ndhMBHPp4AaABAg', 'authorDisplayName': 'Hélio Silva Nascimento', 'authorProfileImageUrl': 'https://yt3.ggpht.com/ytc/AGIKgqPFExyoeXhK0gLi3biuElonkJDMptls4JXlcyr0=s48-c-k-c0x00ffffff-no-rj', 'authorChannelUrl': 'http://www.youtube.com/channel/UCPYdvPODRCPuyIC7QutN6-A', 'authorChannelId': {'value': 'UCPYdvPODRCPuyIC7QutN6-A'}, 'canRate': True, 'viewerRating': 'none', 'likeCount': 0, 'publishedAt': '2022-10-23T22:51:36Z', 'updatedAt': '2022-10-23T22:51:36Z'}}, {'kind': 'youtube#comment', 'etag': 'RxtkEj9lo9WOHtIGim1sWD7kDz4', 'id': 'UgyCsfweRD3ndhMBHPp4AaABAg.9hY8J1L4iw09hYCetiFPGw', 'snippet': {'videoId': 'zEfTDpfyt1o', 'textDisplay': '@Hélio Silva Nascimento Tmb não concordo com tirar a liberdade de expressão das pessoas,até porque nao direito o contexto dessa história aí.<br>Mas agora,atirar contra policiais,jogar granadas,ferir dois deles,<br>E ainda vir pessoas defendendo esse cara que foi condenado confesso no mensalão. <br>Pra mim é muita falta de caráter.', 'textOriginal': '@Hélio Silva Nascimento Tmb não concordo com tirar a liberdade de expressão das pessoas,até porque nao direito o contexto dessa história aí.\\nMas agora,atirar contra policiais,jogar granadas,ferir dois deles,\\nE ainda vir pessoas defendendo esse cara que foi condenado confesso no mensalão. \\nPra mim é muita falta de caráter.', 'parentId': 'UgyCsfweRD3ndhMBHPp4AaABAg', 'authorDisplayName': 'M', 'authorProfileImageUrl': 'https://yt3.ggpht.com/ytc/AGIKgqPPcMWTa8IXZvJ2s2FkJE-AlDtYwH9f5ISP4jI1=s48-c-k-c0x00ffffff-no-rj', 'authorChannelUrl': 'http://www.youtube.com/channel/UCOgbRnnYsQPAZ1qVCpNAbjw', 'authorChannelId': {'value': 'UCOgbRnnYsQPAZ1qVCpNAbjw'}, 'canRate': True, 'viewerRating': 'none', 'likeCount': 0, 'publishedAt': '2022-10-23T22:44:03Z', 'updatedAt': '2022-10-23T22:44:03Z'}}]}",UCPYdvPODRCPuyIC7QutN6-A,2022-10-23T22:05:58Z,Alexandre de Moraes também está agredindo a imprensa quando censura e poucos têm coragem de falar.,QURTSl9pM3BtLTc4TXRIb252WE5VSzU5NlNRTVM4Y2xWbjYwMTE2NWxkT0l6SjEwdHUzMFdOemgtX3dWLXFVbHpmR015ZU1nRzlrTnNuUQ==,2023-06-08 14:52:49.125465
youtube#commentThread,UCBMA-MxM9hTe6MKTTBkl3cwkf4,Ugw-x4gwOE4WIuBiRGh4AaABAg,"{'videoId': 'zEfTDpfyt1o', 'topLevelComment': {'kind': 'youtube#comment', 'etag': 'ObTp5Tc3bzFWGcdmp-ZX45ol7ik', 'id': 'Ugw-x4gwOE4WIuBiRGh4AaABAg', 'snippet': {'videoId': 'zEfTDpfyt1o', 'textDisplay': 'CARÍSSIMO IRMÃOS PATRIOTAS DO BEM E FAMÍLIA DE DEUS À LIBERDADE PELO NOSSOS FILHOS E NETOS E A GERAÇÃO QUE ESTÁ CHEGANDO À HORA É ESTÁ É Ó BEM OU Ó MAL À LUZ OU ÀS TREVAS É O BOLSONARO BRASIL 💛💚💛🙏🙏🙏🙏🙏🇧🇷🇧🇷🇧🇷🇧🇷🇧🇷🇧🇷🇧🇷', 'textOriginal': 'CARÍSSIMO IRMÃOS PATRIOTAS DO BEM E FAMÍLIA DE DEUS À LIBERDADE PELO NOSSOS FILHOS E NETOS E A GERAÇÃO QUE ESTÁ CHEGANDO À HORA É ESTÁ É Ó BEM OU Ó MAL À LUZ OU ÀS TREVAS É O BOLSONARO BRASIL 💛💚💛🙏🙏🙏🙏🙏🇧🇷🇧🇷🇧🇷🇧🇷🇧🇷🇧🇷🇧🇷', 'authorDisplayName': 'Denys Ralfi', 'authorProfileImageUrl': 'https://yt3.ggpht.com/ytc/AGIKgqN7sNE7_KIK_IuwaYRqamJDX87u_K8450pb=s48-c-k-c0x00ffffff-no-rj', 'authorChannelUrl': 'http://www.youtube.com/channel/UCyhKocgTJfVBPd8YWZpb23w', 'authorChannelId': {'value': 'UCyhKocgTJfVBPd8YWZpb23w'}, 'canRate': True, 'viewerRating': 'none', 'likeCount': 30, 'publishedAt': '2022-10-23T22:05:47Z', 'updatedAt': '2022-10-23T22:05:47Z'}}, 'canReply': True, 'totalReplyCount': 9, 'isPublic': True}","{'comments': [{'kind': 'youtube#comment', 'etag': 'VyJoMLthbHhEWF4TZiGiqF_TgY0', 'id': 'Ugw-x4gwOE4WIuBiRGh4AaABAg.9hY8Hb6bEix9hYG3qEIbpm', 'snippet': {'videoId': 'zEfTDpfyt1o', 'textDisplay': '@Ulisena  🤣🤣🤣🤣🤣', 'textOriginal': '@Ulisena  🤣🤣🤣🤣🤣', 'parentId': 'Ugw-x4gwOE4WIuBiRGh4AaABAg', 'authorDisplayName': 'Jonas Miranda', 'authorProfileImageUrl': 'https://yt3.ggpht.com/ytc/AGIKgqPt9HQ-G2KyatOUAU2cqPCO4qKYYswEWEluCwQ=s48-c-k-c0x00ffffff-no-rj', 'authorChannelUrl': 'http://www.youtube.com/channel/UCAJhM5ZzjGKuuqOjGzmMQ3g', 'authorChannelId': {'value': 'UCAJhM5ZzjGKuuqOjGzmMQ3g'}, 'canRate': True, 'viewerRating': 'none', 'likeCount': 0, 'publishedAt': '2022-10-23T23:13:48Z', 'updatedAt': '2022-10-23T23:13:48Z'}}, {'kind': 'youtube#comment', 'etag': 'UugTuMQAj4Ss1hjBbIx0TNuj7Y4', 'id': 'Ugw-x4gwOE4WIuBiRGh4AaABAg.9hY8Hb6bEix9hYDK7P0tjC', 'snippet': {'videoId': 'zEfTDpfyt1o', 'textDisplay': '@Jonas Miranda há com certeza vc assiste todas as nossas novelas da Globo. 🐄🐄🐄🐄🐄🐄🐄🐄🐮🐮🐮🐮🐮🐮🐂🐂🐂🐂', 'textOriginal': '@Jonas Miranda há com certeza vc assiste todas as nossas novelas da Globo. 🐄🐄🐄🐄🐄🐄🐄🐄🐮🐮🐮🐮🐮🐮🐂🐂🐂🐂', 'parentId': 'Ugw-x4gwOE4WIuBiRGh4AaABAg', 'authorDisplayName': 'Ulisena', 'authorProfileImageUrl': 'https://yt3.ggpht.com/ytc/AGIKgqMc0_Up4Qeb1c1U1nj8sz6930EuqVTn0NrR7g=s48-c-k-c0x00ffffff-no-rj', 'authorChannelUrl': 'http://www.youtube.com/channel/UCtUirD0WWnnigrCxamblUtQ', 'authorChannelId': {'value': 'UCtUirD0WWnnigrCxamblUtQ'}, 'canRate': True, 'viewerRating': 'none', 'likeCount': 0, 'publishedAt': '2022-10-23T22:49:49Z', 'updatedAt': '2022-10-23T22:49:49Z'}}, {'kind': 'youtube#comment', 'etag': 'eo6t3W4ZdfqHiWVNBwl5Rzp6Hq4', 'id': 'Ugw-x4gwOE4WIuBiRGh4AaABAg.9hY8Hb6bEix9hYBQnybbTO', 'snippet': {'videoId': 'zEfTDpfyt1o', 'textDisplay': '@Leandro Tadeu Machado os REBANHOS são mesmo iguais 🐂🐂🐂🐄🐄🐮🐮🐄🐄🐂🐂🐂🐄🐮🐄🐄🐂🐂🐄🐮🐮🐮🐄🐂🐂🐄🐮🐮', 'textOriginal': '@Leandro Tadeu Machado os REBANHOS são mesmo iguais 🐂🐂🐂🐄🐄🐮🐮🐄🐄🐂🐂🐂🐄🐮🐄🐄🐂🐂🐄🐮🐮🐮🐄🐂🐂🐄🐮🐮', 'parentId': 'Ugw-x4gwOE4WIuBiRGh4AaABAg', 'authorDisplayName': 'Ulisena', 'authorProfileImageUrl': 'https://yt3.ggpht.com/ytc/AGIKgqMc0_Up4Qeb1c1U1nj8sz6930EuqVTn0NrR7g=s48-c-k-c0x00ffffff-no-rj', 'authorChannelUrl': 'http://www.youtube.com/channel/UCtUirD0WWnnigrCxamblUtQ', 'authorChannelId': {'value': 'UCtUirD0WWnnigrCxamblUtQ'}, 'canRate': True, 'viewerRating': 'none', 'likeCount': 0, 'publishedAt': '2022-10-23T22:33:15Z', 'updatedAt': '2022-10-23T22:33:15Z'}}, {'kind': 'youtube#comment', 'etag': 'ZlRvndNOnwganDr4ulVfBByuVT4', 'id': 'Ugw-x4gwOE4WIuBiRGh4AaABAg.9hY8Hb6bEix9hYBOFw2qsP', 'snippet': {'videoId': 'zEfTDpfyt1o', 'textDisplay': '@Jonas Miranda os REBANHOS são mesmo iguais. 🐂🐂🐂🐂🐂🐂🐂🐂🐂🐄🐄🐄🐄🐄🐄🐄🐄🐄🐄🐮🐮🐮🐮🐮🐮', 'textOriginal': '@Jonas Miranda os REBANHOS são mesmo iguais. 🐂🐂🐂🐂🐂🐂🐂🐂🐂🐄🐄🐄🐄🐄🐄🐄🐄🐄🐄🐮🐮🐮🐮🐮🐮', 'parentId': 'Ugw-x4gwOE4WIuBiRGh4AaABAg', 'authorDisplayName': 'Ulisena', 'authorProfileImageUrl': 'https://yt3.ggpht.com/ytc/AGIKgqMc0_Up4Qeb1c1U1nj8sz6930EuqVTn0NrR7g=s48-c-k-c0x00ffffff-no-rj', 'authorChannelUrl': 'http://www.youtube.com/channel/UCtUirD0WWnnigrCxamblUtQ', 'authorChannelId': {'value': 'UCtUirD0WWnnigrCxamblUtQ'}, 'canRate': True, 'viewerRating': 'none', 'likeCount': 0, 'publishedAt': '2022-10-23T22:32:54Z', 'updatedAt': '2022-10-23T22:32:54Z'}}, {'kind': 'youtube#comment', 'etag': '028-i659DZsK2M-7XEkDyPETH5U', 'id': 'Ugw-x4gwOE4WIuBiRGh4AaABAg.9hY8Hb6bEix9hYAupfAOmI', 'snippet': {'videoId': 'zEfTDpfyt1o', 'textDisplay': 'Sai daí fanático', 'textOriginal': 'Sai daí fanático', 'parentId': 'Ugw-x4gwOE4WIuBiRGh4AaABAg', 'authorDisplayName': 'Jonas Miranda', 'authorProfileImageUrl': 'https://yt3.ggpht.com/ytc/AGIKgqPt9HQ-G2KyatOUAU2cqPCO4qKYYswEWEluCwQ=s48-c-k-c0x00ffffff-no-rj', 'authorChannelUrl': 'http://www.youtube.com/channel/UCAJhM5ZzjGKuuqOjGzmMQ3g', 'authorChannelId': {'value': 'UCAJhM5ZzjGKuuqOjGzmMQ3g'}, 'canRate': True, 'viewerRating': 'none', 'likeCount': 0, 'publishedAt': '2022-10-23T22:28:45Z', 'updatedAt': '2022-10-23T22:28:45Z'}}]}",UCyhKocgTJfVBPd8YWZpb23w,2022-10-23T22:05:47Z,CARÍSSIMO IRMÃOS PATRIOTAS DO BEM E FAMÍLIA DE DEUS À LIBERDADE PELO NOSSOS FILHOS E NETOS E A GERAÇÃO QUE ESTÁ CHEGANDO À HORA É ESTÁ É Ó BEM OU Ó MAL À LUZ OU ÀS TREVAS É O BOLSONARO BRASIL 💛💚💛🙏🙏🙏🙏🙏🇧🇷🇧🇷🇧🇷🇧🇷🇧🇷🇧🇷🇧🇷,QURTSl9pM3BtLTc4TXRIb252WE5VSzU5NlNRTVM4Y2xWbjYwMTE2NWxkT0l6SjEwdHUzMFdOemgtX3dWLXFVbHpmR015ZU1nRzlrTnNuUQ==,2023-06-08 14:52:49.125465
youtube#commentThread,bVya6RBBcXlT54-aWyZfQEc_B3Y,UgxjGplaeWDXabXTwDN4AaABAg,"{'videoId': 'zEfTDpfyt1o', 'topLevelComment': {'kind': 'youtube#comment', 'etag': 'dyTEpKdOFXc2NRxoiqoJdobwfdY', 'id': 'UgxjGplaeWDXabXTwDN4AaABAg', 'snippet': {'videoId': 'zEfTDpfyt1o', 'textDisplay': 'Apoiador de Bolsonaro cará', 'textOriginal': 'Apoiador de Bolsonaro cará', 'authorDisplayName': 'Helio', 'authorProfileImageUrl': 'https://yt3.ggpht.com/ytc/AGIKgqOpE0FhfhU1ZEusgRD6xDnS72LD7LVyMkqycdGsMXs=s48-c-k-c0x00ffffff-no-rj', 'authorChannelUrl': 'http://www.youtube.com/channel/UCjdOcNHijsqpsIJNjE-6Log', 'authorChannelId': {'value': 'UCjdOcNHijsqpsIJNjE-6Log'}, 'canRate': True, 'viewerRating': 'none', 'likeCount': 1, 'publishedAt': '2022-10-23T22:05:39Z', 'updatedAt': '2022-10-23T22:05:39Z'}}, 'canReply': True, 'totalReplyCount': 0, 'isPublic': True}",,UCjdOcNHijsqpsIJNjE-6Log,2022-10-23T22:05:39Z,Apoiador de Bolsonaro cará,QURTSl9pM3BtLTc4TXRIb252WE5VSzU5NlNRTVM4Y2xWbjYwMTE2NWxkT0l6SjEwdHUzMFdOemgtX3dWLXFVbHpmR015ZU1nRzlrTnNuUQ==,2023-06-08 14:52:49.125465
youtube#commentThread,IoEK7yhCOaVNJcfc0137Es9LCqk,Ugztk4oP79ujGA-c2al4AaABAg,"{'videoId': 'zEfTDpfyt1o', 'topLevelComment': {'kind': 'youtube#comment', 'etag': 'zs8pZnaR0tFR6jh4Jq2lZQV5oMs', 'id': 'Ugztk4oP79ujGA-c2al4AaABAg', 'snippet': {'videoId': 'zEfTDpfyt1o', 'textDisplay': 'O Xandão tá causando uma desordem no país', 'textOriginal': 'O Xandão tá causando uma desordem no país', 'authorDisplayName': 'jovane augusto', 'authorProfileImageUrl': 'https://yt3.ggpht.com/ytc/AGIKgqMz-NI4OeRrL_iN_lBAon4ucNNcPnHNGej3G8hz=s48-c-k-c0x00ffffff-no-rj', 'authorChannelUrl': 'http://www.youtube.com/channel/UCfyS7cXMoB299dhdq99toBg', 'authorChannelId': {'value': 'UCfyS7cXMoB299dhdq99toBg'}, 'canRate': True, 'viewerRating': 'none', 'likeCount': 6, 'publishedAt': '2022-10-23T22:04:59Z', 'updatedAt': '2022-10-23T22:04:59Z'}}, 'canReply': True, 'totalReplyCount': 0, 'isPublic': True}",,UCfyS7cXMoB299dhdq99toBg,2022-10-23T22:04:59Z,O Xandão tá causando uma desordem no país,QURTSl9pM3BtLTc4TXRIb252WE5VSzU5NlNRTVM4Y2xWbjYwMTE2NWxkT0l6SjEwdHUzMFdOemgtX3dWLXFVbHpmR015ZU1nRzlrTnNuUQ==,2023-06-08 14:52:49.125465
youtube#commentThread,5y0wYHrJ3bYlUlrhFifVCYPoa60,UgyAQR9lqT3Mr9-JtcV4AaABAg,"{'videoId': 'zEfTDpfyt1o', 'topLevelComment': {'kind': 'youtube#comment', 'etag': '-aBbGgVmt4CqNNwIGzXKFBYLODM', 'id': 'UgyAQR9lqT3Mr9-JtcV4AaABAg', 'snippet': {'videoId': 'zEfTDpfyt1o', 'textDisplay': '😎 TADINHO !!!', 'textOriginal': '😎 TADINHO !!!', 'authorDisplayName': 'Vera Carvalho', 'authorProfileImageUrl': 'https://yt3.ggpht.com/ytc/AGIKgqMbAFLaSkoiKaoCpEEl7LWz5GzG8d-gb_aQ9A=s48-c-k-c0x00ffffff-no-rj', 'authorChannelUrl': 'http://www.youtube.com/channel/UCSAMxXnkOJT5E0MFcT8LS8A', 'authorChannelId': {'value': 'UCSAMxXnkOJT5E0MFcT8LS8A'}, 'canRate': True, 'viewerRating': 'none', 'likeCount': 5, 'publishedAt': '2022-10-23T22:04:47Z', 'updatedAt': '2022-10-23T22:04:47Z'}}, 'canReply': True, 'totalReplyCount': 1, 'isPublic': True}","{'comments': [{'kind': 'youtube#comment', 'etag': 'WIXZhLHzXV32DWf3_FD_vDbpv0U', 'id': 'UgyAQR9lqT3Mr9-JtcV4AaABAg.9hY8AFyG-_M9hY8vOdvABd', 'snippet': {'videoId': 'zEfTDpfyt1o', 'textDisplay': 'Só q não 😁😁😁😁😁✌️🌻', 'textOriginal': 'Só q não 😁😁😁😁😁✌️🌻', 'parentId': 'UgyAQR9lqT3Mr9-JtcV4AaABAg', 'authorDisplayName': 'Cleidimar Neto', 'authorProfileImageUrl': 'https://yt3.ggpht.com/ytc/AGIKgqOugko4nTfOCpRtPOJQj4-qsCi10qEtPd8wb-5Qh4ZHrFbUz1HmC48enSi0LHk2=s48-c-k-c0x00ffffff-no-rj', 'authorChannelUrl': 'http://www.youtube.com/channel/UCi_x8iutPrp00R-X0nsiKmA', 'authorChannelId': {'value': 'UCi_x8iutPrp00R-X0nsiKmA'}, 'canRate': True, 'viewerRating': 'none', 'likeCount': 0, 'publishedAt': '2022-10-23T22:11:21Z', 'updatedAt': '2022-10-23T22:11:21Z'}}]}",UCSAMxXnkOJT5E0MFcT8LS8A,2022-10-23T22:04:47Z,😎 TADINHO !!!,QURTSl9pM3BtLTc4TXRIb252WE5VSzU5NlNRTVM4Y2xWbjYwMTE2NWxkT0l6SjEwdHUzMFdOemgtX3dWLXFVbHpmR015ZU1nRzlrTnNuUQ==,2023-06-08 14:52:49.125465
youtube#commentThread,-Gk93UfsBIdXumj-UCVTWWaUFiE,UgxZa9P43L8YV9gZ-MZ4AaABAg,"{'videoId': 'zEfTDpfyt1o', 'topLevelComment': {'kind': 'youtube#comment', 'etag': 'sQubaiW00Mwi1PUyGk2JvCDiAoA', 'id': 'UgxZa9P43L8YV9gZ-MZ4AaABAg', 'snippet': {'videoId': 'zEfTDpfyt1o', 'textDisplay': 'Um Louco este Roberto Jefferson, suas Atitudes São Sem Nenhuma Sensatez e Tornou-se um Suicida.<br>É Melhor Roberto Jefferson Preso Mesmo, Nação Brasileira não precisa de um Desequilibrado deste tipo que fica Só Gerando desordens.', 'textOriginal': 'Um Louco este Roberto Jefferson, suas Atitudes São Sem Nenhuma Sensatez e Tornou-se um Suicida.\\nÉ Melhor Roberto Jefferson Preso Mesmo, Nação Brasileira não precisa de um Desequilibrado deste tipo que fica Só Gerando desordens.', 'authorDisplayName': 'eduardo albuquerque', 'authorProfileImageUrl': 'https://yt3.ggpht.com/ytc/AGIKgqMFNxdVnsrL6Ah5X7k3e6TH80DVCCSG5-3aAQ=s48-c-k-c0x00ffffff-no-rj', 'authorChannelUrl': 'http://www.youtube.com/channel/UCrOkyLyGOw5EPaGjsMJpOYA', 'authorChannelId': {'value': 'UCrOkyLyGOw5EPaGjsMJpOYA'}, 'canRate': True, 'viewerRating': 'none', 'likeCount': 2, 'publishedAt': '2022-10-23T22:04:42Z', 'updatedAt': '2022-10-23T22:04:42Z'}}, 'canReply': True, 'totalReplyCount': 2, 'isPublic': True}","{'comments': [{'kind': 'youtube#comment', 'etag': 'nw9Dh0Yw7HGP4qNJuSRGDPg1IGI', 'id': 'UgxZa9P43L8YV9gZ-MZ4AaABAg.9hY89jlcjPC9hY993_JFW9', 'snippet': {'videoId': 'zEfTDpfyt1o', 'textDisplay': 'Ainda bem que Presidente Bolsonaro jamais se uniu as Loucuras do Roberto Jefferson, sua Insanidade cada Vez mais Piorando', 'textOriginal': 'Ainda bem que Presidente Bolsonaro jamais se uniu as Loucuras do Roberto Jefferson, sua Insanidade cada Vez mais Piorando', 'parentId': 'UgxZa9P43L8YV9gZ-MZ4AaABAg', 'authorDisplayName': 'eduardo albuquerque', 'authorProfileImageUrl': 'https://yt3.ggpht.com/ytc/AGIKgqMFNxdVnsrL6Ah5X7k3e6TH80DVCCSG5-3aAQ=s48-c-k-c0x00ffffff-no-rj', 'authorChannelUrl': 'http://www.youtube.com/channel/UCrOkyLyGOw5EPaGjsMJpOYA', 'authorChannelId': {'value': 'UCrOkyLyGOw5EPaGjsMJpOYA'}, 'canRate': True, 'viewerRating': 'none', 'likeCount': 0, 'publishedAt': '2022-10-23T22:13:21Z', 'updatedAt': '2022-10-23T22:13:21Z'}}, {'kind': 'youtube#comment', 'etag': 'o9HsBdwH0OEmGHKYv9CnTZoqX0M', 'id': 'UgxZa9P43L8YV9gZ-MZ4AaABAg.9hY89jlcjPC9hY8nDKUu3-', 'snippet': {'videoId': 'zEfTDpfyt1o', 'textDisplay': 'Quem impôs a desordem foi o PARTIDO POLITICO STF. CANSADOS DE TANTA ACREÇÃO E PERSEGUIÇÃO.', 'textOriginal': 'Quem impôs a desordem foi o PARTIDO POLITICO STF. CANSADOS DE TANTA ACREÇÃO E PERSEGUIÇÃO.', 'parentId': 'UgxZa9P43L8YV9gZ-MZ4AaABAg', 'authorDisplayName': 'Wendell J Stos', 'authorProfileImageUrl': 'https://yt3.ggpht.com/NyK91ty5QEcc2UfohzpjQiyHyTOxcdNptaqbzkEUt5M2QFT2UNTaQvwhFUf1Y5TwWPuwmZpuYA=s48-c-k-c0x00ffffff-no-rj', 'authorChannelUrl': 'http://www.youtube.com/channel/UCzML2iAFYZucB9j1v_kk3iQ', 'authorChannelId': {'value': 'UCzML2iAFYZucB9j1v_kk3iQ'}, 'canRate': True, 'viewerRating': 'none', 'likeCount': 1, 'publishedAt': '2022-10-23T22:10:14Z', 'updatedAt': '2022-10-23T22:10:14Z'}}]}",UCrOkyLyGOw5EPaGjsMJpOYA,2022-10-23T22:04:42Z,"Um Louco este Roberto Jefferson, suas Atitudes São Sem Nenhuma Sensatez e Tornou-se um Suicida.
É Melhor Roberto Jefferson Preso Mesmo, Nação Brasileira não precisa de um Desequilibrado deste tipo que fica Só Gerando desordens.",QURTSl9pM3BtLTc4TXRIb252WE5VSzU5NlNRTVM4Y2xWbjYwMTE2NWxkT0l6SjEwdHUzMFdOemgtX3dWLXFVbHpmR015ZU1nRzlrTnNuUQ==,2023-06-08 14:52:49.125465
youtube#commentThread,YkubGqQB-rAwcPx8TJYfGuqGPZ4,Ugx-wIsdciWevB_Duzt4AaABAg,"{'videoId': 'zEfTDpfyt1o', 'topLevelComment': {'kind': 'youtube#comment', 'etag': 'fhNpY8SI8XIGC7S0GULnK0XJYbo', 'id': 'Ugx-wIsdciWevB_Duzt4AaABAg', 'snippet': {'videoId': 'zEfTDpfyt1o', 'textDisplay': 'A Globo não tem nada pra ir lá xeretar, bando de tendenciosos!', 'textOriginal': 'A Globo não tem nada pra ir lá xeretar, bando de tendenciosos!', 'authorDisplayName': 'Elaine Maria', 'authorProfileImageUrl': 'https://yt3.ggpht.com/ytc/AGIKgqN_oUiBfYy4r2J0-EcYFGTZIJk-NJAYOnH2pQ=s48-c-k-c0x00ffffff-no-rj', 'authorChannelUrl': 'http://www.youtube.com/channel/UClFNZnsLKQFyx9TZLFNxzMQ', 'authorChannelId': {'value': 'UClFNZnsLKQFyx9TZLFNxzMQ'}, 'canRate': True, 'viewerRating': 'none', 'likeCount': 33, 'publishedAt': '2022-10-23T22:03:03Z', 'updatedAt': '2022-10-23T22:03:03Z'}}, 'canReply': True, 'totalReplyCount': 2, 'isPublic': True}","{'comments': [{'kind': 'youtube#comment', 'etag': '6eQvyQQJkEwmzOlwQqKfd-IcBkg', 'id': 'Ugx-wIsdciWevB_Duzt4AaABAg.9hY7ye3oH9t9hY9thoopSw', 'snippet': {'videoId': 'zEfTDpfyt1o', 'textDisplay': 'Elaine Maria se você me responder 1 pergunta apenas eu te votarei no bolsonaro ok declaro meu voto no teu mito mais tem que ser uma resposta sincera e de caráter da sua índole. Pronto vou perguntar: se seu patrão é errado faz coisas erradas você no seu ponto de vista acha que alguém deve vir e descontar os problemas do seu patrão em você te agredir ou te xingar ou te humilhar? Você seriamente acha isso certo querida se tu acha isso certo vá um psiquiatra urgentemente.', 'textOriginal': 'Elaine Maria se você me responder 1 pergunta apenas eu te votarei no bolsonaro ok declaro meu voto no teu mito mais tem que ser uma resposta sincera e de caráter da sua índole. Pronto vou perguntar: se seu patrão é errado faz coisas erradas você no seu ponto de vista acha que alguém deve vir e descontar os problemas do seu patrão em você te agredir ou te xingar ou te humilhar? Você seriamente acha isso certo querida se tu acha isso certo vá um psiquiatra urgentemente.', 'parentId': 'Ugx-wIsdciWevB_Duzt4AaABAg', 'authorDisplayName': 'TheBruno', 'authorProfileImageUrl': 'https://yt3.ggpht.com/ytc/AGIKgqMSM4sJszHhZYUGqJ8aUoS1BcPsKBo85nuVAF9uyg=s48-c-k-c0x00ffffff-no-rj', 'authorChannelUrl': 'http://www.youtube.com/channel/UCiGKGU5BdhJgjHSzdH1ffSg', 'authorChannelId': {'value': 'UCiGKGU5BdhJgjHSzdH1ffSg'}, 'canRate': True, 'viewerRating': 'none', 'likeCount': 0, 'publishedAt': '2022-10-23T22:19:51Z', 'updatedAt': '2022-10-23T22:19:51Z'}}, {'kind': 'youtube#comment', 'etag': '4LIANJX-sBn2RxyXoVrpXJqcTrY', 'id': 'Ugx-wIsdciWevB_Duzt4AaABAg.9hY7ye3oH9t9hY8zpQUfNt', 'snippet': {'videoId': 'zEfTDpfyt1o', 'textDisplay': 'Então a culpa é do reporter kkkkk hipócritas do caramba.', 'textOriginal': 'Então a culpa é do reporter kkkkk hipócritas do caramba.', 'parentId': 'Ugx-wIsdciWevB_Duzt4AaABAg', 'authorDisplayName': 'Luis Fernando', 'authorProfileImageUrl': 'https://yt3.ggpht.com/ytc/AGIKgqMcv_ly4LupEH0dXMLaNnEs8mv8qCTiwNzVCw=s48-c-k-c0x00ffffff-no-rj', 'authorChannelUrl': 'http://www.youtube.com/channel/UC4IGLXaXUrFZCvH4pjWQ9Vw', 'authorChannelId': {'value': 'UC4IGLXaXUrFZCvH4pjWQ9Vw'}, 'canRate': True, 'viewerRating': 'none', 'likeCount': 5, 'publishedAt': '2022-10-23T22:11:57Z', 'updatedAt': '2022-10-23T22:11:57Z'}}]}",UClFNZnsLKQFyx9TZLFNxzMQ,2022-10-23T22:03:03Z,"A Globo não tem nada pra ir lá xeretar, bando de tendenciosos!",QURTSl9pM3BtLTc4TXRIb252WE5VSzU5NlNRTVM4Y2xWbjYwMTE2NWxkT0l6SjEwdHUzMFdOemgtX3dWLXFVbHpmR015ZU1nRzlrTnNuUQ==,2023-06-08 14:52:49.125465
youtube#commentThread,i85GDHBAvkn9Uud64tu4CaVFZc4,UgyZHnWjA_bMF0-1akR4AaABAg,"{'videoId': 'zEfTDpfyt1o', 'topLevelComment': {'kind': 'youtube#comment', 'etag': 'A7ePOmUWiW8mbTLyWx9v0If5cL4', 'id': 'UgyZHnWjA_bMF0-1akR4AaABAg', 'snippet': {'videoId': 'zEfTDpfyt1o', 'textDisplay': 'Deus abençoe', 'textOriginal': 'Deus abençoe', 'authorDisplayName': 'Adilson Tavares', 'authorProfileImageUrl': 'https://yt3.ggpht.com/ytc/AGIKgqP3-3kLr253I2ZWbPoU0tW9VT-YG8Qd4qbhrg=s48-c-k-c0x00ffffff-no-rj', 'authorChannelUrl': 'http://www.youtube.com/channel/UCqPRonHclyXOi50Ym4UuAhA', 'authorChannelId': {'value': 'UCqPRonHclyXOi50Ym4UuAhA'}, 'canRate': True, 'viewerRating': 'none', 'likeCount': 39, 'publishedAt': '2022-10-23T22:02:25Z', 'updatedAt': '2022-10-23T22:02:25Z'}}, 'canReply': True, 'totalReplyCount': 0, 'isPublic': True}",,UCqPRonHclyXOi50Ym4UuAhA,2022-10-23T22:02:25Z,Deus abençoe,,2023-06-08 14:52:49.853880
youtube#commentThread,vy4KDhGykg8lv82H0OuNPQLwU4g,Ugxde7P1zirjQ_yvwk94AaABAg,"{'videoId': 'zEfTDpfyt1o', 'topLevelComment': {'kind': 'youtube#comment', 'etag': 'oBwOPKjv7AVqr8enrMSmelxmmgE', 'id': 'Ugxde7P1zirjQ_yvwk94AaABAg', 'snippet': {'videoId': 'zEfTDpfyt1o', 'textDisplay': 'Até quando vamos aturar a DITADURA comunista no Brasil ? ? ?', 'textOriginal': 'Até quando vamos aturar a DITADURA comunista no Brasil ? ? ?', 'authorDisplayName': 'BJJBRSA', 'authorProfileImageUrl': 'https://yt3.ggpht.com/ytc/AGIKgqOtpxZ3A9xQCd0rVI3MVnmICUAipv5I8833jod1TrzWhsj21M9_G9WKfb2OPxl4=s48-c-k-c0x00ffffff-no-rj', 'authorChannelUrl': 'http://www.youtube.com/channel/UChgoZFh-deFOUPEzyiuukHA', 'authorChannelId': {'value': 'UChgoZFh-deFOUPEzyiuukHA'}, 'canRate': True, 'viewerRating': 'none', 'likeCount': 1, 'publishedAt': '2022-10-23T22:01:48Z', 'updatedAt': '2022-10-23T22:01:48Z'}}, 'canReply': True, 'totalReplyCount': 0, 'isPublic': True}",,UChgoZFh-deFOUPEzyiuukHA,2022-10-23T22:01:48Z,Até quando vamos aturar a DITADURA comunista no Brasil ? ? ?,,2023-06-08 14:52:49.853880
youtube#commentThread,7U87KGclcxnplm2sAhFmM_lmLLg,UgwsCFWpxL1143dphKZ4AaABAg,"{'videoId': 'zEfTDpfyt1o', 'topLevelComment': {'kind': 'youtube#comment', 'etag': 'pzqShZO3UqGJPnf8as7AWWCis6Q', 'id': 'UgwsCFWpxL1143dphKZ4AaABAg', 'snippet': {'videoId': 'zEfTDpfyt1o', 'textDisplay': 'É isso que vocês querem pro Brasil por mais 4 anos? Eu não, bolsonaro transformou esse país num hospício, chega logo dia 30 🙌🏻', 'textOriginal': 'É isso que vocês querem pro Brasil por mais 4 anos? Eu não, bolsonaro transformou esse país num hospício, chega logo dia 30 🙌🏻', 'authorDisplayName': 'Giovanni Castronuovo', 'authorProfileImageUrl': 'https://yt3.ggpht.com/Cs-3tLYuE_GDSKaFvYdcRWjcPGZny4q1v4m36cxJiOZ0MujmLYeXe9T6QwhgHIwtrwKozmhrMQ=s48-c-k-c0x00ffffff-no-rj', 'authorChannelUrl': 'http://www.youtube.com/channel/UCy8Fqo-xvPlaI0wgbrB2hyw', 'authorChannelId': {'value': 'UCy8Fqo-xvPlaI0wgbrB2hyw'}, 'canRate': True, 'viewerRating': 'none', 'likeCount': 11, 'publishedAt': '2022-10-23T22:01:31Z', 'updatedAt': '2022-10-23T22:01:31Z'}}, 'canReply': True, 'totalReplyCount': 28, 'isPublic': True}","{'comments': [{'kind': 'youtube#comment', 'etag': 'a5aUsuWMROwbg31mlw-k9ooL5_o', 'id': 'UgwsCFWpxL1143dphKZ4AaABAg.9hY7nNcocdD9hYGQYo9YeJ', 'snippet': {'videoId': 'zEfTDpfyt1o', 'textDisplay': '@Arte no Jardim se o cara insulta a democracia é claro que é culpa dele? Oi vc se faz de cego e não o vê o que tá acontecendo é culpa dele?', 'textOriginal': '@Arte no Jardim se o cara insulta a democracia é claro que é culpa dele? Oi vc se faz de cego e não o vê o que tá acontecendo é culpa dele?', 'parentId': 'UgwsCFWpxL1143dphKZ4AaABAg', 'authorDisplayName': 'Nanda', 'authorProfileImageUrl': 'https://yt3.ggpht.com/oESQFPRbG_3wd_Uisr2gqi8mMQ5vBbJu3Dn25gmOpN8V5q-8UbMwhzQdPz5HBblv8R6Eyd8whjc=s48-c-k-c0x00ffffff-no-rj', 'authorChannelUrl': 'http://www.youtube.com/channel/UCiezZILeSDUXVB0OYKw2REQ', 'authorChannelId': {'value': 'UCiezZILeSDUXVB0OYKw2REQ'}, 'canRate': True, 'viewerRating': 'none', 'likeCount': 0, 'publishedAt': '2022-10-23T23:16:54Z', 'updatedAt': '2022-10-23T23:16:54Z'}}, {'kind': 'youtube#comment', 'etag': 'UFjMs-6hJ5R6jwTB6SBY2RnvMoY', 'id': 'UgwsCFWpxL1143dphKZ4AaABAg.9hY7nNcocdD9hYCiMOv3pK', 'snippet': {'videoId': 'zEfTDpfyt1o', 'textDisplay': 'Ahh claro, a violência no Brasil só começou em 2019, antes não existia. Vai estudar antes de abrir a boca e falar besteira.', 'textOriginal': 'Ahh claro, a violência no Brasil só começou em 2019, antes não existia. Vai estudar antes de abrir a boca e falar besteira.', 'parentId': 'UgwsCFWpxL1143dphKZ4AaABAg', 'authorDisplayName': 'Fernando Godoy', 'authorProfileImageUrl': 'https://yt3.ggpht.com/X1UZGQ0ks34kFUBz3scYtYYBJTcf_aHXqZZDVFATSUmmzhbe6BQRnCfdIMMfdcOAy5rNjWHINTY=s48-c-k-c0x00ffffff-no-rj', 'authorChannelUrl': 'http://www.youtube.com/channel/UC7HVqGq4p-To-8PFZtaGezA', 'authorChannelId': {'value': 'UC7HVqGq4p-To-8PFZtaGezA'}, 'canRate': True, 'viewerRating': 'none', 'likeCount': 0, 'publishedAt': '2022-10-23T22:44:31Z', 'updatedAt': '2022-10-23T22:44:31Z'}}, {'kind': 'youtube#comment', 'etag': 'tHGkrOucXcR5zzED9tk4TAuebDA', 'id': 'UgwsCFWpxL1143dphKZ4AaABAg.9hY7nNcocdD9hYAIZcHCDa', 'snippet': {'videoId': 'zEfTDpfyt1o', 'textDisplay': '@Canal do Zero O Sr. ROBERTO JEFFERSON  teve foi é <b>Coragem</b>  de  mostrar a bandidagem já na CPI dos Correios. <br>Meu profundo <b>RESPEITO</b>  ao  Bob  Jef ! !', 'textOriginal': '@Canal do Zero O Sr. ROBERTO JEFFERSON  teve foi é *Coragem*  de  mostrar a bandidagem já na CPI dos Correios. \\nMeu profundo *RESPEITO*  ao  Bob  Jef ! !', 'parentId': 'UgwsCFWpxL1143dphKZ4AaABAg', 'authorDisplayName': 'Lucelia Mosena Mosena', 'authorProfileImageUrl': 'https://yt3.ggpht.com/ytc/AGIKgqNhgph_Z47uGtDp1MWtTycKYCcUiNGCcglkH7Zr=s48-c-k-c0x00ffffff-no-rj', 'authorChannelUrl': 'http://www.youtube.com/channel/UCqwNaQFmpYPe8-OqY9KFc0A', 'authorChannelId': {'value': 'UCqwNaQFmpYPe8-OqY9KFc0A'}, 'canRate': True, 'viewerRating': 'none', 'likeCount': 0, 'publishedAt': '2022-10-23T22:23:23Z', 'updatedAt': '2022-10-23T22:23:23Z'}}, {'kind': 'youtube#comment', 'etag': 'KCA7Qw4l2bp_zx1m3WzNbd_HyTc', 'id': 'UgwsCFWpxL1143dphKZ4AaABAg.9hY7nNcocdD9hYADb8K-A3', 'snippet': {'videoId': 'zEfTDpfyt1o', 'textDisplay': 'O Sr. ROBERTO JEFFERSON  teve foi é <b>Coragem</b>  de  mostrar a bandidagem já na CPI dos Correios. <br>Meu profundo <b>RESPEITO</b>  ao  Bob  Jef ! !', 'textOriginal': 'O Sr. ROBERTO JEFFERSON  teve foi é *Coragem*  de  mostrar a bandidagem já na CPI dos Correios. \\nMeu profundo *RESPEITO*  ao  Bob  Jef ! !', 'parentId': 'UgwsCFWpxL1143dphKZ4AaABAg', 'authorDisplayName': 'Lucelia Mosena Mosena', 'authorProfileImageUrl': 'https://yt3.ggpht.com/ytc/AGIKgqNhgph_Z47uGtDp1MWtTycKYCcUiNGCcglkH7Zr=s48-c-k-c0x00ffffff-no-rj', 'authorChannelUrl': 'http://www.youtube.com/channel/UCqwNaQFmpYPe8-OqY9KFc0A', 'authorChannelId': {'value': 'UCqwNaQFmpYPe8-OqY9KFc0A'}, 'canRate': True, 'viewerRating': 'none', 'likeCount': 0, 'publishedAt': '2022-10-23T22:22:42Z', 'updatedAt': '2022-10-23T22:22:42Z'}}, {'kind': 'youtube#comment', 'etag': 'ug90BuqAhclhF7OKHGqBe7tmuDE', 'id': 'UgwsCFWpxL1143dphKZ4AaABAg.9hY7nNcocdD9hY9vsHmBGY', 'snippet': {'videoId': 'zEfTDpfyt1o', 'textDisplay': 'O que tem a ver Bolsonaro com tudo isso que está acontecendo?<br>Forçando a barra pra jogar no colo do presidente atos isolados de pessoas que sequer tem proximidade com o presidente.<br>Vergonha.', 'textOriginal': 'O que tem a ver Bolsonaro com tudo isso que está acontecendo?\\nForçando a barra pra jogar no colo do presidente atos isolados de pessoas que sequer tem proximidade com o presidente.\\nVergonha.', 'parentId': 'UgwsCFWpxL1143dphKZ4AaABAg', 'authorDisplayName': 'Mário Laranjeira', 'authorProfileImageUrl': 'https://yt3.ggpht.com/ytc/AGIKgqNkqS8v5LaF8PmY5nq97EZYKGW4d8U6SOsPqMVlXbQ=s48-c-k-c0x00ffffff-no-rj', 'authorChannelUrl': 'http://www.youtube.com/channel/UCGPi9xWo6j3ox9vDYwzJXZQ', 'authorChannelId': {'value': 'UCGPi9xWo6j3ox9vDYwzJXZQ'}, 'canRate': True, 'viewerRating': 'none', 'likeCount': 0, 'publishedAt': '2022-10-23T22:20:09Z', 'updatedAt': '2022-10-23T22:20:09Z'}}]}",UCy8Fqo-xvPlaI0wgbrB2hyw,2022-10-23T22:01:31Z,"É isso que vocês querem pro Brasil por mais 4 anos? Eu não, bolsonaro transformou esse país num hospício, chega logo dia 30 🙌🏻",,2023-06-08 14:52:49.853880
